ID,DOSE,V,CL,KA,TIME,EVID,AMT,DV,EVIDNM
1,10,64.2712063373107,6.50750399301659,0.981562723146757,0,101,10000,0,1
1,10,64.2712063373107,6.50750399301659,0.981562723146757,10.91,0,0,62,0
1,10,64.2712063373107,6.50750399301659,0.981562723146757,11.11,0,0,58,0
1,10,64.2712063373107,6.50750399301659,0.981562723146757,11.82,0,0,55,0
1,10,64.2712063373107,6.50750399301659,0.981562723146757,11.92,0,0,64,0
2,10,57.7086344181094,2.82521743061944,1.32770406257761,0,101,10000,0,1
2,10,57.7086344181094,2.82521743061944,1.32770406257761,8.61,0,0,132,0
2,10,57.7086344181094,2.82521743061944,1.32770406257761,15.98,0,0,111,0
2,10,57.7086344181094,2.82521743061944,1.32770406257761,20.12,0,0,69,0
2,10,57.7086344181094,2.82521743061944,1.32770406257761,21.16,0,0,63,0
3,10,58.6731869766453,3.67568467399713,1.28410447833868,0,101,10000,0,1
3,10,58.6731869766453,3.67568467399713,1.28410447833868,2.79,0,0,175,0
3,10,58.6731869766453,3.67568467399713,1.28410447833868,4.99,0,0,125,0
3,10,58.6731869766453,3.67568467399713,1.28410447833868,12.31,0,0,92,0
3,10,58.6731869766453,3.67568467399713,1.28410447833868,21.79,0,0,42,0
4,10,88.9482321068689,2.77863799790054,1.19630902111872,0,101,10000,0,1
4,10,88.9482321068689,2.77863799790054,1.19630902111872,15.82,0,0,51,0
4,10,88.9482321068689,2.77863799790054,1.19630902111872,17.24,0,0,51,0
4,10,88.9482321068689,2.77863799790054,1.19630902111872,23.57,0,0,54,0
4,10,88.9482321068689,2.77863799790054,1.19630902111872,23.84,0,0,45,0
5,10,70.3474047076075,4.04768573800326,0.573347942201203,0,101,10000,0,1
5,10,70.3474047076075,4.04768573800326,0.573347942201203,1.64,0,0,85,0
5,10,70.3474047076075,4.04768573800326,0.573347942201203,10.51,0,0,90,0
5,10,70.3474047076075,4.04768573800326,0.573347942201203,13.36,0,0,61,0
5,10,70.3474047076075,4.04768573800326,0.573347942201203,21.55,0,0,48,0
6,10,72.0360041821843,2.84584240432655,0.986225706380246,0,101,10000,0,1
6,10,72.0360041821843,2.84584240432655,0.986225706380246,0.45,0,0,42,0
6,10,72.0360041821843,2.84584240432655,0.986225706380246,5.31,0,0,110,0
6,10,72.0360041821843,2.84584240432655,0.986225706380246,11.07,0,0,89,0
6,10,72.0360041821843,2.84584240432655,0.986225706380246,22.02,0,0,54,0
7,10,69.5906547512148,6.46217364527537,0.627281854959354,0,101,10000,0,1
7,10,69.5906547512148,6.46217364527537,0.627281854959354,2.38,0,0,93,0
7,10,69.5906547512148,6.46217364527537,0.627281854959354,7.88,0,0,79,0
7,10,69.5906547512148,6.46217364527537,0.627281854959354,10.78,0,0,52,0
7,10,69.5906547512148,6.46217364527537,0.627281854959354,19.17,0,0,27,0
8,10,65.1885934894828,4.80028075036745,0.984445026812508,0,101,10000,0,1
8,10,65.1885934894828,4.80028075036745,0.984445026812508,8.55,0,0,64,0
8,10,65.1885934894828,4.80028075036745,0.984445026812508,17.15,0,0,56,0
8,10,65.1885934894828,4.80028075036745,0.984445026812508,18.54,0,0,56,0
8,10,65.1885934894828,4.80028075036745,0.984445026812508,22.36,0,0,43,0
9,10,81.7306935615077,6.06347600983433,0.733895464318294,0,101,10000,0,1
9,10,81.7306935615077,6.06347600983433,0.733895464318294,11.64,0,0,69,0
9,10,81.7306935615077,6.06347600983433,0.733895464318294,14.89,0,0,34,0
9,10,81.7306935615077,6.06347600983433,0.733895464318294,16.58,0,0,34,0
9,10,81.7306935615077,6.06347600983433,0.733895464318294,21.34,0,0,30,0
10,10,77.7608145958343,3.96309553667527,2.18656311212186,0,101,10000,0,1
10,10,77.7608145958343,3.96309553667527,2.18656311212186,4,0,0,84,0
10,10,77.7608145958343,3.96309553667527,2.18656311212186,8.9,0,0,122,0
10,10,77.7608145958343,3.96309553667527,2.18656311212186,9.7,0,0,79,0
10,10,77.7608145958343,3.96309553667527,2.18656311212186,21.63,0,0,33,0
11,10,72.9135512120827,5.2355335164135,0.518112337285522,0,101,10000,0,1
11,10,72.9135512120827,5.2355335164135,0.518112337285522,8.59,0,0,71,0
11,10,72.9135512120827,5.2355335164135,0.518112337285522,12.27,0,0,96,0
11,10,72.9135512120827,5.2355335164135,0.518112337285522,18.37,0,0,43,0
11,10,72.9135512120827,5.2355335164135,0.518112337285522,20.3,0,0,45,0
12,10,33.5230592003653,6.40294652505201,1.02293642740063,0,101,10000,0,1
12,10,33.5230592003653,6.40294652505201,1.02293642740063,11.98,0,0,35,0
12,10,33.5230592003653,6.40294652505201,1.02293642740063,13.81,0,0,22,0
12,10,33.5230592003653,6.40294652505201,1.02293642740063,16.11,0,0,19,0
12,10,33.5230592003653,6.40294652505201,1.02293642740063,16.96,0,0,13,0
13,10,65.3246191040187,4.55473907994116,0.627737327722359,0,101,10000,0,1
13,10,65.3246191040187,4.55473907994116,0.627737327722359,9.7,0,0,100,0
13,10,65.3246191040187,4.55473907994116,0.627737327722359,10.23,0,0,111,0
13,10,65.3246191040187,4.55473907994116,0.627737327722359,22.17,0,0,30,0
13,10,65.3246191040187,4.55473907994116,0.627737327722359,22.61,0,0,34,0
14,10,87.9378038402945,3.57412791142847,1.35666582198489,0,101,10000,0,1
14,10,87.9378038402945,3.57412791142847,1.35666582198489,5.87,0,0,72,0
14,10,87.9378038402945,3.57412791142847,1.35666582198489,6.67,0,0,68,0
14,10,87.9378038402945,3.57412791142847,1.35666582198489,12.22,0,0,56,0
14,10,87.9378038402945,3.57412791142847,1.35666582198489,23.93,0,0,64,0
15,10,68.0847016442377,6.81574273209782,0.759436006195825,0,101,10000,0,1
15,10,68.0847016442377,6.81574273209782,0.759436006195825,3.45,0,0,116,0
15,10,68.0847016442377,6.81574273209782,0.759436006195825,14.37,0,0,50,0
15,10,68.0847016442377,6.81574273209782,0.759436006195825,19.51,0,0,22,0
15,10,68.0847016442377,6.81574273209782,0.759436006195825,19.53,0,0,44,0
16,10,54.3184833784226,3.73962815789375,1.24246660380144,0,101,10000,0,1
16,10,54.3184833784226,3.73962815789375,1.24246660380144,5.76,0,0,161,0
16,10,54.3184833784226,3.73962815789375,1.24246660380144,6.35,0,0,189,0
16,10,54.3184833784226,3.73962815789375,1.24246660380144,9.7,0,0,94,0
16,10,54.3184833784226,3.73962815789375,1.24246660380144,21.13,0,0,43,0
17,10,100.797200659178,2.65288851217136,0.681853600870356,0,101,10000,0,1
17,10,100.797200659178,2.65288851217136,0.681853600870356,3.19,0,0,92,0
17,10,100.797200659178,2.65288851217136,0.681853600870356,12.63,0,0,70,0
17,10,100.797200659178,2.65288851217136,0.681853600870356,13.88,0,0,80,0
17,10,100.797200659178,2.65288851217136,0.681853600870356,20.87,0,0,62,0
18,10,105.342303785701,7.86641753263166,1.83225029034964,0,101,10000,0,1
18,10,105.342303785701,7.86641753263166,1.83225029034964,11.09,0,0,48,0
18,10,105.342303785701,7.86641753263166,1.83225029034964,13.84,0,0,40,0
18,10,105.342303785701,7.86641753263166,1.83225029034964,17.9,0,0,26,0
18,10,105.342303785701,7.86641753263166,1.83225029034964,18.67,0,0,21,0
19,10,91.6149635638847,4.31700354376889,0.973748147896665,0,101,10000,0,1
19,10,91.6149635638847,4.31700354376889,0.973748147896665,5,0,0,129,0
19,10,91.6149635638847,4.31700354376889,0.973748147896665,12.32,0,0,62,0
19,10,91.6149635638847,4.31700354376889,0.973748147896665,13.58,0,0,57,0
19,10,91.6149635638847,4.31700354376889,0.973748147896665,21.42,0,0,37,0
20,10,63.9811927784921,3.9898965138958,0.702401828475273,0,101,10000,0,1
20,10,63.9811927784921,3.9898965138958,0.702401828475273,11.56,0,0,76,0
20,10,63.9811927784921,3.9898965138958,0.702401828475273,17.28,0,0,53,0
20,10,63.9811927784921,3.9898965138958,0.702401828475273,19.1,0,0,69,0
20,10,63.9811927784921,3.9898965138958,0.702401828475273,23.9,0,0,31,0
21,10,63.3665637194432,3.83274085504226,1.31356730216952,0,101,10000,0,1
21,10,63.3665637194432,3.83274085504226,1.31356730216952,4.28,0,0,103,0
21,10,63.3665637194432,3.83274085504226,1.31356730216952,4.76,0,0,151,0
21,10,63.3665637194432,3.83274085504226,1.31356730216952,4.97,0,0,103,0
21,10,63.3665637194432,3.83274085504226,1.31356730216952,13.99,0,0,60,0
22,10,89.1828323495173,2.71160394212655,1.2231691898758,0,101,10000,0,1
22,10,89.1828323495173,2.71160394212655,1.2231691898758,3.21,0,0,106,0
22,10,89.1828323495173,2.71160394212655,1.2231691898758,10.06,0,0,95,0
22,10,89.1828323495173,2.71160394212655,1.2231691898758,11.33,0,0,77,0
22,10,89.1828323495173,2.71160394212655,1.2231691898758,22.92,0,0,52,0
23,10,74.5737653458451,3.95672817359332,0.894742654583125,0,101,10000,0,1
23,10,74.5737653458451,3.95672817359332,0.894742654583125,11.03,0,0,102,0
23,10,74.5737653458451,3.95672817359332,0.894742654583125,12.02,0,0,54,0
23,10,74.5737653458451,3.95672817359332,0.894742654583125,13.4,0,0,98,0
23,10,74.5737653458451,3.95672817359332,0.894742654583125,17.84,0,0,45,0
24,10,75.8146544542672,2.03337425892407,0.840875713829601,0,101,10000,0,1
24,10,75.8146544542672,2.03337425892407,0.840875713829601,0.96,0,0,71,0
24,10,75.8146544542672,2.03337425892407,0.840875713829601,9.16,0,0,102,0
24,10,75.8146544542672,2.03337425892407,0.840875713829601,12.48,0,0,97,0
24,10,75.8146544542672,2.03337425892407,0.840875713829601,19.02,0,0,105,0
25,10,60.7293314537893,6.10188449233474,1.0983217370427,0,101,10000,0,1
25,10,60.7293314537893,6.10188449233474,1.0983217370427,14.66,0,0,46,0
25,10,60.7293314537893,6.10188449233474,1.0983217370427,15.58,0,0,32,0
25,10,60.7293314537893,6.10188449233474,1.0983217370427,18.13,0,0,26,0
25,10,60.7293314537893,6.10188449233474,1.0983217370427,19,0,0,20,0
26,10,62.300535362879,1.85924314520588,0.849519649526059,0,101,10000,0,1
26,10,62.300535362879,1.85924314520588,0.849519649526059,4,0,0,145,0
26,10,62.300535362879,1.85924314520588,0.849519649526059,13.08,0,0,114,0
26,10,62.300535362879,1.85924314520588,0.849519649526059,19.55,0,0,68,0
26,10,62.300535362879,1.85924314520588,0.849519649526059,22.44,0,0,80,0
27,10,33.5230592003653,6.40294652505201,1.02293642740063,0,101,10000,0,1
27,10,33.5230592003653,6.40294652505201,1.02293642740063,11.98,0,0,35,0
27,10,33.5230592003653,6.40294652505201,1.02293642740063,13.81,0,0,22,0
27,10,33.5230592003653,6.40294652505201,1.02293642740063,16.11,0,0,19,0
27,10,33.5230592003653,6.40294652505201,1.02293642740063,16.96,0,0,13,0
28,10,36.4740648210207,2.84288553489492,0.614504652443212,0,101,10000,0,1
28,10,36.4740648210207,2.84288553489492,0.614504652443212,2.19,0,0,216,0
28,10,36.4740648210207,2.84288553489492,0.614504652443212,6.14,0,0,180,0
28,10,36.4740648210207,2.84288553489492,0.614504652443212,7.99,0,0,151,0
28,10,36.4740648210207,2.84288553489492,0.614504652443212,15.95,0,0,107,0
29,10,70.3474047076075,4.04768573800326,0.573347942201203,0,101,10000,0,1
29,10,70.3474047076075,4.04768573800326,0.573347942201203,1.64,0,0,85,0
29,10,70.3474047076075,4.04768573800326,0.573347942201203,10.51,0,0,90,0
29,10,70.3474047076075,4.04768573800326,0.573347942201203,13.36,0,0,61,0
29,10,70.3474047076075,4.04768573800326,0.573347942201203,21.55,0,0,48,0
30,10,61.4121249421685,3.89967062788432,1.07727289986273,0,101,10000,0,1
30,10,61.4121249421685,3.89967062788432,1.07727289986273,4.36,0,0,149,0
30,10,61.4121249421685,3.89967062788432,1.07727289986273,13.42,0,0,63,0
30,10,61.4121249421685,3.89967062788432,1.07727289986273,17.61,0,0,65,0
30,10,61.4121249421685,3.89967062788432,1.07727289986273,19.19,0,0,59,0
31,30,53.4406465210095,4.70865155685334,1.44495086045244,0,101,30000,0,1
31,30,53.4406465210095,4.70865155685334,1.44495086045244,4.68,0,0,356,0
31,30,53.4406465210095,4.70865155685334,1.44495086045244,9.95,0,0,128,0
31,30,53.4406465210095,4.70865155685334,1.44495086045244,12.04,0,0,203,0
31,30,53.4406465210095,4.70865155685334,1.44495086045244,18.7,0,0,99,0
32,30,74.3794455424916,2.34017783119166,0.917666001810246,0,101,30000,0,1
32,30,74.3794455424916,2.34017783119166,0.917666001810246,1.35,0,0,364,0
32,30,74.3794455424916,2.34017783119166,0.917666001810246,17.04,0,0,272,0
32,30,74.3794455424916,2.34017783119166,0.917666001810246,19.22,0,0,201,0
32,30,74.3794455424916,2.34017783119166,0.917666001810246,22.07,0,0,126,0
33,30,88.5212246310672,3.94883310865126,1.06533225978882,0,101,30000,0,1
33,30,88.5212246310672,3.94883310865126,1.06533225978882,4.93,0,0,308,0
33,30,88.5212246310672,3.94883310865126,1.06533225978882,7.77,0,0,257,0
33,30,88.5212246310672,3.94883310865126,1.06533225978882,9.53,0,0,194,0
33,30,88.5212246310672,3.94883310865126,1.06533225978882,16.57,0,0,228,0
34,30,87.6565383188835,3.36441353737888,1.38833000247219,0,101,30000,0,1
34,30,87.6565383188835,3.36441353737888,1.38833000247219,0.68,0,0,122,0
34,30,87.6565383188835,3.36441353737888,1.38833000247219,3.82,0,0,435,0
34,30,87.6565383188835,3.36441353737888,1.38833000247219,9.27,0,0,286,0
34,30,87.6565383188835,3.36441353737888,1.38833000247219,15.17,0,0,182,0
35,30,71.8905917247307,3.1097566995471,0.982474337925693,0,101,30000,0,1
35,30,71.8905917247307,3.1097566995471,0.982474337925693,3.23,0,0,556,0
35,30,71.8905917247307,3.1097566995471,0.982474337925693,11.12,0,0,240,0
35,30,71.8905917247307,3.1097566995471,0.982474337925693,13.46,0,0,295,0
35,30,71.8905917247307,3.1097566995471,0.982474337925693,13.64,0,0,195,0
36,30,67.660293215636,3.3424933363421,1.4248539747507,0,101,30000,0,1
36,30,67.660293215636,3.3424933363421,1.4248539747507,2.37,0,0,370,0
36,30,67.660293215636,3.3424933363421,1.4248539747507,13.68,0,0,253,0
36,30,67.660293215636,3.3424933363421,1.4248539747507,14.17,0,0,223,0
36,30,67.660293215636,3.3424933363421,1.4248539747507,18.57,0,0,225,0
37,30,96.2646100591953,3.96643022124398,0.939357602040846,0,101,30000,0,1
37,30,96.2646100591953,3.96643022124398,0.939357602040846,2.82,0,0,294,0
37,30,96.2646100591953,3.96643022124398,0.939357602040846,4.37,0,0,304,0
37,30,96.2646100591953,3.96643022124398,0.939357602040846,13.17,0,0,145,0
37,30,96.2646100591953,3.96643022124398,0.939357602040846,14.4,0,0,192,0
38,30,74.6746389617347,4.23083537167499,1.14279208116642,0,101,30000,0,1
38,30,74.6746389617347,4.23083537167499,1.14279208116642,4.16,0,0,243,0
38,30,74.6746389617347,4.23083537167499,1.14279208116642,5.71,0,0,287,0
38,30,74.6746389617347,4.23083537167499,1.14279208116642,7.3,0,0,524,0
38,30,74.6746389617347,4.23083537167499,1.14279208116642,17.16,0,0,199,0
39,30,102.479623620215,3.49025831202004,1.08687953641788,0,101,30000,0,1
39,30,102.479623620215,3.49025831202004,1.08687953641788,9.48,0,0,264,0
39,30,102.479623620215,3.49025831202004,1.08687953641788,17.22,0,0,138,0
39,30,102.479623620215,3.49025831202004,1.08687953641788,21.17,0,0,128,0
39,30,102.479623620215,3.49025831202004,1.08687953641788,21.7,0,0,208,0
40,30,63.3507327699987,7.3471248661579,1.2591192691024,0,101,30000,0,1
40,30,63.3507327699987,7.3471248661579,1.2591192691024,3.06,0,0,295,0
40,30,63.3507327699987,7.3471248661579,1.2591192691024,5.94,0,0,330,0
40,30,63.3507327699987,7.3471248661579,1.2591192691024,14.62,0,0,67,0
40,30,63.3507327699987,7.3471248661579,1.2591192691024,18.93,0,0,86,0
41,30,107.072554719722,3.11409420164779,1.22594837295139,0,101,30000,0,1
41,30,107.072554719722,3.11409420164779,1.22594837295139,9.47,0,0,223,0
41,30,107.072554719722,3.11409420164779,1.22594837295139,13.65,0,0,223,0
41,30,107.072554719722,3.11409420164779,1.22594837295139,15.71,0,0,279,0
41,30,107.072554719722,3.11409420164779,1.22594837295139,18.65,0,0,156,0
42,30,80.3691103460265,5.04352507593035,0.416382269950291,0,101,30000,0,1
42,30,80.3691103460265,5.04352507593035,0.416382269950291,4.99,0,0,333,0
42,30,80.3691103460265,5.04352507593035,0.416382269950291,12.98,0,0,192,0
42,30,80.3691103460265,5.04352507593035,0.416382269950291,13.19,0,0,191,0
42,30,80.3691103460265,5.04352507593035,0.416382269950291,22.59,0,0,103,0
43,30,56.3530812192125,4.43018807424042,0.885700932780026,0,101,30000,0,1
43,30,56.3530812192125,4.43018807424042,0.885700932780026,3.7,0,0,409,0
43,30,56.3530812192125,4.43018807424042,0.885700932780026,8.07,0,0,352,0
43,30,56.3530812192125,4.43018807424042,0.885700932780026,11.34,0,0,274,0
43,30,56.3530812192125,4.43018807424042,0.885700932780026,23.35,0,0,125,0
44,30,39.3127897998449,4.59817586916605,0.908943271462426,0,101,30000,0,1
44,30,39.3127897998449,4.59817586916605,0.908943271462426,6.24,0,0,289,0
44,30,39.3127897998449,4.59817586916605,0.908943271462426,8.09,0,0,308,0
44,30,39.3127897998449,4.59817586916605,0.908943271462426,9.97,0,0,306,0
44,30,39.3127897998449,4.59817586916605,0.908943271462426,23.34,0,0,55,0
45,30,84.0836145030999,3.48717971874777,1.41222119571029,0,101,30000,0,1
45,30,84.0836145030999,3.48717971874777,1.41222119571029,3.4,0,0,308,0
45,30,84.0836145030999,3.48717971874777,1.41222119571029,3.67,0,0,342,0
45,30,84.0836145030999,3.48717971874777,1.41222119571029,8.25,0,0,231,0
45,30,84.0836145030999,3.48717971874777,1.41222119571029,17.16,0,0,154,0
46,30,127.987260037723,5.34860631147867,1.37839039489102,0,101,30000,0,1
46,30,127.987260037723,5.34860631147867,1.37839039489102,1.03,0,0,159,0
46,30,127.987260037723,5.34860631147867,1.37839039489102,5.53,0,0,195,0
46,30,127.987260037723,5.34860631147867,1.37839039489102,8.06,0,0,184,0
46,30,127.987260037723,5.34860631147867,1.37839039489102,20.72,0,0,106,0
47,30,53.3996604521934,5.11615726866449,1.01330365783677,0,101,30000,0,1
47,30,53.3996604521934,5.11615726866449,1.01330365783677,0.15,0,0,87,0
47,30,53.3996604521934,5.11615726866449,1.01330365783677,5.02,0,0,282,0
47,30,53.3996604521934,5.11615726866449,1.01330365783677,15.16,0,0,140,0
47,30,53.3996604521934,5.11615726866449,1.01330365783677,18.35,0,0,150,0
48,30,68.6924548880272,5.34775060797525,0.976452577846792,0,101,30000,0,1
48,30,68.6924548880272,5.34775060797525,0.976452577846792,3.41,0,0,370,0
48,30,68.6924548880272,5.34775060797525,0.976452577846792,13.89,0,0,136,0
48,30,68.6924548880272,5.34775060797525,0.976452577846792,13.92,0,0,153,0
48,30,68.6924548880272,5.34775060797525,0.976452577846792,22.54,0,0,79,0
49,30,108.183426619102,3.69365186056798,0.976920523173086,0,101,30000,0,1
49,30,108.183426619102,3.69365186056798,0.976920523173086,6.09,0,0,196,0
49,30,108.183426619102,3.69365186056798,0.976920523173086,15.78,0,0,201,0
49,30,108.183426619102,3.69365186056798,0.976920523173086,20.68,0,0,125,0
49,30,108.183426619102,3.69365186056798,0.976920523173086,21.69,0,0,180,0
50,30,65.6505164449354,4.35333177975608,2.28189915718502,0,101,30000,0,1
50,30,65.6505164449354,4.35333177975608,2.28189915718502,2.28,0,0,417,0
50,30,65.6505164449354,4.35333177975608,2.28189915718502,2.29,0,0,354,0
50,30,65.6505164449354,4.35333177975608,2.28189915718502,17.77,0,0,159,0
50,30,65.6505164449354,4.35333177975608,2.28189915718502,17.81,0,0,109,0
51,30,62.8626198770093,4.62751578972291,0.666881183847414,0,101,30000,0,1
51,30,62.8626198770093,4.62751578972291,0.666881183847414,8.81,0,0,311,0
51,30,62.8626198770093,4.62751578972291,0.666881183847414,10.02,0,0,373,0
51,30,62.8626198770093,4.62751578972291,0.666881183847414,11.12,0,0,159,0
51,30,62.8626198770093,4.62751578972291,0.666881183847414,20.28,0,0,92,0
52,30,50.3891705445392,4.84175323811621,1.89055963422205,0,101,30000,0,1
52,30,50.3891705445392,4.84175323811621,1.89055963422205,5.08,0,0,418,0
52,30,50.3891705445392,4.84175323811621,1.89055963422205,12.43,0,0,172,0
52,30,50.3891705445392,4.84175323811621,1.89055963422205,19.36,0,0,110,0
52,30,50.3891705445392,4.84175323811621,1.89055963422205,20.38,0,0,98,0
53,30,107.31421056394,3.17394007747776,1.28755677688441,0,101,30000,0,1
53,30,107.31421056394,3.17394007747776,1.28755677688441,0.51,0,0,160,0
53,30,107.31421056394,3.17394007747776,1.28755677688441,3.99,0,0,190,0
53,30,107.31421056394,3.17394007747776,1.28755677688441,14.09,0,0,231,0
53,30,107.31421056394,3.17394007747776,1.28755677688441,22.6,0,0,116,0
54,30,80.4798979654314,3.13043479061675,1.36457694324267,0,101,30000,0,1
54,30,80.4798979654314,3.13043479061675,1.36457694324267,4.62,0,0,349,0
54,30,80.4798979654314,3.13043479061675,1.36457694324267,8.28,0,0,293,0
54,30,80.4798979654314,3.13043479061675,1.36457694324267,10.78,0,0,279,0
54,30,80.4798979654314,3.13043479061675,1.36457694324267,23.16,0,0,176,0
55,30,126.800981114765,7.07808512008123,1.06256735895537,0,101,30000,0,1
55,30,126.800981114765,7.07808512008123,1.06256735895537,16.95,0,0,132,0
55,30,126.800981114765,7.07808512008123,1.06256735895537,18.28,0,0,109,0
55,30,126.800981114765,7.07808512008123,1.06256735895537,22,0,0,84,0
56,30,48.3879157490718,3.15957191223414,1.19937140887608,0,101,30000,0,1
56,30,48.3879157490718,3.15957191223414,1.19937140887608,10.12,0,0,238,0
56,30,48.3879157490718,3.15957191223414,1.19937140887608,12.1,0,0,238,0
56,30,48.3879157490718,3.15957191223414,1.19937140887608,19.27,0,0,142,0
56,30,48.3879157490718,3.15957191223414,1.19937140887608,19.91,0,0,217,0
57,30,113.019627362671,4.28963323873896,0.657545508282014,0,101,30000,0,1
57,30,113.019627362671,4.28963323873896,0.657545508282014,1.46,0,0,211,0
57,30,113.019627362671,4.28963323873896,0.657545508282014,6.84,0,0,209,0
57,30,113.019627362671,4.28963323873896,0.657545508282014,12.03,0,0,200,0
57,30,113.019627362671,4.28963323873896,0.657545508282014,16.63,0,0,157,0
58,30,46.2485783937374,3.94792383778651,0.823372044515281,0,101,30000,0,1
58,30,46.2485783937374,3.94792383778651,0.823372044515281,7.7,0,0,342,0
58,30,46.2485783937374,3.94792383778651,0.823372044515281,13.6,0,0,260,0
58,30,46.2485783937374,3.94792383778651,0.823372044515281,14.05,0,0,164,0
58,30,46.2485783937374,3.94792383778651,0.823372044515281,19.17,0,0,85,0
59,30,86.5733751067973,4.03192043915136,0.904137365160985,0,101,30000,0,1
59,30,86.5733751067973,4.03192043915136,0.904137365160985,6.39,0,0,364,0
59,30,86.5733751067973,4.03192043915136,0.904137365160985,7.43,0,0,243,0
59,30,86.5733751067973,4.03192043915136,0.904137365160985,18.24,0,0,135,0
59,30,86.5733751067973,4.03192043915136,0.904137365160985,19.4,0,0,139,0
60,30,48.039658783127,3.39711814189531,0.799068115004138,0,101,30000,0,1
60,30,48.039658783127,3.39711814189531,0.799068115004138,1.42,0,0,420,0
60,30,48.039658783127,3.39711814189531,0.799068115004138,6.54,0,0,506,0
60,30,48.039658783127,3.39711814189531,0.799068115004138,8.33,0,0,384,0
60,30,48.039658783127,3.39711814189531,0.799068115004138,19.19,0,0,133,0
61,60,59.6581101442208,4.66272514385439,0.82514095045788,0,101,60000,0,1
61,60,59.6581101442208,4.66272514385439,0.82514095045788,4.73,0,0,911,0
61,60,59.6581101442208,4.66272514385439,0.82514095045788,16.46,0,0,297,0
61,60,59.6581101442208,4.66272514385439,0.82514095045788,18.9,0,0,312,0
61,60,59.6581101442208,4.66272514385439,0.82514095045788,21.8,0,0,174,0
62,60,71.9082580633495,6.03347708178263,0.680598223031708,0,101,60000,0,1
62,60,71.9082580633495,6.03347708178263,0.680598223031708,0.34,0,0,113,0
62,60,71.9082580633495,6.03347708178263,0.680598223031708,13.54,0,0,195,0
62,60,71.9082580633495,6.03347708178263,0.680598223031708,15.68,0,0,235,0
62,60,71.9082580633495,6.03347708178263,0.680598223031708,21.69,0,0,163,0
63,60,79.5537670199284,3.44239648951954,0.681022205264151,0,101,60000,0,1
63,60,79.5537670199284,3.44239648951954,0.681022205264151,1.07,0,0,347,0
63,60,79.5537670199284,3.44239648951954,0.681022205264151,10.65,0,0,476,0
63,60,79.5537670199284,3.44239648951954,0.681022205264151,15.26,0,0,390,0
63,60,79.5537670199284,3.44239648951954,0.681022205264151,18.38,0,0,493,0
64,60,61.7819167094136,2.99511341768329,1.1542630727085,0,101,60000,0,1
64,60,61.7819167094136,2.99511341768329,1.1542630727085,7.52,0,0,752,0
64,60,61.7819167094136,2.99511341768329,1.1542630727085,13.36,0,0,652,0
64,60,61.7819167094136,2.99511341768329,1.1542630727085,14.34,0,0,661,0
64,60,61.7819167094136,2.99511341768329,1.1542630727085,18.31,0,0,334,0
65,60,47.4436618160744,3.97482404742675,0.657254174488028,0,101,60000,0,1
65,60,47.4436618160744,3.97482404742675,0.657254174488028,0.81,0,0,716,0
65,60,47.4436618160744,3.97482404742675,0.657254174488028,2.82,0,0,833,0
65,60,47.4436618160744,3.97482404742675,0.657254174488028,16.72,0,0,289,0
65,60,47.4436618160744,3.97482404742675,0.657254174488028,21.67,0,0,199,0
66,60,53.9694315369777,3.66128415387104,1.33647709860907,0,101,60000,0,1
66,60,53.9694315369777,3.66128415387104,1.33647709860907,3.8,0,0,704,0
66,60,53.9694315369777,3.66128415387104,1.33647709860907,3.87,0,0,889,0
66,60,53.9694315369777,3.66128415387104,1.33647709860907,7.05,0,0,873,0
66,60,53.9694315369777,3.66128415387104,1.33647709860907,13.38,0,0,468,0
67,60,74.0882476434204,8.05774711577074,1.13262702542069,0,101,60000,0,1
67,60,74.0882476434204,8.05774711577074,1.13262702542069,4.71,0,0,431,0
67,60,74.0882476434204,8.05774711577074,1.13262702542069,7.12,0,0,758,0
67,60,74.0882476434204,8.05774711577074,1.13262702542069,12.53,0,0,229,0
67,60,74.0882476434204,8.05774711577074,1.13262702542069,15.98,0,0,175,0
68,60,61.6844473391871,4.0063265614618,1.20987853144857,0,101,60000,0,1
68,60,61.6844473391871,4.0063265614618,1.20987853144857,6.51,0,0,751,0
68,60,61.6844473391871,4.0063265614618,1.20987853144857,17.01,0,0,474,0
68,60,61.6844473391871,4.0063265614618,1.20987853144857,18.37,0,0,298,0
68,60,61.6844473391871,4.0063265614618,1.20987853144857,22.75,0,0,239,0
69,60,70.5693296875191,5.14379934202723,1.23425365516636,0,101,60000,0,1
69,60,70.5693296875191,5.14379934202723,1.23425365516636,0.16,0,0,133,0
69,60,70.5693296875191,5.14379934202723,1.23425365516636,11.9,0,0,319,0
69,60,70.5693296875191,5.14379934202723,1.23425365516636,16.16,0,0,342,0
69,60,70.5693296875191,5.14379934202723,1.23425365516636,19.86,0,0,222,0
70,60,46.23774896486,2.98708855806539,0.683752442328071,0,101,60000,0,1
70,60,46.23774896486,2.98708855806539,0.683752442328071,0.43,0,0,283,0
70,60,46.23774896486,2.98708855806539,0.683752442328071,5.99,0,0,669,0
70,60,46.23774896486,2.98708855806539,0.683752442328071,17.61,0,0,467,0
70,60,46.23774896486,2.98708855806539,0.683752442328071,19.65,0,0,640,0
71,60,94.8288188581924,3.26547142067251,0.936774731598892,0,101,60000,0,1
71,60,94.8288188581924,3.26547142067251,0.936774731598892,0.85,0,0,414,0
71,60,94.8288188581924,3.26547142067251,0.936774731598892,1.44,0,0,479,0
71,60,94.8288188581924,3.26547142067251,0.936774731598892,7.55,0,0,357,0
71,60,94.8288188581924,3.26547142067251,0.936774731598892,12.99,0,0,403,0
72,60,63.0276999733647,3.86046681896914,0.681094085845231,0,101,60000,0,1
72,60,63.0276999733647,3.86046681896914,0.681094085845231,1.71,0,0,598,0
72,60,63.0276999733647,3.86046681896914,0.681094085845231,12.05,0,0,526,0
72,60,63.0276999733647,3.86046681896914,0.681094085845231,18.06,0,0,397,0
72,60,63.0276999733647,3.86046681896914,0.681094085845231,23.59,0,0,269,0
73,60,68.6299533982693,4.02020885115775,0.949035631065662,0,101,60000,0,1
73,60,68.6299533982693,4.02020885115775,0.949035631065662,13.44,0,0,483,0
73,60,68.6299533982693,4.02020885115775,0.949035631065662,13.89,0,0,288,0
73,60,68.6299533982693,4.02020885115775,0.949035631065662,15.59,0,0,518,0
73,60,68.6299533982693,4.02020885115775,0.949035631065662,22.08,0,0,199,0
74,60,86.1584493364134,6.84521101335788,0.621942714234542,0,101,60000,0,1
74,60,86.1584493364134,6.84521101335788,0.621942714234542,0.72,0,0,254,0
74,60,86.1584493364134,6.84521101335788,0.621942714234542,7.43,0,0,322,0
74,60,86.1584493364134,6.84521101335788,0.621942714234542,16.28,0,0,254,0
74,60,86.1584493364134,6.84521101335788,0.621942714234542,23.22,0,0,101,0
75,60,48.431884493321,5.09856627404578,1.35101807287455,0,101,60000,0,1
75,60,48.431884493321,5.09856627404578,1.35101807287455,11.6,0,0,321,0
75,60,48.431884493321,5.09856627404578,1.35101807287455,11.83,0,0,229,0
75,60,48.431884493321,5.09856627404578,1.35101807287455,22.19,0,0,184,0
75,60,48.431884493321,5.09856627404578,1.35101807287455,23.9,0,0,156,0
76,60,79.3656231518825,5.22525494592384,1.16112196735337,0,101,60000,0,1
76,60,79.3656231518825,5.22525494592384,1.16112196735337,2.37,0,0,737,0
76,60,79.3656231518825,5.22525494592384,1.16112196735337,8.97,0,0,425,0
76,60,79.3656231518825,5.22525494592384,1.16112196735337,22.55,0,0,145,0
76,60,79.3656231518825,5.22525494592384,1.16112196735337,23.49,0,0,253,0
77,60,102.051366517145,5.75152877122987,0.569422962938161,0,101,60000,0,1
77,60,102.051366517145,5.75152877122987,0.569422962938161,1.05,0,0,215,0
77,60,102.051366517145,5.75152877122987,0.569422962938161,1.81,0,0,400,0
77,60,102.051366517145,5.75152877122987,0.569422962938161,3.02,0,0,357,0
77,60,102.051366517145,5.75152877122987,0.569422962938161,21.58,0,0,125,0
78,60,85.4925809097492,3.16782875613165,1.01830735966564,0,101,60000,0,1
78,60,85.4925809097492,3.16782875613165,1.01830735966564,3.12,0,0,528,0
78,60,85.4925809097492,3.16782875613165,1.01830735966564,8.2,0,0,531,0
78,60,85.4925809097492,3.16782875613165,1.01830735966564,8.38,0,0,400,0
78,60,85.4925809097492,3.16782875613165,1.01830735966564,9.91,0,0,524,0
79,60,64.9771148135429,6.6021118680142,1.18982088735204,0,101,60000,0,1
79,60,64.9771148135429,6.6021118680142,1.18982088735204,0.68,0,0,452,0
79,60,64.9771148135429,6.6021118680142,1.18982088735204,8.2,0,0,562,0
79,60,64.9771148135429,6.6021118680142,1.18982088735204,15.01,0,0,173,0
79,60,64.9771148135429,6.6021118680142,1.18982088735204,23.96,0,0,79,0
80,60,84.4201549175679,7.56126413466252,1.31683144178633,0,101,60000,0,1
80,60,84.4201549175679,7.56126413466252,1.31683144178633,3.58,0,0,501,0
80,60,84.4201549175679,7.56126413466252,1.31683144178633,6.93,0,0,430,0
80,60,84.4201549175679,7.56126413466252,1.31683144178633,12.47,0,0,307,0
80,60,84.4201549175679,7.56126413466252,1.31683144178633,20.3,0,0,81,0
81,60,74.5919966472017,5.30902303336322,1.67091927454211,0,101,60000,0,1
81,60,74.5919966472017,5.30902303336322,1.67091927454211,0.76,0,0,457,0
81,60,74.5919966472017,5.30902303336322,1.67091927454211,7.79,0,0,371,0
81,60,74.5919966472017,5.30902303336322,1.67091927454211,8.57,0,0,463,0
81,60,74.5919966472017,5.30902303336322,1.67091927454211,23.28,0,0,189,0
82,60,74.9879644618037,2.96763446174757,1.51230296171525,0,101,60000,0,1
82,60,74.9879644618037,2.96763446174757,1.51230296171525,1.33,0,0,754,0
82,60,74.9879644618037,2.96763446174757,1.51230296171525,10.11,0,0,354,0
82,60,74.9879644618037,2.96763446174757,1.51230296171525,11.3,0,0,553,0
82,60,74.9879644618037,2.96763446174757,1.51230296171525,16.87,0,0,467,0
83,60,121.097181201778,6.66005869934651,0.750342505089739,0,101,60000,0,1
83,60,121.097181201778,6.66005869934651,0.750342505089739,1.12,0,0,404,0
83,60,121.097181201778,6.66005869934651,0.750342505089739,13.43,0,0,194,0
83,60,121.097181201778,6.66005869934651,0.750342505089739,17.93,0,0,203,0
83,60,121.097181201778,6.66005869934651,0.750342505089739,23.17,0,0,140,0
84,60,30.5396380417873,3.9669969805364,0.885090445652837,0,101,60000,0,1
84,60,30.5396380417873,3.9669969805364,0.885090445652837,3.11,0,0,1275,0
84,60,30.5396380417873,3.9669969805364,0.885090445652837,3.19,0,0,1217,0
84,60,30.5396380417873,3.9669969805364,0.885090445652837,16.81,0,0,221,0
84,60,30.5396380417873,3.9669969805364,0.885090445652837,19.51,0,0,128,0
85,60,51.2938256875234,4.80508619658359,0.919336395373081,0,101,60000,0,1
85,60,51.2938256875234,4.80508619658359,0.919336395373081,4.1,0,0,806,0
85,60,51.2938256875234,4.80508619658359,0.919336395373081,6.96,0,0,618,0
85,60,51.2938256875234,4.80508619658359,0.919336395373081,8.26,0,0,561,0
85,60,51.2938256875234,4.80508619658359,0.919336395373081,9.52,0,0,566,0
86,60,124.944664161688,5.5520004035314,0.642266495670182,0,101,60000,0,1
86,60,124.944664161688,5.5520004035314,0.642266495670182,1.91,0,0,503,0
86,60,124.944664161688,5.5520004035314,0.642266495670182,2.66,0,0,261,0
86,60,124.944664161688,5.5520004035314,0.642266495670182,7,0,0,388,0
86,60,124.944664161688,5.5520004035314,0.642266495670182,18.08,0,0,313,0
87,60,69.051610229168,5.73174077092963,0.845092186156268,0,101,60000,0,1
87,60,69.051610229168,5.73174077092963,0.845092186156268,5.59,0,0,583,0
87,60,69.051610229168,5.73174077092963,0.845092186156268,10.74,0,0,377,0
87,60,69.051610229168,5.73174077092963,0.845092186156268,12.68,0,0,383,0
87,60,69.051610229168,5.73174077092963,0.845092186156268,15.98,0,0,337,0
88,60,22.7780688587972,4.41587405816986,0.77091313598236,0,101,60000,0,1
88,60,22.7780688587972,4.41587405816986,0.77091313598236,0.55,0,0,1001,0
88,60,22.7780688587972,4.41587405816986,0.77091313598236,12.16,0,0,289,0
88,60,22.7780688587972,4.41587405816986,0.77091313598236,12.95,0,0,323,0
88,60,22.7780688587972,4.41587405816986,0.77091313598236,18.03,0,0,123,0
89,60,63.1883044931688,4.6550482840394,0.86045554390842,0,101,60000,0,1
89,60,63.1883044931688,4.6550482840394,0.86045554390842,0.62,0,0,393,0
89,60,63.1883044931688,4.6550482840394,0.86045554390842,2.56,0,0,740,0
89,60,63.1883044931688,4.6550482840394,0.86045554390842,6.09,0,0,738,0
89,60,63.1883044931688,4.6550482840394,0.86045554390842,14.29,0,0,349,0
90,60,84.3448703380176,4.32696431567271,1.09377461561409,0,101,60000,0,1
90,60,84.3448703380176,4.32696431567271,1.09377461561409,10.35,0,0,580,0
90,60,84.3448703380176,4.32696431567271,1.09377461561409,15.31,0,0,406,0
90,60,84.3448703380176,4.32696431567271,1.09377461561409,15.93,0,0,335,0
90,60,84.3448703380176,4.32696431567271,1.09377461561409,21.7,0,0,235,0
91,120,51.1183345434034,6.66603313721629,1.04444722766519,0,101,120000,0,1
91,120,51.1183345434034,6.66603313721629,1.04444722766519,3.09,0,0,1633,0
91,120,51.1183345434034,6.66603313721629,1.04444722766519,5.16,0,0,1136,0
91,120,51.1183345434034,6.66603313721629,1.04444722766519,11.47,0,0,726,0
91,120,51.1183345434034,6.66603313721629,1.04444722766519,15.17,0,0,273,0
92,120,68.7490820714043,3.49116261043239,0.728900461192344,0,101,120000,0,1
92,120,68.7490820714043,3.49116261043239,0.728900461192344,1.86,0,0,1286,0
92,120,68.7490820714043,3.49116261043239,0.728900461192344,7.39,0,0,1143,0
92,120,68.7490820714043,3.49116261043239,0.728900461192344,13.34,0,0,846,0
92,120,68.7490820714043,3.49116261043239,0.728900461192344,22.46,0,0,600,0
93,120,46.3479525411027,3.22323710092054,1.07442784058207,0,101,120000,0,1
93,120,46.3479525411027,3.22323710092054,1.07442784058207,14.24,0,0,1138,0
93,120,46.3479525411027,3.22323710092054,1.07442784058207,18.58,0,0,758,0
93,120,46.3479525411027,3.22323710092054,1.07442784058207,22.82,0,0,494,0
93,120,46.3479525411027,3.22323710092054,1.07442784058207,23.9,0,0,436,0
94,120,52.8269545932605,10.2125065760807,0.826239437056361,0,101,120000,0,1
94,120,52.8269545932605,10.2125065760807,0.826239437056361,10.19,0,0,409,0
94,120,52.8269545932605,10.2125065760807,0.826239437056361,17.51,0,0,87,0
94,120,52.8269545932605,10.2125065760807,0.826239437056361,19.18,0,0,74,0
94,120,52.8269545932605,10.2125065760807,0.826239437056361,21.08,0,0,57,0
95,120,57.5722498723557,6.32665532997569,0.822545097154582,0,101,120000,0,1
95,120,57.5722498723557,6.32665532997569,0.822545097154582,2.17,0,0,1628,0
95,120,57.5722498723557,6.32665532997569,0.822545097154582,17.55,0,0,349,0
95,120,57.5722498723557,6.32665532997569,0.822545097154582,22.91,0,0,178,0
95,120,57.5722498723557,6.32665532997569,0.822545097154582,23.51,0,0,208,0
96,120,48.6664362601896,3.97246980315168,0.852852960589828,0,101,120000,0,1
96,120,48.6664362601896,3.97246980315168,0.852852960589828,8.48,0,0,1214,0
96,120,48.6664362601896,3.97246980315168,0.852852960589828,12.98,0,0,713,0
96,120,48.6664362601896,3.97246980315168,0.852852960589828,14.57,0,0,639,0
96,120,48.6664362601896,3.97246980315168,0.852852960589828,23.57,0,0,292,0
97,120,67.9916804853607,4.95882454569362,0.847570730562583,0,101,120000,0,1
97,120,67.9916804853607,4.95882454569362,0.847570730562583,4.73,0,0,1311,0
97,120,67.9916804853607,4.95882454569362,0.847570730562583,13.33,0,0,730,0
97,120,67.9916804853607,4.95882454569362,0.847570730562583,15.03,0,0,650,0
97,120,67.9916804853607,4.95882454569362,0.847570730562583,16.29,0,0,506,0
98,120,39.6347635417334,3.85099913261766,1.21461572322636,0,101,120000,0,1
98,120,39.6347635417334,3.85099913261766,1.21461572322636,1.36,0,0,2247,0
98,120,39.6347635417334,3.85099913261766,1.21461572322636,16.02,0,0,622,0
98,120,39.6347635417334,3.85099913261766,1.21461572322636,16.35,0,0,691,0
98,120,39.6347635417334,3.85099913261766,1.21461572322636,18.77,0,0,511,0
99,120,64.5499515692502,3.96690457006946,1.51514357697175,0,101,120000,0,1
99,120,64.5499515692502,3.96690457006946,1.51514357697175,7.45,0,0,1227,0
99,120,64.5499515692502,3.96690457006946,1.51514357697175,14.87,0,0,815,0
99,120,64.5499515692502,3.96690457006946,1.51514357697175,18.47,0,0,528,0
99,120,64.5499515692502,3.96690457006946,1.51514357697175,19.37,0,0,503,0
100,120,87.9676736285971,4.39105248782755,1.44365754887825,0,101,120000,0,1
100,120,87.9676736285971,4.39105248782755,1.44365754887825,4.13,0,0,1443,0
100,120,87.9676736285971,4.39105248782755,1.44365754887825,4.15,0,0,1411,0
100,120,87.9676736285971,4.39105248782755,1.44365754887825,4.58,0,0,965,0
100,120,87.9676736285971,4.39105248782755,1.44365754887825,23.92,0,0,485,0
101,120,57.2558901141667,4.56762662571856,0.655541170875448,0,101,120000,0,1
101,120,57.2558901141667,4.56762662571856,0.655541170875448,4.55,0,0,1841,0
101,120,57.2558901141667,4.56762662571856,0.655541170875448,6.47,0,0,1194,0
101,120,57.2558901141667,4.56762662571856,0.655541170875448,7.3,0,0,1410,0
101,120,57.2558901141667,4.56762662571856,0.655541170875448,12.19,0,0,865,0
102,120,84.5002845899892,2.99714072159258,1.00020894744839,0,101,120000,0,1
102,120,84.5002845899892,2.99714072159258,1.00020894744839,2.34,0,0,1012,0
102,120,84.5002845899892,2.99714072159258,1.00020894744839,4.11,0,0,1160,0
102,120,84.5002845899892,2.99714072159258,1.00020894744839,16.1,0,0,936,0
102,120,84.5002845899892,2.99714072159258,1.00020894744839,18.06,0,0,664,0
103,120,49.3845099147012,3.36601143695055,0.529458240316509,0,101,120000,0,1
103,120,49.3845099147012,3.36601143695055,0.529458240316509,0.77,0,0,979,0
103,120,49.3845099147012,3.36601143695055,0.529458240316509,1.68,0,0,1403,0
103,120,49.3845099147012,3.36601143695055,0.529458240316509,3.92,0,0,1517,0
103,120,49.3845099147012,3.36601143695055,0.529458240316509,8.09,0,0,1245,0
104,120,66.6088279176692,2.61117716486796,1.21354620894198,0,101,120000,0,1
104,120,66.6088279176692,2.61117716486796,1.21354620894198,8.56,0,0,1346,0
104,120,66.6088279176692,2.61117716486796,1.21354620894198,16.6,0,0,875,0
104,120,66.6088279176692,2.61117716486796,1.21354620894198,16.99,0,0,903,0
104,120,66.6088279176692,2.61117716486796,1.21354620894198,19.71,0,0,1536,0
105,120,138.291512704318,3.59100921104346,0.857150387643257,0,101,120000,0,1
105,120,138.291512704318,3.59100921104346,0.857150387643257,0.76,0,0,293,0
105,120,138.291512704318,3.59100921104346,0.857150387643257,12.98,0,0,510,0
105,120,138.291512704318,3.59100921104346,0.857150387643257,14.32,0,0,787,0
105,120,138.291512704318,3.59100921104346,0.857150387643257,22.02,0,0,516,0
106,120,88.5994275725231,5.30853344001033,1.40077283224676,0,101,120000,0,1
106,120,88.5994275725231,5.30853344001033,1.40077283224676,3.2,0,0,1013,0
106,120,88.5994275725231,5.30853344001033,1.40077283224676,5.38,0,0,1294,0
106,120,88.5994275725231,5.30853344001033,1.40077283224676,9.35,0,0,736,0
106,120,88.5994275725231,5.30853344001033,1.40077283224676,23.69,0,0,317,0
107,120,72.4612414488397,3.23185161540139,1.15005256688062,0,101,120000,0,1
107,120,72.4612414488397,3.23185161540139,1.15005256688062,4.53,0,0,1875,0
107,120,72.4612414488397,3.23185161540139,1.15005256688062,4.66,0,0,1390,0
107,120,72.4612414488397,3.23185161540139,1.15005256688062,12.63,0,0,794,0
107,120,72.4612414488397,3.23185161540139,1.15005256688062,17.14,0,0,762,0
108,120,75.3167285908197,2.69761966233309,1.4054783519518,0,101,120000,0,1
108,120,75.3167285908197,2.69761966233309,1.4054783519518,0.56,0,0,854,0
108,120,75.3167285908197,2.69761966233309,1.4054783519518,17.67,0,0,1059,0
108,120,75.3167285908197,2.69761966233309,1.4054783519518,18.5,0,0,1065,0
108,120,75.3167285908197,2.69761966233309,1.4054783519518,21.11,0,0,702,0
109,120,53.1483224575844,4.18481906650398,1.00053710853541,0,101,120000,0,1
109,120,53.1483224575844,4.18481906650398,1.00053710853541,5.91,0,0,1245,0
109,120,53.1483224575844,4.18481906650398,1.00053710853541,6.12,0,0,1899,0
109,120,53.1483224575844,4.18481906650398,1.00053710853541,7.72,0,0,1522,0
109,120,53.1483224575844,4.18481906650398,1.00053710853541,13.06,0,0,919,0
110,120,83.7276323295703,4.68811295947396,0.946743201168006,0,101,120000,0,1
110,120,83.7276323295703,4.68811295947396,0.946743201168006,2.1,0,0,1016,0
110,120,83.7276323295703,4.68811295947396,0.946743201168006,4.43,0,0,1265,0
110,120,83.7276323295703,4.68811295947396,0.946743201168006,10.11,0,0,693,0
110,120,83.7276323295703,4.68811295947396,0.946743201168006,19.17,0,0,502,0
111,120,71.2032656230203,3.08459500530873,1.03176451592864,0,101,120000,0,1
111,120,71.2032656230203,3.08459500530873,1.03176451592864,9.8,0,0,1134,0
111,120,71.2032656230203,3.08459500530873,1.03176451592864,17.46,0,0,544,0
111,120,71.2032656230203,3.08459500530873,1.03176451592864,20.12,0,0,680,0
111,120,71.2032656230203,3.08459500530873,1.03176451592864,21.83,0,0,775,0
112,120,71.8595461042377,3.12855207096346,0.837985931176153,0,101,120000,0,1
112,120,71.8595461042377,3.12855207096346,0.837985931176153,4.41,0,0,1793,0
112,120,71.8595461042377,3.12855207096346,0.837985931176153,11.89,0,0,1326,0
112,120,71.8595461042377,3.12855207096346,0.837985931176153,12.72,0,0,1056,0
112,120,71.8595461042377,3.12855207096346,0.837985931176153,22.31,0,0,622,0
113,120,148.643812785666,4.57669472256022,0.90851318758438,0,101,120000,0,1
113,120,148.643812785666,4.57669472256022,0.90851318758438,6.57,0,0,427,0
113,120,148.643812785666,4.57669472256022,0.90851318758438,7.36,0,0,886,0
113,120,148.643812785666,4.57669472256022,0.90851318758438,15.6,0,0,450,0
113,120,148.643812785666,4.57669472256022,0.90851318758438,20.09,0,0,330,0
114,120,71.4108571570971,2.92691895445325,1.1117139095188,0,101,120000,0,1
114,120,71.4108571570971,2.92691895445325,1.1117139095188,9.72,0,0,1217,0
114,120,71.4108571570971,2.92691895445325,1.1117139095188,18.35,0,0,568,0
114,120,71.4108571570971,2.92691895445325,1.1117139095188,20.78,0,0,833,0
114,120,71.4108571570971,2.92691895445325,1.1117139095188,20.79,0,0,862,0
115,120,60.7032903615802,7.82533070583796,1.1118093629409,0,101,120000,0,1
115,120,60.7032903615802,7.82533070583796,1.1118093629409,0.27,0,0,414,0
115,120,60.7032903615802,7.82533070583796,1.1118093629409,13.09,0,0,359,0
115,120,60.7032903615802,7.82533070583796,1.1118093629409,16.34,0,0,265,0
115,120,60.7032903615802,7.82533070583796,1.1118093629409,17,0,0,168,0
116,120,46.43278357385,5.13928930886528,0.590031705062458,0,101,120000,0,1
116,120,46.43278357385,5.13928930886528,0.590031705062458,10.13,0,0,1169,0
116,120,46.43278357385,5.13928930886528,0.590031705062458,10.38,0,0,775,0
116,120,46.43278357385,5.13928930886528,0.590031705062458,15.03,0,0,572,0
116,120,46.43278357385,5.13928930886528,0.590031705062458,15.54,0,0,345,0
117,120,127.523430925975,3.72495711292952,0.73527013235867,0,101,120000,0,1
117,120,127.523430925975,3.72495711292952,0.73527013235867,2.35,0,0,849,0
117,120,127.523430925975,3.72495711292952,0.73527013235867,3.54,0,0,680,0
117,120,127.523430925975,3.72495711292952,0.73527013235867,5.14,0,0,1081,0
117,120,127.523430925975,3.72495711292952,0.73527013235867,16.77,0,0,631,0
118,120,80.2577080883306,2.01177177150268,1.3937669358513,0,101,120000,0,1
118,120,80.2577080883306,2.01177177150268,1.3937669358513,2.87,0,0,1169,0
118,120,80.2577080883306,2.01177177150268,1.3937669358513,3.82,0,0,910,0
118,120,80.2577080883306,2.01177177150268,1.3937669358513,16.79,0,0,866,0
118,120,80.2577080883306,2.01177177150268,1.3937669358513,22.77,0,0,805,0
119,120,42.5506650489631,4.74605201850766,0.737665484445016,0,101,120000,0,1
119,120,42.5506650489631,4.74605201850766,0.737665484445016,1.54,0,0,1915,0
119,120,42.5506650489631,4.74605201850766,0.737665484445016,3.8,0,0,2252,0
119,120,42.5506650489631,4.74605201850766,0.737665484445016,8.16,0,0,1725,0
119,120,42.5506650489631,4.74605201850766,0.737665484445016,15.45,0,0,465,0
120,120,100.83409725478,5.1810686354835,1.05233418491224,0,101,120000,0,1
120,120,100.83409725478,5.1810686354835,1.05233418491224,3.07,0,0,1330,0
120,120,100.83409725478,5.1810686354835,1.05233418491224,7.96,0,0,764,0
120,120,100.83409725478,5.1810686354835,1.05233418491224,13.84,0,0,643,0
120,120,100.83409725478,5.1810686354835,1.05233418491224,18.09,0,0,452,0
