ID,DOSE,V,CL,KA,TIME,EVID,AMT,DV,EVIDNM
1,10,117.538249012019,1.79862511774685,0.955680205048655,0,101,10000,0,1
1,10,117.538249012019,1.79862511774685,0.955680205048655,7.84,0,0,61,0
1,10,117.538249012019,1.79862511774685,0.955680205048655,12.83,0,0,70,0
1,10,117.538249012019,1.79862511774685,0.955680205048655,13.76,0,0,98,0
1,10,117.538249012019,1.79862511774685,0.955680205048655,18.43,0,0,52,0
2,10,77.1398417431039,7.0268258963865,1.05412775141597,0,101,10000,0,1
2,10,77.1398417431039,7.0268258963865,1.05412775141597,0.38,0,0,47,0
2,10,77.1398417431039,7.0268258963865,1.05412775141597,13.13,0,0,39,0
2,10,77.1398417431039,7.0268258963865,1.05412775141597,16.85,0,0,30,0
2,10,77.1398417431039,7.0268258963865,1.05412775141597,21.3,0,0,23,0
3,10,83.5043804186088,4.92363868436159,1.33417789553323,0,101,10000,0,1
3,10,83.5043804186088,4.92363868436159,1.33417789553323,1.95,0,0,81,0
3,10,83.5043804186088,4.92363868436159,1.33417789553323,3.29,0,0,67,0
3,10,83.5043804186088,4.92363868436159,1.33417789553323,16.96,0,0,51,0
3,10,83.5043804186088,4.92363868436159,1.33417789553323,18.87,0,0,35,0
4,10,47.7066426908636,4.58528292962088,0.672906513576695,0,101,10000,0,1
4,10,47.7066426908636,4.58528292962088,0.672906513576695,0.72,0,0,71,0
4,10,47.7066426908636,4.58528292962088,0.672906513576695,4.02,0,0,159,0
4,10,47.7066426908636,4.58528292962088,0.672906513576695,14.44,0,0,58,0
4,10,47.7066426908636,4.58528292962088,0.672906513576695,23.97,0,0,27,0
5,10,73.08583261275,3.30031848233055,1.31598512838219,0,101,10000,0,1
5,10,73.08583261275,3.30031848233055,1.31598512838219,3.76,0,0,140,0
5,10,73.08583261275,3.30031848233055,1.31598512838219,4.65,0,0,100,0
5,10,73.08583261275,3.30031848233055,1.31598512838219,12.3,0,0,76,0
5,10,73.08583261275,3.30031848233055,1.31598512838219,20.18,0,0,58,0
6,10,60.8697475334857,5.43956621174691,0.934814275155024,0,101,10000,0,1
6,10,60.8697475334857,5.43956621174691,0.934814275155024,8.23,0,0,110,0
6,10,60.8697475334857,5.43956621174691,0.934814275155024,11.79,0,0,59,0
6,10,60.8697475334857,5.43956621174691,0.934814275155024,11.86,0,0,69,0
6,10,60.8697475334857,5.43956621174691,0.934814275155024,13.58,0,0,56,0
7,10,58.0880292371852,4.88266927409358,1.35753972534869,0,101,10000,0,1
7,10,58.0880292371852,4.88266927409358,1.35753972534869,1.05,0,0,111,0
7,10,58.0880292371852,4.88266927409358,1.35753972534869,11,0,0,69,0
7,10,58.0880292371852,4.88266927409358,1.35753972534869,12.63,0,0,75,0
7,10,58.0880292371852,4.88266927409358,1.35753972534869,16.19,0,0,42,0
8,10,62.5239027135573,5.9551020778687,0.873235504182547,0,101,10000,0,1
8,10,62.5239027135573,5.9551020778687,0.873235504182547,6.29,0,0,106,0
8,10,62.5239027135573,5.9551020778687,0.873235504182547,13.38,0,0,53,0
8,10,62.5239027135573,5.9551020778687,0.873235504182547,19.69,0,0,28,0
8,10,62.5239027135573,5.9551020778687,0.873235504182547,20.68,0,0,15,0
9,10,88.9845017343353,6.51728955631387,1.40604786209372,0,101,10000,0,1
9,10,88.9845017343353,6.51728955631387,1.40604786209372,11.43,0,0,67,0
9,10,88.9845017343353,6.51728955631387,1.40604786209372,12.85,0,0,41,0
9,10,88.9845017343353,6.51728955631387,1.40604786209372,20.87,0,0,22,0
9,10,88.9845017343353,6.51728955631387,1.40604786209372,23.13,0,0,23,0
10,10,82.6728575089274,5.67262372297416,1.37999473135498,0,101,10000,0,1
10,10,82.6728575089274,5.67262372297416,1.37999473135498,1.56,0,0,104,0
10,10,82.6728575089274,5.67262372297416,1.37999473135498,5.08,0,0,72,0
10,10,82.6728575089274,5.67262372297416,1.37999473135498,12.95,0,0,42,0
10,10,82.6728575089274,5.67262372297416,1.37999473135498,21.46,0,0,32,0
11,10,64.2874445464609,2.73170333160347,0.881938236971857,0,101,10000,0,1
11,10,64.2874445464609,2.73170333160347,0.881938236971857,6.96,0,0,104,0
11,10,64.2874445464609,2.73170333160347,0.881938236971857,9.03,0,0,86,0
11,10,64.2874445464609,2.73170333160347,0.881938236971857,12.98,0,0,112,0
11,10,64.2874445464609,2.73170333160347,0.881938236971857,20.27,0,0,71,0
12,10,84.2375240587103,3.72005823724028,0.910583885917671,0,101,10000,0,1
12,10,84.2375240587103,3.72005823724028,0.910583885917671,9.03,0,0,78,0
12,10,84.2375240587103,3.72005823724028,0.910583885917671,13.88,0,0,72,0
12,10,84.2375240587103,3.72005823724028,0.910583885917671,14.96,0,0,90,0
12,10,84.2375240587103,3.72005823724028,0.910583885917671,19.78,0,0,57,0
13,10,41.48153649827,2.42084156062724,0.873823088047873,0,101,10000,0,1
13,10,41.48153649827,2.42084156062724,0.873823088047873,6.38,0,0,148,0
13,10,41.48153649827,2.42084156062724,0.873823088047873,11.26,0,0,153,0
13,10,41.48153649827,2.42084156062724,0.873823088047873,17.16,0,0,70,0
13,10,41.48153649827,2.42084156062724,0.873823088047873,20.07,0,0,103,0
14,10,142.395108542229,2.82497669852172,1.27581297059242,0,101,10000,0,1
14,10,142.395108542229,2.82497669852172,1.27581297059242,0.13,0,0,14,0
14,10,142.395108542229,2.82497669852172,1.27581297059242,5.85,0,0,53,0
14,10,142.395108542229,2.82497669852172,1.27581297059242,7.38,0,0,65,0
14,10,142.395108542229,2.82497669852172,1.27581297059242,15.61,0,0,52,0
15,10,52.4133469277147,3.89297819545939,0.857855733718244,0,101,10000,0,1
15,10,52.4133469277147,3.89297819545939,0.857855733718244,8.8,0,0,92,0
15,10,52.4133469277147,3.89297819545939,0.857855733718244,13.11,0,0,57,0
15,10,52.4133469277147,3.89297819545939,0.857855733718244,16.06,0,0,70,0
15,10,52.4133469277147,3.89297819545939,0.857855733718244,19.82,0,0,32,0
16,10,63.3671133776932,4.88573785006578,0.597059374909528,0,101,10000,0,1
16,10,63.3671133776932,4.88573785006578,0.597059374909528,2.62,0,0,148,0
16,10,63.3671133776932,4.88573785006578,0.597059374909528,3.79,0,0,115,0
16,10,63.3671133776932,4.88573785006578,0.597059374909528,9.8,0,0,84,0
16,10,63.3671133776932,4.88573785006578,0.597059374909528,13.77,0,0,59,0
17,10,61.7957882396114,3.76715578448672,0.991453539793583,0,101,10000,0,1
17,10,61.7957882396114,3.76715578448672,0.991453539793583,0.19,0,0,30,0
17,10,61.7957882396114,3.76715578448672,0.991453539793583,2.5,0,0,136,0
17,10,61.7957882396114,3.76715578448672,0.991453539793583,9.05,0,0,107,0
17,10,61.7957882396114,3.76715578448672,0.991453539793583,20.8,0,0,44,0
18,10,77.2400265625207,4.16790053047274,1.18338538031294,0,101,10000,0,1
18,10,77.2400265625207,4.16790053047274,1.18338538031294,15.49,0,0,62,0
18,10,77.2400265625207,4.16790053047274,1.18338538031294,16.39,0,0,44,0
18,10,77.2400265625207,4.16790053047274,1.18338538031294,16.94,0,0,55,0
18,10,77.2400265625207,4.16790053047274,1.18338538031294,17.74,0,0,57,0
19,10,73.1253270479167,11.4350089392981,1.43865332538584,0,101,10000,0,1
19,10,73.1253270479167,11.4350089392981,1.43865332538584,5.92,0,0,47,0
19,10,73.1253270479167,11.4350089392981,1.43865332538584,9.21,0,0,38,0
19,10,73.1253270479167,11.4350089392981,1.43865332538584,16.88,0,0,14,0
19,10,73.1253270479167,11.4350089392981,1.43865332538584,20.55,0,0,7,0
20,10,38.2992997803156,6.56640902572603,0.852874883246749,0,101,10000,0,1
20,10,38.2992997803156,6.56640902572603,0.852874883246749,5.38,0,0,132,0
20,10,38.2992997803156,6.56640902572603,0.852874883246749,16.86,0,0,19,0
20,10,38.2992997803156,6.56640902572603,0.852874883246749,19.65,0,0,10,0
20,10,38.2992997803156,6.56640902572603,0.852874883246749,22.75,0,0,5,0
21,10,64.8382016637648,4.16574350849519,0.80146878606343,0,101,10000,0,1
21,10,64.8382016637648,4.16574350849519,0.80146878606343,1.47,0,0,131,0
21,10,64.8382016637648,4.16574350849519,0.80146878606343,12.68,0,0,74,0
21,10,64.8382016637648,4.16574350849519,0.80146878606343,23.65,0,0,30,0
21,10,64.8382016637648,4.16574350849519,0.80146878606343,23.73,0,0,39,0
22,10,37.4622049561333,4.28925538236434,1.08590981095113,0,101,10000,0,1
22,10,37.4622049561333,4.28925538236434,1.08590981095113,0.86,0,0,163,0
22,10,37.4622049561333,4.28925538236434,1.08590981095113,3.37,0,0,196,0
22,10,37.4622049561333,4.28925538236434,1.08590981095113,4.03,0,0,288,0
22,10,37.4622049561333,4.28925538236434,1.08590981095113,7.48,0,0,116,0
23,10,85.9789209652715,4.77814366980272,0.706109613632252,0,101,10000,0,1
23,10,85.9789209652715,4.77814366980272,0.706109613632252,6.15,0,0,84,0
23,10,85.9789209652715,4.77814366980272,0.706109613632252,8.44,0,0,92,0
23,10,85.9789209652715,4.77814366980272,0.706109613632252,13.08,0,0,63,0
23,10,85.9789209652715,4.77814366980272,0.706109613632252,21.26,0,0,43,0
24,10,91.2596198461652,3.3535058861957,1.07877930338103,0,101,10000,0,1
24,10,91.2596198461652,3.3535058861957,1.07877930338103,1.3,0,0,81,0
24,10,91.2596198461652,3.3535058861957,1.07877930338103,5.02,0,0,100,0
24,10,91.2596198461652,3.3535058861957,1.07877930338103,7.26,0,0,74,0
24,10,91.2596198461652,3.3535058861957,1.07877930338103,10.67,0,0,96,0
25,10,58.4258936831364,4.85058924775454,1.38497314733462,0,101,10000,0,1
25,10,58.4258936831364,4.85058924775454,1.38497314733462,0.3,0,0,61,0
25,10,58.4258936831364,4.85058924775454,1.38497314733462,2.95,0,0,126,0
25,10,58.4258936831364,4.85058924775454,1.38497314733462,7.23,0,0,122,0
25,10,58.4258936831364,4.85058924775454,1.38497314733462,21.04,0,0,28,0
26,10,60.9993894301815,3.95506573403979,0.708606967600673,0,101,10000,0,1
26,10,60.9993894301815,3.95506573403979,0.708606967600673,5.05,0,0,130,0
26,10,60.9993894301815,3.95506573403979,0.708606967600673,12.72,0,0,66,0
26,10,60.9993894301815,3.95506573403979,0.708606967600673,13.12,0,0,103,0
26,10,60.9993894301815,3.95506573403979,0.708606967600673,18.09,0,0,57,0
27,10,64.9388549630629,5.31743066815936,0.78519707934106,0,101,10000,0,1
27,10,64.9388549630629,5.31743066815936,0.78519707934106,8.95,0,0,95,0
27,10,64.9388549630629,5.31743066815936,0.78519707934106,11.95,0,0,89,0
27,10,64.9388549630629,5.31743066815936,0.78519707934106,12.29,0,0,59,0
27,10,64.9388549630629,5.31743066815936,0.78519707934106,16.42,0,0,41,0
28,10,64.2166196601752,2.6725712157341,0.7177390860867,0,101,10000,0,1
28,10,64.2166196601752,2.6725712157341,0.7177390860867,1.65,0,0,69,0
28,10,64.2166196601752,2.6725712157341,0.7177390860867,9.62,0,0,109,0
28,10,64.2166196601752,2.6725712157341,0.7177390860867,10.12,0,0,107,0
28,10,64.2166196601752,2.6725712157341,0.7177390860867,22.69,0,0,57,0
29,10,53.7216414294391,4.60562247098651,0.885727691163255,0,101,10000,0,1
29,10,53.7216414294391,4.60562247098651,0.885727691163255,0.19,0,0,33,0
29,10,53.7216414294391,4.60562247098651,0.885727691163255,0.7,0,0,80,0
29,10,53.7216414294391,4.60562247098651,0.885727691163255,22.91,0,0,40,0
29,10,53.7216414294391,4.60562247098651,0.885727691163255,23.62,0,0,34,0
30,10,95.0092327295913,6.41542673262494,0.699031483282024,0,101,10000,0,1
30,10,95.0092327295913,6.41542673262494,0.699031483282024,2.73,0,0,89,0
30,10,95.0092327295913,6.41542673262494,0.699031483282024,8.9,0,0,66,0
30,10,95.0092327295913,6.41542673262494,0.699031483282024,19.25,0,0,33,0
30,10,95.0092327295913,6.41542673262494,0.699031483282024,21.48,0,0,29,0
31,30,87.7089576328468,5.19258046906628,1.25798107466734,0,101,30000,0,1
31,30,87.7089576328468,5.19258046906628,1.25798107466734,1.66,0,0,308,0
31,30,87.7089576328468,5.19258046906628,1.25798107466734,6.84,0,0,176,0
31,30,87.7089576328468,5.19258046906628,1.25798107466734,9.4,0,0,248,0
31,30,87.7089576328468,5.19258046906628,1.25798107466734,13.5,0,0,169,0
32,30,62.5378969004122,4.36619768730921,0.59132215768688,0,101,30000,0,1
32,30,62.5378969004122,4.36619768730921,0.59132215768688,4.38,0,0,299,0
32,30,62.5378969004122,4.36619768730921,0.59132215768688,10.34,0,0,199,0
32,30,62.5378969004122,4.36619768730921,0.59132215768688,13.78,0,0,206,0
32,30,62.5378969004122,4.36619768730921,0.59132215768688,14.85,0,0,161,0
33,30,77.260140150658,3.80527237093373,0.776594856582847,0,101,30000,0,1
33,30,77.260140150658,3.80527237093373,0.776594856582847,7.95,0,0,211,0
33,30,77.260140150658,3.80527237093373,0.776594856582847,8.72,0,0,254,0
33,30,77.260140150658,3.80527237093373,0.776594856582847,11.53,0,0,243,0
33,30,77.260140150658,3.80527237093373,0.776594856582847,18.41,0,0,161,0
34,30,112.104629574157,3.35941336946464,0.645815521616908,0,101,30000,0,1
34,30,112.104629574157,3.35941336946464,0.645815521616908,1.27,0,0,153,0
34,30,112.104629574157,3.35941336946464,0.645815521616908,8.22,0,0,253,0
34,30,112.104629574157,3.35941336946464,0.645815521616908,14.86,0,0,196,0
34,30,112.104629574157,3.35941336946464,0.645815521616908,21.79,0,0,116,0
35,30,100.553289592884,2.73877742698869,0.891942897360797,0,101,30000,0,1
35,30,100.553289592884,2.73877742698869,0.891942897360797,4.44,0,0,355,0
35,30,100.553289592884,2.73877742698869,0.891942897360797,5.42,0,0,232,0
35,30,100.553289592884,2.73877742698869,0.891942897360797,6.89,0,0,305,0
35,30,100.553289592884,2.73877742698869,0.891942897360797,9.78,0,0,197,0
36,30,85.2100597866145,3.96829216490411,1.11632932744974,0,101,30000,0,1
36,30,85.2100597866145,3.96829216490411,1.11632932744974,0.29,0,0,73,0
36,30,85.2100597866145,3.96829216490411,1.11632932744974,6.77,0,0,278,0
36,30,85.2100597866145,3.96829216490411,1.11632932744974,13.26,0,0,214,0
36,30,85.2100597866145,3.96829216490411,1.11632932744974,16.29,0,0,152,0
37,30,103.985028329753,5.33398257813681,1.05929365950528,0,101,30000,0,1
37,30,103.985028329753,5.33398257813681,1.05929365950528,2.17,0,0,217,0
37,30,103.985028329753,5.33398257813681,1.05929365950528,5.73,0,0,263,0
37,30,103.985028329753,5.33398257813681,1.05929365950528,6.25,0,0,258,0
37,30,103.985028329753,5.33398257813681,1.05929365950528,15.14,0,0,117,0
38,30,67.1831739005179,5.49202905083131,0.776518186670174,0,101,30000,0,1
38,30,67.1831739005179,5.49202905083131,0.776518186670174,4.39,0,0,342,0
38,30,67.1831739005179,5.49202905083131,0.776518186670174,10.56,0,0,200,0
38,30,67.1831739005179,5.49202905083131,0.776518186670174,11.78,0,0,156,0
38,30,67.1831739005179,5.49202905083131,0.776518186670174,19.44,0,0,99,0
39,30,69.4002789476587,3.57058896964223,0.896983263729945,0,101,30000,0,1
39,30,69.4002789476587,3.57058896964223,0.896983263729945,9.14,0,0,339,0
39,30,69.4002789476587,3.57058896964223,0.896983263729945,12.96,0,0,320,0
39,30,69.4002789476587,3.57058896964223,0.896983263729945,14.35,0,0,178,0
39,30,69.4002789476587,3.57058896964223,0.896983263729945,22.46,0,0,184,0
40,30,68.4036715523513,4.28257950849358,0.772939122982791,0,101,30000,0,1
40,30,68.4036715523513,4.28257950849358,0.772939122982791,0.54,0,0,113,0
40,30,68.4036715523513,4.28257950849358,0.772939122982791,3.26,0,0,298,0
40,30,68.4036715523513,4.28257950849358,0.772939122982791,5.98,0,0,395,0
40,30,68.4036715523513,4.28257950849358,0.772939122982791,6.93,0,0,404,0
41,30,75.5845566133935,6.15138276015346,0.935279028590087,0,101,30000,0,1
41,30,75.5845566133935,6.15138276015346,0.935279028590087,2.02,0,0,406,0
41,30,75.5845566133935,6.15138276015346,0.935279028590087,18.55,0,0,80,0
41,30,75.5845566133935,6.15138276015346,0.935279028590087,18.65,0,0,116,0
41,30,75.5845566133935,6.15138276015346,0.935279028590087,19.16,0,0,64,0
42,30,58.3189140770651,4.85862970548988,0.973219917257487,0,101,30000,0,1
42,30,58.3189140770651,4.85862970548988,0.973219917257487,7.73,0,0,233,0
42,30,58.3189140770651,4.85862970548988,0.973219917257487,17.63,0,0,105,0
42,30,58.3189140770651,4.85862970548988,0.973219917257487,19.47,0,0,119,0
42,30,58.3189140770651,4.85862970548988,0.973219917257487,21.58,0,0,139,0
43,30,48.3561072994349,3.91510869189613,0.78077980453742,0,101,30000,0,1
43,30,48.3561072994349,3.91510869189613,0.78077980453742,0.81,0,0,189,0
43,30,48.3561072994349,3.91510869189613,0.78077980453742,13.12,0,0,251,0
43,30,48.3561072994349,3.91510869189613,0.78077980453742,13.78,0,0,221,0
43,30,48.3561072994349,3.91510869189613,0.78077980453742,17.84,0,0,182,0
44,30,85.5538272216676,4.22796483532729,1.17083591503672,0,101,30000,0,1
44,30,85.5538272216676,4.22796483532729,1.17083591503672,1.81,0,0,305,0
44,30,85.5538272216676,4.22796483532729,1.17083591503672,5.37,0,0,282,0
44,30,85.5538272216676,4.22796483532729,1.17083591503672,16.91,0,0,155,0
44,30,85.5538272216676,4.22796483532729,1.17083591503672,23.49,0,0,93,0
45,30,71.2351767267252,3.2241015222721,0.777519822769455,0,101,30000,0,1
45,30,71.2351767267252,3.2241015222721,0.777519822769455,1.55,0,0,248,0
45,30,71.2351767267252,3.2241015222721,0.777519822769455,1.81,0,0,459,0
45,30,71.2351767267252,3.2241015222721,0.777519822769455,9.34,0,0,279,0
45,30,71.2351767267252,3.2241015222721,0.777519822769455,15.16,0,0,161,0
46,30,42.2132403058496,4.64430906708838,0.801005457144742,0,101,30000,0,1
46,30,42.2132403058496,4.64430906708838,0.801005457144742,8.15,0,0,479,0
46,30,42.2132403058496,4.64430906708838,0.801005457144742,14.18,0,0,131,0
46,30,42.2132403058496,4.64430906708838,0.801005457144742,18.71,0,0,101,0
46,30,42.2132403058496,4.64430906708838,0.801005457144742,19.31,0,0,105,0
47,30,67.4611214778717,5.93439373796635,0.922678132561283,0,101,30000,0,1
47,30,67.4611214778717,5.93439373796635,0.922678132561283,0.68,0,0,204,0
47,30,67.4611214778717,5.93439373796635,0.922678132561283,5.27,0,0,490,0
47,30,67.4611214778717,5.93439373796635,0.922678132561283,9.5,0,0,220,0
47,30,67.4611214778717,5.93439373796635,0.922678132561283,14.28,0,0,135,0
48,30,92.6021249559851,3.89847099655984,1.03792874967581,0,101,30000,0,1
48,30,92.6021249559851,3.89847099655984,1.03792874967581,8.16,0,0,220,0
48,30,92.6021249559851,3.89847099655984,1.03792874967581,12.35,0,0,286,0
48,30,92.6021249559851,3.89847099655984,1.03792874967581,17.44,0,0,147,0
48,30,92.6021249559851,3.89847099655984,1.03792874967581,17.95,0,0,132,0
49,30,169.730191256583,2.60714198911231,1.12679659489154,0,101,30000,0,1
49,30,169.730191256583,2.60714198911231,1.12679659489154,3,0,0,176,0
49,30,169.730191256583,2.60714198911231,1.12679659489154,16.72,0,0,117,0
49,30,169.730191256583,2.60714198911231,1.12679659489154,17.59,0,0,140,0
49,30,169.730191256583,2.60714198911231,1.12679659489154,18.98,0,0,132,0
50,30,72.690889327597,3.55863017561734,1.30245832411389,0,101,30000,0,1
50,30,72.690889327597,3.55863017561734,1.30245832411389,5.94,0,0,322,0
50,30,72.690889327597,3.55863017561734,1.30245832411389,9,0,0,235,0
50,30,72.690889327597,3.55863017561734,1.30245832411389,9.33,0,0,199,0
50,30,72.690889327597,3.55863017561734,1.30245832411389,14.93,0,0,218,0
51,30,50.3891705445392,4.84175323811621,1.89055963422205,0,101,30000,0,1
51,30,50.3891705445392,4.84175323811621,1.89055963422205,5.08,0,0,418,0
51,30,50.3891705445392,4.84175323811621,1.89055963422205,12.43,0,0,172,0
51,30,50.3891705445392,4.84175323811621,1.89055963422205,19.36,0,0,110,0
51,30,50.3891705445392,4.84175323811621,1.89055963422205,20.38,0,0,98,0
52,30,95.0132326214031,4.74718817425084,0.960142149367687,0,101,30000,0,1
52,30,95.0132326214031,4.74718817425084,0.960142149367687,10.74,0,0,218,0
52,30,95.0132326214031,4.74718817425084,0.960142149367687,15.08,0,0,119,0
52,30,95.0132326214031,4.74718817425084,0.960142149367687,21.21,0,0,77,0
52,30,95.0132326214031,4.74718817425084,0.960142149367687,21.81,0,0,176,0
53,30,39.8386343135587,6.39606881156613,0.624539408571861,0,101,30000,0,1
53,30,39.8386343135587,6.39606881156613,0.624539408571861,0.74,0,0,283,0
53,30,39.8386343135587,6.39606881156613,0.624539408571861,6.25,0,0,467,0
53,30,39.8386343135587,6.39606881156613,0.624539408571861,13.24,0,0,112,0
53,30,39.8386343135587,6.39606881156613,0.624539408571861,15.01,0,0,133,0
54,30,60.0738697714656,4.43109215356767,1.19601639759762,0,101,30000,0,1
54,30,60.0738697714656,4.43109215356767,1.19601639759762,6.56,0,0,456,0
54,30,60.0738697714656,4.43109215356767,1.19601639759762,7.71,0,0,284,0
54,30,60.0738697714656,4.43109215356767,1.19601639759762,14.49,0,0,176,0
54,30,60.0738697714656,4.43109215356767,1.19601639759762,18.92,0,0,142,0
55,30,45.5146973692605,3.53548660212633,0.702653090488859,0,101,30000,0,1
55,30,45.5146973692605,3.53548660212633,0.702653090488859,2.1,0,0,413,0
55,30,45.5146973692605,3.53548660212633,0.702653090488859,4.93,0,0,642,0
55,30,45.5146973692605,3.53548660212633,0.702653090488859,12.61,0,0,327,0
55,30,45.5146973692605,3.53548660212633,0.702653090488859,23.7,0,0,144,0
56,30,92.0754155578363,3.9095275402877,0.944981490199747,0,101,30000,0,1
56,30,92.0754155578363,3.9095275402877,0.944981490199747,3.43,0,0,287,0
56,30,92.0754155578363,3.9095275402877,0.944981490199747,8.02,0,0,232,0
56,30,92.0754155578363,3.9095275402877,0.944981490199747,23.07,0,0,122,0
56,30,92.0754155578363,3.9095275402877,0.944981490199747,23.31,0,0,123,0
57,30,78.541570062307,3.42579800378764,1.13304647308944,0,101,30000,0,1
57,30,78.541570062307,3.42579800378764,1.13304647308944,6.9,0,0,295,0
57,30,78.541570062307,3.42579800378764,1.13304647308944,13.77,0,0,270,0
57,30,78.541570062307,3.42579800378764,1.13304647308944,18.41,0,0,160,0
57,30,78.541570062307,3.42579800378764,1.13304647308944,20.79,0,0,117,0
58,30,68.4557094729959,3.64047183837569,1.27567096875501,0,101,30000,0,1
58,30,68.4557094729959,3.64047183837569,1.27567096875501,5.46,0,0,564,0
58,30,68.4557094729959,3.64047183837569,1.27567096875501,5.82,0,0,411,0
58,30,68.4557094729959,3.64047183837569,1.27567096875501,20.03,0,0,190,0
58,30,68.4557094729959,3.64047183837569,1.27567096875501,22.15,0,0,127,0
59,30,54.9608395232658,4.08477836366431,0.584262707070115,0,101,30000,0,1
59,30,54.9608395232658,4.08477836366431,0.584262707070115,6.46,0,0,598,0
59,30,54.9608395232658,4.08477836366431,0.584262707070115,7.26,0,0,494,0
59,30,54.9608395232658,4.08477836366431,0.584262707070115,18.34,0,0,126,0
59,30,54.9608395232658,4.08477836366431,0.584262707070115,23.97,0,0,124,0
60,30,122.194657537129,2.19171331467797,0.942736128073039,0,101,30000,0,1
60,30,122.194657537129,2.19171331467797,0.942736128073039,0.51,0,0,83,0
60,30,122.194657537129,2.19171331467797,0.942736128073039,13.52,0,0,169,0
60,30,122.194657537129,2.19171331467797,0.942736128073039,18.8,0,0,199,0
60,30,122.194657537129,2.19171331467797,0.942736128073039,23.16,0,0,176,0
61,60,53.7429476396895,3.94926597261061,0.711434647625339,0,101,60000,0,1
61,60,53.7429476396895,3.94926597261061,0.711434647625339,5,0,0,706,0
61,60,53.7429476396895,3.94926597261061,0.711434647625339,5.18,0,0,1003,0
61,60,53.7429476396895,3.94926597261061,0.711434647625339,18.02,0,0,411,0
61,60,53.7429476396895,3.94926597261061,0.711434647625339,21.02,0,0,370,0
62,60,54.5826443472859,4.39135721616615,1.36561271205113,0,101,60000,0,1
62,60,54.5826443472859,4.39135721616615,1.36561271205113,10.76,0,0,532,0
62,60,54.5826443472859,4.39135721616615,1.36561271205113,10.89,0,0,520,0
62,60,54.5826443472859,4.39135721616615,1.36561271205113,17.89,0,0,271,0
62,60,54.5826443472859,4.39135721616615,1.36561271205113,21.61,0,0,167,0
63,60,128.246217596752,4.20046271359648,0.686858514232407,0,101,60000,0,1
63,60,128.246217596752,4.20046271359648,0.686858514232407,7.62,0,0,273,0
63,60,128.246217596752,4.20046271359648,0.686858514232407,12.52,0,0,294,0
63,60,128.246217596752,4.20046271359648,0.686858514232407,17.67,0,0,197,0
63,60,128.246217596752,4.20046271359648,0.686858514232407,19.67,0,0,189,0
64,60,67.0086823375399,3.75701551036321,1.17983874794777,0,101,60000,0,1
64,60,67.0086823375399,3.75701551036321,1.17983874794777,0.95,0,0,701,0
64,60,67.0086823375399,3.75701551036321,1.17983874794777,7.88,0,0,548,0
64,60,67.0086823375399,3.75701551036321,1.17983874794777,17.11,0,0,392,0
64,60,67.0086823375399,3.75701551036321,1.17983874794777,23.12,0,0,212,0
65,60,57.357058669652,3.7699511966751,0.818680904225942,0,101,60000,0,1
65,60,57.357058669652,3.7699511966751,0.818680904225942,3.86,0,0,430,0
65,60,57.357058669652,3.7699511966751,0.818680904225942,12.53,0,0,414,0
65,60,57.357058669652,3.7699511966751,0.818680904225942,18.26,0,0,397,0
65,60,57.357058669652,3.7699511966751,0.818680904225942,19.47,0,0,310,0
66,60,67.7747418172943,4.47207494091844,0.571080394446717,0,101,60000,0,1
66,60,67.7747418172943,4.47207494091844,0.571080394446717,0.12,0,0,84,0
66,60,67.7747418172943,4.47207494091844,0.571080394446717,0.14,0,0,76,0
66,60,67.7747418172943,4.47207494091844,0.571080394446717,15.86,0,0,310,0
66,60,67.7747418172943,4.47207494091844,0.571080394446717,18.65,0,0,305,0
67,60,57.4364583257451,3.88311897609093,1.16311948802197,0,101,60000,0,1
67,60,57.4364583257451,3.88311897609093,1.16311948802197,0.12,0,0,114,0
67,60,57.4364583257451,3.88311897609093,1.16311948802197,0.34,0,0,407,0
67,60,57.4364583257451,3.88311897609093,1.16311948802197,13.44,0,0,568,0
67,60,57.4364583257451,3.88311897609093,1.16311948802197,17.83,0,0,273,0
68,60,50.7272207088126,2.82156492518906,1.48029563107888,0,101,60000,0,1
68,60,50.7272207088126,2.82156492518906,1.48029563107888,1.59,0,0,866,0
68,60,50.7272207088126,2.82156492518906,1.48029563107888,3.96,0,0,1037,0
68,60,50.7272207088126,2.82156492518906,1.48029563107888,15.72,0,0,436,0
68,60,50.7272207088126,2.82156492518906,1.48029563107888,19.68,0,0,534,0
69,60,51.3156209540885,2.05369804997895,1.02532031594174,0,101,60000,0,1
69,60,51.3156209540885,2.05369804997895,1.02532031594174,1.49,0,0,1078,0
69,60,51.3156209540885,2.05369804997895,1.02532031594174,7.81,0,0,715,0
69,60,51.3156209540885,2.05369804997895,1.02532031594174,9.38,0,0,846,0
69,60,51.3156209540885,2.05369804997895,1.02532031594174,16.9,0,0,559,0
70,60,88.4914229279868,3.91400955677958,1.19159621574305,0,101,60000,0,1
70,60,88.4914229279868,3.91400955677958,1.19159621574305,2.91,0,0,437,0
70,60,88.4914229279868,3.91400955677958,1.19159621574305,4.84,0,0,474,0
70,60,88.4914229279868,3.91400955677958,1.19159621574305,15.35,0,0,433,0
70,60,88.4914229279868,3.91400955677958,1.19159621574305,16.66,0,0,370,0
71,60,50.4980636743172,4.86476646495877,1.35095270507448,0,101,60000,0,1
71,60,50.4980636743172,4.86476646495877,1.35095270507448,7.79,0,0,449,0
71,60,50.4980636743172,4.86476646495877,1.35095270507448,10.83,0,0,395,0
71,60,50.4980636743172,4.86476646495877,1.35095270507448,16.25,0,0,227,0
71,60,50.4980636743172,4.86476646495877,1.35095270507448,19.05,0,0,178,0
72,60,58.7287611070009,4.75127326046025,0.667811348899047,0,101,60000,0,1
72,60,58.7287611070009,4.75127326046025,0.667811348899047,7.75,0,0,605,0
72,60,58.7287611070009,4.75127326046025,0.667811348899047,15.41,0,0,370,0
72,60,58.7287611070009,4.75127326046025,0.667811348899047,21.62,0,0,291,0
72,60,58.7287611070009,4.75127326046025,0.667811348899047,23.69,0,0,110,0
73,60,84.3161519329437,2.86521927017296,1.10034444144485,0,101,60000,0,1
73,60,84.3161519329437,2.86521927017296,1.10034444144485,2.14,0,0,716,0
73,60,84.3161519329437,2.86521927017296,1.10034444144485,6.52,0,0,453,0
73,60,84.3161519329437,2.86521927017296,1.10034444144485,6.72,0,0,685,0
73,60,84.3161519329437,2.86521927017296,1.10034444144485,10.72,0,0,422,0
74,60,60.4595784458695,3.87152324954173,0.642184904254833,0,101,60000,0,1
74,60,60.4595784458695,3.87152324954173,0.642184904254833,1.83,0,0,722,0
74,60,60.4595784458695,3.87152324954173,0.642184904254833,16.39,0,0,356,0
74,60,60.4595784458695,3.87152324954173,0.642184904254833,16.51,0,0,395,0
74,60,60.4595784458695,3.87152324954173,0.642184904254833,20.39,0,0,252,0
75,60,67.7885686557621,5.83672046905246,0.640798736793906,0,101,60000,0,1
75,60,67.7885686557621,5.83672046905246,0.640798736793906,3.24,0,0,496,0
75,60,67.7885686557621,5.83672046905246,0.640798736793906,5.78,0,0,542,0
75,60,67.7885686557621,5.83672046905246,0.640798736793906,22.48,0,0,162,0
75,60,67.7885686557621,5.83672046905246,0.640798736793906,23.43,0,0,143,0
76,60,59.967262166138,4.61120980800351,0.827920508738757,0,101,60000,0,1
76,60,59.967262166138,4.61120980800351,0.827920508738757,3.46,0,0,718,0
76,60,59.967262166138,4.61120980800351,0.827920508738757,4.46,0,0,862,0
76,60,59.967262166138,4.61120980800351,0.827920508738757,11.31,0,0,489,0
76,60,59.967262166138,4.61120980800351,0.827920508738757,17.04,0,0,244,0
77,60,49.0698647744298,8.40498503402988,1.60412084846263,0,101,60000,0,1
77,60,49.0698647744298,8.40498503402988,1.60412084846263,5.07,0,0,386,0
77,60,49.0698647744298,8.40498503402988,1.60412084846263,11.26,0,0,163,0
77,60,49.0698647744298,8.40498503402988,1.60412084846263,11.51,0,0,222,0
77,60,49.0698647744298,8.40498503402988,1.60412084846263,22.84,0,0,30,0
78,60,84.4612568163238,4.42330369198556,0.852148778890241,0,101,60000,0,1
78,60,84.4612568163238,4.42330369198556,0.852148778890241,2.28,0,0,689,0
78,60,84.4612568163238,4.42330369198556,0.852148778890241,5.95,0,0,442,0
78,60,84.4612568163238,4.42330369198556,0.852148778890241,18.21,0,0,264,0
78,60,84.4612568163238,4.42330369198556,0.852148778890241,19.2,0,0,265,0
79,60,67.3737333775354,3.34551257488137,1.28264866918413,0,101,60000,0,1
79,60,67.3737333775354,3.34551257488137,1.28264866918413,0.32,0,0,412,0
79,60,67.3737333775354,3.34551257488137,1.28264866918413,12.95,0,0,514,0
79,60,67.3737333775354,3.34551257488137,1.28264866918413,16.67,0,0,380,0
79,60,67.3737333775354,3.34551257488137,1.28264866918413,18.41,0,0,417,0
80,60,70.8676802662043,4.70191112895554,0.797376970155311,0,101,60000,0,1
80,60,70.8676802662043,4.70191112895554,0.797376970155311,0.67,0,0,285,0
80,60,70.8676802662043,4.70191112895554,0.797376970155311,2.12,0,0,686,0
80,60,70.8676802662043,4.70191112895554,0.797376970155311,6.62,0,0,910,0
80,60,70.8676802662043,4.70191112895554,0.797376970155311,20,0,0,230,0
81,60,97.2579687936898,4.43474844654826,0.919413954849668,0,101,60000,0,1
81,60,97.2579687936898,4.43474844654826,0.919413954849668,2.01,0,0,558,0
81,60,97.2579687936898,4.43474844654826,0.919413954849668,3.64,0,0,436,0
81,60,97.2579687936898,4.43474844654826,0.919413954849668,5.49,0,0,517,0
81,60,97.2579687936898,4.43474844654826,0.919413954849668,12.67,0,0,475,0
82,60,97.2579687936898,4.43474844654826,0.919413954849668,0,101,60000,0,1
82,60,97.2579687936898,4.43474844654826,0.919413954849668,2.01,0,0,558,0
82,60,97.2579687936898,4.43474844654826,0.919413954849668,3.64,0,0,436,0
82,60,97.2579687936898,4.43474844654826,0.919413954849668,5.49,0,0,517,0
82,60,97.2579687936898,4.43474844654826,0.919413954849668,12.67,0,0,475,0
83,60,88.0917512399773,2.46928494310968,1.65283196525328,0,101,60000,0,1
83,60,88.0917512399773,2.46928494310968,1.65283196525328,0.83,0,0,610,0
83,60,88.0917512399773,2.46928494310968,1.65283196525328,3.94,0,0,718,0
83,60,88.0917512399773,2.46928494310968,1.65283196525328,18.45,0,0,508,0
83,60,88.0917512399773,2.46928494310968,1.65283196525328,22,0,0,323,0
84,60,52.9623128160693,4.0027500823121,0.941568921347695,0,101,60000,0,1
84,60,52.9623128160693,4.0027500823121,0.941568921347695,7.55,0,0,606,0
84,60,52.9623128160693,4.0027500823121,0.941568921347695,9.63,0,0,647,0
84,60,52.9623128160693,4.0027500823121,0.941568921347695,21.54,0,0,209,0
84,60,52.9623128160693,4.0027500823121,0.941568921347695,23.71,0,0,133,0
85,60,79.9516223197578,4.06647709486976,0.959746917656632,0,101,60000,0,1
85,60,79.9516223197578,4.06647709486976,0.959746917656632,0.13,0,0,75,0
85,60,79.9516223197578,4.06647709486976,0.959746917656632,16.18,0,0,458,0
85,60,79.9516223197578,4.06647709486976,0.959746917656632,16.38,0,0,381,0
85,60,79.9516223197578,4.06647709486976,0.959746917656632,23.66,0,0,173,0
86,60,82.5802694132971,4.08732438702868,0.939310986361508,0,101,60000,0,1
86,60,82.5802694132971,4.08732438702868,0.939310986361508,2.51,0,0,534,0
86,60,82.5802694132971,4.08732438702868,0.939310986361508,7.14,0,0,588,0
86,60,82.5802694132971,4.08732438702868,0.939310986361508,7.51,0,0,485,0
86,60,82.5802694132971,4.08732438702868,0.939310986361508,18.9,0,0,294,0
87,60,72.3436484267752,4.12743421693423,0.715359084122632,0,101,60000,0,1
87,60,72.3436484267752,4.12743421693423,0.715359084122632,0.28,0,0,180,0
87,60,72.3436484267752,4.12743421693423,0.715359084122632,1.62,0,0,673,0
87,60,72.3436484267752,4.12743421693423,0.715359084122632,1.77,0,0,562,0
87,60,72.3436484267752,4.12743421693423,0.715359084122632,19.1,0,0,241,0
88,60,73.7171208982387,3.36995207837209,0.51255103913865,0,101,60000,0,1
88,60,73.7171208982387,3.36995207837209,0.51255103913865,11.83,0,0,489,0
88,60,73.7171208982387,3.36995207837209,0.51255103913865,15.58,0,0,505,0
88,60,73.7171208982387,3.36995207837209,0.51255103913865,18.93,0,0,326,0
88,60,73.7171208982387,3.36995207837209,0.51255103913865,22.42,0,0,291,0
89,60,69.444442816968,3.97325102727967,0.853894984576998,0,101,60000,0,1
89,60,69.444442816968,3.97325102727967,0.853894984576998,1,0,0,409,0
89,60,69.444442816968,3.97325102727967,0.853894984576998,8.92,0,0,570,0
89,60,69.444442816968,3.97325102727967,0.853894984576998,18.65,0,0,252,0
89,60,69.444442816968,3.97325102727967,0.853894984576998,20.41,0,0,242,0
90,60,90.7003889710808,6.10780322497267,0.603482980071282,0,101,60000,0,1
90,60,90.7003889710808,6.10780322497267,0.603482980071282,1.52,0,0,327,0
90,60,90.7003889710808,6.10780322497267,0.603482980071282,3.8,0,0,498,0
90,60,90.7003889710808,6.10780322497267,0.603482980071282,13.22,0,0,246,0
90,60,90.7003889710808,6.10780322497267,0.603482980071282,20.01,0,0,269,0
91,120,45.0647866049573,3.38801479078487,1.13450774933489,0,101,120000,0,1
91,120,45.0647866049573,3.38801479078487,1.13450774933489,3.21,0,0,2221,0
91,120,45.0647866049573,3.38801479078487,1.13450774933489,3.25,0,0,1591,0
91,120,45.0647866049573,3.38801479078487,1.13450774933489,7.33,0,0,2539,0
91,120,45.0647866049573,3.38801479078487,1.13450774933489,13.2,0,0,1219,0
92,120,44.9736703192625,3.1569493201971,0.774836222831421,0,101,120000,0,1
92,120,44.9736703192625,3.1569493201971,0.774836222831421,1.29,0,0,1741,0
92,120,44.9736703192625,3.1569493201971,0.774836222831421,6.49,0,0,2223,0
92,120,44.9736703192625,3.1569493201971,0.774836222831421,16.72,0,0,1029,0
92,120,44.9736703192625,3.1569493201971,0.774836222831421,18.09,0,0,686,0
93,120,60.6133281041574,3.28667191949942,1.7393928900379,0,101,120000,0,1
93,120,60.6133281041574,3.28667191949942,1.7393928900379,0.59,0,0,1288,0
93,120,60.6133281041574,3.28667191949942,1.7393928900379,1.43,0,0,2050,0
93,120,60.6133281041574,3.28667191949942,1.7393928900379,19.17,0,0,680,0
93,120,60.6133281041574,3.28667191949942,1.7393928900379,23.17,0,0,646,0
94,120,140.854038082249,4.27901735502199,1.15751602978944,0,101,120000,0,1
94,120,140.854038082249,4.27901735502199,1.15751602978944,5.38,0,0,724,0
94,120,140.854038082249,4.27901735502199,1.15751602978944,9.51,0,0,793,0
94,120,140.854038082249,4.27901735502199,1.15751602978944,12.44,0,0,523,0
94,120,140.854038082249,4.27901735502199,1.15751602978944,18.41,0,0,535,0
95,120,73.2477371837846,5.95942719049539,1.05800002632635,0,101,120000,0,1
95,120,73.2477371837846,5.95942719049539,1.05800002632635,12.04,0,0,512,0
95,120,73.2477371837846,5.95942719049539,1.05800002632635,12.72,0,0,617,0
95,120,73.2477371837846,5.95942719049539,1.05800002632635,16.25,0,0,563,0
95,120,73.2477371837846,5.95942719049539,1.05800002632635,22.73,0,0,224,0
96,120,52.7198048676037,4.19974987796776,0.898254860331184,0,101,120000,0,1
96,120,52.7198048676037,4.19974987796776,0.898254860331184,5.89,0,0,1666,0
96,120,52.7198048676037,4.19974987796776,0.898254860331184,7.32,0,0,1505,0
96,120,52.7198048676037,4.19974987796776,0.898254860331184,19.53,0,0,683,0
96,120,52.7198048676037,4.19974987796776,0.898254860331184,23.53,0,0,361,0
97,120,87.6772526025227,4.06841817525842,0.949758272788443,0,101,120000,0,1
97,120,87.6772526025227,4.06841817525842,0.949758272788443,0.53,0,0,568,0
97,120,87.6772526025227,4.06841817525842,0.949758272788443,7.13,0,0,1034,0
97,120,87.6772526025227,4.06841817525842,0.949758272788443,20.79,0,0,476,0
97,120,87.6772526025227,4.06841817525842,0.949758272788443,22.06,0,0,530,0
98,120,70.3328958027947,4.46609074632235,0.796318223609488,0,101,120000,0,1
98,120,70.3328958027947,4.46609074632235,0.796318223609488,3.39,0,0,1429,0
98,120,70.3328958027947,4.46609074632235,0.796318223609488,10.27,0,0,902,0
98,120,70.3328958027947,4.46609074632235,0.796318223609488,17.22,0,0,581,0
98,120,70.3328958027947,4.46609074632235,0.796318223609488,17.42,0,0,415,0
99,120,35.7481539310611,5.80881784391096,1.05500498834935,0,101,120000,0,1
99,120,35.7481539310611,5.80881784391096,1.05500498834935,0.69,0,0,1527,0
99,120,35.7481539310611,5.80881784391096,1.05500498834935,5.21,0,0,1936,0
99,120,35.7481539310611,5.80881784391096,1.05500498834935,5.62,0,0,1108,0
99,120,35.7481539310611,5.80881784391096,1.05500498834935,17.11,0,0,227,0
100,120,74.8868586035452,4.40071775259519,1.46949059478609,0,101,120000,0,1
100,120,74.8868586035452,4.40071775259519,1.46949059478609,4.77,0,0,786,0
100,120,74.8868586035452,4.40071775259519,1.46949059478609,6.49,0,0,1218,0
100,120,74.8868586035452,4.40071775259519,1.46949059478609,7.41,0,0,945,0
100,120,74.8868586035452,4.40071775259519,1.46949059478609,11.23,0,0,1026,0
101,120,53.2064452706953,4.81002303628159,1.01868183384176,0,101,120000,0,1
101,120,53.2064452706953,4.81002303628159,1.01868183384176,8.33,0,0,714,0
101,120,53.2064452706953,4.81002303628159,1.01868183384176,15.9,0,0,840,0
101,120,53.2064452706953,4.81002303628159,1.01868183384176,17.11,0,0,452,0
101,120,53.2064452706953,4.81002303628159,1.01868183384176,21,0,0,399,0
102,120,56.8999275502067,4.20377980819715,0.937192177717125,0,101,120000,0,1
102,120,56.8999275502067,4.20377980819715,0.937192177717125,4.28,0,0,2142,0
102,120,56.8999275502067,4.20377980819715,0.937192177717125,10.86,0,0,1304,0
102,120,56.8999275502067,4.20377980819715,0.937192177717125,13.51,0,0,803,0
102,120,56.8999275502067,4.20377980819715,0.937192177717125,15.45,0,0,951,0
103,120,76.844899670854,10.2284771086884,1.48134258417953,0,101,120000,0,1
103,120,76.844899670854,10.2284771086884,1.48134258417953,4.78,0,0,999,0
103,120,76.844899670854,10.2284771086884,1.48134258417953,6.13,0,0,777,0
103,120,76.844899670854,10.2284771086884,1.48134258417953,16.74,0,0,252,0
103,120,76.844899670854,10.2284771086884,1.48134258417953,22.43,0,0,94,0
104,120,50.7163998878957,6.10218817483763,0.918027669169859,0,101,120000,0,1
104,120,50.7163998878957,6.10218817483763,0.918027669169859,5.28,0,0,2125,0
104,120,50.7163998878957,6.10218817483763,0.918027669169859,12.76,0,0,860,0
104,120,50.7163998878957,6.10218817483763,0.918027669169859,17.05,0,0,300,0
104,120,50.7163998878957,6.10218817483763,0.918027669169859,18.92,0,0,305,0
105,120,101.92308208208,4.507289658293,0.826142194946845,0,101,120000,0,1
105,120,101.92308208208,4.507289658293,0.826142194946845,1.4,0,0,710,0
105,120,101.92308208208,4.507289658293,0.826142194946845,2.12,0,0,825,0
105,120,101.92308208208,4.507289658293,0.826142194946845,5.64,0,0,1203,0
105,120,101.92308208208,4.507289658293,0.826142194946845,10.04,0,0,781,0
106,120,89.9262889611457,5.74912429119501,1.68071407516252,0,101,120000,0,1
106,120,89.9262889611457,5.74912429119501,1.68071407516252,1.02,0,0,1152,0
106,120,89.9262889611457,5.74912429119501,1.68071407516252,11.21,0,0,863,0
106,120,89.9262889611457,5.74912429119501,1.68071407516252,13.47,0,0,754,0
106,120,89.9262889611457,5.74912429119501,1.68071407516252,20.28,0,0,367,0
107,120,119.069877705221,3.96938634559904,0.721580242851826,0,101,120000,0,1
107,120,119.069877705221,3.96938634559904,0.721580242851826,4.93,0,0,959,0
107,120,119.069877705221,3.96938634559904,0.721580242851826,5.13,0,0,1016,0
107,120,119.069877705221,3.96938634559904,0.721580242851826,5.72,0,0,920,0
107,120,119.069877705221,3.96938634559904,0.721580242851826,13.26,0,0,656,0
108,120,78.4905530034901,2.38962313948046,0.892403738041042,0,101,120000,0,1
108,120,78.4905530034901,2.38962313948046,0.892403738041042,6.32,0,0,1342,0
108,120,78.4905530034901,2.38962313948046,0.892403738041042,13.69,0,0,763,0
108,120,78.4905530034901,2.38962313948046,0.892403738041042,18.49,0,0,1259,0
108,120,78.4905530034901,2.38962313948046,0.892403738041042,20.84,0,0,754,0
109,120,51.1635609994738,5.5428274779691,1.77913658444893,0,101,120000,0,1
109,120,51.1635609994738,5.5428274779691,1.77913658444893,0.3,0,0,1055,0
109,120,51.1635609994738,5.5428274779691,1.77913658444893,1.37,0,0,2054,0
109,120,51.1635609994738,5.5428274779691,1.77913658444893,4.4,0,0,1165,0
109,120,51.1635609994738,5.5428274779691,1.77913658444893,22.59,0,0,177,0
110,120,70.8509862110361,3.33262767273242,1.50249999603114,0,101,120000,0,1
110,120,70.8509862110361,3.33262767273242,1.50249999603114,0.67,0,0,1017,0
110,120,70.8509862110361,3.33262767273242,1.50249999603114,10.86,0,0,895,0
110,120,70.8509862110361,3.33262767273242,1.50249999603114,14.65,0,0,873,0
110,120,70.8509862110361,3.33262767273242,1.50249999603114,23.2,0,0,371,0
111,120,52.9191849881657,4.43281326441939,1.71267581582113,0,101,120000,0,1
111,120,52.9191849881657,4.43281326441939,1.71267581582113,3.49,0,0,2115,0
111,120,52.9191849881657,4.43281326441939,1.71267581582113,4.16,0,0,1834,0
111,120,52.9191849881657,4.43281326441939,1.71267581582113,10.2,0,0,1244,0
111,120,52.9191849881657,4.43281326441939,1.71267581582113,10.64,0,0,1342,0
112,120,60.4904969433065,2.3700396899662,1.18832463103098,0,101,120000,0,1
112,120,60.4904969433065,2.3700396899662,1.18832463103098,2.24,0,0,1686,0
112,120,60.4904969433065,2.3700396899662,1.18832463103098,7.27,0,0,1754,0
112,120,60.4904969433065,2.3700396899662,1.18832463103098,10.11,0,0,1401,0
112,120,60.4904969433065,2.3700396899662,1.18832463103098,21.89,0,0,1018,0
113,120,97.4887433975036,3.7548689282915,1.36760867629054,0,101,120000,0,1
113,120,97.4887433975036,3.7548689282915,1.36760867629054,3.77,0,0,1028,0
113,120,97.4887433975036,3.7548689282915,1.36760867629054,6.83,0,0,772,0
113,120,97.4887433975036,3.7548689282915,1.36760867629054,15.7,0,0,760,0
113,120,97.4887433975036,3.7548689282915,1.36760867629054,20.61,0,0,479,0
114,120,104.436051940735,3.86859014495974,0.553362060921345,0,101,120000,0,1
114,120,104.436051940735,3.86859014495974,0.553362060921345,7.81,0,0,886,0
114,120,104.436051940735,3.86859014495974,0.553362060921345,12.12,0,0,800,0
114,120,104.436051940735,3.86859014495974,0.553362060921345,17.32,0,0,880,0
114,120,104.436051940735,3.86859014495974,0.553362060921345,20.32,0,0,642,0
115,120,91.5813843163783,5.32844251832196,0.972154438136273,0,101,120000,0,1
115,120,91.5813843163783,5.32844251832196,0.972154438136273,4.12,0,0,1015,0
115,120,91.5813843163783,5.32844251832196,0.972154438136273,12.38,0,0,595,0
115,120,91.5813843163783,5.32844251832196,0.972154438136273,15.03,0,0,441,0
115,120,91.5813843163783,5.32844251832196,0.972154438136273,22.61,0,0,439,0
116,120,50.9792905280463,4.03083558496543,0.861504145049005,0,101,120000,0,1
116,120,50.9792905280463,4.03083558496543,0.861504145049005,5.72,0,0,1495,0
116,120,50.9792905280463,4.03083558496543,0.861504145049005,8.49,0,0,1076,0
116,120,50.9792905280463,4.03083558496543,0.861504145049005,16.8,0,0,784,0
116,120,50.9792905280463,4.03083558496543,0.861504145049005,23.25,0,0,408,0
117,120,60.2747434881352,4.2403664755271,1.3976135023038,0,101,120000,0,1
117,120,60.2747434881352,4.2403664755271,1.3976135023038,2.41,0,0,2081,0
117,120,60.2747434881352,4.2403664755271,1.3976135023038,8.99,0,0,1268,0
117,120,60.2747434881352,4.2403664755271,1.3976135023038,11.1,0,0,876,0
117,120,60.2747434881352,4.2403664755271,1.3976135023038,21.22,0,0,539,0
118,120,36.0131099400255,2.60479598027417,1.33894460334126,0,101,120000,0,1
118,120,36.0131099400255,2.60479598027417,1.33894460334126,7.32,0,0,2625,0
118,120,36.0131099400255,2.60479598027417,1.33894460334126,7.69,0,0,2016,0
118,120,36.0131099400255,2.60479598027417,1.33894460334126,11.85,0,0,1308,0
118,120,36.0131099400255,2.60479598027417,1.33894460334126,12.07,0,0,2021,0
119,120,40.0480064476195,4.90090596175843,0.816953170760164,0,101,120000,0,1
119,120,40.0480064476195,4.90090596175843,0.816953170760164,0.69,0,0,1690,0
119,120,40.0480064476195,4.90090596175843,0.816953170760164,2.7,0,0,2383,0
119,120,40.0480064476195,4.90090596175843,0.816953170760164,3.42,0,0,1883,0
119,120,40.0480064476195,4.90090596175843,0.816953170760164,4.75,0,0,2530,0
120,120,82.5716914376012,2.60837603676869,0.938504603207035,0,101,120000,0,1
120,120,82.5716914376012,2.60837603676869,0.938504603207035,3.08,0,0,1894,0
120,120,82.5716914376012,2.60837603676869,0.938504603207035,10.58,0,0,1225,0
120,120,82.5716914376012,2.60837603676869,0.938504603207035,17.99,0,0,1062,0
120,120,82.5716914376012,2.60837603676869,0.938504603207035,23.51,0,0,760,0
