ID,DOSE,V,CL,KA,TIME,EVID,AMT,DV,EVIDNM
1,10,104.874560341132,4.23822333832703,0.497064529511333,0,101,10000,0,1
1,10,104.874560341132,4.23822333832703,0.497064529511333,1.14,0,0,41,0
1,10,104.874560341132,4.23822333832703,0.497064529511333,4.04,0,0,59,0
1,10,104.874560341132,4.23822333832703,0.497064529511333,20.64,0,0,55,0
1,10,104.874560341132,4.23822333832703,0.497064529511333,20.99,0,0,37,0
2,10,68.557022536871,5.54168907368453,0.786366013398702,0,101,10000,0,1
2,10,68.557022536871,5.54168907368453,0.786366013398702,4.39,0,0,133,0
2,10,68.557022536871,5.54168907368453,0.786366013398702,6.06,0,0,126,0
2,10,68.557022536871,5.54168907368453,0.786366013398702,7.3,0,0,91,0
2,10,68.557022536871,5.54168907368453,0.786366013398702,17.1,0,0,40,0
3,10,61.4522063321733,4.20448912606863,1.1380885380237,0,101,10000,0,1
3,10,61.4522063321733,4.20448912606863,1.1380885380237,0.56,0,0,87,0
3,10,61.4522063321733,4.20448912606863,1.1380885380237,11.5,0,0,81,0
3,10,61.4522063321733,4.20448912606863,1.1380885380237,17.1,0,0,37,0
3,10,61.4522063321733,4.20448912606863,1.1380885380237,22.37,0,0,36,0
4,10,87.0697364513526,3.20597708159395,0.925996837702284,0,101,10000,0,1
4,10,87.0697364513526,3.20597708159395,0.925996837702284,3.4,0,0,113,0
4,10,87.0697364513526,3.20597708159395,0.925996837702284,7.08,0,0,107,0
4,10,87.0697364513526,3.20597708159395,0.925996837702284,23.11,0,0,54,0
4,10,87.0697364513526,3.20597708159395,0.925996837702284,23.76,0,0,43,0
5,10,50.8131956532888,4.81481802620794,0.817770768574661,0,101,10000,0,1
5,10,50.8131956532888,4.81481802620794,0.817770768574661,5.98,0,0,131,0
5,10,50.8131956532888,4.81481802620794,0.817770768574661,9.34,0,0,101,0
5,10,50.8131956532888,4.81481802620794,0.817770768574661,19.47,0,0,37,0
5,10,50.8131956532888,4.81481802620794,0.817770768574661,20.99,0,0,34,0
6,10,103.855456920491,2.97295089602627,0.807186720478035,0,101,10000,0,1
6,10,103.855456920491,2.97295089602627,0.807186720478035,0.76,0,0,43,0
6,10,103.855456920491,2.97295089602627,0.807186720478035,2.97,0,0,73,0
6,10,103.855456920491,2.97295089602627,0.807186720478035,5.43,0,0,92,0
6,10,103.855456920491,2.97295089602627,0.807186720478035,23.47,0,0,57,0
7,10,59.0862037378152,6.78269817705689,0.837358021447779,0,101,10000,0,1
7,10,59.0862037378152,6.78269817705689,0.837358021447779,5.78,0,0,81,0
7,10,59.0862037378152,6.78269817705689,0.837358021447779,10.79,0,0,57,0
7,10,59.0862037378152,6.78269817705689,0.837358021447779,11.08,0,0,53,0
7,10,59.0862037378152,6.78269817705689,0.837358021447779,20.97,0,0,19,0
8,10,79.6658364908324,3.43141760944867,0.993415894478269,0,101,10000,0,1
8,10,79.6658364908324,3.43141760944867,0.993415894478269,8.61,0,0,78,0
8,10,79.6658364908324,3.43141760944867,0.993415894478269,17.29,0,0,89,0
8,10,79.6658364908324,3.43141760944867,0.993415894478269,19.93,0,0,78,0
8,10,79.6658364908324,3.43141760944867,0.993415894478269,23.45,0,0,44,0
9,10,60.2553307751233,4.29540565734604,1.11975911555548,0,101,10000,0,1
9,10,60.2553307751233,4.29540565734604,1.11975911555548,4.1,0,0,146,0
9,10,60.2553307751233,4.29540565734604,1.11975911555548,11.68,0,0,85,0
9,10,60.2553307751233,4.29540565734604,1.11975911555548,15.71,0,0,54,0
9,10,60.2553307751233,4.29540565734604,1.11975911555548,16.16,0,0,73,0
10,10,102.330235228397,3.37821549255616,0.944212323410955,0,101,10000,0,1
10,10,102.330235228397,3.37821549255616,0.944212323410955,14.6,0,0,66,0
10,10,102.330235228397,3.37821549255616,0.944212323410955,15.94,0,0,66,0
10,10,102.330235228397,3.37821549255616,0.944212323410955,17.46,0,0,49,0
10,10,102.330235228397,3.37821549255616,0.944212323410955,20.27,0,0,44,0
11,10,99.6741043949381,4.68677113153971,0.440598934869142,0,101,10000,0,1
11,10,99.6741043949381,4.68677113153971,0.440598934869142,0.68,0,0,25,0
11,10,99.6741043949381,4.68677113153971,0.440598934869142,2.82,0,0,75,0
11,10,99.6741043949381,4.68677113153971,0.440598934869142,17.71,0,0,43,0
11,10,99.6741043949381,4.68677113153971,0.440598934869142,20.05,0,0,57,0
12,10,91.0665005198963,3.04378410545885,1.44788785300163,0,101,10000,0,1
12,10,91.0665005198963,3.04378410545885,1.44788785300163,13.41,0,0,58,0
12,10,91.0665005198963,3.04378410545885,1.44788785300163,13.57,0,0,66,0
12,10,91.0665005198963,3.04378410545885,1.44788785300163,19.3,0,0,75,0
12,10,91.0665005198963,3.04378410545885,1.44788785300163,23.77,0,0,49,0
13,10,73.2020196484497,3.99711453692496,0.775513031965676,0,101,10000,0,1
13,10,73.2020196484497,3.99711453692496,0.775513031965676,5.83,0,0,132,0
13,10,73.2020196484497,3.99711453692496,0.775513031965676,5.83,0,0,110,0
13,10,73.2020196484497,3.99711453692496,0.775513031965676,16.26,0,0,42,0
13,10,73.2020196484497,3.99711453692496,0.775513031965676,22.36,0,0,43,0
14,10,68.4840986694679,3.86109815448255,1.2118435559525,0,101,10000,0,1
14,10,68.4840986694679,3.86109815448255,1.2118435559525,2.13,0,0,114,0
14,10,68.4840986694679,3.86109815448255,1.2118435559525,3.12,0,0,105,0
14,10,68.4840986694679,3.86109815448255,1.2118435559525,3.2,0,0,96,0
14,10,68.4840986694679,3.86109815448255,1.2118435559525,23.67,0,0,40,0
15,10,67.9055548388256,3.23749987263233,1.42133207141904,0,101,10000,0,1
15,10,67.9055548388256,3.23749987263233,1.42133207141904,2.09,0,0,145,0
15,10,67.9055548388256,3.23749987263233,1.42133207141904,4.37,0,0,142,0
15,10,67.9055548388256,3.23749987263233,1.42133207141904,13.3,0,0,74,0
15,10,67.9055548388256,3.23749987263233,1.42133207141904,17.58,0,0,59,0
16,10,54.1396799094464,3.63585021542621,1.12906961661571,0,101,10000,0,1
16,10,54.1396799094464,3.63585021542621,1.12906961661571,4.25,0,0,175,0
16,10,54.1396799094464,3.63585021542621,1.12906961661571,5.92,0,0,129,0
16,10,54.1396799094464,3.63585021542621,1.12906961661571,22.44,0,0,38,0
16,10,54.1396799094464,3.63585021542621,1.12906961661571,23.34,0,0,38,0
17,10,108.762449733343,4.36212308882205,1.00040781755199,0,101,10000,0,1
17,10,108.762449733343,4.36212308882205,1.00040781755199,3.85,0,0,98,0
17,10,108.762449733343,4.36212308882205,1.00040781755199,11.63,0,0,71,0
17,10,108.762449733343,4.36212308882205,1.00040781755199,14.88,0,0,47,0
17,10,108.762449733343,4.36212308882205,1.00040781755199,16.93,0,0,57,0
18,10,91.0232401461632,3.98049639906073,2.03974613158877,0,101,10000,0,1
18,10,91.0232401461632,3.98049639906073,2.03974613158877,3.43,0,0,104,0
18,10,91.0232401461632,3.98049639906073,2.03974613158877,10.18,0,0,88,0
18,10,91.0232401461632,3.98049639906073,2.03974613158877,11.88,0,0,87,0
18,10,91.0232401461632,3.98049639906073,2.03974613158877,21.97,0,0,39,0
19,10,111.199374196149,4.52797235222298,0.797692776016506,0,101,10000,0,1
19,10,111.199374196149,4.52797235222298,0.797692776016506,0.4,0,0,18,0
19,10,111.199374196149,4.52797235222298,0.797692776016506,6.21,0,0,78,0
19,10,111.199374196149,4.52797235222298,0.797692776016506,8.86,0,0,51,0
19,10,111.199374196149,4.52797235222298,0.797692776016506,11.41,0,0,53,0
20,10,76.7672188701764,4.26468524892123,1.45952166574016,0,101,10000,0,1
20,10,76.7672188701764,4.26468524892123,1.45952166574016,7.5,0,0,101,0
20,10,76.7672188701764,4.26468524892123,1.45952166574016,9.68,0,0,109,0
20,10,76.7672188701764,4.26468524892123,1.45952166574016,13.56,0,0,81,0
20,10,76.7672188701764,4.26468524892123,1.45952166574016,23.08,0,0,47,0
21,10,52.3388431826599,4.35106017111809,0.775349351884657,0,101,10000,0,1
21,10,52.3388431826599,4.35106017111809,0.775349351884657,6.19,0,0,127,0
21,10,52.3388431826599,4.35106017111809,0.775349351884657,6.29,0,0,152,0
21,10,52.3388431826599,4.35106017111809,0.775349351884657,11.49,0,0,84,0
21,10,52.3388431826599,4.35106017111809,0.775349351884657,22.85,0,0,37,0
22,10,85.3113588720245,2.40467754690532,1.25697735577989,0,101,10000,0,1
22,10,85.3113588720245,2.40467754690532,1.25697735577989,7.26,0,0,131,0
22,10,85.3113588720245,2.40467754690532,1.25697735577989,11.7,0,0,70,0
22,10,85.3113588720245,2.40467754690532,1.25697735577989,13.69,0,0,73,0
22,10,85.3113588720245,2.40467754690532,1.25697735577989,14.75,0,0,74,0
23,10,59.9367003669751,3.33250355129142,1.01195575384844,0,101,10000,0,1
23,10,59.9367003669751,3.33250355129142,1.01195575384844,0.31,0,0,52,0
23,10,59.9367003669751,3.33250355129142,1.01195575384844,8.32,0,0,102,0
23,10,59.9367003669751,3.33250355129142,1.01195575384844,8.71,0,0,89,0
23,10,59.9367003669751,3.33250355129142,1.01195575384844,15.99,0,0,70,0
24,10,101.38875697353,3.28062430493161,0.781630630127595,0,101,10000,0,1
24,10,101.38875697353,3.28062430493161,0.781630630127595,6.12,0,0,80,0
24,10,101.38875697353,3.28062430493161,0.781630630127595,10.78,0,0,65,0
24,10,101.38875697353,3.28062430493161,0.781630630127595,11.72,0,0,90,0
24,10,101.38875697353,3.28062430493161,0.781630630127595,20.66,0,0,34,0
25,10,64.2166196601752,2.6725712157341,0.7177390860867,0,101,10000,0,1
25,10,64.2166196601752,2.6725712157341,0.7177390860867,1.65,0,0,69,0
25,10,64.2166196601752,2.6725712157341,0.7177390860867,9.62,0,0,109,0
25,10,64.2166196601752,2.6725712157341,0.7177390860867,10.12,0,0,107,0
25,10,64.2166196601752,2.6725712157341,0.7177390860867,22.69,0,0,57,0
26,10,69.532077332426,4.11140544044855,0.969686902616624,0,101,10000,0,1
26,10,69.532077332426,4.11140544044855,0.969686902616624,4.94,0,0,106,0
26,10,69.532077332426,4.11140544044855,0.969686902616624,12.95,0,0,70,0
26,10,69.532077332426,4.11140544044855,0.969686902616624,13.49,0,0,94,0
26,10,69.532077332426,4.11140544044855,0.969686902616624,23.87,0,0,39,0
27,10,90.1501872334696,4.08907869101589,0.721114051288455,0,101,10000,0,1
27,10,90.1501872334696,4.08907869101589,0.721114051288455,12.23,0,0,67,0
27,10,90.1501872334696,4.08907869101589,0.721114051288455,14.75,0,0,61,0
27,10,90.1501872334696,4.08907869101589,0.721114051288455,18.49,0,0,59,0
27,10,90.1501872334696,4.08907869101589,0.721114051288455,23.32,0,0,25,0
28,10,91.6466275758082,4.67493308564982,0.514612917244193,0,101,10000,0,1
28,10,91.6466275758082,4.67493308564982,0.514612917244193,0.49,0,0,26,0
28,10,91.6466275758082,4.67493308564982,0.514612917244193,3.51,0,0,40,0
28,10,91.6466275758082,4.67493308564982,0.514612917244193,3.55,0,0,70,0
28,10,91.6466275758082,4.67493308564982,0.514612917244193,20.75,0,0,48,0
29,10,62.3211950450065,3.52554054062634,0.919654867463863,0,101,10000,0,1
29,10,62.3211950450065,3.52554054062634,0.919654867463863,4.84,0,0,170,0
29,10,62.3211950450065,3.52554054062634,0.919654867463863,8.89,0,0,73,0
29,10,62.3211950450065,3.52554054062634,0.919654867463863,11.91,0,0,110,0
29,10,62.3211950450065,3.52554054062634,0.919654867463863,15.44,0,0,58,0
30,10,106.567118283709,2.49199425275377,1.15138599189185,0,101,10000,0,1
30,10,106.567118283709,2.49199425275377,1.15138599189185,7.34,0,0,93,0
30,10,106.567118283709,2.49199425275377,1.15138599189185,7.98,0,0,72,0
30,10,106.567118283709,2.49199425275377,1.15138599189185,18.29,0,0,71,0
30,10,106.567118283709,2.49199425275377,1.15138599189185,23.36,0,0,73,0
31,30,72.7067804603879,8.73488848319198,0.864273292099078,0,101,30000,0,1
31,30,72.7067804603879,8.73488848319198,0.864273292099078,0.21,0,0,83,0
31,30,72.7067804603879,8.73488848319198,0.864273292099078,5.15,0,0,263,0
31,30,72.7067804603879,8.73488848319198,0.864273292099078,19.43,0,0,39,0
31,30,72.7067804603879,8.73488848319198,0.864273292099078,23.29,0,0,30,0
32,30,52.0229857493418,3.73461071262005,0.916785997962076,0,101,30000,0,1
32,30,52.0229857493418,3.73461071262005,0.916785997962076,6.23,0,0,479,0
32,30,52.0229857493418,3.73461071262005,0.916785997962076,6.34,0,0,398,0
32,30,52.0229857493418,3.73461071262005,0.916785997962076,7.28,0,0,344,0
32,30,52.0229857493418,3.73461071262005,0.916785997962076,15.53,0,0,210,0
33,30,77.2778078833683,5.72878682501168,1.39358244705742,0,101,30000,0,1
33,30,77.2778078833683,5.72878682501168,1.39358244705742,4.35,0,0,235,0
33,30,77.2778078833683,5.72878682501168,1.39358244705742,14.99,0,0,127,0
33,30,77.2778078833683,5.72878682501168,1.39358244705742,15.42,0,0,206,0
33,30,77.2778078833683,5.72878682501168,1.39358244705742,21.99,0,0,67,0
34,30,86.5733751067973,4.03192043915136,0.904137365160985,0,101,30000,0,1
34,30,86.5733751067973,4.03192043915136,0.904137365160985,6.39,0,0,364,0
34,30,86.5733751067973,4.03192043915136,0.904137365160985,7.43,0,0,243,0
34,30,86.5733751067973,4.03192043915136,0.904137365160985,18.24,0,0,135,0
34,30,86.5733751067973,4.03192043915136,0.904137365160985,19.4,0,0,139,0
35,30,42.6824169272785,3.459816007702,0.977353489290322,0,101,30000,0,1
35,30,42.6824169272785,3.459816007702,0.977353489290322,3.31,0,0,505,0
35,30,42.6824169272785,3.459816007702,0.977353489290322,6.83,0,0,393,0
35,30,42.6824169272785,3.459816007702,0.977353489290322,15.55,0,0,218,0
35,30,42.6824169272785,3.459816007702,0.977353489290322,21.52,0,0,124,0
36,30,54.1622349900677,3.31040760988114,1.15712784197763,0,101,30000,0,1
36,30,54.1622349900677,3.31040760988114,1.15712784197763,4.23,0,0,525,0
36,30,54.1622349900677,3.31040760988114,1.15712784197763,9.23,0,0,272,0
36,30,54.1622349900677,3.31040760988114,1.15712784197763,14.95,0,0,200,0
36,30,54.1622349900677,3.31040760988114,1.15712784197763,20.42,0,0,140,0
37,30,38.0707584338615,3.46069953140137,0.63006668541722,0,101,30000,0,1
37,30,38.0707584338615,3.46069953140137,0.63006668541722,0.04,0,0,25,0
37,30,38.0707584338615,3.46069953140137,0.63006668541722,2.88,0,0,584,0
37,30,38.0707584338615,3.46069953140137,0.63006668541722,10.37,0,0,315,0
37,30,38.0707584338615,3.46069953140137,0.63006668541722,20.98,0,0,117,0
38,30,88.0272581041788,4.869124852167,0.63813906091115,0,101,30000,0,1
38,30,88.0272581041788,4.869124852167,0.63813906091115,4.36,0,0,211,0
38,30,88.0272581041788,4.869124852167,0.63813906091115,11.33,0,0,172,0
38,30,88.0272581041788,4.869124852167,0.63813906091115,13.37,0,0,163,0
38,30,88.0272581041788,4.869124852167,0.63813906091115,20.8,0,0,120,0
39,30,51.0607920260931,3.55984198883051,1.38050714420517,0,101,30000,0,1
39,30,51.0607920260931,3.55984198883051,1.38050714420517,9.84,0,0,377,0
39,30,51.0607920260931,3.55984198883051,1.38050714420517,11.07,0,0,449,0
39,30,51.0607920260931,3.55984198883051,1.38050714420517,17.22,0,0,203,0
39,30,51.0607920260931,3.55984198883051,1.38050714420517,22.24,0,0,139,0
40,30,66.1599250785194,2.33168267527759,1.00489694221542,0,101,30000,0,1
40,30,66.1599250785194,2.33168267527759,1.00489694221542,0.56,0,0,159,0
40,30,66.1599250785194,2.33168267527759,1.00489694221542,10.39,0,0,375,0
40,30,66.1599250785194,2.33168267527759,1.00489694221542,19.05,0,0,289,0
40,30,66.1599250785194,2.33168267527759,1.00489694221542,20.24,0,0,222,0
41,30,45.710249156308,4.052521307748,1.51095612496874,0,101,30000,0,1
41,30,45.710249156308,4.052521307748,1.51095612496874,5.17,0,0,440,0
41,30,45.710249156308,4.052521307748,1.51095612496874,8.59,0,0,361,0
41,30,45.710249156308,4.052521307748,1.51095612496874,17.58,0,0,92,0
41,30,45.710249156308,4.052521307748,1.51095612496874,20.63,0,0,88,0
42,30,100.345649834261,2.82022371491029,0.636593888172094,0,101,30000,0,1
42,30,100.345649834261,2.82022371491029,0.636593888172094,7.55,0,0,246,0
42,30,100.345649834261,2.82022371491029,0.636593888172094,7.71,0,0,265,0
42,30,100.345649834261,2.82022371491029,0.636593888172094,9.73,0,0,134,0
42,30,100.345649834261,2.82022371491029,0.636593888172094,20.35,0,0,184,0
43,30,47.802632297135,6.02330353801871,0.81807647784079,0,101,30000,0,1
43,30,47.802632297135,6.02330353801871,0.81807647784079,1.47,0,0,341,0
43,30,47.802632297135,6.02330353801871,0.81807647784079,6.92,0,0,216,0
43,30,47.802632297135,6.02330353801871,0.81807647784079,7.16,0,0,270,0
43,30,47.802632297135,6.02330353801871,0.81807647784079,17.3,0,0,64,0
44,30,88.9220977495051,4.0424711269935,0.654264120186807,0,101,30000,0,1
44,30,88.9220977495051,4.0424711269935,0.654264120186807,7.03,0,0,415,0
44,30,88.9220977495051,4.0424711269935,0.654264120186807,8.64,0,0,266,0
44,30,88.9220977495051,4.0424711269935,0.654264120186807,14.75,0,0,132,0
44,30,88.9220977495051,4.0424711269935,0.654264120186807,23.52,0,0,135,0
45,30,68.308077014366,3.78223848732245,0.718166135173332,0,101,30000,0,1
45,30,68.308077014366,3.78223848732245,0.718166135173332,3.06,0,0,354,0
45,30,68.308077014366,3.78223848732245,0.718166135173332,3.12,0,0,257,0
45,30,68.308077014366,3.78223848732245,0.718166135173332,4.16,0,0,359,0
45,30,68.308077014366,3.78223848732245,0.718166135173332,18.4,0,0,153,0
46,30,76.4123930542764,6.34797583818724,1.0819021930329,0,101,30000,0,1
46,30,76.4123930542764,6.34797583818724,1.0819021930329,1.9,0,0,385,0
46,30,76.4123930542764,6.34797583818724,1.0819021930329,4.5,0,0,300,0
46,30,76.4123930542764,6.34797583818724,1.0819021930329,14.3,0,0,115,0
46,30,76.4123930542764,6.34797583818724,1.0819021930329,23.93,0,0,56,0
47,30,54.6252595782463,3.43218855500758,1.17407942704713,0,101,30000,0,1
47,30,54.6252595782463,3.43218855500758,1.17407942704713,1.51,0,0,357,0
47,30,54.6252595782463,3.43218855500758,1.17407942704713,8.06,0,0,405,0
47,30,54.6252595782463,3.43218855500758,1.17407942704713,12.69,0,0,259,0
47,30,54.6252595782463,3.43218855500758,1.17407942704713,15.4,0,0,237,0
48,30,80.4798979654314,3.13043479061675,1.36457694324267,0,101,30000,0,1
48,30,80.4798979654314,3.13043479061675,1.36457694324267,4.62,0,0,349,0
48,30,80.4798979654314,3.13043479061675,1.36457694324267,8.28,0,0,293,0
48,30,80.4798979654314,3.13043479061675,1.36457694324267,10.78,0,0,279,0
48,30,80.4798979654314,3.13043479061675,1.36457694324267,23.16,0,0,176,0
49,30,62.830837150043,4.77463053278357,1.20767619088735,0,101,30000,0,1
49,30,62.830837150043,4.77463053278357,1.20767619088735,5.43,0,0,409,0
49,30,62.830837150043,4.77463053278357,1.20767619088735,7.82,0,0,254,0
49,30,62.830837150043,4.77463053278357,1.20767619088735,13.43,0,0,222,0
49,30,62.830837150043,4.77463053278357,1.20767619088735,19.7,0,0,97,0
50,30,113.556153215103,4.05615195769791,0.718650815366038,0,101,30000,0,1
50,30,113.556153215103,4.05615195769791,0.718650815366038,8.03,0,0,168,0
50,30,113.556153215103,4.05615195769791,0.718650815366038,12.07,0,0,165,0
50,30,113.556153215103,4.05615195769791,0.718650815366038,13.17,0,0,286,0
50,30,113.556153215103,4.05615195769791,0.718650815366038,18.87,0,0,123,0
51,30,52.6365487885119,3.18746994354365,1.31262871878218,0,101,30000,0,1
51,30,52.6365487885119,3.18746994354365,1.31262871878218,3.21,0,0,532,0
51,30,52.6365487885119,3.18746994354365,1.31262871878218,8.41,0,0,379,0
51,30,52.6365487885119,3.18746994354365,1.31262871878218,8.86,0,0,186,0
51,30,52.6365487885119,3.18746994354365,1.31262871878218,15.51,0,0,240,0
52,30,45.738737821754,3.62256532189218,1.43445500665361,0,101,30000,0,1
52,30,45.738737821754,3.62256532189218,1.43445500665361,5.39,0,0,649,0
52,30,45.738737821754,3.62256532189218,1.43445500665361,8.6,0,0,252,0
52,30,45.738737821754,3.62256532189218,1.43445500665361,9.46,0,0,274,0
52,30,45.738737821754,3.62256532189218,1.43445500665361,11.43,0,0,232,0
53,30,52.1434602703231,4.72012864170162,1.15987547505867,0,101,30000,0,1
53,30,52.1434602703231,4.72012864170162,1.15987547505867,1.77,0,0,430,0
53,30,52.1434602703231,4.72012864170162,1.15987547505867,14.25,0,0,184,0
53,30,52.1434602703231,4.72012864170162,1.15987547505867,14.59,0,0,144,0
53,30,52.1434602703231,4.72012864170162,1.15987547505867,18.5,0,0,127,0
54,30,98.8018243174689,3.14811179815963,0.955594219839376,0,101,30000,0,1
54,30,98.8018243174689,3.14811179815963,0.955594219839376,0.26,0,0,72,0
54,30,98.8018243174689,3.14811179815963,0.955594219839376,0.64,0,0,172,0
54,30,98.8018243174689,3.14811179815963,0.955594219839376,8.06,0,0,205,0
54,30,98.8018243174689,3.14811179815963,0.955594219839376,23.55,0,0,137,0
55,30,133.75501945429,2.3511874579789,1.48896896332971,0,101,30000,0,1
55,30,133.75501945429,2.3511874579789,1.48896896332971,4.29,0,0,165,0
55,30,133.75501945429,2.3511874579789,1.48896896332971,5.44,0,0,111,0
55,30,133.75501945429,2.3511874579789,1.48896896332971,10.39,0,0,133,0
55,30,133.75501945429,2.3511874579789,1.48896896332971,22.64,0,0,188,0
56,30,74.5207192239684,4.4528452638659,0.832472359648825,0,101,30000,0,1
56,30,74.5207192239684,4.4528452638659,0.832472359648825,4.72,0,0,345,0
56,30,74.5207192239684,4.4528452638659,0.832472359648825,10.18,0,0,223,0
56,30,74.5207192239684,4.4528452638659,0.832472359648825,10.19,0,0,164,0
56,30,74.5207192239684,4.4528452638659,0.832472359648825,11.27,0,0,198,0
57,30,83.5482616337924,3.48609505996795,1.19943896111177,0,101,30000,0,1
57,30,83.5482616337924,3.48609505996795,1.19943896111177,10.16,0,0,321,0
57,30,83.5482616337924,3.48609505996795,1.19943896111177,17.73,0,0,192,0
57,30,83.5482616337924,3.48609505996795,1.19943896111177,17.84,0,0,181,0
57,30,83.5482616337924,3.48609505996795,1.19943896111177,20.27,0,0,150,0
58,30,70.7757014403175,4.50671101886284,1.0987794782171,0,101,30000,0,1
58,30,70.7757014403175,4.50671101886284,1.0987794782171,0.93,0,0,281,0
58,30,70.7757014403175,4.50671101886284,1.0987794782171,3.36,0,0,325,0
58,30,70.7757014403175,4.50671101886284,1.0987794782171,20.68,0,0,90,0
58,30,70.7757014403175,4.50671101886284,1.0987794782171,22.76,0,0,95,0
59,30,95.3536418196008,5.19364776205477,1.60481063624159,0,101,30000,0,1
59,30,95.3536418196008,5.19364776205477,1.60481063624159,12.29,0,0,118,0
59,30,95.3536418196008,5.19364776205477,1.60481063624159,13.48,0,0,195,0
59,30,95.3536418196008,5.19364776205477,1.60481063624159,16.38,0,0,115,0
59,30,95.3536418196008,5.19364776205477,1.60481063624159,18.31,0,0,114,0
60,30,76.2901541553168,4.80962492734123,0.941091877506112,0,101,30000,0,1
60,30,76.2901541553168,4.80962492734123,0.941091877506112,0.19,0,0,71,0
60,30,76.2901541553168,4.80962492734123,0.941091877506112,17.5,0,0,147,0
60,30,76.2901541553168,4.80962492734123,0.941091877506112,18.92,0,0,106,0
60,30,76.2901541553168,4.80962492734123,0.941091877506112,18.96,0,0,81,0
61,60,92.8183304371325,4.55520632196781,0.769832110053589,0,101,60000,0,1
61,60,92.8183304371325,4.55520632196781,0.769832110053589,4.11,0,0,813,0
61,60,92.8183304371325,4.55520632196781,0.769832110053589,10.77,0,0,490,0
61,60,92.8183304371325,4.55520632196781,0.769832110053589,12.54,0,0,225,0
61,60,92.8183304371325,4.55520632196781,0.769832110053589,14.18,0,0,251,0
62,60,115.475643664298,3.65316623011409,0.885165894543498,0,101,60000,0,1
62,60,115.475643664298,3.65316623011409,0.885165894543498,2.44,0,0,454,0
62,60,115.475643664298,3.65316623011409,0.885165894543498,10.64,0,0,380,0
62,60,115.475643664298,3.65316623011409,0.885165894543498,15.74,0,0,305,0
62,60,115.475643664298,3.65316623011409,0.885165894543498,23.95,0,0,214,0
63,60,57.9847980777376,4.15839713681678,0.905311918109393,0,101,60000,0,1
63,60,57.9847980777376,4.15839713681678,0.905311918109393,6.06,0,0,738,0
63,60,57.9847980777376,4.15839713681678,0.905311918109393,10.87,0,0,550,0
63,60,57.9847980777376,4.15839713681678,0.905311918109393,14.2,0,0,588,0
63,60,57.9847980777376,4.15839713681678,0.905311918109393,22.92,0,0,162,0
64,60,50.386230917302,3.6350736720035,0.969504879645001,0,101,60000,0,1
64,60,50.386230917302,3.6350736720035,0.969504879645001,0.09,0,0,113,0
64,60,50.386230917302,3.6350736720035,0.969504879645001,11.29,0,0,667,0
64,60,50.386230917302,3.6350736720035,0.969504879645001,11.52,0,0,573,0
64,60,50.386230917302,3.6350736720035,0.969504879645001,16.42,0,0,351,0
65,60,96.2233730693164,6.66849143856462,1.28433100183882,0,101,60000,0,1
65,60,96.2233730693164,6.66849143856462,1.28433100183882,2.28,0,0,503,0
65,60,96.2233730693164,6.66849143856462,1.28433100183882,4.61,0,0,566,0
65,60,96.2233730693164,6.66849143856462,1.28433100183882,7.72,0,0,417,0
65,60,96.2233730693164,6.66849143856462,1.28433100183882,11.98,0,0,343,0
66,60,55.8357034319286,4.31030360206902,1.10360052870102,0,101,60000,0,1
66,60,55.8357034319286,4.31030360206902,1.10360052870102,3.04,0,0,909,0
66,60,55.8357034319286,4.31030360206902,1.10360052870102,3.51,0,0,755,0
66,60,55.8357034319286,4.31030360206902,1.10360052870102,3.95,0,0,1023,0
66,60,55.8357034319286,4.31030360206902,1.10360052870102,17.88,0,0,268,0
67,60,43.9929084923661,4.25887655314697,0.994212750279099,0,101,60000,0,1
67,60,43.9929084923661,4.25887655314697,0.994212750279099,9.64,0,0,636,0
67,60,43.9929084923661,4.25887655314697,0.994212750279099,11.58,0,0,487,0
67,60,43.9929084923661,4.25887655314697,0.994212750279099,16.84,0,0,339,0
67,60,43.9929084923661,4.25887655314697,0.994212750279099,21.63,0,0,148,0
68,60,66.05234948556,5.12917671508443,0.75828624380203,0,101,60000,0,1
68,60,66.05234948556,5.12917671508443,0.75828624380203,5.13,0,0,577,0
68,60,66.05234948556,5.12917671508443,0.75828624380203,8.51,0,0,466,0
68,60,66.05234948556,5.12917671508443,0.75828624380203,11.63,0,0,323,0
68,60,66.05234948556,5.12917671508443,0.75828624380203,15.69,0,0,262,0
69,60,61.5969787052601,4.00972815617529,1.10588158260235,0,101,60000,0,1
69,60,61.5969787052601,4.00972815617529,1.10588158260235,1.01,0,0,710,0
69,60,61.5969787052601,4.00972815617529,1.10588158260235,5.13,0,0,1154,0
69,60,61.5969787052601,4.00972815617529,1.10588158260235,16.97,0,0,297,0
69,60,61.5969787052601,4.00972815617529,1.10588158260235,21,0,0,279,0
70,60,51.8958405767282,4.90905142339841,0.645579900924226,0,101,60000,0,1
70,60,51.8958405767282,4.90905142339841,0.645579900924226,6.61,0,0,720,0
70,60,51.8958405767282,4.90905142339841,0.645579900924226,7.54,0,0,445,0
70,60,51.8958405767282,4.90905142339841,0.645579900924226,7.8,0,0,588,0
70,60,51.8958405767282,4.90905142339841,0.645579900924226,18.96,0,0,232,0
71,60,77.3185973605843,3.8265600149788,2.26839128603521,0,101,60000,0,1
71,60,77.3185973605843,3.8265600149788,2.26839128603521,8.31,0,0,485,0
71,60,77.3185973605843,3.8265600149788,2.26839128603521,9.05,0,0,682,0
71,60,77.3185973605843,3.8265600149788,2.26839128603521,16.84,0,0,352,0
71,60,77.3185973605843,3.8265600149788,2.26839128603521,18.65,0,0,227,0
72,60,90.4126470567393,6.58010984381791,0.959396466095732,0,101,60000,0,1
72,60,90.4126470567393,6.58010984381791,0.959396466095732,6.91,0,0,709,0
72,60,90.4126470567393,6.58010984381791,0.959396466095732,12.04,0,0,327,0
72,60,90.4126470567393,6.58010984381791,0.959396466095732,21.84,0,0,140,0
72,60,90.4126470567393,6.58010984381791,0.959396466095732,23.93,0,0,175,0
73,60,100.424659122231,2.96983600760767,0.794544865957834,0,101,60000,0,1
73,60,100.424659122231,2.96983600760767,0.794544865957834,0.56,0,0,214,0
73,60,100.424659122231,2.96983600760767,0.794544865957834,9.64,0,0,473,0
73,60,100.424659122231,2.96983600760767,0.794544865957834,10.49,0,0,389,0
73,60,100.424659122231,2.96983600760767,0.794544865957834,12.34,0,0,611,0
74,60,69.5102999353184,3.02110736241069,1.10318636999624,0,101,60000,0,1
74,60,69.5102999353184,3.02110736241069,1.10318636999624,0.91,0,0,446,0
74,60,69.5102999353184,3.02110736241069,1.10318636999624,2.62,0,0,775,0
74,60,69.5102999353184,3.02110736241069,1.10318636999624,13.27,0,0,586,0
74,60,69.5102999353184,3.02110736241069,1.10318636999624,19.21,0,0,591,0
75,60,44.0222817992757,4.77003448288221,0.636034900291386,0,101,60000,0,1
75,60,44.0222817992757,4.77003448288221,0.636034900291386,2.26,0,0,818,0
75,60,44.0222817992757,4.77003448288221,0.636034900291386,9.34,0,0,485,0
75,60,44.0222817992757,4.77003448288221,0.636034900291386,15.79,0,0,414,0
75,60,44.0222817992757,4.77003448288221,0.636034900291386,22.26,0,0,146,0
76,60,66.834950639363,2.95706811785623,1.58821550227197,0,101,60000,0,1
76,60,66.834950639363,2.95706811785623,1.58821550227197,5.95,0,0,826,0
76,60,66.834950639363,2.95706811785623,1.58821550227197,16.03,0,0,419,0
76,60,66.834950639363,2.95706811785623,1.58821550227197,18.68,0,0,328,0
76,60,66.834950639363,2.95706811785623,1.58821550227197,19.6,0,0,403,0
77,60,62.0011775488565,4.18979417249479,1.16509275871486,0,101,60000,0,1
77,60,62.0011775488565,4.18979417249479,1.16509275871486,2.56,0,0,677,0
77,60,62.0011775488565,4.18979417249479,1.16509275871486,4.77,0,0,598,0
77,60,62.0011775488565,4.18979417249479,1.16509275871486,7.78,0,0,518,0
77,60,62.0011775488565,4.18979417249479,1.16509275871486,8.7,0,0,600,0
78,60,85.8495195269241,7.84439828937068,1.89203323228285,0,101,60000,0,1
78,60,85.8495195269241,7.84439828937068,1.89203323228285,3.47,0,0,453,0
78,60,85.8495195269241,7.84439828937068,1.89203323228285,8.68,0,0,406,0
78,60,85.8495195269241,7.84439828937068,1.89203323228285,13.36,0,0,221,0
78,60,85.8495195269241,7.84439828937068,1.89203323228285,20.5,0,0,79,0
79,60,61.6050925968567,6.56178669172922,0.551499964555038,0,101,60000,0,1
79,60,61.6050925968567,6.56178669172922,0.551499964555038,2.19,0,0,553,0
79,60,61.6050925968567,6.56178669172922,0.551499964555038,6.83,0,0,492,0
79,60,61.6050925968567,6.56178669172922,0.551499964555038,12.92,0,0,241,0
79,60,61.6050925968567,6.56178669172922,0.551499964555038,13.34,0,0,335,0
80,60,92.3161788287628,2.67664709716668,2.19534762686967,0,101,60000,0,1
80,60,92.3161788287628,2.67664709716668,2.19534762686967,1.98,0,0,595,0
80,60,92.3161788287628,2.67664709716668,2.19534762686967,12.49,0,0,364,0
80,60,92.3161788287628,2.67664709716668,2.19534762686967,13.48,0,0,433,0
80,60,92.3161788287628,2.67664709716668,2.19534762686967,13.52,0,0,451,0
81,60,80.4385212784179,4.6826556308372,0.843656281622221,0,101,60000,0,1
81,60,80.4385212784179,4.6826556308372,0.843656281622221,5.94,0,0,581,0
81,60,80.4385212784179,4.6826556308372,0.843656281622221,6.13,0,0,429,0
81,60,80.4385212784179,4.6826556308372,0.843656281622221,13.41,0,0,307,0
81,60,80.4385212784179,4.6826556308372,0.843656281622221,18.68,0,0,311,0
82,60,108.949042104887,3.34827956920328,0.75657058272329,0,101,60000,0,1
82,60,108.949042104887,3.34827956920328,0.75657058272329,8.38,0,0,399,0
82,60,108.949042104887,3.34827956920328,0.75657058272329,9.85,0,0,420,0
82,60,108.949042104887,3.34827956920328,0.75657058272329,16.01,0,0,391,0
82,60,108.949042104887,3.34827956920328,0.75657058272329,16.21,0,0,422,0
83,60,78.5161334932626,3.28795316588981,0.418500935282381,0,101,60000,0,1
83,60,78.5161334932626,3.28795316588981,0.418500935282381,1.07,0,0,257,0
83,60,78.5161334932626,3.28795316588981,0.418500935282381,6.02,0,0,727,0
83,60,78.5161334932626,3.28795316588981,0.418500935282381,15.11,0,0,321,0
83,60,78.5161334932626,3.28795316588981,0.418500935282381,23.64,0,0,203,0
84,60,76.7256973654531,2.93624272102462,0.84800127952056,0,101,60000,0,1
84,60,76.7256973654531,2.93624272102462,0.84800127952056,3,0,0,701,0
84,60,76.7256973654531,2.93624272102462,0.84800127952056,8.71,0,0,396,0
84,60,76.7256973654531,2.93624272102462,0.84800127952056,13.06,0,0,403,0
84,60,76.7256973654531,2.93624272102462,0.84800127952056,22.26,0,0,254,0
85,60,60.9422190034107,3.1796876522681,0.641516094352557,0,101,60000,0,1
85,60,60.9422190034107,3.1796876522681,0.641516094352557,4.21,0,0,685,0
85,60,60.9422190034107,3.1796876522681,0.641516094352557,5.06,0,0,1348,0
85,60,60.9422190034107,3.1796876522681,0.641516094352557,10.98,0,0,620,0
85,60,60.9422190034107,3.1796876522681,0.641516094352557,13.23,0,0,562,0
86,60,106.093490360218,4.81178317078359,1.31962366270189,0,101,60000,0,1
86,60,106.093490360218,4.81178317078359,1.31962366270189,0.38,0,0,158,0
86,60,106.093490360218,4.81178317078359,1.31962366270189,3.02,0,0,580,0
86,60,106.093490360218,4.81178317078359,1.31962366270189,4.93,0,0,392,0
86,60,106.093490360218,4.81178317078359,1.31962366270189,8.94,0,0,480,0
87,60,81.6896327012859,4.04969540147247,0.940391500232242,0,101,60000,0,1
87,60,81.6896327012859,4.04969540147247,0.940391500232242,3.13,0,0,760,0
87,60,81.6896327012859,4.04969540147247,0.940391500232242,9.7,0,0,598,0
87,60,81.6896327012859,4.04969540147247,0.940391500232242,17.09,0,0,265,0
87,60,81.6896327012859,4.04969540147247,0.940391500232242,17.45,0,0,250,0
88,60,53.2614993274696,3.03603416738363,1.25750187074733,0,101,60000,0,1
88,60,53.2614993274696,3.03603416738363,1.25750187074733,0.62,0,0,572,0
88,60,53.2614993274696,3.03603416738363,1.25750187074733,9.46,0,0,651,0
88,60,53.2614993274696,3.03603416738363,1.25750187074733,11.13,0,0,661,0
88,60,53.2614993274696,3.03603416738363,1.25750187074733,15.43,0,0,397,0
89,60,101.161042109427,4.52082264226455,0.497023028498123,0,101,60000,0,1
89,60,101.161042109427,4.52082264226455,0.497023028498123,2.06,0,0,303,0
89,60,101.161042109427,4.52082264226455,0.497023028498123,5.5,0,0,589,0
89,60,101.161042109427,4.52082264226455,0.497023028498123,5.98,0,0,466,0
89,60,101.161042109427,4.52082264226455,0.497023028498123,6.22,0,0,643,0
90,60,59.8951944519201,1.97062068324118,1.15028512654164,0,101,60000,0,1
90,60,59.8951944519201,1.97062068324118,1.15028512654164,2.91,0,0,605,0
90,60,59.8951944519201,1.97062068324118,1.15028512654164,2.97,0,0,658,0
90,60,59.8951944519201,1.97062068324118,1.15028512654164,12.68,0,0,825,0
90,60,59.8951944519201,1.97062068324118,1.15028512654164,17.27,0,0,655,0
91,120,63.8776747635738,3.66009678921489,1.15329928611478,0,101,120000,0,1
91,120,63.8776747635738,3.66009678921489,1.15329928611478,1.86,0,0,1423,0
91,120,63.8776747635738,3.66009678921489,1.15329928611478,7.5,0,0,1520,0
91,120,63.8776747635738,3.66009678921489,1.15329928611478,10.21,0,0,1324,0
91,120,63.8776747635738,3.66009678921489,1.15329928611478,11.26,0,0,1110,0
92,120,74.7683635810478,2.95698326486866,0.57217652998172,0,101,120000,0,1
92,120,74.7683635810478,2.95698326486866,0.57217652998172,0.97,0,0,533,0
92,120,74.7683635810478,2.95698326486866,0.57217652998172,12.93,0,0,1261,0
92,120,74.7683635810478,2.95698326486866,0.57217652998172,16.77,0,0,1150,0
92,120,74.7683635810478,2.95698326486866,0.57217652998172,18.75,0,0,924,0
93,120,105.748519466537,3.26585681507512,0.720429888019032,0,101,120000,0,1
93,120,105.748519466537,3.26585681507512,0.720429888019032,5.35,0,0,864,0
93,120,105.748519466537,3.26585681507512,0.720429888019032,13.94,0,0,737,0
93,120,105.748519466537,3.26585681507512,0.720429888019032,21.4,0,0,498,0
93,120,105.748519466537,3.26585681507512,0.720429888019032,23.54,0,0,499,0
94,120,108.420725224665,5.68262185993765,1.23698300478193,0,101,120000,0,1
94,120,108.420725224665,5.68262185993765,1.23698300478193,1.81,0,0,1188,0
94,120,108.420725224665,5.68262185993765,1.23698300478193,5.55,0,0,942,0
94,120,108.420725224665,5.68262185993765,1.23698300478193,10.68,0,0,737,0
94,120,108.420725224665,5.68262185993765,1.23698300478193,18.34,0,0,440,0
95,120,92.5992832754948,4.55569107152956,1.16983205514276,0,101,120000,0,1
95,120,92.5992832754948,4.55569107152956,1.16983205514276,7.88,0,0,941,0
95,120,92.5992832754948,4.55569107152956,1.16983205514276,9.59,0,0,870,0
95,120,92.5992832754948,4.55569107152956,1.16983205514276,12.8,0,0,864,0
95,120,92.5992832754948,4.55569107152956,1.16983205514276,14.52,0,0,684,0
96,120,49.1594013276388,3.41623310164562,1.34928559109487,0,101,120000,0,1
96,120,49.1594013276388,3.41623310164562,1.34928559109487,0.19,0,0,640,0
96,120,49.1594013276388,3.41623310164562,1.34928559109487,5.56,0,0,1193,0
96,120,49.1594013276388,3.41623310164562,1.34928559109487,11.44,0,0,1909,0
96,120,49.1594013276388,3.41623310164562,1.34928559109487,16.03,0,0,730,0
97,120,52.120074920928,6.70742671464956,0.975496712401852,0,101,120000,0,1
97,120,52.120074920928,6.70742671464956,0.975496712401852,3.05,0,0,1473,0
97,120,52.120074920928,6.70742671464956,0.975496712401852,11.51,0,0,475,0
97,120,52.120074920928,6.70742671464956,0.975496712401852,21.11,0,0,213,0
97,120,52.120074920928,6.70742671464956,0.975496712401852,23.34,0,0,98,0
98,120,40.0480064476195,4.90090596175843,0.816953170760164,0,101,120000,0,1
98,120,40.0480064476195,4.90090596175843,0.816953170760164,0.69,0,0,1690,0
98,120,40.0480064476195,4.90090596175843,0.816953170760164,2.7,0,0,2383,0
98,120,40.0480064476195,4.90090596175843,0.816953170760164,3.42,0,0,1883,0
98,120,40.0480064476195,4.90090596175843,0.816953170760164,4.75,0,0,2530,0
99,120,83.3578154747292,3.48082692987558,1.42797203247325,0,101,120000,0,1
99,120,83.3578154747292,3.48082692987558,1.42797203247325,9.88,0,0,1082,0
99,120,83.3578154747292,3.48082692987558,1.42797203247325,15.78,0,0,767,0
99,120,83.3578154747292,3.48082692987558,1.42797203247325,19.25,0,0,435,0
99,120,83.3578154747292,3.48082692987558,1.42797203247325,19.51,0,0,580,0
100,120,45.788414685182,3.99569455532971,0.701908670159748,0,101,120000,0,1
100,120,45.788414685182,3.99569455532971,0.701908670159748,9.94,0,0,1054,0
100,120,45.788414685182,3.99569455532971,0.701908670159748,10.87,0,0,1657,0
100,120,45.788414685182,3.99569455532971,0.701908670159748,16.79,0,0,616,0
100,120,45.788414685182,3.99569455532971,0.701908670159748,18.32,0,0,595,0
101,120,101.341368643384,4.38787578844375,1.07096010025802,0,101,120000,0,1
101,120,101.341368643384,4.38787578844375,1.07096010025802,2.44,0,0,837,0
101,120,101.341368643384,4.38787578844375,1.07096010025802,3.34,0,0,1205,0
101,120,101.341368643384,4.38787578844375,1.07096010025802,3.56,0,0,1129,0
101,120,101.341368643384,4.38787578844375,1.07096010025802,11.32,0,0,1017,0
102,120,70.6439132357214,5.86479769937621,1.08884986507246,0,101,120000,0,1
102,120,70.6439132357214,5.86479769937621,1.08884986507246,6.21,0,0,1306,0
102,120,70.6439132357214,5.86479769937621,1.08884986507246,7.69,0,0,1036,0
102,120,70.6439132357214,5.86479769937621,1.08884986507246,18.02,0,0,298,0
102,120,70.6439132357214,5.86479769937621,1.08884986507246,19.4,0,0,445,0
103,120,81.8295964955414,4.9411172825093,1.22245418568209,0,101,120000,0,1
103,120,81.8295964955414,4.9411172825093,1.22245418568209,0.38,0,0,430,0
103,120,81.8295964955414,4.9411172825093,1.22245418568209,0.71,0,0,1418,0
103,120,81.8295964955414,4.9411172825093,1.22245418568209,5.5,0,0,994,0
103,120,81.8295964955414,4.9411172825093,1.22245418568209,17.17,0,0,563,0
104,120,44.9431096356954,3.41908616278045,1.66148192815688,0,101,120000,0,1
104,120,44.9431096356954,3.41908616278045,1.66148192815688,4.85,0,0,2248,0
104,120,44.9431096356954,3.41908616278045,1.66148192815688,15.92,0,0,723,0
104,120,44.9431096356954,3.41908616278045,1.66148192815688,16.92,0,0,876,0
104,120,44.9431096356954,3.41908616278045,1.66148192815688,20.94,0,0,523,0
105,120,77.5302842327758,3.50498944416534,1.85322832742366,0,101,120000,0,1
105,120,77.5302842327758,3.50498944416534,1.85322832742366,5.19,0,0,1930,0
105,120,77.5302842327758,3.50498944416534,1.85322832742366,12.25,0,0,924,0
105,120,77.5302842327758,3.50498944416534,1.85322832742366,15.19,0,0,1486,0
105,120,77.5302842327758,3.50498944416534,1.85322832742366,20.62,0,0,597,0
106,120,87.3302727902771,2.62832205507006,1.46649327770169,0,101,120000,0,1
106,120,87.3302727902771,2.62832205507006,1.46649327770169,0.97,0,0,1535,0
106,120,87.3302727902771,2.62832205507006,1.46649327770169,2.49,0,0,1547,0
106,120,87.3302727902771,2.62832205507006,1.46649327770169,4.83,0,0,1371,0
106,120,87.3302727902771,2.62832205507006,1.46649327770169,19.45,0,0,794,0
107,120,52.9764482259322,5.32727013974283,1.37689578357968,0,101,120000,0,1
107,120,52.9764482259322,5.32727013974283,1.37689578357968,10.13,0,0,716,0
107,120,52.9764482259322,5.32727013974283,1.37689578357968,15.92,0,0,520,0
107,120,52.9764482259322,5.32727013974283,1.37689578357968,17.41,0,0,455,0
107,120,52.9764482259322,5.32727013974283,1.37689578357968,20.32,0,0,312,0
108,120,55.6798913717144,3.79348931720557,0.915627401196907,0,101,120000,0,1
108,120,55.6798913717144,3.79348931720557,0.915627401196907,11.99,0,0,1135,0
108,120,55.6798913717144,3.79348931720557,0.915627401196907,13.89,0,0,676,0
108,120,55.6798913717144,3.79348931720557,0.915627401196907,16.27,0,0,615,0
108,120,55.6798913717144,3.79348931720557,0.915627401196907,19.64,0,0,983,0
109,120,56.2797451865047,2.49615126118055,0.953761373856335,0,101,120000,0,1
109,120,56.2797451865047,2.49615126118055,0.953761373856335,0.78,0,0,1150,0
109,120,56.2797451865047,2.49615126118055,0.953761373856335,5.22,0,0,1536,0
109,120,56.2797451865047,2.49615126118055,0.953761373856335,7.7,0,0,1830,0
109,120,56.2797451865047,2.49615126118055,0.953761373856335,22.55,0,0,646,0
110,120,110.350558925817,3.47976374536529,0.894129812846731,0,101,120000,0,1
110,120,110.350558925817,3.47976374536529,0.894129812846731,5.87,0,0,776,0
110,120,110.350558925817,3.47976374536529,0.894129812846731,12.1,0,0,866,0
110,120,110.350558925817,3.47976374536529,0.894129812846731,15.72,0,0,563,0
110,120,110.350558925817,3.47976374536529,0.894129812846731,19.82,0,0,701,0
111,120,124.123455730453,3.37991981098569,0.621919623996619,0,101,120000,0,1
111,120,124.123455730453,3.37991981098569,0.621919623996619,5.64,0,0,1362,0
111,120,124.123455730453,3.37991981098569,0.621919623996619,18.48,0,0,838,0
111,120,124.123455730453,3.37991981098569,0.621919623996619,20.62,0,0,602,0
111,120,124.123455730453,3.37991981098569,0.621919623996619,22.89,0,0,516,0
112,120,104.931391684933,8.1110822638615,1.33507315718428,0,101,120000,0,1
112,120,104.931391684933,8.1110822638615,1.33507315718428,2.4,0,0,708,0
112,120,104.931391684933,8.1110822638615,1.33507315718428,4.27,0,0,743,0
112,120,104.931391684933,8.1110822638615,1.33507315718428,8.71,0,0,752,0
112,120,104.931391684933,8.1110822638615,1.33507315718428,11.05,0,0,428,0
113,120,70.4540021608014,2.11795622780326,1.36491728603448,0,101,120000,0,1
113,120,70.4540021608014,2.11795622780326,1.36491728603448,10.57,0,0,1455,0
113,120,70.4540021608014,2.11795622780326,1.36491728603448,19.07,0,0,1049,0
113,120,70.4540021608014,2.11795622780326,1.36491728603448,19.35,0,0,936,0
113,120,70.4540021608014,2.11795622780326,1.36491728603448,20.04,0,0,935,0
114,120,67.6121316655456,2.98039531694413,1.21995301494616,0,101,120000,0,1
114,120,67.6121316655456,2.98039531694413,1.21995301494616,8.91,0,0,1520,0
114,120,67.6121316655456,2.98039531694413,1.21995301494616,12.56,0,0,1043,0
114,120,67.6121316655456,2.98039531694413,1.21995301494616,17.91,0,0,841,0
114,120,67.6121316655456,2.98039531694413,1.21995301494616,22.91,0,0,595,0
115,120,61.4867840257115,2.48126208944361,1.46569593690701,0,101,120000,0,1
115,120,61.4867840257115,2.48126208944361,1.46569593690701,1.16,0,0,1724,0
115,120,61.4867840257115,2.48126208944361,1.46569593690701,6.26,0,0,1826,0
115,120,61.4867840257115,2.48126208944361,1.46569593690701,21.55,0,0,927,0
115,120,61.4867840257115,2.48126208944361,1.46569593690701,22.59,0,0,569,0
116,120,68.701426222657,3.25588237076081,1.39989265130671,0,101,120000,0,1
116,120,68.701426222657,3.25588237076081,1.39989265130671,14.25,0,0,1114,0
116,120,68.701426222657,3.25588237076081,1.39989265130671,17.4,0,0,736,0
116,120,68.701426222657,3.25588237076081,1.39989265130671,17.87,0,0,909,0
116,120,68.701426222657,3.25588237076081,1.39989265130671,23.22,0,0,638,0
117,120,71.0513054129266,2.95137063163279,1.2050362459289,0,101,120000,0,1
117,120,71.0513054129266,2.95137063163279,1.2050362459289,8.92,0,0,1233,0
117,120,71.0513054129266,2.95137063163279,1.2050362459289,10.26,0,0,1097,0
117,120,71.0513054129266,2.95137063163279,1.2050362459289,11.68,0,0,1268,0
117,120,71.0513054129266,2.95137063163279,1.2050362459289,19.68,0,0,644,0
118,120,72.9446043185171,4.1053237842904,0.781476459511343,0,101,120000,0,1
118,120,72.9446043185171,4.1053237842904,0.781476459511343,1.4,0,0,837,0
118,120,72.9446043185171,4.1053237842904,0.781476459511343,3.3,0,0,1557,0
118,120,72.9446043185171,4.1053237842904,0.781476459511343,13.95,0,0,1008,0
118,120,72.9446043185171,4.1053237842904,0.781476459511343,17.63,0,0,793,0
119,120,82.341487187709,4.1180677797302,0.634061641683295,0,101,120000,0,1
119,120,82.341487187709,4.1180677797302,0.634061641683295,2.96,0,0,1027,0
119,120,82.341487187709,4.1180677797302,0.634061641683295,7.75,0,0,1481,0
119,120,82.341487187709,4.1180677797302,0.634061641683295,8.5,0,0,1110,0
119,120,82.341487187709,4.1180677797302,0.634061641683295,19.5,0,0,673,0
120,120,49.7417296434724,2.67686957028428,1.01339089641735,0,101,120000,0,1
120,120,49.7417296434724,2.67686957028428,1.01339089641735,6.34,0,0,1099,0
120,120,49.7417296434724,2.67686957028428,1.01339089641735,14.86,0,0,1337,0
120,120,49.7417296434724,2.67686957028428,1.01339089641735,17.22,0,0,1054,0
120,120,49.7417296434724,2.67686957028428,1.01339089641735,20.77,0,0,763,0
