ID,DOSE,V,CL,KA,TIME,EVID,AMT,DV,EVIDNM
1,10,62.2661577293549,6.66540704688192,1.20182039928911,0,101,10000,0,1
1,10,62.2661577293549,6.66540704688192,1.20182039928911,2.72,0,0,167,0
1,10,62.2661577293549,6.66540704688192,1.20182039928911,8.61,0,0,85,0
1,10,62.2661577293549,6.66540704688192,1.20182039928911,13.57,0,0,53,0
1,10,62.2661577293549,6.66540704688192,1.20182039928911,17.17,0,0,24,0
2,10,67.2635178748706,4.15588593712201,1.39301935180756,0,101,10000,0,1
2,10,67.2635178748706,4.15588593712201,1.39301935180756,0.85,0,0,89,0
2,10,67.2635178748706,4.15588593712201,1.39301935180756,5.78,0,0,102,0
2,10,67.2635178748706,4.15588593712201,1.39301935180756,9.65,0,0,96,0
2,10,67.2635178748706,4.15588593712201,1.39301935180756,19.61,0,0,43,0
3,10,71.8749561030352,4.13816251102672,0.564907111139417,0,101,10000,0,1
3,10,71.8749561030352,4.13816251102672,0.564907111139417,4.24,0,0,90,0
3,10,71.8749561030352,4.13816251102672,0.564907111139417,4.84,0,0,114,0
3,10,71.8749561030352,4.13816251102672,0.564907111139417,11.3,0,0,89,0
3,10,71.8749561030352,4.13816251102672,0.564907111139417,23.48,0,0,31,0
4,10,68.3912942873396,6.74302391916399,0.948615081799711,0,101,10000,0,1
4,10,68.3912942873396,6.74302391916399,0.948615081799711,14.17,0,0,37,0
4,10,68.3912942873396,6.74302391916399,0.948615081799711,14.59,0,0,46,0
4,10,68.3912942873396,6.74302391916399,0.948615081799711,15.31,0,0,39,0
4,10,68.3912942873396,6.74302391916399,0.948615081799711,22.23,0,0,15,0
5,10,47.6007783013337,3.26495428916966,1.46941292529071,0,101,10000,0,1
5,10,47.6007783013337,3.26495428916966,1.46941292529071,2.79,0,0,130,0
5,10,47.6007783013337,3.26495428916966,1.46941292529071,8.19,0,0,156,0
5,10,47.6007783013337,3.26495428916966,1.46941292529071,20.84,0,0,53,0
5,10,47.6007783013337,3.26495428916966,1.46941292529071,23.16,0,0,28,0
6,10,51.5148086343829,3.41617093607857,0.747954290962007,0,101,10000,0,1
6,10,51.5148086343829,3.41617093607857,0.747954290962007,10.17,0,0,89,0
6,10,51.5148086343829,3.41617093607857,0.747954290962007,10.33,0,0,96,0
6,10,51.5148086343829,3.41617093607857,0.747954290962007,14.48,0,0,75,0
6,10,51.5148086343829,3.41617093607857,0.747954290962007,20.79,0,0,63,0
7,10,100.335340296578,2.62490866206582,0.991713652230068,0,101,10000,0,1
7,10,100.335340296578,2.62490866206582,0.991713652230068,0.6,0,0,44,0
7,10,100.335340296578,2.62490866206582,0.991713652230068,0.69,0,0,62,0
7,10,100.335340296578,2.62490866206582,0.991713652230068,3.8,0,0,110,0
7,10,100.335340296578,2.62490866206582,0.991713652230068,9.66,0,0,66,0
8,10,52.8769985678359,3.47964696734721,0.864871556719305,0,101,10000,0,1
8,10,52.8769985678359,3.47964696734721,0.864871556719305,4.35,0,0,281,0
8,10,52.8769985678359,3.47964696734721,0.864871556719305,6.3,0,0,112,0
8,10,52.8769985678359,3.47964696734721,0.864871556719305,14.39,0,0,55,0
8,10,52.8769985678359,3.47964696734721,0.864871556719305,23.81,0,0,45,0
9,10,52.0992316669015,5.70607206506692,0.922835689300577,0,101,10000,0,1
9,10,52.0992316669015,5.70607206506692,0.922835689300577,1.61,0,0,133,0
9,10,52.0992316669015,5.70607206506692,0.922835689300577,2.43,0,0,102,0
9,10,52.0992316669015,5.70607206506692,0.922835689300577,6.67,0,0,92,0
9,10,52.0992316669015,5.70607206506692,0.922835689300577,13.9,0,0,63,0
10,10,55.9111929349236,4.34358964620262,1.30686377187539,0,101,10000,0,1
10,10,55.9111929349236,4.34358964620262,1.30686377187539,2.17,0,0,157,0
10,10,55.9111929349236,4.34358964620262,1.30686377187539,13.46,0,0,59,0
10,10,55.9111929349236,4.34358964620262,1.30686377187539,18.33,0,0,50,0
10,10,55.9111929349236,4.34358964620262,1.30686377187539,21.68,0,0,40,0
11,10,110.877365943129,6.72808948431371,1.09919966349311,0,101,10000,0,1
11,10,110.877365943129,6.72808948431371,1.09919966349311,1.05,0,0,53,0
11,10,110.877365943129,6.72808948431371,1.09919966349311,2.62,0,0,100,0
11,10,110.877365943129,6.72808948431371,1.09919966349311,2.88,0,0,61,0
11,10,110.877365943129,6.72808948431371,1.09919966349311,15.74,0,0,49,0
12,10,70.2002047865432,5.63562884098803,0.753170050300257,0,101,10000,0,1
12,10,70.2002047865432,5.63562884098803,0.753170050300257,3.78,0,0,78,0
12,10,70.2002047865432,5.63562884098803,0.753170050300257,13.82,0,0,38,0
12,10,70.2002047865432,5.63562884098803,0.753170050300257,15.91,0,0,48,0
12,10,70.2002047865432,5.63562884098803,0.753170050300257,17.86,0,0,37,0
13,10,57.3244893401782,3.00713496426664,0.996472727371147,0,101,10000,0,1
13,10,57.3244893401782,3.00713496426664,0.996472727371147,4.98,0,0,95,0
13,10,57.3244893401782,3.00713496426664,0.996472727371147,8.59,0,0,89,0
13,10,57.3244893401782,3.00713496426664,0.996472727371147,11.82,0,0,107,0
13,10,57.3244893401782,3.00713496426664,0.996472727371147,22.43,0,0,77,0
14,10,71.3492866799553,4.11696757939412,0.836599242644632,0,101,10000,0,1
14,10,71.3492866799553,4.11696757939412,0.836599242644632,4.48,0,0,93,0
14,10,71.3492866799553,4.11696757939412,0.836599242644632,17.84,0,0,61,0
14,10,71.3492866799553,4.11696757939412,0.836599242644632,17.97,0,0,57,0
14,10,71.3492866799553,4.11696757939412,0.836599242644632,20.31,0,0,41,0
15,10,118.327668897666,3.92079880452796,1.22875846525071,0,101,10000,0,1
15,10,118.327668897666,3.92079880452796,1.22875846525071,2.55,0,0,78,0
15,10,118.327668897666,3.92079880452796,1.22875846525071,3.57,0,0,111,0
15,10,118.327668897666,3.92079880452796,1.22875846525071,5.21,0,0,65,0
15,10,118.327668897666,3.92079880452796,1.22875846525071,11.26,0,0,72,0
16,10,77.7608145958343,3.96309553667527,2.18656311212186,0,101,10000,0,1
16,10,77.7608145958343,3.96309553667527,2.18656311212186,4,0,0,84,0
16,10,77.7608145958343,3.96309553667527,2.18656311212186,8.9,0,0,122,0
16,10,77.7608145958343,3.96309553667527,2.18656311212186,9.7,0,0,79,0
16,10,77.7608145958343,3.96309553667527,2.18656311212186,21.63,0,0,33,0
17,10,107.465451373778,3.28431981077134,0.971027969542085,0,101,10000,0,1
17,10,107.465451373778,3.28431981077134,0.971027969542085,5.94,0,0,87,0
17,10,107.465451373778,3.28431981077134,0.971027969542085,10.81,0,0,78,0
17,10,107.465451373778,3.28431981077134,0.971027969542085,13.16,0,0,57,0
17,10,107.465451373778,3.28431981077134,0.971027969542085,17.38,0,0,51,0
18,10,68.4840986694679,3.86109815448255,1.2118435559525,0,101,10000,0,1
18,10,68.4840986694679,3.86109815448255,1.2118435559525,2.13,0,0,114,0
18,10,68.4840986694679,3.86109815448255,1.2118435559525,3.12,0,0,105,0
18,10,68.4840986694679,3.86109815448255,1.2118435559525,3.2,0,0,96,0
18,10,68.4840986694679,3.86109815448255,1.2118435559525,23.67,0,0,40,0
19,10,91.1596405437991,7.97120448943334,1.15322429200536,0,101,10000,0,1
19,10,91.1596405437991,7.97120448943334,1.15322429200536,1.6,0,0,61,0
19,10,91.1596405437991,7.97120448943334,1.15322429200536,8.24,0,0,52,0
19,10,91.1596405437991,7.97120448943334,1.15322429200536,10.79,0,0,65,0
19,10,91.1596405437991,7.97120448943334,1.15322429200536,21.84,0,0,15,0
20,10,58.2152059451465,2.64427712309564,1.3744326739164,0,101,10000,0,1
20,10,58.2152059451465,2.64427712309564,1.3744326739164,8.35,0,0,132,0
20,10,58.2152059451465,2.64427712309564,1.3744326739164,21.68,0,0,87,0
20,10,58.2152059451465,2.64427712309564,1.3744326739164,23.02,0,0,93,0
20,10,58.2152059451465,2.64427712309564,1.3744326739164,23.51,0,0,94,0
21,10,45.8202199508335,4.73499096516282,1.04386491020871,0,101,10000,0,1
21,10,45.8202199508335,4.73499096516282,1.04386491020871,6.79,0,0,102,0
21,10,45.8202199508335,4.73499096516282,1.04386491020871,10.75,0,0,58,0
21,10,45.8202199508335,4.73499096516282,1.04386491020871,18.66,0,0,35,0
21,10,45.8202199508335,4.73499096516282,1.04386491020871,22.41,0,0,20,0
22,10,77.7568392696068,4.52257602176231,0.89321906607399,0,101,10000,0,1
22,10,77.7568392696068,4.52257602176231,0.89321906607399,3.1,0,0,110,0
22,10,77.7568392696068,4.52257602176231,0.89321906607399,12.13,0,0,64,0
22,10,77.7568392696068,4.52257602176231,0.89321906607399,15.41,0,0,59,0
22,10,77.7568392696068,4.52257602176231,0.89321906607399,22.57,0,0,27,0
23,10,61.8055742904806,2.70648230568146,0.476390647212933,0,101,10000,0,1
23,10,61.8055742904806,2.70648230568146,0.476390647212933,2.55,0,0,109,0
23,10,61.8055742904806,2.70648230568146,0.476390647212933,4.56,0,0,178,0
23,10,61.8055742904806,2.70648230568146,0.476390647212933,18.85,0,0,77,0
23,10,61.8055742904806,2.70648230568146,0.476390647212933,18.92,0,0,70,0
24,10,53.3185309236328,2.54957366305193,0.793146958352309,0,101,10000,0,1
24,10,53.3185309236328,2.54957366305193,0.793146958352309,6.66,0,0,196,0
24,10,53.3185309236328,2.54957366305193,0.793146958352309,6.92,0,0,164,0
24,10,53.3185309236328,2.54957366305193,0.793146958352309,7.95,0,0,85,0
24,10,53.3185309236328,2.54957366305193,0.793146958352309,21.02,0,0,75,0
25,10,98.366286036274,4.75941165377207,0.486257439907876,0,101,10000,0,1
25,10,98.366286036274,4.75941165377207,0.486257439907876,1.48,0,0,45,0
25,10,98.366286036274,4.75941165377207,0.486257439907876,2.05,0,0,86,0
25,10,98.366286036274,4.75941165377207,0.486257439907876,2.16,0,0,67,0
25,10,98.366286036274,4.75941165377207,0.486257439907876,19.74,0,0,39,0
26,10,65.6839156834978,8.32856332416859,0.96523735953689,0,101,10000,0,1
26,10,65.6839156834978,8.32856332416859,0.96523735953689,1.48,0,0,94,0
26,10,65.6839156834978,8.32856332416859,0.96523735953689,18.03,0,0,30,0
26,10,65.6839156834978,8.32856332416859,0.96523735953689,21.46,0,0,17,0
26,10,65.6839156834978,8.32856332416859,0.96523735953689,23.04,0,0,10,0
27,10,87.9733967406992,2.75584031720322,0.689548302012313,0,101,10000,0,1
27,10,87.9733967406992,2.75584031720322,0.689548302012313,12.05,0,0,59,0
27,10,87.9733967406992,2.75584031720322,0.689548302012313,16.43,0,0,84,0
27,10,87.9733967406992,2.75584031720322,0.689548302012313,16.59,0,0,57,0
27,10,87.9733967406992,2.75584031720322,0.689548302012313,18.46,0,0,67,0
28,10,59.918089388934,5.39363705538087,0.830539208215237,0,101,10000,0,1
28,10,59.918089388934,5.39363705538087,0.830539208215237,10.83,0,0,107,0
28,10,59.918089388934,5.39363705538087,0.830539208215237,13.97,0,0,67,0
28,10,59.918089388934,5.39363705538087,0.830539208215237,19.09,0,0,40,0
28,10,59.918089388934,5.39363705538087,0.830539208215237,20.55,0,0,31,0
29,10,81.6103729361621,3.39372874518097,0.746833041902751,0,101,10000,0,1
29,10,81.6103729361621,3.39372874518097,0.746833041902751,1.48,0,0,77,0
29,10,81.6103729361621,3.39372874518097,0.746833041902751,6.64,0,0,129,0
29,10,81.6103729361621,3.39372874518097,0.746833041902751,9.01,0,0,90,0
29,10,81.6103729361621,3.39372874518097,0.746833041902751,11.26,0,0,66,0
30,10,40.1226294249546,2.35771909377526,0.638833566961846,0,101,10000,0,1
30,10,40.1226294249546,2.35771909377526,0.638833566961846,4.36,0,0,235,0
30,10,40.1226294249546,2.35771909377526,0.638833566961846,10.97,0,0,116,0
30,10,40.1226294249546,2.35771909377526,0.638833566961846,13.69,0,0,170,0
30,10,40.1226294249546,2.35771909377526,0.638833566961846,22.26,0,0,68,0
31,30,44.8682313905076,2.66131426094546,1.07282904332434,0,101,30000,0,1
31,30,44.8682313905076,2.66131426094546,1.07282904332434,2.6,0,0,546,0
31,30,44.8682313905076,2.66131426094546,1.07282904332434,10.69,0,0,362,0
31,30,44.8682313905076,2.66131426094546,1.07282904332434,19.53,0,0,181,0
31,30,44.8682313905076,2.66131426094546,1.07282904332434,21.76,0,0,270,0
32,30,77.2909694970362,4.06487146054663,0.687565892893188,0,101,30000,0,1
32,30,77.2909694970362,4.06487146054663,0.687565892893188,2.55,0,0,309,0
32,30,77.2909694970362,4.06487146054663,0.687565892893188,2.84,0,0,247,0
32,30,77.2909694970362,4.06487146054663,0.687565892893188,9,0,0,295,0
32,30,77.2909694970362,4.06487146054663,0.687565892893188,21.73,0,0,120,0
33,30,72.1173629038947,3.89718470816179,1.02238532396178,0,101,30000,0,1
33,30,72.1173629038947,3.89718470816179,1.02238532396178,0.75,0,0,199,0
33,30,72.1173629038947,3.89718470816179,1.02238532396178,3.49,0,0,296,0
33,30,72.1173629038947,3.89718470816179,1.02238532396178,10.04,0,0,301,0
33,30,72.1173629038947,3.89718470816179,1.02238532396178,20.86,0,0,201,0
34,30,53.4608287855813,4.10914487089313,0.932386611724248,0,101,30000,0,1
34,30,53.4608287855813,4.10914487089313,0.932386611724248,3.37,0,0,469,0
34,30,53.4608287855813,4.10914487089313,0.932386611724248,10.3,0,0,361,0
34,30,53.4608287855813,4.10914487089313,0.932386611724248,18.53,0,0,184,0
34,30,53.4608287855813,4.10914487089313,0.932386611724248,21.49,0,0,129,0
35,30,76.8130747869915,3.05533782861991,0.730226506226334,0,101,30000,0,1
35,30,76.8130747869915,3.05533782861991,0.730226506226334,0.26,0,0,62,0
35,30,76.8130747869915,3.05533782861991,0.730226506226334,4.2,0,0,363,0
35,30,76.8130747869915,3.05533782861991,0.730226506226334,10.21,0,0,244,0
35,30,76.8130747869915,3.05533782861991,0.730226506226334,19.41,0,0,162,0
36,30,100.553289592884,2.73877742698869,0.891942897360797,0,101,30000,0,1
36,30,100.553289592884,2.73877742698869,0.891942897360797,4.44,0,0,355,0
36,30,100.553289592884,2.73877742698869,0.891942897360797,5.42,0,0,232,0
36,30,100.553289592884,2.73877742698869,0.891942897360797,6.89,0,0,305,0
36,30,100.553289592884,2.73877742698869,0.891942897360797,9.78,0,0,197,0
37,30,38.4772288504215,6.1810253089895,0.910211414438164,0,101,30000,0,1
37,30,38.4772288504215,6.1810253089895,0.910211414438164,3.92,0,0,436,0
37,30,38.4772288504215,6.1810253089895,0.910211414438164,4.66,0,0,351,0
37,30,38.4772288504215,6.1810253089895,0.910211414438164,16.21,0,0,86,0
37,30,38.4772288504215,6.1810253089895,0.910211414438164,20.77,0,0,41,0
38,30,122.434560248441,3.742985316152,0.798754009862767,0,101,30000,0,1
38,30,122.434560248441,3.742985316152,0.798754009862767,11.68,0,0,181,0
38,30,122.434560248441,3.742985316152,0.798754009862767,15.12,0,0,154,0
38,30,122.434560248441,3.742985316152,0.798754009862767,20.16,0,0,173,0
38,30,122.434560248441,3.742985316152,0.798754009862767,20.77,0,0,96,0
39,30,44.125027527179,3.88241903811169,1.33593189216207,0,101,30000,0,1
39,30,44.125027527179,3.88241903811169,1.33593189216207,13.36,0,0,222,0
39,30,44.125027527179,3.88241903811169,1.33593189216207,13.92,0,0,309,0
39,30,44.125027527179,3.88241903811169,1.33593189216207,14.69,0,0,190,0
39,30,44.125027527179,3.88241903811169,1.33593189216207,21.59,0,0,117,0
40,30,65.8448923930708,5.41268406517173,0.890239559119018,0,101,30000,0,1
40,30,65.8448923930708,5.41268406517173,0.890239559119018,5.08,0,0,241,0
40,30,65.8448923930708,5.41268406517173,0.890239559119018,6.29,0,0,364,0
40,30,65.8448923930708,5.41268406517173,0.890239559119018,9.61,0,0,235,0
40,30,65.8448923930708,5.41268406517173,0.890239559119018,20.62,0,0,114,0
41,30,119.156351839417,2.29167573892919,1.14684050674933,0,101,30000,0,1
41,30,119.156351839417,2.29167573892919,1.14684050674933,10.97,0,0,192,0
41,30,119.156351839417,2.29167573892919,1.14684050674933,12.82,0,0,218,0
41,30,119.156351839417,2.29167573892919,1.14684050674933,13.8,0,0,234,0
41,30,119.156351839417,2.29167573892919,1.14684050674933,14.59,0,0,211,0
42,30,59.3128388773058,4.95870477875526,0.965839398216204,0,101,30000,0,1
42,30,59.3128388773058,4.95870477875526,0.965839398216204,0.07,0,0,27,0
42,30,59.3128388773058,4.95870477875526,0.965839398216204,1.1,0,0,291,0
42,30,59.3128388773058,4.95870477875526,0.965839398216204,7.34,0,0,257,0
42,30,59.3128388773058,4.95870477875526,0.965839398216204,19.45,0,0,127,0
43,30,52.3959012691929,2.56616205935894,0.852367722935527,0,101,30000,0,1
43,30,52.3959012691929,2.56616205935894,0.852367722935527,2.08,0,0,398,0
43,30,52.3959012691929,2.56616205935894,0.852367722935527,2.62,0,0,449,0
43,30,52.3959012691929,2.56616205935894,0.852367722935527,21.91,0,0,138,0
43,30,52.3959012691929,2.56616205935894,0.852367722935527,21.96,0,0,215,0
44,30,63.8774905535753,3.84775140080115,1.00748201406638,0,101,30000,0,1
44,30,63.8774905535753,3.84775140080115,1.00748201406638,2.33,0,0,343,0
44,30,63.8774905535753,3.84775140080115,1.00748201406638,6.47,0,0,437,0
44,30,63.8774905535753,3.84775140080115,1.00748201406638,14.38,0,0,207,0
44,30,63.8774905535753,3.84775140080115,1.00748201406638,16.9,0,0,189,0
45,30,56.0083456146815,5.80432212954787,1.33327704254559,0,101,30000,0,1
45,30,56.0083456146815,5.80432212954787,1.33327704254559,9.42,0,0,150,0
45,30,56.0083456146815,5.80432212954787,1.33327704254559,13.48,0,0,123,0
45,30,56.0083456146815,5.80432212954787,1.33327704254559,14.87,0,0,125,0
45,30,56.0083456146815,5.80432212954787,1.33327704254559,20.35,0,0,60,0
46,30,136.10717690365,4.38588586639827,1.01531843073009,0,101,30000,0,1
46,30,136.10717690365,4.38588586639827,1.01531843073009,0.44,0,0,90,0
46,30,136.10717690365,4.38588586639827,1.01531843073009,17.27,0,0,135,0
46,30,136.10717690365,4.38588586639827,1.01531843073009,20.67,0,0,113,0
46,30,136.10717690365,4.38588586639827,1.01531843073009,23.69,0,0,117,0
47,30,66.7762012712853,4.0811267725494,0.639250940041158,0,101,30000,0,1
47,30,66.7762012712853,4.0811267725494,0.639250940041158,4.02,0,0,363,0
47,30,66.7762012712853,4.0811267725494,0.639250940041158,4.08,0,0,340,0
47,30,66.7762012712853,4.0811267725494,0.639250940041158,4.63,0,0,440,0
47,30,66.7762012712853,4.0811267725494,0.639250940041158,16.25,0,0,294,0
48,30,56.307489594446,4.53664271841143,0.794122665940168,0,101,30000,0,1
48,30,56.307489594446,4.53664271841143,0.794122665940168,10.03,0,0,254,0
48,30,56.307489594446,4.53664271841143,0.794122665940168,15.49,0,0,189,0
48,30,56.307489594446,4.53664271841143,0.794122665940168,15.78,0,0,180,0
48,30,56.307489594446,4.53664271841143,0.794122665940168,21.1,0,0,99,0
49,30,107.193838546394,4.16961703850058,0.591671598437931,0,101,30000,0,1
49,30,107.193838546394,4.16961703850058,0.591671598437931,4.12,0,0,269,0
49,30,107.193838546394,4.16961703850058,0.591671598437931,10.87,0,0,171,0
49,30,107.193838546394,4.16961703850058,0.591671598437931,17.98,0,0,151,0
49,30,107.193838546394,4.16961703850058,0.591671598437931,18.03,0,0,221,0
50,30,62.5842939927572,4.99176833844964,1.08728886285914,0,101,30000,0,1
50,30,62.5842939927572,4.99176833844964,1.08728886285914,3.27,0,0,306,0
50,30,62.5842939927572,4.99176833844964,1.08728886285914,4.46,0,0,333,0
50,30,62.5842939927572,4.99176833844964,1.08728886285914,20.32,0,0,88,0
50,30,62.5842939927572,4.99176833844964,1.08728886285914,21.29,0,0,96,0
51,30,46.9321477218333,6.63309776400986,0.959387793949422,0,101,30000,0,1
51,30,46.9321477218333,6.63309776400986,0.959387793949422,1.01,0,0,433,0
51,30,46.9321477218333,6.63309776400986,0.959387793949422,4.89,0,0,376,0
51,30,46.9321477218333,6.63309776400986,0.959387793949422,6.14,0,0,341,0
51,30,46.9321477218333,6.63309776400986,0.959387793949422,14.3,0,0,99,0
52,30,107.072554719722,3.11409420164779,1.22594837295139,0,101,30000,0,1
52,30,107.072554719722,3.11409420164779,1.22594837295139,9.47,0,0,223,0
52,30,107.072554719722,3.11409420164779,1.22594837295139,13.65,0,0,223,0
52,30,107.072554719722,3.11409420164779,1.22594837295139,15.71,0,0,279,0
52,30,107.072554719722,3.11409420164779,1.22594837295139,18.65,0,0,156,0
53,30,83.6597533898137,5.82426818554533,1.32767218040662,0,101,30000,0,1
53,30,83.6597533898137,5.82426818554533,1.32767218040662,4.46,0,0,265,0
53,30,83.6597533898137,5.82426818554533,1.32767218040662,7.2,0,0,171,0
53,30,83.6597533898137,5.82426818554533,1.32767218040662,10.31,0,0,180,0
53,30,83.6597533898137,5.82426818554533,1.32767218040662,23.27,0,0,81,0
54,30,56.3155280600677,3.98174835241605,0.909778356964777,0,101,30000,0,1
54,30,56.3155280600677,3.98174835241605,0.909778356964777,1.84,0,0,292,0
54,30,56.3155280600677,3.98174835241605,0.909778356964777,2.06,0,0,341,0
54,30,56.3155280600677,3.98174835241605,0.909778356964777,2.74,0,0,462,0
54,30,56.3155280600677,3.98174835241605,0.909778356964777,19.13,0,0,152,0
55,30,74.5457187475424,3.4636584237836,1.37828887101822,0,101,30000,0,1
55,30,74.5457187475424,3.4636584237836,1.37828887101822,5.25,0,0,396,0
55,30,74.5457187475424,3.4636584237836,1.37828887101822,5.3,0,0,491,0
55,30,74.5457187475424,3.4636584237836,1.37828887101822,16.37,0,0,179,0
55,30,74.5457187475424,3.4636584237836,1.37828887101822,17.12,0,0,226,0
56,30,63.7349709521103,3.51420674752125,1.313611848542,0,101,30000,0,1
56,30,63.7349709521103,3.51420674752125,1.313611848542,0.63,0,0,277,0
56,30,63.7349709521103,3.51420674752125,1.313611848542,13.04,0,0,193,0
56,30,63.7349709521103,3.51420674752125,1.313611848542,19.65,0,0,159,0
56,30,63.7349709521103,3.51420674752125,1.313611848542,21.18,0,0,132,0
57,30,65.7160082049832,3.34725200227952,1.19968769887253,0,101,30000,0,1
57,30,65.7160082049832,3.34725200227952,1.19968769887253,1.29,0,0,251,0
57,30,65.7160082049832,3.34725200227952,1.19968769887253,1.97,0,0,286,0
57,30,65.7160082049832,3.34725200227952,1.19968769887253,10.53,0,0,318,0
57,30,65.7160082049832,3.34725200227952,1.19968769887253,17.6,0,0,150,0
58,30,81.4291439946485,2.79037770237588,0.793741062713727,0,101,30000,0,1
58,30,81.4291439946485,2.79037770237588,0.793741062713727,6.4,0,0,308,0
58,30,81.4291439946485,2.79037770237588,0.793741062713727,12.95,0,0,235,0
58,30,81.4291439946485,2.79037770237588,0.793741062713727,14.92,0,0,320,0
58,30,81.4291439946485,2.79037770237588,0.793741062713727,20.5,0,0,196,0
59,30,101.475422017064,2.12505838115595,0.981725600810323,0,101,30000,0,1
59,30,101.475422017064,2.12505838115595,0.981725600810323,4.18,0,0,377,0
59,30,101.475422017064,2.12505838115595,0.981725600810323,9.06,0,0,191,0
59,30,101.475422017064,2.12505838115595,0.981725600810323,13.02,0,0,225,0
59,30,101.475422017064,2.12505838115595,0.981725600810323,22.42,0,0,169,0
60,30,55.3344308402211,4.00104549185765,0.829374793157875,0,101,30000,0,1
60,30,55.3344308402211,4.00104549185765,0.829374793157875,1.34,0,0,256,0
60,30,55.3344308402211,4.00104549185765,0.829374793157875,1.97,0,0,416,0
60,30,55.3344308402211,4.00104549185765,0.829374793157875,10.15,0,0,212,0
60,30,55.3344308402211,4.00104549185765,0.829374793157875,23.42,0,0,86,0
61,60,90.2105297816583,3.91743898061243,0.984854401835558,0,101,60000,0,1
61,60,90.2105297816583,3.91743898061243,0.984854401835558,1.5,0,0,463,0
61,60,90.2105297816583,3.91743898061243,0.984854401835558,3.79,0,0,672,0
61,60,90.2105297816583,3.91743898061243,0.984854401835558,3.8,0,0,604,0
61,60,90.2105297816583,3.91743898061243,0.984854401835558,13.48,0,0,407,0
62,60,71.2337608373664,4.38598996239594,0.943831999343669,0,101,60000,0,1
62,60,71.2337608373664,4.38598996239594,0.943831999343669,2.89,0,0,707,0
62,60,71.2337608373664,4.38598996239594,0.943831999343669,15.95,0,0,259,0
62,60,71.2337608373664,4.38598996239594,0.943831999343669,18.45,0,0,270,0
62,60,71.2337608373664,4.38598996239594,0.943831999343669,21.37,0,0,303,0
63,60,46.9976399164109,6.43795920733264,1.06242209375185,0,101,60000,0,1
63,60,46.9976399164109,6.43795920733264,1.06242209375185,3.58,0,0,778,0
63,60,46.9976399164109,6.43795920733264,1.06242209375185,12.39,0,0,254,0
63,60,46.9976399164109,6.43795920733264,1.06242209375185,14.68,0,0,152,0
63,60,46.9976399164109,6.43795920733264,1.06242209375185,22.4,0,0,77,0
64,60,67.2639708017372,5.35025491223194,1.20638032055216,0,101,60000,0,1
64,60,67.2639708017372,5.35025491223194,1.20638032055216,0.28,0,0,242,0
64,60,67.2639708017372,5.35025491223194,1.20638032055216,6.49,0,0,598,0
64,60,67.2639708017372,5.35025491223194,1.20638032055216,7.84,0,0,598,0
64,60,67.2639708017372,5.35025491223194,1.20638032055216,17.45,0,0,293,0
65,60,70.2323132862343,4.61996056205196,0.946389165419619,0,101,60000,0,1
65,60,70.2323132862343,4.61996056205196,0.946389165419619,0.2,0,0,142,0
65,60,70.2323132862343,4.61996056205196,0.946389165419619,2.99,0,0,604,0
65,60,70.2323132862343,4.61996056205196,0.946389165419619,7.71,0,0,316,0
65,60,70.2323132862343,4.61996056205196,0.946389165419619,22.84,0,0,194,0
66,60,62.3710563581511,3.83472780462975,1.59793191036188,0,101,60000,0,1
66,60,62.3710563581511,3.83472780462975,1.59793191036188,5.28,0,0,634,0
66,60,62.3710563581511,3.83472780462975,1.59793191036188,11.81,0,0,545,0
66,60,62.3710563581511,3.83472780462975,1.59793191036188,20.03,0,0,316,0
66,60,62.3710563581511,3.83472780462975,1.59793191036188,21.4,0,0,267,0
67,60,65.4501553442888,5.39959814079772,1.19916856571329,0,101,60000,0,1
67,60,65.4501553442888,5.39959814079772,1.19916856571329,12.06,0,0,345,0
67,60,65.4501553442888,5.39959814079772,1.19916856571329,18.13,0,0,183,0
67,60,65.4501553442888,5.39959814079772,1.19916856571329,18.57,0,0,189,0
67,60,65.4501553442888,5.39959814079772,1.19916856571329,18.59,0,0,242,0
68,60,55.6697957949337,2.56523476217816,1.79651727368242,0,101,60000,0,1
68,60,55.6697957949337,2.56523476217816,1.79651727368242,3.06,0,0,946,0
68,60,55.6697957949337,2.56523476217816,1.79651727368242,3.42,0,0,1332,0
68,60,55.6697957949337,2.56523476217816,1.79651727368242,12.61,0,0,490,0
68,60,55.6697957949337,2.56523476217816,1.79651727368242,17.91,0,0,474,0
69,60,106.133578972774,3.35281523333783,0.884485011696045,0,101,60000,0,1
69,60,106.133578972774,3.35281523333783,0.884485011696045,2.82,0,0,471,0
69,60,106.133578972774,3.35281523333783,0.884485011696045,3.42,0,0,499,0
69,60,106.133578972774,3.35281523333783,0.884485011696045,8.83,0,0,435,0
69,60,106.133578972774,3.35281523333783,0.884485011696045,18.76,0,0,447,0
70,60,112.762429043112,2.01097748152731,1.22754007506411,0,101,60000,0,1
70,60,112.762429043112,2.01097748152731,1.22754007506411,5.72,0,0,414,0
70,60,112.762429043112,2.01097748152731,1.22754007506411,11.6,0,0,491,0
70,60,112.762429043112,2.01097748152731,1.22754007506411,18.84,0,0,349,0
70,60,112.762429043112,2.01097748152731,1.22754007506411,21.61,0,0,387,0
71,60,49.27474139915,3.91044829633007,1.03585458656257,0,101,60000,0,1
71,60,49.27474139915,3.91044829633007,1.03585458656257,3.64,0,0,959,0
71,60,49.27474139915,3.91044829633007,1.03585458656257,18.12,0,0,227,0
71,60,49.27474139915,3.91044829633007,1.03585458656257,21.46,0,0,251,0
71,60,49.27474139915,3.91044829633007,1.03585458656257,22.01,0,0,335,0
72,60,58.7554603933721,5.13324951277327,1.0134565704651,0,101,60000,0,1
72,60,58.7554603933721,5.13324951277327,1.0134565704651,2.97,0,0,872,0
72,60,58.7554603933721,5.13324951277327,1.0134565704651,10.2,0,0,571,0
72,60,58.7554603933721,5.13324951277327,1.0134565704651,13.93,0,0,351,0
72,60,58.7554603933721,5.13324951277327,1.0134565704651,17.89,0,0,214,0
73,60,106.923285980213,3.30708806312501,0.745856314390958,0,101,60000,0,1
73,60,106.923285980213,3.30708806312501,0.745856314390958,12.81,0,0,557,0
73,60,106.923285980213,3.30708806312501,0.745856314390958,16.04,0,0,354,0
73,60,106.923285980213,3.30708806312501,0.745856314390958,17.88,0,0,307,0
73,60,106.923285980213,3.30708806312501,0.745856314390958,18.38,0,0,323,0
74,60,98.4088881201063,2.31375536887659,1.50224305150074,0,101,60000,0,1
74,60,98.4088881201063,2.31375536887659,1.50224305150074,5.14,0,0,535,0
74,60,98.4088881201063,2.31375536887659,1.50224305150074,8.49,0,0,480,0
74,60,98.4088881201063,2.31375536887659,1.50224305150074,9.64,0,0,484,0
74,60,98.4088881201063,2.31375536887659,1.50224305150074,23.06,0,0,396,0
75,60,124.776614737848,2.49116783255665,0.880840007168554,0,101,60000,0,1
75,60,124.776614737848,2.49116783255665,0.880840007168554,0.55,0,0,304,0
75,60,124.776614737848,2.49116783255665,0.880840007168554,6.4,0,0,573,0
75,60,124.776614737848,2.49116783255665,0.880840007168554,11.61,0,0,357,0
75,60,124.776614737848,2.49116783255665,0.880840007168554,17.43,0,0,496,0
76,60,51.2357637570835,4.88853414756464,1.41511295079726,0,101,60000,0,1
76,60,51.2357637570835,4.88853414756464,1.41511295079726,7.69,0,0,481,0
76,60,51.2357637570835,4.88853414756464,1.41511295079726,8.76,0,0,549,0
76,60,51.2357637570835,4.88853414756464,1.41511295079726,14.44,0,0,365,0
76,60,51.2357637570835,4.88853414756464,1.41511295079726,23.08,0,0,146,0
77,60,85.1435113061454,5.66177389766868,0.696034695441118,0,101,60000,0,1
77,60,85.1435113061454,5.66177389766868,0.696034695441118,0.39,0,0,192,0
77,60,85.1435113061454,5.66177389766868,0.696034695441118,2.21,0,0,417,0
77,60,85.1435113061454,5.66177389766868,0.696034695441118,7.81,0,0,540,0
77,60,85.1435113061454,5.66177389766868,0.696034695441118,14.28,0,0,429,0
78,60,69.1406760857771,4.16590036522017,0.956481090424406,0,101,60000,0,1
78,60,69.1406760857771,4.16590036522017,0.956481090424406,8,0,0,545,0
78,60,69.1406760857771,4.16590036522017,0.956481090424406,14.73,0,0,336,0
78,60,69.1406760857771,4.16590036522017,0.956481090424406,17.03,0,0,323,0
78,60,69.1406760857771,4.16590036522017,0.956481090424406,23.97,0,0,224,0
79,60,99.3406792846407,4.40018150969467,1.03657617963211,0,101,60000,0,1
79,60,99.3406792846407,4.40018150969467,1.03657617963211,4.35,0,0,773,0
79,60,99.3406792846407,4.40018150969467,1.03657617963211,7.52,0,0,289,0
79,60,99.3406792846407,4.40018150969467,1.03657617963211,11.53,0,0,336,0
79,60,99.3406792846407,4.40018150969467,1.03657617963211,12.11,0,0,379,0
80,60,61.3334819553514,3.95018706462895,1.24650227920682,0,101,60000,0,1
80,60,61.3334819553514,3.95018706462895,1.24650227920682,4.21,0,0,854,0
80,60,61.3334819553514,3.95018706462895,1.24650227920682,8.08,0,0,542,0
80,60,61.3334819553514,3.95018706462895,1.24650227920682,14.57,0,0,332,0
80,60,61.3334819553514,3.95018706462895,1.24650227920682,20.25,0,0,329,0
81,60,76.282272724102,7.84877398220838,0.542316225703851,0,101,60000,0,1
81,60,76.282272724102,7.84877398220838,0.542316225703851,1.95,0,0,554,0
81,60,76.282272724102,7.84877398220838,0.542316225703851,3,0,0,419,0
81,60,76.282272724102,7.84877398220838,0.542316225703851,7.48,0,0,449,0
81,60,76.282272724102,7.84877398220838,0.542316225703851,23.8,0,0,80,0
82,60,71.6595292523085,6.90701786020789,1.25152892936946,0,101,60000,0,1
82,60,71.6595292523085,6.90701786020789,1.25152892936946,3.45,0,0,761,0
82,60,71.6595292523085,6.90701786020789,1.25152892936946,13.72,0,0,411,0
82,60,71.6595292523085,6.90701786020789,1.25152892936946,15.3,0,0,170,0
82,60,71.6595292523085,6.90701786020789,1.25152892936946,22.14,0,0,98,0
83,60,67.7451938350468,4.66280589443224,0.884926835441509,0,101,60000,0,1
83,60,67.7451938350468,4.66280589443224,0.884926835441509,10.21,0,0,550,0
83,60,67.7451938350468,4.66280589443224,0.884926835441509,19.11,0,0,198,0
83,60,67.7451938350468,4.66280589443224,0.884926835441509,21.03,0,0,173,0
83,60,67.7451938350468,4.66280589443224,0.884926835441509,22.3,0,0,121,0
84,60,69.4445964845892,6.28637418199865,0.93904463720238,0,101,60000,0,1
84,60,69.4445964845892,6.28637418199865,0.93904463720238,0.35,0,0,222,0
84,60,69.4445964845892,6.28637418199865,0.93904463720238,4.7,0,0,612,0
84,60,69.4445964845892,6.28637418199865,0.93904463720238,11.52,0,0,357,0
84,60,69.4445964845892,6.28637418199865,0.93904463720238,18.83,0,0,135,0
85,60,86.9939758481842,4.75682998906095,1.19867803826299,0,101,60000,0,1
85,60,86.9939758481842,4.75682998906095,1.19867803826299,0.32,0,0,226,0
85,60,86.9939758481842,4.75682998906095,1.19867803826299,14.3,0,0,384,0
85,60,86.9939758481842,4.75682998906095,1.19867803826299,16.17,0,0,294,0
85,60,86.9939758481842,4.75682998906095,1.19867803826299,22.03,0,0,218,0
86,60,70.3929569815762,3.48450703487735,0.661269870164222,0,101,60000,0,1
86,60,70.3929569815762,3.48450703487735,0.661269870164222,9.45,0,0,550,0
86,60,70.3929569815762,3.48450703487735,0.661269870164222,16.02,0,0,367,0
86,60,70.3929569815762,3.48450703487735,0.661269870164222,18.54,0,0,364,0
86,60,70.3929569815762,3.48450703487735,0.661269870164222,21.34,0,0,407,0
87,60,79.6348093270728,4.85690692772553,0.785769174693929,0,101,60000,0,1
87,60,79.6348093270728,4.85690692772553,0.785769174693929,15.41,0,0,271,0
87,60,79.6348093270728,4.85690692772553,0.785769174693929,16.37,0,0,377,0
87,60,79.6348093270728,4.85690692772553,0.785769174693929,19.61,0,0,378,0
87,60,79.6348093270728,4.85690692772553,0.785769174693929,20.4,0,0,238,0
88,60,76.226259814428,5.52618360787753,0.747882093051847,0,101,60000,0,1
88,60,76.226259814428,5.52618360787753,0.747882093051847,7.73,0,0,474,0
88,60,76.226259814428,5.52618360787753,0.747882093051847,17.61,0,0,297,0
88,60,76.226259814428,5.52618360787753,0.747882093051847,21.62,0,0,242,0
88,60,76.226259814428,5.52618360787753,0.747882093051847,23.39,0,0,158,0
89,60,87.979640947504,3.36220643063548,1.35015467423094,0,101,60000,0,1
89,60,87.979640947504,3.36220643063548,1.35015467423094,1.06,0,0,594,0
89,60,87.979640947504,3.36220643063548,1.35015467423094,6.36,0,0,562,0
89,60,87.979640947504,3.36220643063548,1.35015467423094,14.02,0,0,481,0
89,60,87.979640947504,3.36220643063548,1.35015467423094,20.22,0,0,222,0
90,60,117.617704501758,4.19973023707383,1.49695715931252,0,101,60000,0,1
90,60,117.617704501758,4.19973023707383,1.49695715931252,7.63,0,0,439,0
90,60,117.617704501758,4.19973023707383,1.49695715931252,8.57,0,0,409,0
90,60,117.617704501758,4.19973023707383,1.49695715931252,13.34,0,0,425,0
90,60,117.617704501758,4.19973023707383,1.49695715931252,19.66,0,0,292,0
91,120,77.1868351215049,3.05069900738281,2.04140046525383,0,101,120000,0,1
91,120,77.1868351215049,3.05069900738281,2.04140046525383,0.37,0,0,600,0
91,120,77.1868351215049,3.05069900738281,2.04140046525383,7.52,0,0,1028,0
91,120,77.1868351215049,3.05069900738281,2.04140046525383,14.35,0,0,906,0
91,120,77.1868351215049,3.05069900738281,2.04140046525383,18.71,0,0,717,0
92,120,57.8041396540008,4.2785266338607,0.895521435381525,0,101,120000,0,1
92,120,57.8041396540008,4.2785266338607,0.895521435381525,3.62,0,0,2013,0
92,120,57.8041396540008,4.2785266338607,0.895521435381525,4.48,0,0,1272,0
92,120,57.8041396540008,4.2785266338607,0.895521435381525,4.9,0,0,2086,0
92,120,57.8041396540008,4.2785266338607,0.895521435381525,14.18,0,0,793,0
93,120,49.2962137734014,3.27853703771827,1.12479316489162,0,101,120000,0,1
93,120,49.2962137734014,3.27853703771827,1.12479316489162,6.74,0,0,2261,0
93,120,49.2962137734014,3.27853703771827,1.12479316489162,9.9,0,0,1432,0
93,120,49.2962137734014,3.27853703771827,1.12479316489162,11.88,0,0,943,0
93,120,49.2962137734014,3.27853703771827,1.12479316489162,17.68,0,0,806,0
94,120,68.4982221023435,3.53691633393099,0.814753099005428,0,101,120000,0,1
94,120,68.4982221023435,3.53691633393099,0.814753099005428,4.19,0,0,1594,0
94,120,68.4982221023435,3.53691633393099,0.814753099005428,4.99,0,0,1537,0
94,120,68.4982221023435,3.53691633393099,0.814753099005428,16.69,0,0,653,0
94,120,68.4982221023435,3.53691633393099,0.814753099005428,23.58,0,0,418,0
95,120,68.6299160096659,4.29348677417533,1.7383868682976,0,101,120000,0,1
95,120,68.6299160096659,4.29348677417533,1.7383868682976,0.95,0,0,1782,0
95,120,68.6299160096659,4.29348677417533,1.7383868682976,2.62,0,0,1563,0
95,120,68.6299160096659,4.29348677417533,1.7383868682976,4.92,0,0,1807,0
95,120,68.6299160096659,4.29348677417533,1.7383868682976,23.8,0,0,324,0
96,120,66.6088279176692,2.61117716486796,1.21354620894198,0,101,120000,0,1
96,120,66.6088279176692,2.61117716486796,1.21354620894198,8.56,0,0,1346,0
96,120,66.6088279176692,2.61117716486796,1.21354620894198,16.6,0,0,875,0
96,120,66.6088279176692,2.61117716486796,1.21354620894198,16.99,0,0,903,0
96,120,66.6088279176692,2.61117716486796,1.21354620894198,19.71,0,0,1536,0
97,120,102.334638914752,2.69042567935817,0.845090976509644,0,101,120000,0,1
97,120,102.334638914752,2.69042567935817,0.845090976509644,0.27,0,0,170,0
97,120,102.334638914752,2.69042567935817,0.845090976509644,7.15,0,0,1713,0
97,120,102.334638914752,2.69042567935817,0.845090976509644,18.07,0,0,996,0
97,120,102.334638914752,2.69042567935817,0.845090976509644,23.06,0,0,641,0
98,120,120.392904338442,4.26715968390193,0.837450126340398,0,101,120000,0,1
98,120,120.392904338442,4.26715968390193,0.837450126340398,18.26,0,0,423,0
98,120,120.392904338442,4.26715968390193,0.837450126340398,20.38,0,0,478,0
98,120,120.392904338442,4.26715968390193,0.837450126340398,21.46,0,0,439,0
98,120,120.392904338442,4.26715968390193,0.837450126340398,21.51,0,0,441,0
99,120,72.1068800275219,3.97204387097901,1.20029344119325,0,101,120000,0,1
99,120,72.1068800275219,3.97204387097901,1.20029344119325,7.66,0,0,1143,0
99,120,72.1068800275219,3.97204387097901,1.20029344119325,8.39,0,0,1104,0
99,120,72.1068800275219,3.97204387097901,1.20029344119325,11.03,0,0,967,0
99,120,72.1068800275219,3.97204387097901,1.20029344119325,15.25,0,0,660,0
100,120,69.460387610109,6.16748737781282,1.24661347779071,0,101,120000,0,1
100,120,69.460387610109,6.16748737781282,1.24661347779071,6.16,0,0,1391,0
100,120,69.460387610109,6.16748737781282,1.24661347779071,6.94,0,0,1650,0
100,120,69.460387610109,6.16748737781282,1.24661347779071,10.31,0,0,705,0
100,120,69.460387610109,6.16748737781282,1.24661347779071,21.8,0,0,345,0
101,120,66.4397286170862,3.4578029348409,1.42417149126502,0,101,120000,0,1
101,120,66.4397286170862,3.4578029348409,1.42417149126502,11.61,0,0,926,0
101,120,66.4397286170862,3.4578029348409,1.42417149126502,13.87,0,0,868,0
101,120,66.4397286170862,3.4578029348409,1.42417149126502,15.51,0,0,631,0
101,120,66.4397286170862,3.4578029348409,1.42417149126502,23.77,0,0,487,0
102,120,90.5181152503614,4.65133313362531,0.780265863480678,0,101,120000,0,1
102,120,90.5181152503614,4.65133313362531,0.780265863480678,2.6,0,0,930,0
102,120,90.5181152503614,4.65133313362531,0.780265863480678,3.03,0,0,1464,0
102,120,90.5181152503614,4.65133313362531,0.780265863480678,5.42,0,0,961,0
102,120,90.5181152503614,4.65133313362531,0.780265863480678,20.27,0,0,668,0
103,120,67.6347183911424,3.02050110521065,1.10099455747481,0,101,120000,0,1
103,120,67.6347183911424,3.02050110521065,1.10099455747481,6.43,0,0,987,0
103,120,67.6347183911424,3.02050110521065,1.10099455747481,10.3,0,0,1114,0
103,120,67.6347183911424,3.02050110521065,1.10099455747481,13.18,0,0,1373,0
103,120,67.6347183911424,3.02050110521065,1.10099455747481,14.9,0,0,864,0
104,120,41.3540116378097,4.95479384099736,1.06347715626095,0,101,120000,0,1
104,120,41.3540116378097,4.95479384099736,1.06347715626095,0.9,0,0,1397,0
104,120,41.3540116378097,4.95479384099736,1.06347715626095,2.59,0,0,1921,0
104,120,41.3540116378097,4.95479384099736,1.06347715626095,4.12,0,0,2064,0
104,120,41.3540116378097,4.95479384099736,1.06347715626095,6.42,0,0,1792,0
105,120,79.7923021445874,4.82560311639212,1.34263955459806,0,101,120000,0,1
105,120,79.7923021445874,4.82560311639212,1.34263955459806,5.07,0,0,1058,0
105,120,79.7923021445874,4.82560311639212,1.34263955459806,6.28,0,0,843,0
105,120,79.7923021445874,4.82560311639212,1.34263955459806,8.77,0,0,1021,0
105,120,79.7923021445874,4.82560311639212,1.34263955459806,21.91,0,0,643,0
106,120,46.1104779285719,4.45394367139158,0.783320917079955,0,101,120000,0,1
106,120,46.1104779285719,4.45394367139158,0.783320917079955,5.75,0,0,1743,0
106,120,46.1104779285719,4.45394367139158,0.783320917079955,14.58,0,0,734,0
106,120,46.1104779285719,4.45394367139158,0.783320917079955,15.29,0,0,983,0
106,120,46.1104779285719,4.45394367139158,0.783320917079955,17.9,0,0,455,0
107,120,64.6091923316704,4.47877928599751,0.826587487839915,0,101,120000,0,1
107,120,64.6091923316704,4.47877928599751,0.826587487839915,7.97,0,0,860,0
107,120,64.6091923316704,4.47877928599751,0.826587487839915,11.77,0,0,1064,0
107,120,64.6091923316704,4.47877928599751,0.826587487839915,20.76,0,0,575,0
107,120,64.6091923316704,4.47877928599751,0.826587487839915,23.03,0,0,443,0
108,120,80.2658437502679,4.33909914256154,0.947745973898655,0,101,120000,0,1
108,120,80.2658437502679,4.33909914256154,0.947745973898655,10.44,0,0,918,0
108,120,80.2658437502679,4.33909914256154,0.947745973898655,12.02,0,0,859,0
108,120,80.2658437502679,4.33909914256154,0.947745973898655,20.09,0,0,393,0
108,120,80.2658437502679,4.33909914256154,0.947745973898655,21.37,0,0,503,0
109,120,63.9737321329829,3.70584176386396,0.839800744741062,0,101,120000,0,1
109,120,63.9737321329829,3.70584176386396,0.839800744741062,14.84,0,0,774,0
109,120,63.9737321329829,3.70584176386396,0.839800744741062,15.22,0,0,851,0
109,120,63.9737321329829,3.70584176386396,0.839800744741062,16.57,0,0,801,0
109,120,63.9737321329829,3.70584176386396,0.839800744741062,17.89,0,0,701,0
110,120,140.854038082249,4.27901735502199,1.15751602978944,0,101,120000,0,1
110,120,140.854038082249,4.27901735502199,1.15751602978944,5.38,0,0,724,0
110,120,140.854038082249,4.27901735502199,1.15751602978944,9.51,0,0,793,0
110,120,140.854038082249,4.27901735502199,1.15751602978944,12.44,0,0,523,0
110,120,140.854038082249,4.27901735502199,1.15751602978944,18.41,0,0,535,0
111,120,140.027579248102,5.04285818801964,0.786542323313648,0,101,120000,0,1
111,120,140.027579248102,5.04285818801964,0.786542323313648,1.14,0,0,409,0
111,120,140.027579248102,5.04285818801964,0.786542323313648,5.93,0,0,655,0
111,120,140.027579248102,5.04285818801964,0.786542323313648,12.56,0,0,488,0
111,120,140.027579248102,5.04285818801964,0.786542323313648,13.74,0,0,539,0
112,120,60.3933804675636,2.54547266572664,0.727009048247362,0,101,120000,0,1
112,120,60.3933804675636,2.54547266572664,0.727009048247362,9.98,0,0,1409,0
112,120,60.3933804675636,2.54547266572664,0.727009048247362,15.87,0,0,2028,0
112,120,60.3933804675636,2.54547266572664,0.727009048247362,15.93,0,0,787,0
112,120,60.3933804675636,2.54547266572664,0.727009048247362,18.52,0,0,861,0
113,120,84.5686764734808,3.02148681110765,0.618014065595325,0,101,120000,0,1
113,120,84.5686764734808,3.02148681110765,0.618014065595325,0.34,0,0,305,0
113,120,84.5686764734808,3.02148681110765,0.618014065595325,7.89,0,0,1201,0
113,120,84.5686764734808,3.02148681110765,0.618014065595325,20.16,0,0,924,0
113,120,84.5686764734808,3.02148681110765,0.618014065595325,23.64,0,0,913,0
114,120,83.9128048892113,2.69105893391588,1.5408019844324,0,101,120000,0,1
114,120,83.9128048892113,2.69105893391588,1.5408019844324,1.98,0,0,1494,0
114,120,83.9128048892113,2.69105893391588,1.5408019844324,2.14,0,0,1219,0
114,120,83.9128048892113,2.69105893391588,1.5408019844324,21.08,0,0,740,0
114,120,83.9128048892113,2.69105893391588,1.5408019844324,22.83,0,0,968,0
115,120,63.0098519051215,3.66979916004344,0.710046781486612,0,101,120000,0,1
115,120,63.0098519051215,3.66979916004344,0.710046781486612,1.47,0,0,1196,0
115,120,63.0098519051215,3.66979916004344,0.710046781486612,13.66,0,0,902,0
115,120,63.0098519051215,3.66979916004344,0.710046781486612,16.06,0,0,1044,0
115,120,63.0098519051215,3.66979916004344,0.710046781486612,19.91,0,0,667,0
116,120,50.6179931448233,3.86742173452272,1.08144705590097,0,101,120000,0,1
116,120,50.6179931448233,3.86742173452272,1.08144705590097,3.18,0,0,1223,0
116,120,50.6179931448233,3.86742173452272,1.08144705590097,4.24,0,0,1697,0
116,120,50.6179931448233,3.86742173452272,1.08144705590097,6.19,0,0,1309,0
116,120,50.6179931448233,3.86742173452272,1.08144705590097,7.16,0,0,1175,0
117,120,70.4760659243562,3.61932705665148,1.20558333843504,0,101,120000,0,1
117,120,70.4760659243562,3.61932705665148,1.20558333843504,1.23,0,0,941,0
117,120,70.4760659243562,3.61932705665148,1.20558333843504,6.12,0,0,1195,0
117,120,70.4760659243562,3.61932705665148,1.20558333843504,10.39,0,0,1156,0
117,120,70.4760659243562,3.61932705665148,1.20558333843504,17.53,0,0,1001,0
118,120,97.8715595702825,4.07620723659092,1.28578157855988,0,101,120000,0,1
118,120,97.8715595702825,4.07620723659092,1.28578157855988,4.7,0,0,928,0
118,120,97.8715595702825,4.07620723659092,1.28578157855988,7.09,0,0,896,0
118,120,97.8715595702825,4.07620723659092,1.28578157855988,8.22,0,0,1055,0
118,120,97.8715595702825,4.07620723659092,1.28578157855988,20.91,0,0,390,0
119,120,94.8620664512657,4.07837483194132,1.65290524906069,0,101,120000,0,1
119,120,94.8620664512657,4.07837483194132,1.65290524906069,3.69,0,0,945,0
119,120,94.8620664512657,4.07837483194132,1.65290524906069,5.53,0,0,1343,0
119,120,94.8620664512657,4.07837483194132,1.65290524906069,12.02,0,0,1062,0
119,120,94.8620664512657,4.07837483194132,1.65290524906069,22.44,0,0,458,0
120,120,70.3769127744016,4.54798277238632,1.02473587671169,0,101,120000,0,1
120,120,70.3769127744016,4.54798277238632,1.02473587671169,7.57,0,0,1087,0
120,120,70.3769127744016,4.54798277238632,1.02473587671169,8.71,0,0,1447,0
120,120,70.3769127744016,4.54798277238632,1.02473587671169,16.85,0,0,448,0
120,120,70.3769127744016,4.54798277238632,1.02473587671169,18.54,0,0,574,0
