ID,DOSE,V,CL,KA,TIME,EVID,AMT,DV,EVIDNM
1,10,66.9763982271422,3.07074454816742,1.16586479202871,0,101,10000,0,1
1,10,66.9763982271422,3.07074454816742,1.16586479202871,0.63,0,0,77,0
1,10,66.9763982271422,3.07074454816742,1.16586479202871,9.09,0,0,70,0
1,10,66.9763982271422,3.07074454816742,1.16586479202871,11.64,0,0,110,0
1,10,66.9763982271422,3.07074454816742,1.16586479202871,20.71,0,0,56,0
2,10,48.0602038194257,2.40394403040991,0.897886648879066,0,101,10000,0,1
2,10,48.0602038194257,2.40394403040991,0.897886648879066,5.92,0,0,189,0
2,10,48.0602038194257,2.40394403040991,0.897886648879066,8.23,0,0,116,0
2,10,48.0602038194257,2.40394403040991,0.897886648879066,9.01,0,0,99,0
2,10,48.0602038194257,2.40394403040991,0.897886648879066,12.58,0,0,145,0
3,10,73.3068489998886,3.4204101467192,1.03634682794121,0,101,10000,0,1
3,10,73.3068489998886,3.4204101467192,1.03634682794121,0.56,0,0,87,0
3,10,73.3068489998886,3.4204101467192,1.03634682794121,12.52,0,0,111,0
3,10,73.3068489998886,3.4204101467192,1.03634682794121,18.44,0,0,50,0
3,10,73.3068489998886,3.4204101467192,1.03634682794121,21.12,0,0,78,0
4,10,95.5927011942021,3.75309950062275,0.660058761391275,0,101,10000,0,1
4,10,95.5927011942021,3.75309950062275,0.660058761391275,6.73,0,0,100,0
4,10,95.5927011942021,3.75309950062275,0.660058761391275,7.34,0,0,73,0
4,10,95.5927011942021,3.75309950062275,0.660058761391275,21.78,0,0,60,0
4,10,95.5927011942021,3.75309950062275,0.660058761391275,23.98,0,0,49,0
5,10,81.2842358533062,3.24514517155781,1.83279017795365,0,101,10000,0,1
5,10,81.2842358533062,3.24514517155781,1.83279017795365,8.42,0,0,94,0
5,10,81.2842358533062,3.24514517155781,1.83279017795365,13.09,0,0,53,0
5,10,81.2842358533062,3.24514517155781,1.83279017795365,18.58,0,0,60,0
5,10,81.2842358533062,3.24514517155781,1.83279017795365,19.96,0,0,61,0
6,10,46.5761821403169,2.8988388271112,0.878824321374545,0,101,10000,0,1
6,10,46.5761821403169,2.8988388271112,0.878824321374545,3.24,0,0,230,0
6,10,46.5761821403169,2.8988388271112,0.878824321374545,6.48,0,0,168,0
6,10,46.5761821403169,2.8988388271112,0.878824321374545,11.3,0,0,144,0
6,10,46.5761821403169,2.8988388271112,0.878824321374545,19.34,0,0,74,0
7,10,90.0442807683106,3.09291900965288,0.871708607910454,0,101,10000,0,1
7,10,90.0442807683106,3.09291900965288,0.871708607910454,6.66,0,0,66,0
7,10,90.0442807683106,3.09291900965288,0.871708607910454,17.82,0,0,72,0
7,10,90.0442807683106,3.09291900965288,0.871708607910454,18.49,0,0,84,0
7,10,90.0442807683106,3.09291900965288,0.871708607910454,18.85,0,0,55,0
8,10,126.325872974953,4.33339209297247,0.644508796417564,0,101,10000,0,1
8,10,126.325872974953,4.33339209297247,0.644508796417564,0.08,0,0,4,0
8,10,126.325872974953,4.33339209297247,0.644508796417564,5.73,0,0,47,0
8,10,126.325872974953,4.33339209297247,0.644508796417564,8.72,0,0,68,0
8,10,126.325872974953,4.33339209297247,0.644508796417564,13.55,0,0,49,0
9,10,85.9060287627678,8.22985476853201,1.5252098588026,0,101,10000,0,1
9,10,85.9060287627678,8.22985476853201,1.5252098588026,3.67,0,0,85,0
9,10,85.9060287627678,8.22985476853201,1.5252098588026,7.59,0,0,55,0
9,10,85.9060287627678,8.22985476853201,1.5252098588026,14.13,0,0,39,0
9,10,85.9060287627678,8.22985476853201,1.5252098588026,19.66,0,0,15,0
10,10,83.6438300304591,3.53975082085751,1.09883583620735,0,101,10000,0,1
10,10,83.6438300304591,3.53975082085751,1.09883583620735,1.8,0,0,116,0
10,10,83.6438300304591,3.53975082085751,1.09883583620735,6.38,0,0,95,0
10,10,83.6438300304591,3.53975082085751,1.09883583620735,10.73,0,0,64,0
10,10,83.6438300304591,3.53975082085751,1.09883583620735,15.66,0,0,57,0
11,10,66.2184569895399,3.27797560197614,1.24667917793886,0,101,10000,0,1
11,10,66.2184569895399,3.27797560197614,1.24667917793886,1.23,0,0,74,0
11,10,66.2184569895399,3.27797560197614,1.24667917793886,2.73,0,0,143,0
11,10,66.2184569895399,3.27797560197614,1.24667917793886,8.04,0,0,109,0
11,10,66.2184569895399,3.27797560197614,1.24667917793886,22.82,0,0,50,0
12,10,157.301532855217,6.59036703725817,0.629023429695459,0,101,10000,0,1
12,10,157.301532855217,6.59036703725817,0.629023429695459,2.54,0,0,55,0
12,10,157.301532855217,6.59036703725817,0.629023429695459,7.39,0,0,75,0
12,10,157.301532855217,6.59036703725817,0.629023429695459,9.42,0,0,54,0
12,10,157.301532855217,6.59036703725817,0.629023429695459,22.55,0,0,24,0
13,10,69.7169885886166,4.64917704401334,0.822251180083436,0,101,10000,0,1
13,10,69.7169885886166,4.64917704401334,0.822251180083436,1.2,0,0,85,0
13,10,69.7169885886166,4.64917704401334,0.822251180083436,7.99,0,0,102,0
13,10,69.7169885886166,4.64917704401334,0.822251180083436,9.76,0,0,89,0
13,10,69.7169885886166,4.64917704401334,0.822251180083436,10.88,0,0,76,0
14,10,64.2049000886263,3.46612567286835,1.25944633474861,0,101,10000,0,1
14,10,64.2049000886263,3.46612567286835,1.25944633474861,2.05,0,0,113,0
14,10,64.2049000886263,3.46612567286835,1.25944633474861,12.71,0,0,116,0
14,10,64.2049000886263,3.46612567286835,1.25944633474861,16.23,0,0,91,0
14,10,64.2049000886263,3.46612567286835,1.25944633474861,16.72,0,0,62,0
15,10,111.980653929869,2.63708907855886,0.622396259316174,0,101,10000,0,1
15,10,111.980653929869,2.63708907855886,0.622396259316174,8.5,0,0,80,0
15,10,111.980653929869,2.63708907855886,0.622396259316174,14.94,0,0,54,0
15,10,111.980653929869,2.63708907855886,0.622396259316174,16.28,0,0,47,0
15,10,111.980653929869,2.63708907855886,0.622396259316174,18.05,0,0,46,0
16,10,86.6515601202189,3.85673509029136,1.35446516798427,0,101,10000,0,1
16,10,86.6515601202189,3.85673509029136,1.35446516798427,3.62,0,0,112,0
16,10,86.6515601202189,3.85673509029136,1.35446516798427,10.23,0,0,78,0
16,10,86.6515601202189,3.85673509029136,1.35446516798427,10.27,0,0,70,0
16,10,86.6515601202189,3.85673509029136,1.35446516798427,18.43,0,0,51,0
17,10,70.1506369727593,4.51605799321804,0.899153008004179,0,101,10000,0,1
17,10,70.1506369727593,4.51605799321804,0.899153008004179,1.68,0,0,89,0
17,10,70.1506369727593,4.51605799321804,0.899153008004179,4.32,0,0,164,0
17,10,70.1506369727593,4.51605799321804,0.899153008004179,15.23,0,0,49,0
17,10,70.1506369727593,4.51605799321804,0.899153008004179,23.36,0,0,33,0
18,10,61.4121249421685,3.89967062788432,1.07727289986273,0,101,10000,0,1
18,10,61.4121249421685,3.89967062788432,1.07727289986273,4.36,0,0,149,0
18,10,61.4121249421685,3.89967062788432,1.07727289986273,13.42,0,0,63,0
18,10,61.4121249421685,3.89967062788432,1.07727289986273,17.61,0,0,65,0
18,10,61.4121249421685,3.89967062788432,1.07727289986273,19.19,0,0,59,0
19,10,103.541239886894,6.59599657026459,0.828885761470154,0,101,10000,0,1
19,10,103.541239886894,6.59599657026459,0.828885761470154,5.46,0,0,56,0
19,10,103.541239886894,6.59599657026459,0.828885761470154,10.73,0,0,34,0
19,10,103.541239886894,6.59599657026459,0.828885761470154,13.29,0,0,40,0
19,10,103.541239886894,6.59599657026459,0.828885761470154,14,0,0,35,0
20,10,104.714237298809,3.98033007615881,0.551848147714722,0,101,10000,0,1
20,10,104.714237298809,3.98033007615881,0.551848147714722,4.62,0,0,107,0
20,10,104.714237298809,3.98033007615881,0.551848147714722,9.18,0,0,68,0
20,10,104.714237298809,3.98033007615881,0.551848147714722,19.96,0,0,55,0
20,10,104.714237298809,3.98033007615881,0.551848147714722,22.35,0,0,50,0
21,10,114.033348676017,6.93661337646239,0.975087158911505,0,101,10000,0,1
21,10,114.033348676017,6.93661337646239,0.975087158911505,4.64,0,0,63,0
21,10,114.033348676017,6.93661337646239,0.975087158911505,8.45,0,0,40,0
21,10,114.033348676017,6.93661337646239,0.975087158911505,15.06,0,0,47,0
21,10,114.033348676017,6.93661337646239,0.975087158911505,20.52,0,0,38,0
22,10,128.629035073601,5.22066764866144,0.785738108817623,0,101,10000,0,1
22,10,128.629035073601,5.22066764866144,0.785738108817623,0.39,0,0,24,0
22,10,128.629035073601,5.22066764866144,0.785738108817623,12.44,0,0,72,0
22,10,128.629035073601,5.22066764866144,0.785738108817623,13.51,0,0,41,0
22,10,128.629035073601,5.22066764866144,0.785738108817623,23.57,0,0,21,0
23,10,102.643370670675,3.31308469913419,0.844797281646697,0,101,10000,0,1
23,10,102.643370670675,3.31308469913419,0.844797281646697,5.17,0,0,77,0
23,10,102.643370670675,3.31308469913419,0.844797281646697,12.37,0,0,88,0
23,10,102.643370670675,3.31308469913419,0.844797281646697,22.37,0,0,62,0
23,10,102.643370670675,3.31308469913419,0.844797281646697,23.66,0,0,40,0
24,10,121.058841863023,3.20800811445472,1.56608344066018,0,101,10000,0,1
24,10,121.058841863023,3.20800811445472,1.56608344066018,9.04,0,0,62,0
24,10,121.058841863023,3.20800811445472,1.56608344066018,10.15,0,0,51,0
24,10,121.058841863023,3.20800811445472,1.56608344066018,19.31,0,0,34,0
24,10,121.058841863023,3.20800811445472,1.56608344066018,19.35,0,0,53,0
25,10,52.9475803581077,3.32874483078307,1.20813951238629,0,101,10000,0,1
25,10,52.9475803581077,3.32874483078307,1.20813951238629,7.01,0,0,135,0
25,10,52.9475803581077,3.32874483078307,1.20813951238629,8.78,0,0,107,0
25,10,52.9475803581077,3.32874483078307,1.20813951238629,10.64,0,0,102,0
25,10,52.9475803581077,3.32874483078307,1.20813951238629,21.36,0,0,44,0
26,10,69.3018948378875,5.51131401859069,1.01105795828992,0,101,10000,0,1
26,10,69.3018948378875,5.51131401859069,1.01105795828992,0.42,0,0,50,0
26,10,69.3018948378875,5.51131401859069,1.01105795828992,4.76,0,0,116,0
26,10,69.3018948378875,5.51131401859069,1.01105795828992,6.59,0,0,113,0
26,10,69.3018948378875,5.51131401859069,1.01105795828992,7.61,0,0,176,0
27,10,69.8451340997641,4.66344034852372,1.07376896695174,0,101,10000,0,1
27,10,69.8451340997641,4.66344034852372,1.07376896695174,6.82,0,0,128,0
27,10,69.8451340997641,4.66344034852372,1.07376896695174,13.9,0,0,67,0
27,10,69.8451340997641,4.66344034852372,1.07376896695174,19.63,0,0,41,0
27,10,69.8451340997641,4.66344034852372,1.07376896695174,19.89,0,0,32,0
28,10,73.1993655816692,3.87614915099457,0.822703126785579,0,101,10000,0,1
28,10,73.1993655816692,3.87614915099457,0.822703126785579,7.64,0,0,140,0
28,10,73.1993655816692,3.87614915099457,0.822703126785579,10.65,0,0,89,0
28,10,73.1993655816692,3.87614915099457,0.822703126785579,11.22,0,0,74,0
28,10,73.1993655816692,3.87614915099457,0.822703126785579,19.05,0,0,48,0
29,10,64.7729349195283,3.75709332668336,1.31169185944373,0,101,10000,0,1
29,10,64.7729349195283,3.75709332668336,1.31169185944373,5.16,0,0,81,0
29,10,64.7729349195283,3.75709332668336,1.31169185944373,12.88,0,0,71,0
29,10,64.7729349195283,3.75709332668336,1.31169185944373,19.86,0,0,69,0
29,10,64.7729349195283,3.75709332668336,1.31169185944373,22.11,0,0,49,0
30,10,85.9789209652715,4.77814366980272,0.706109613632252,0,101,10000,0,1
30,10,85.9789209652715,4.77814366980272,0.706109613632252,6.15,0,0,84,0
30,10,85.9789209652715,4.77814366980272,0.706109613632252,8.44,0,0,92,0
30,10,85.9789209652715,4.77814366980272,0.706109613632252,13.08,0,0,63,0
30,10,85.9789209652715,4.77814366980272,0.706109613632252,21.26,0,0,43,0
31,30,61.8546175903769,2.92364129335969,1.23812324189532,0,101,30000,0,1
31,30,61.8546175903769,2.92364129335969,1.23812324189532,0.98,0,0,287,0
31,30,61.8546175903769,2.92364129335969,1.23812324189532,1.24,0,0,465,0
31,30,61.8546175903769,2.92364129335969,1.23812324189532,15.6,0,0,260,0
31,30,61.8546175903769,2.92364129335969,1.23812324189532,22.23,0,0,165,0
32,30,81.35899571212,3.82984101900955,0.61875605224364,0,101,30000,0,1
32,30,81.35899571212,3.82984101900955,0.61875605224364,1.9,0,0,234,0
32,30,81.35899571212,3.82984101900955,0.61875605224364,17.76,0,0,190,0
32,30,81.35899571212,3.82984101900955,0.61875605224364,22.9,0,0,157,0
32,30,81.35899571212,3.82984101900955,0.61875605224364,23.79,0,0,96,0
33,30,84.1140190124566,6.51589408289373,1.25943910862797,0,101,30000,0,1
33,30,84.1140190124566,6.51589408289373,1.25943910862797,14.32,0,0,118,0
33,30,84.1140190124566,6.51589408289373,1.25943910862797,20.54,0,0,65,0
33,30,84.1140190124566,6.51589408289373,1.25943910862797,20.54,0,0,65,0
33,30,84.1140190124566,6.51589408289373,1.25943910862797,22.83,0,0,73,0
34,30,63.3382787595636,6.38666509672782,0.777906891622131,0,101,30000,0,1
34,30,63.3382787595636,6.38666509672782,0.777906891622131,5.27,0,0,393,0
34,30,63.3382787595636,6.38666509672782,0.777906891622131,8.9,0,0,230,0
34,30,63.3382787595636,6.38666509672782,0.777906891622131,8.91,0,0,208,0
34,30,63.3382787595636,6.38666509672782,0.777906891622131,18.3,0,0,63,0
35,30,90.9324430736094,5.89659982787346,1.27686132093831,0,101,30000,0,1
35,30,90.9324430736094,5.89659982787346,1.27686132093831,3.5,0,0,253,0
35,30,90.9324430736094,5.89659982787346,1.27686132093831,6.58,0,0,179,0
35,30,90.9324430736094,5.89659982787346,1.27686132093831,11.66,0,0,210,0
35,30,90.9324430736094,5.89659982787346,1.27686132093831,21.65,0,0,94,0
36,30,82.6706790696455,4.18919102167962,1.48523963078215,0,101,30000,0,1
36,30,82.6706790696455,4.18919102167962,1.48523963078215,2.03,0,0,316,0
36,30,82.6706790696455,4.18919102167962,1.48523963078215,15.67,0,0,193,0
36,30,82.6706790696455,4.18919102167962,1.48523963078215,17.82,0,0,145,0
36,30,82.6706790696455,4.18919102167962,1.48523963078215,20.1,0,0,163,0
37,30,66.9715928367673,4.40335193379371,0.771650560276821,0,101,30000,0,1
37,30,66.9715928367673,4.40335193379371,0.771650560276821,0.13,0,0,37,0
37,30,66.9715928367673,4.40335193379371,0.771650560276821,0.53,0,0,211,0
37,30,66.9715928367673,4.40335193379371,0.771650560276821,3.06,0,0,318,0
37,30,66.9715928367673,4.40335193379371,0.771650560276821,6.35,0,0,259,0
38,30,61.7098196222458,3.35510509206451,1.988430600515,0,101,30000,0,1
38,30,61.7098196222458,3.35510509206451,1.988430600515,3.99,0,0,409,0
38,30,61.7098196222458,3.35510509206451,1.988430600515,9.68,0,0,417,0
38,30,61.7098196222458,3.35510509206451,1.988430600515,16.92,0,0,137,0
38,30,61.7098196222458,3.35510509206451,1.988430600515,18.61,0,0,183,0
39,30,40.7950972947001,2.2867456887489,1.55448654916578,0,101,30000,0,1
39,30,40.7950972947001,2.2867456887489,1.55448654916578,2.49,0,0,738,0
39,30,40.7950972947001,2.2867456887489,1.55448654916578,5.29,0,0,588,0
39,30,40.7950972947001,2.2867456887489,1.55448654916578,9.32,0,0,423,0
39,30,40.7950972947001,2.2867456887489,1.55448654916578,9.93,0,0,639,0
40,30,35.5079221750764,4.27225614158756,0.599945243797898,0,101,30000,0,1
40,30,35.5079221750764,4.27225614158756,0.599945243797898,4.4,0,0,516,0
40,30,35.5079221750764,4.27225614158756,0.599945243797898,11.68,0,0,337,0
40,30,35.5079221750764,4.27225614158756,0.599945243797898,15.62,0,0,120,0
40,30,35.5079221750764,4.27225614158756,0.599945243797898,16.34,0,0,170,0
41,30,90.0064206061876,3.2496142656765,1.21297024434202,0,101,30000,0,1
41,30,90.0064206061876,3.2496142656765,1.21297024434202,1.78,0,0,407,0
41,30,90.0064206061876,3.2496142656765,1.21297024434202,6.95,0,0,301,0
41,30,90.0064206061876,3.2496142656765,1.21297024434202,19.95,0,0,184,0
41,30,90.0064206061876,3.2496142656765,1.21297024434202,20.39,0,0,157,0
42,30,85.4004814264262,3.53043466737871,1.31071961113934,0,101,30000,0,1
42,30,85.4004814264262,3.53043466737871,1.31071961113934,9.41,0,0,197,0
42,30,85.4004814264262,3.53043466737871,1.31071961113934,11.09,0,0,286,0
42,30,85.4004814264262,3.53043466737871,1.31071961113934,12.25,0,0,171,0
42,30,85.4004814264262,3.53043466737871,1.31071961113934,17.58,0,0,218,0
43,30,75.6248211046701,3.52703629509978,1.04795295372054,0,101,30000,0,1
43,30,75.6248211046701,3.52703629509978,1.04795295372054,12.68,0,0,312,0
43,30,75.6248211046701,3.52703629509978,1.04795295372054,17.47,0,0,158,0
43,30,75.6248211046701,3.52703629509978,1.04795295372054,21.3,0,0,173,0
43,30,75.6248211046701,3.52703629509978,1.04795295372054,23.68,0,0,136,0
44,30,90.101836972614,3.84245715969817,0.971185248342839,0,101,30000,0,1
44,30,90.101836972614,3.84245715969817,0.971185248342839,0.42,0,0,121,0
44,30,90.101836972614,3.84245715969817,0.971185248342839,9.48,0,0,181,0
44,30,90.101836972614,3.84245715969817,0.971185248342839,20.77,0,0,149,0
44,30,90.101836972614,3.84245715969817,0.971185248342839,23.43,0,0,129,0
45,30,60.0639109402798,2.94510996027997,0.817654356563085,0,101,30000,0,1
45,30,60.0639109402798,2.94510996027997,0.817654356563085,2.64,0,0,469,0
45,30,60.0639109402798,2.94510996027997,0.817654356563085,9.56,0,0,316,0
45,30,60.0639109402798,2.94510996027997,0.817654356563085,11.61,0,0,194,0
45,30,60.0639109402798,2.94510996027997,0.817654356563085,17.3,0,0,289,0
46,30,50.4464690630336,4.49048135119573,1.10515947076399,0,101,30000,0,1
46,30,50.4464690630336,4.49048135119573,1.10515947076399,4.32,0,0,509,0
46,30,50.4464690630336,4.49048135119573,1.10515947076399,6.47,0,0,359,0
46,30,50.4464690630336,4.49048135119573,1.10515947076399,15.08,0,0,167,0
46,30,50.4464690630336,4.49048135119573,1.10515947076399,18.42,0,0,96,0
47,30,87.6565383188835,3.36441353737888,1.38833000247219,0,101,30000,0,1
47,30,87.6565383188835,3.36441353737888,1.38833000247219,0.68,0,0,122,0
47,30,87.6565383188835,3.36441353737888,1.38833000247219,3.82,0,0,435,0
47,30,87.6565383188835,3.36441353737888,1.38833000247219,9.27,0,0,286,0
47,30,87.6565383188835,3.36441353737888,1.38833000247219,15.17,0,0,182,0
48,30,56.5239533477573,5.11623335688741,1.07740125293881,0,101,30000,0,1
48,30,56.5239533477573,5.11623335688741,1.07740125293881,1.98,0,0,453,0
48,30,56.5239533477573,5.11623335688741,1.07740125293881,7.66,0,0,256,0
48,30,56.5239533477573,5.11623335688741,1.07740125293881,17.75,0,0,138,0
48,30,56.5239533477573,5.11623335688741,1.07740125293881,23,0,0,72,0
49,30,84.491770923464,4.56664128425668,0.624566252726831,0,101,30000,0,1
49,30,84.491770923464,4.56664128425668,0.624566252726831,2.51,0,0,228,0
49,30,84.491770923464,4.56664128425668,0.624566252726831,7.2,0,0,262,0
49,30,84.491770923464,4.56664128425668,0.624566252726831,9.37,0,0,195,0
49,30,84.491770923464,4.56664128425668,0.624566252726831,22.47,0,0,108,0
50,30,47.6846019137386,5.30355757574447,0.924981201919417,0,101,30000,0,1
50,30,47.6846019137386,5.30355757574447,0.924981201919417,3.91,0,0,363,0
50,30,47.6846019137386,5.30355757574447,0.924981201919417,12.33,0,0,181,0
50,30,47.6846019137386,5.30355757574447,0.924981201919417,16.07,0,0,163,0
50,30,47.6846019137386,5.30355757574447,0.924981201919417,22.55,0,0,54,0
51,30,52.3536849106682,2.84908905806002,0.983252462839347,0,101,30000,0,1
51,30,52.3536849106682,2.84908905806002,0.983252462839347,4.65,0,0,687,0
51,30,52.3536849106682,2.84908905806002,0.983252462839347,5.59,0,0,488,0
51,30,52.3536849106682,2.84908905806002,0.983252462839347,5.95,0,0,424,0
51,30,52.3536849106682,2.84908905806002,0.983252462839347,13.36,0,0,332,0
52,30,56.9783985139304,3.30813330284462,1.03478602653123,0,101,30000,0,1
52,30,56.9783985139304,3.30813330284462,1.03478602653123,3.15,0,0,544,0
52,30,56.9783985139304,3.30813330284462,1.03478602653123,5.41,0,0,386,0
52,30,56.9783985139304,3.30813330284462,1.03478602653123,16.96,0,0,156,0
52,30,56.9783985139304,3.30813330284462,1.03478602653123,20.79,0,0,231,0
53,30,80.8865170537413,4.99603346074329,1.31129988288395,0,101,30000,0,1
53,30,80.8865170537413,4.99603346074329,1.31129988288395,1.72,0,0,285,0
53,30,80.8865170537413,4.99603346074329,1.31129988288395,8.35,0,0,231,0
53,30,80.8865170537413,4.99603346074329,1.31129988288395,18.34,0,0,121,0
53,30,80.8865170537413,4.99603346074329,1.31129988288395,23.45,0,0,87,0
54,30,78.8336889023037,3.2976847469545,1.35282532724442,0,101,30000,0,1
54,30,78.8336889023037,3.2976847469545,1.35282532724442,9.39,0,0,224,0
54,30,78.8336889023037,3.2976847469545,1.35282532724442,9.81,0,0,210,0
54,30,78.8336889023037,3.2976847469545,1.35282532724442,14.45,0,0,175,0
54,30,78.8336889023037,3.2976847469545,1.35282532724442,15.35,0,0,148,0
55,30,61.2229390956508,2.75973157378089,1.34268757622761,0,101,30000,0,1
55,30,61.2229390956508,2.75973157378089,1.34268757622761,1.69,0,0,392,0
55,30,61.2229390956508,2.75973157378089,1.34268757622761,9.24,0,0,262,0
55,30,61.2229390956508,2.75973157378089,1.34268757622761,22.83,0,0,169,0
55,30,61.2229390956508,2.75973157378089,1.34268757622761,23.98,0,0,204,0
56,30,74.3744402776848,5.97912779212536,1.28201310858459,0,101,30000,0,1
56,30,74.3744402776848,5.97912779212536,1.28201310858459,5.54,0,0,313,0
56,30,74.3744402776848,5.97912779212536,1.28201310858459,14.32,0,0,173,0
56,30,74.3744402776848,5.97912779212536,1.28201310858459,18.52,0,0,72,0
56,30,74.3744402776848,5.97912779212536,1.28201310858459,23.25,0,0,45,0
57,30,97.2754181797292,5.13660809701005,0.793125077759433,0,101,30000,0,1
57,30,97.2754181797292,5.13660809701005,0.793125077759433,1.97,0,0,204,0
57,30,97.2754181797292,5.13660809701005,0.793125077759433,4.54,0,0,261,0
57,30,97.2754181797292,5.13660809701005,0.793125077759433,7.26,0,0,203,0
57,30,97.2754181797292,5.13660809701005,0.793125077759433,9.81,0,0,236,0
58,30,70.7047983102288,4.05091077471881,0.858852913558011,0,101,30000,0,1
58,30,70.7047983102288,4.05091077471881,0.858852913558011,9.62,0,0,283,0
58,30,70.7047983102288,4.05091077471881,0.858852913558011,10.97,0,0,182,0
58,30,70.7047983102288,4.05091077471881,0.858852913558011,15.59,0,0,220,0
58,30,70.7047983102288,4.05091077471881,0.858852913558011,23.79,0,0,145,0
59,30,47.014275760419,6.09750189654503,0.762372000410618,0,101,30000,0,1
59,30,47.014275760419,6.09750189654503,0.762372000410618,10.9,0,0,182,0
59,30,47.014275760419,6.09750189654503,0.762372000410618,14,0,0,125,0
59,30,47.014275760419,6.09750189654503,0.762372000410618,19.34,0,0,86,0
59,30,47.014275760419,6.09750189654503,0.762372000410618,23.82,0,0,48,0
60,30,68.4959932723487,2.86304390608522,0.894135155796095,0,101,30000,0,1
60,30,68.4959932723487,2.86304390608522,0.894135155796095,1.97,0,0,401,0
60,30,68.4959932723487,2.86304390608522,0.894135155796095,6.74,0,0,365,0
60,30,68.4959932723487,2.86304390608522,0.894135155796095,7.75,0,0,308,0
60,30,68.4959932723487,2.86304390608522,0.894135155796095,19.21,0,0,195,0
61,60,65.4126610836545,2.65103756180153,0.808053248442159,0,101,60000,0,1
61,60,65.4126610836545,2.65103756180153,0.808053248442159,2.56,0,0,612,0
61,60,65.4126610836545,2.65103756180153,0.808053248442159,10.34,0,0,623,0
61,60,65.4126610836545,2.65103756180153,0.808053248442159,13.54,0,0,530,0
61,60,65.4126610836545,2.65103756180153,0.808053248442159,14.99,0,0,514,0
62,60,68.724839791264,4.24456863243277,2.04623598238274,0,101,60000,0,1
62,60,68.724839791264,4.24456863243277,2.04623598238274,0.85,0,0,539,0
62,60,68.724839791264,4.24456863243277,2.04623598238274,18.92,0,0,289,0
62,60,68.724839791264,4.24456863243277,2.04623598238274,21.27,0,0,246,0
62,60,68.724839791264,4.24456863243277,2.04623598238274,22.44,0,0,265,0
63,60,75.89255248618,2.6366506517776,0.325894221137046,0,101,60000,0,1
63,60,75.89255248618,2.6366506517776,0.325894221137046,3.2,0,0,429,0
63,60,75.89255248618,2.6366506517776,0.325894221137046,5.79,0,0,768,0
63,60,75.89255248618,2.6366506517776,0.325894221137046,12.86,0,0,453,0
63,60,75.89255248618,2.6366506517776,0.325894221137046,19.38,0,0,458,0
64,60,94.7076294392784,3.93343645332572,0.789209578313389,0,101,60000,0,1
64,60,94.7076294392784,3.93343645332572,0.789209578313389,5.31,0,0,523,0
64,60,94.7076294392784,3.93343645332572,0.789209578313389,5.64,0,0,709,0
64,60,94.7076294392784,3.93343645332572,0.789209578313389,18.1,0,0,237,0
64,60,94.7076294392784,3.93343645332572,0.789209578313389,21.58,0,0,280,0
65,60,118.420343328373,3.25097008871145,0.889862133845832,0,101,60000,0,1
65,60,118.420343328373,3.25097008871145,0.889862133845832,9.95,0,0,422,0
65,60,118.420343328373,3.25097008871145,0.889862133845832,16.05,0,0,255,0
65,60,118.420343328373,3.25097008871145,0.889862133845832,16.83,0,0,383,0
65,60,118.420343328373,3.25097008871145,0.889862133845832,21.47,0,0,191,0
66,60,80.91031258377,4.6881628933618,1.23715137716013,0,101,60000,0,1
66,60,80.91031258377,4.6881628933618,1.23715137716013,6.22,0,0,562,0
66,60,80.91031258377,4.6881628933618,1.23715137716013,14.84,0,0,335,0
66,60,80.91031258377,4.6881628933618,1.23715137716013,15.22,0,0,279,0
66,60,80.91031258377,4.6881628933618,1.23715137716013,18.71,0,0,207,0
67,60,70.7102838174498,3.2718583640115,0.961107001832521,0,101,60000,0,1
67,60,70.7102838174498,3.2718583640115,0.961107001832521,7.34,0,0,778,0
67,60,70.7102838174498,3.2718583640115,0.961107001832521,7.76,0,0,665,0
67,60,70.7102838174498,3.2718583640115,0.961107001832521,10.28,0,0,555,0
67,60,70.7102838174498,3.2718583640115,0.961107001832521,15.51,0,0,365,0
68,60,63.1441613051226,2.7293312150775,0.786825449802937,0,101,60000,0,1
68,60,63.1441613051226,2.7293312150775,0.786825449802937,1.53,0,0,636,0
68,60,63.1441613051226,2.7293312150775,0.786825449802937,3.79,0,0,827,0
68,60,63.1441613051226,2.7293312150775,0.786825449802937,5.56,0,0,682,0
68,60,63.1441613051226,2.7293312150775,0.786825449802937,13.48,0,0,624,0
69,60,59.1047007231728,2.57928466568083,1.13008056317417,0,101,60000,0,1
69,60,59.1047007231728,2.57928466568083,1.13008056317417,1.99,0,0,747,0
69,60,59.1047007231728,2.57928466568083,1.13008056317417,16.45,0,0,565,0
69,60,59.1047007231728,2.57928466568083,1.13008056317417,16.74,0,0,589,0
69,60,59.1047007231728,2.57928466568083,1.13008056317417,23.32,0,0,372,0
70,60,77.8826140011609,4.02744966020669,0.931311601712259,0,101,60000,0,1
70,60,77.8826140011609,4.02744966020669,0.931311601712259,0.53,0,0,232,0
70,60,77.8826140011609,4.02744966020669,0.931311601712259,1.75,0,0,665,0
70,60,77.8826140011609,4.02744966020669,0.931311601712259,7.96,0,0,653,0
70,60,77.8826140011609,4.02744966020669,0.931311601712259,12.7,0,0,449,0
71,60,76.226259814428,5.52618360787753,0.747882093051847,0,101,60000,0,1
71,60,76.226259814428,5.52618360787753,0.747882093051847,7.73,0,0,474,0
71,60,76.226259814428,5.52618360787753,0.747882093051847,17.61,0,0,297,0
71,60,76.226259814428,5.52618360787753,0.747882093051847,21.62,0,0,242,0
71,60,76.226259814428,5.52618360787753,0.747882093051847,23.39,0,0,158,0
72,60,165.978339936593,2.88724666726213,0.677793870982241,0,101,60000,0,1
72,60,165.978339936593,2.88724666726213,0.677793870982241,5.65,0,0,219,0
72,60,165.978339936593,2.88724666726213,0.677793870982241,12.83,0,0,291,0
72,60,165.978339936593,2.88724666726213,0.677793870982241,15.27,0,0,320,0
72,60,165.978339936593,2.88724666726213,0.677793870982241,19.36,0,0,358,0
73,60,60.9422190034107,3.1796876522681,0.641516094352557,0,101,60000,0,1
73,60,60.9422190034107,3.1796876522681,0.641516094352557,4.21,0,0,685,0
73,60,60.9422190034107,3.1796876522681,0.641516094352557,5.06,0,0,1348,0
73,60,60.9422190034107,3.1796876522681,0.641516094352557,10.98,0,0,620,0
73,60,60.9422190034107,3.1796876522681,0.641516094352557,13.23,0,0,562,0
74,60,64.3272354348028,2.83572045056846,1.42810520199889,0,101,60000,0,1
74,60,64.3272354348028,2.83572045056846,1.42810520199889,5.72,0,0,601,0
74,60,64.3272354348028,2.83572045056846,1.42810520199889,17.58,0,0,507,0
74,60,64.3272354348028,2.83572045056846,1.42810520199889,20.45,0,0,331,0
74,60,64.3272354348028,2.83572045056846,1.42810520199889,22.19,0,0,403,0
75,60,83.4447172964406,3.59628214148932,1.08046154482803,0,101,60000,0,1
75,60,83.4447172964406,3.59628214148932,1.08046154482803,2.94,0,0,674,0
75,60,83.4447172964406,3.59628214148932,1.08046154482803,3.89,0,0,742,0
75,60,83.4447172964406,3.59628214148932,1.08046154482803,10.56,0,0,568,0
75,60,83.4447172964406,3.59628214148932,1.08046154482803,21.88,0,0,345,0
76,60,43.9929084923661,4.25887655314697,0.994212750279099,0,101,60000,0,1
76,60,43.9929084923661,4.25887655314697,0.994212750279099,9.64,0,0,636,0
76,60,43.9929084923661,4.25887655314697,0.994212750279099,11.58,0,0,487,0
76,60,43.9929084923661,4.25887655314697,0.994212750279099,16.84,0,0,339,0
76,60,43.9929084923661,4.25887655314697,0.994212750279099,21.63,0,0,148,0
77,60,94.4836811516674,3.33423276884944,0.878159290493881,0,101,60000,0,1
77,60,94.4836811516674,3.33423276884944,0.878159290493881,5.78,0,0,674,0
77,60,94.4836811516674,3.33423276884944,0.878159290493881,15.11,0,0,491,0
77,60,94.4836811516674,3.33423276884944,0.878159290493881,17.66,0,0,314,0
77,60,94.4836811516674,3.33423276884944,0.878159290493881,18.82,0,0,373,0
78,60,51.2938256875234,4.80508619658359,0.919336395373081,0,101,60000,0,1
78,60,51.2938256875234,4.80508619658359,0.919336395373081,4.1,0,0,806,0
78,60,51.2938256875234,4.80508619658359,0.919336395373081,6.96,0,0,618,0
78,60,51.2938256875234,4.80508619658359,0.919336395373081,8.26,0,0,561,0
78,60,51.2938256875234,4.80508619658359,0.919336395373081,9.52,0,0,566,0
79,60,84.2808138382181,6.15359573438507,1.01860686046358,0,101,60000,0,1
79,60,84.2808138382181,6.15359573438507,1.01860686046358,12.36,0,0,246,0
79,60,84.2808138382181,6.15359573438507,1.01860686046358,15.16,0,0,368,0
79,60,84.2808138382181,6.15359573438507,1.01860686046358,16.76,0,0,252,0
79,60,84.2808138382181,6.15359573438507,1.01860686046358,21.93,0,0,157,0
80,60,84.3448703380176,4.32696431567271,1.09377461561409,0,101,60000,0,1
80,60,84.3448703380176,4.32696431567271,1.09377461561409,10.35,0,0,580,0
80,60,84.3448703380176,4.32696431567271,1.09377461561409,15.31,0,0,406,0
80,60,84.3448703380176,4.32696431567271,1.09377461561409,15.93,0,0,335,0
80,60,84.3448703380176,4.32696431567271,1.09377461561409,21.7,0,0,235,0
81,60,90.2954855069267,3.7714861246215,0.568390285631038,0,101,60000,0,1
81,60,90.2954855069267,3.7714861246215,0.568390285631038,13.76,0,0,308,0
81,60,90.2954855069267,3.7714861246215,0.568390285631038,16.36,0,0,298,0
81,60,90.2954855069267,3.7714861246215,0.568390285631038,20,0,0,241,0
81,60,90.2954855069267,3.7714861246215,0.568390285631038,23.35,0,0,320,0
82,60,63.6954866893428,6.99660660492154,1.71672684389768,0,101,60000,0,1
82,60,63.6954866893428,6.99660660492154,1.71672684389768,3.36,0,0,819,0
82,60,63.6954866893428,6.99660660492154,1.71672684389768,5.31,0,0,522,0
82,60,63.6954866893428,6.99660660492154,1.71672684389768,8.22,0,0,369,0
82,60,63.6954866893428,6.99660660492154,1.71672684389768,22.05,0,0,85,0
83,60,120.936891020605,4.02038015661529,0.745239230696142,0,101,60000,0,1
83,60,120.936891020605,4.02038015661529,0.745239230696142,5.7,0,0,505,0
83,60,120.936891020605,4.02038015661529,0.745239230696142,12.68,0,0,272,0
83,60,120.936891020605,4.02038015661529,0.745239230696142,14.23,0,0,369,0
83,60,120.936891020605,4.02038015661529,0.745239230696142,16.66,0,0,295,0
84,60,63.1441613051226,2.7293312150775,0.786825449802937,0,101,60000,0,1
84,60,63.1441613051226,2.7293312150775,0.786825449802937,1.53,0,0,636,0
84,60,63.1441613051226,2.7293312150775,0.786825449802937,3.79,0,0,827,0
84,60,63.1441613051226,2.7293312150775,0.786825449802937,5.56,0,0,682,0
84,60,63.1441613051226,2.7293312150775,0.786825449802937,13.48,0,0,624,0
85,60,52.7016646080019,3.31649572882094,0.801926486872712,0,101,60000,0,1
85,60,52.7016646080019,3.31649572882094,0.801926486872712,4.87,0,0,1398,0
85,60,52.7016646080019,3.31649572882094,0.801926486872712,18.26,0,0,428,0
85,60,52.7016646080019,3.31649572882094,0.801926486872712,22.1,0,0,299,0
85,60,52.7016646080019,3.31649572882094,0.801926486872712,22.23,0,0,377,0
86,60,37.4535468301463,3.30542525654907,1.02951340670685,0,101,60000,0,1
86,60,37.4535468301463,3.30542525654907,1.02951340670685,2.97,0,0,1247,0
86,60,37.4535468301463,3.30542525654907,1.02951340670685,3.6,0,0,1350,0
86,60,37.4535468301463,3.30542525654907,1.02951340670685,8.31,0,0,846,0
86,60,37.4535468301463,3.30542525654907,1.02951340670685,8.55,0,0,966,0
87,60,49.3959620011343,2.96150314511941,0.956232657316996,0,101,60000,0,1
87,60,49.3959620011343,2.96150314511941,0.956232657316996,0.32,0,0,369,0
87,60,49.3959620011343,2.96150314511941,0.956232657316996,0.59,0,0,673,0
87,60,49.3959620011343,2.96150314511941,0.956232657316996,5.56,0,0,839,0
87,60,49.3959620011343,2.96150314511941,0.956232657316996,13.4,0,0,677,0
88,60,112.180936779043,3.4509253002307,0.948318091537543,0,101,60000,0,1
88,60,112.180936779043,3.4509253002307,0.948318091537543,3.92,0,0,529,0
88,60,112.180936779043,3.4509253002307,0.948318091537543,10.12,0,0,353,0
88,60,112.180936779043,3.4509253002307,0.948318091537543,11.13,0,0,383,0
88,60,112.180936779043,3.4509253002307,0.948318091537543,22.11,0,0,189,0
89,60,102.966007817633,2.29683545881589,1.05405091585289,0,101,60000,0,1
89,60,102.966007817633,2.29683545881589,1.05405091585289,2.72,0,0,621,0
89,60,102.966007817633,2.29683545881589,1.05405091585289,7.05,0,0,373,0
89,60,102.966007817633,2.29683545881589,1.05405091585289,8.72,0,0,516,0
89,60,102.966007817633,2.29683545881589,1.05405091585289,10.59,0,0,433,0
90,60,48.8911034484,3.61195920356847,1.34856112125937,0,101,60000,0,1
90,60,48.8911034484,3.61195920356847,1.34856112125937,1.33,0,0,856,0
90,60,48.8911034484,3.61195920356847,1.34856112125937,6.07,0,0,941,0
90,60,48.8911034484,3.61195920356847,1.34856112125937,10.96,0,0,470,0
90,60,48.8911034484,3.61195920356847,1.34856112125937,19.34,0,0,447,0
91,120,67.9725310757871,6.86881544668499,0.900322360895811,0,101,120000,0,1
91,120,67.9725310757871,6.86881544668499,0.900322360895811,10.78,0,0,711,0
91,120,67.9725310757871,6.86881544668499,0.900322360895811,12.8,0,0,537,0
91,120,67.9725310757871,6.86881544668499,0.900322360895811,16.19,0,0,562,0
91,120,67.9725310757871,6.86881544668499,0.900322360895811,23.69,0,0,184,0
92,120,70.4831614346435,6.02426807448891,0.97146272427946,0,101,120000,0,1
92,120,70.4831614346435,6.02426807448891,0.97146272427946,13.08,0,0,440,0
92,120,70.4831614346435,6.02426807448891,0.97146272427946,16.92,0,0,735,0
92,120,70.4831614346435,6.02426807448891,0.97146272427946,19.72,0,0,373,0
92,120,70.4831614346435,6.02426807448891,0.97146272427946,21.1,0,0,329,0
93,120,67.4003666185404,4.86810127955585,1.15452271348936,0,101,120000,0,1
93,120,67.4003666185404,4.86810127955585,1.15452271348936,5.39,0,0,1187,0
93,120,67.4003666185404,4.86810127955585,1.15452271348936,6.54,0,0,1258,0
93,120,67.4003666185404,4.86810127955585,1.15452271348936,20.33,0,0,579,0
93,120,67.4003666185404,4.86810127955585,1.15452271348936,23.05,0,0,452,0
94,120,68.9167428249988,2.98006527927207,0.90640386484772,0,101,120000,0,1
94,120,68.9167428249988,2.98006527927207,0.90640386484772,3.11,0,0,1618,0
94,120,68.9167428249988,2.98006527927207,0.90640386484772,20.35,0,0,551,0
94,120,68.9167428249988,2.98006527927207,0.90640386484772,21.88,0,0,591,0
94,120,68.9167428249988,2.98006527927207,0.90640386484772,22.03,0,0,938,0
95,120,62.5442543333726,4.97765185837671,0.471071319634085,0,101,120000,0,1
95,120,62.5442543333726,4.97765185837671,0.471071319634085,12.05,0,0,1079,0
95,120,62.5442543333726,4.97765185837671,0.471071319634085,12.55,0,0,1054,0
95,120,62.5442543333726,4.97765185837671,0.471071319634085,16.69,0,0,628,0
95,120,62.5442543333726,4.97765185837671,0.471071319634085,17.77,0,0,546,0
96,120,84.4413385272805,2.9161762371282,1.14965014590348,0,101,120000,0,1
96,120,84.4413385272805,2.9161762371282,1.14965014590348,1.31,0,0,1871,0
96,120,84.4413385272805,2.9161762371282,1.14965014590348,10.92,0,0,732,0
96,120,84.4413385272805,2.9161762371282,1.14965014590348,12.81,0,0,882,0
96,120,84.4413385272805,2.9161762371282,1.14965014590348,14.07,0,0,1154,0
97,120,61.8584410224771,5.22120695799156,0.973188326710073,0,101,120000,0,1
97,120,61.8584410224771,5.22120695799156,0.973188326710073,0.63,0,0,987,0
97,120,61.8584410224771,5.22120695799156,0.973188326710073,4.4,0,0,1871,0
97,120,61.8584410224771,5.22120695799156,0.973188326710073,8.31,0,0,1182,0
97,120,61.8584410224771,5.22120695799156,0.973188326710073,11.23,0,0,710,0
98,120,73.136765392178,4.39273689723529,0.799402622678733,0,101,120000,0,1
98,120,73.136765392178,4.39273689723529,0.799402622678733,13.13,0,0,813,0
98,120,73.136765392178,4.39273689723529,0.799402622678733,14.33,0,0,619,0
98,120,73.136765392178,4.39273689723529,0.799402622678733,19.76,0,0,728,0
98,120,73.136765392178,4.39273689723529,0.799402622678733,23.01,0,0,411,0
99,120,46.8298060107633,4.13316042879871,0.675814716138033,0,101,120000,0,1
99,120,46.8298060107633,4.13316042879871,0.675814716138033,6.29,0,0,1184,0
99,120,46.8298060107633,4.13316042879871,0.675814716138033,7.18,0,0,1472,0
99,120,46.8298060107633,4.13316042879871,0.675814716138033,14.05,0,0,1064,0
99,120,46.8298060107633,4.13316042879871,0.675814716138033,19.64,0,0,625,0
100,120,42.8614176471435,2.34547966422106,1.25219242940659,0,101,120000,0,1
100,120,42.8614176471435,2.34547966422106,1.25219242940659,9.55,0,0,2127,0
100,120,42.8614176471435,2.34547966422106,1.25219242940659,11.57,0,0,1391,0
100,120,42.8614176471435,2.34547966422106,1.25219242940659,20.72,0,0,958,0
100,120,42.8614176471435,2.34547966422106,1.25219242940659,23.27,0,0,698,0
101,120,88.0204056693253,2.65452270429719,1.35675049556966,0,101,120000,0,1
101,120,88.0204056693253,2.65452270429719,1.35675049556966,1.67,0,0,1449,0
101,120,88.0204056693253,2.65452270429719,1.35675049556966,2.59,0,0,1303,0
101,120,88.0204056693253,2.65452270429719,1.35675049556966,4.61,0,0,1241,0
101,120,88.0204056693253,2.65452270429719,1.35675049556966,16.26,0,0,1181,0
102,120,71.1645048242022,3.02602067781519,0.891755039266969,0,101,120000,0,1
102,120,71.1645048242022,3.02602067781519,0.891755039266969,1.38,0,0,1465,0
102,120,71.1645048242022,3.02602067781519,0.891755039266969,7.59,0,0,1279,0
102,120,71.1645048242022,3.02602067781519,0.891755039266969,12.38,0,0,1109,0
102,120,71.1645048242022,3.02602067781519,0.891755039266969,13.32,0,0,1086,0
103,120,49.8867478460719,3.28533314676877,1.37654831611588,0,101,120000,0,1
103,120,49.8867478460719,3.28533314676877,1.37654831611588,13.65,0,0,1111,0
103,120,49.8867478460719,3.28533314676877,1.37654831611588,14.46,0,0,984,0
103,120,49.8867478460719,3.28533314676877,1.37654831611588,17.39,0,0,695,0
103,120,49.8867478460719,3.28533314676877,1.37654831611588,19.88,0,0,538,0
104,120,47.6689237503532,5.06043721364301,1.58122511059405,0,101,120000,0,1
104,120,47.6689237503532,5.06043721364301,1.58122511059405,3.78,0,0,2390,0
104,120,47.6689237503532,5.06043721364301,1.58122511059405,7.07,0,0,1095,0
104,120,47.6689237503532,5.06043721364301,1.58122511059405,21.88,0,0,250,0
104,120,47.6689237503532,5.06043721364301,1.58122511059405,23.27,0,0,259,0
105,120,74.7683635810478,2.95698326486866,0.57217652998172,0,101,120000,0,1
105,120,74.7683635810478,2.95698326486866,0.57217652998172,0.97,0,0,533,0
105,120,74.7683635810478,2.95698326486866,0.57217652998172,12.93,0,0,1261,0
105,120,74.7683635810478,2.95698326486866,0.57217652998172,16.77,0,0,1150,0
105,120,74.7683635810478,2.95698326486866,0.57217652998172,18.75,0,0,924,0
106,120,81.1395199185996,4.83217539132509,0.805658837022158,0,101,120000,0,1
106,120,81.1395199185996,4.83217539132509,0.805658837022158,14.19,0,0,784,0
106,120,81.1395199185996,4.83217539132509,0.805658837022158,14.9,0,0,603,0
106,120,81.1395199185996,4.83217539132509,0.805658837022158,19.24,0,0,592,0
106,120,81.1395199185996,4.83217539132509,0.805658837022158,19.95,0,0,564,0
107,120,55.4903648165403,4.24170137392017,1.89238066181088,0,101,120000,0,1
107,120,55.4903648165403,4.24170137392017,1.89238066181088,5.39,0,0,1274,0
107,120,55.4903648165403,4.24170137392017,1.89238066181088,7.67,0,0,1488,0
107,120,55.4903648165403,4.24170137392017,1.89238066181088,11.67,0,0,1049,0
107,120,55.4903648165403,4.24170137392017,1.89238066181088,19.02,0,0,485,0
108,120,44.2200601883411,4.83879161693161,1.12984759531506,0,101,120000,0,1
108,120,44.2200601883411,4.83879161693161,1.12984759531506,5.75,0,0,1586,0
108,120,44.2200601883411,4.83879161693161,1.12984759531506,9.72,0,0,1133,0
108,120,44.2200601883411,4.83879161693161,1.12984759531506,11.72,0,0,967,0
108,120,44.2200601883411,4.83879161693161,1.12984759531506,19.23,0,0,240,0
109,120,78.174110275486,6.31507554156063,0.465561774988573,0,101,120000,0,1
109,120,78.174110275486,6.31507554156063,0.465561774988573,2.11,0,0,1040,0
109,120,78.174110275486,6.31507554156063,0.465561774988573,2.5,0,0,1001,0
109,120,78.174110275486,6.31507554156063,0.465561774988573,17.79,0,0,277,0
109,120,78.174110275486,6.31507554156063,0.465561774988573,21.1,0,0,348,0
110,120,64.1964399731569,3.15348585896673,1.36071090861011,0,101,120000,0,1
110,120,64.1964399731569,3.15348585896673,1.36071090861011,3.77,0,0,1881,0
110,120,64.1964399731569,3.15348585896673,1.36071090861011,6.86,0,0,1543,0
110,120,64.1964399731569,3.15348585896673,1.36071090861011,10.55,0,0,1424,0
110,120,64.1964399731569,3.15348585896673,1.36071090861011,16.5,0,0,792,0
111,120,111.704823427002,2.17652405165702,0.969136591890142,0,101,120000,0,1
111,120,111.704823427002,2.17652405165702,0.969136591890142,11.9,0,0,1018,0
111,120,111.704823427002,2.17652405165702,0.969136591890142,12,0,0,1071,0
111,120,111.704823427002,2.17652405165702,0.969136591890142,13.44,0,0,888,0
111,120,111.704823427002,2.17652405165702,0.969136591890142,13.77,0,0,871,0
112,120,46.0103282576763,2.59141440487634,0.705785614031268,0,101,120000,0,1
112,120,46.0103282576763,2.59141440487634,0.705785614031268,1.32,0,0,1620,0
112,120,46.0103282576763,2.59141440487634,0.705785614031268,7.21,0,0,1640,0
112,120,46.0103282576763,2.59141440487634,0.705785614031268,8.99,0,0,1997,0
112,120,46.0103282576763,2.59141440487634,0.705785614031268,19.52,0,0,843,0
113,120,67.2007598481093,4.18159366799716,0.774231862306869,0,101,120000,0,1
113,120,67.2007598481093,4.18159366799716,0.774231862306869,3.13,0,0,1190,0
113,120,67.2007598481093,4.18159366799716,0.774231862306869,6.95,0,0,1637,0
113,120,67.2007598481093,4.18159366799716,0.774231862306869,14.45,0,0,895,0
113,120,67.2007598481093,4.18159366799716,0.774231862306869,16.27,0,0,1074,0
114,120,67.6308844926657,2.77927669851696,0.735338648519398,0,101,120000,0,1
114,120,67.6308844926657,2.77927669851696,0.735338648519398,7.41,0,0,1210,0
114,120,67.6308844926657,2.77927669851696,0.735338648519398,8.82,0,0,1282,0
114,120,67.6308844926657,2.77927669851696,0.735338648519398,14.91,0,0,1273,0
114,120,67.6308844926657,2.77927669851696,0.735338648519398,20.9,0,0,774,0
115,120,64.4988753785102,4.35136671612756,1.36381628856779,0,101,120000,0,1
115,120,64.4988753785102,4.35136671612756,1.36381628856779,0.73,0,0,968,0
115,120,64.4988753785102,4.35136671612756,1.36381628856779,13.29,0,0,727,0
115,120,64.4988753785102,4.35136671612756,1.36381628856779,13.95,0,0,1187,0
115,120,64.4988753785102,4.35136671612756,1.36381628856779,19.09,0,0,617,0
116,120,66.0980850919271,3.53516116239479,0.953390593204578,0,101,120000,0,1
116,120,66.0980850919271,3.53516116239479,0.953390593204578,2.34,0,0,1505,0
116,120,66.0980850919271,3.53516116239479,0.953390593204578,13.83,0,0,1205,0
116,120,66.0980850919271,3.53516116239479,0.953390593204578,16.96,0,0,794,0
116,120,66.0980850919271,3.53516116239479,0.953390593204578,16.99,0,0,844,0
117,120,64.9973727791133,4.32037068931239,0.996277705737577,0,101,120000,0,1
117,120,64.9973727791133,4.32037068931239,0.996277705737577,7.76,0,0,1322,0
117,120,64.9973727791133,4.32037068931239,0.996277705737577,12.72,0,0,621,0
117,120,64.9973727791133,4.32037068931239,0.996277705737577,13.74,0,0,627,0
117,120,64.9973727791133,4.32037068931239,0.996277705737577,18.72,0,0,700,0
118,120,71.7305532281011,3.32504262049119,0.93479362756336,0,101,120000,0,1
118,120,71.7305532281011,3.32504262049119,0.93479362756336,4.99,0,0,1456,0
118,120,71.7305532281011,3.32504262049119,0.93479362756336,9.46,0,0,1475,0
118,120,71.7305532281011,3.32504262049119,0.93479362756336,11.47,0,0,1317,0
118,120,71.7305532281011,3.32504262049119,0.93479362756336,20.45,0,0,737,0
119,120,60.9990262022025,4.91298881146254,0.848968697774345,0,101,120000,0,1
119,120,60.9990262022025,4.91298881146254,0.848968697774345,6.27,0,0,1006,0
119,120,60.9990262022025,4.91298881146254,0.848968697774345,13.45,0,0,732,0
119,120,60.9990262022025,4.91298881146254,0.848968697774345,17.97,0,0,512,0
119,120,60.9990262022025,4.91298881146254,0.848968697774345,18.19,0,0,670,0
120,120,61.9090722470333,4.59053022374304,1.16282961814406,0,101,120000,0,1
120,120,61.9090722470333,4.59053022374304,1.16282961814406,10.61,0,0,1311,0
120,120,61.9090722470333,4.59053022374304,1.16282961814406,11.71,0,0,596,0
120,120,61.9090722470333,4.59053022374304,1.16282961814406,22.31,0,0,321,0
120,120,61.9090722470333,4.59053022374304,1.16282961814406,23.44,0,0,336,0
