ID,DOSE,V,CL,KA,TIME,EVID,AMT,DV,EVIDNM
1,10,99.4798721392706,7.32256544053151,0.785377849668783,0,101,10000,0,1
1,10,99.4798721392706,7.32256544053151,0.785377849668783,0.47,0,0,26,0
1,10,99.4798721392706,7.32256544053151,0.785377849668783,7.41,0,0,68,0
1,10,99.4798721392706,7.32256544053151,0.785377849668783,8.83,0,0,60,0
1,10,99.4798721392706,7.32256544053151,0.785377849668783,12.03,0,0,49,0
2,10,49.743230052226,2.48241113782975,0.919550982764018,0,101,10000,0,1
2,10,49.743230052226,2.48241113782975,0.919550982764018,0.12,0,0,29,0
2,10,49.743230052226,2.48241113782975,0.919550982764018,3.99,0,0,191,0
2,10,49.743230052226,2.48241113782975,0.919550982764018,5.95,0,0,219,0
2,10,49.743230052226,2.48241113782975,0.919550982764018,20.35,0,0,70,0
3,10,103.847644127299,4.42169293005024,1.59688679940178,0,101,10000,0,1
3,10,103.847644127299,4.42169293005024,1.59688679940178,1.16,0,0,68,0
3,10,103.847644127299,4.42169293005024,1.59688679940178,2.51,0,0,81,0
3,10,103.847644127299,4.42169293005024,1.59688679940178,5.11,0,0,100,0
3,10,103.847644127299,4.42169293005024,1.59688679940178,7.3,0,0,75,0
4,10,77.3553366920091,3.68638637558068,0.753575702844273,0,101,10000,0,1
4,10,77.3553366920091,3.68638637558068,0.753575702844273,7.89,0,0,76,0
4,10,77.3553366920091,3.68638637558068,0.753575702844273,14.69,0,0,82,0
4,10,77.3553366920091,3.68638637558068,0.753575702844273,18.88,0,0,50,0
4,10,77.3553366920091,3.68638637558068,0.753575702844273,20.68,0,0,54,0
5,10,68.0847016442377,6.81574273209782,0.759436006195825,0,101,10000,0,1
5,10,68.0847016442377,6.81574273209782,0.759436006195825,3.45,0,0,116,0
5,10,68.0847016442377,6.81574273209782,0.759436006195825,14.37,0,0,50,0
5,10,68.0847016442377,6.81574273209782,0.759436006195825,19.51,0,0,22,0
5,10,68.0847016442377,6.81574273209782,0.759436006195825,19.53,0,0,44,0
6,10,60.749440144346,4.43484893423078,0.885290174175966,0,101,10000,0,1
6,10,60.749440144346,4.43484893423078,0.885290174175966,4.57,0,0,174,0
6,10,60.749440144346,4.43484893423078,0.885290174175966,8.74,0,0,78,0
6,10,60.749440144346,4.43484893423078,0.885290174175966,12.92,0,0,55,0
6,10,60.749440144346,4.43484893423078,0.885290174175966,19.77,0,0,37,0
7,10,72.7447038892724,7.77315217565402,1.20534539017126,0,101,10000,0,1
7,10,72.7447038892724,7.77315217565402,1.20534539017126,5.46,0,0,93,0
7,10,72.7447038892724,7.77315217565402,1.20534539017126,12.87,0,0,42,0
7,10,72.7447038892724,7.77315217565402,1.20534539017126,21.4,0,0,17,0
7,10,72.7447038892724,7.77315217565402,1.20534539017126,23.03,0,0,15,0
8,10,75.8146544542672,2.03337425892407,0.840875713829601,0,101,10000,0,1
8,10,75.8146544542672,2.03337425892407,0.840875713829601,0.96,0,0,71,0
8,10,75.8146544542672,2.03337425892407,0.840875713829601,9.16,0,0,102,0
8,10,75.8146544542672,2.03337425892407,0.840875713829601,12.48,0,0,97,0
8,10,75.8146544542672,2.03337425892407,0.840875713829601,19.02,0,0,105,0
9,10,89.9519256047473,3.70731601367034,0.936773795818514,0,101,10000,0,1
9,10,89.9519256047473,3.70731601367034,0.936773795818514,1.25,0,0,77,0
9,10,89.9519256047473,3.70731601367034,0.936773795818514,9.3,0,0,71,0
9,10,89.9519256047473,3.70731601367034,0.936773795818514,11.85,0,0,101,0
9,10,89.9519256047473,3.70731601367034,0.936773795818514,15.57,0,0,47,0
10,10,73.1253270479167,11.4350089392981,1.43865332538584,0,101,10000,0,1
10,10,73.1253270479167,11.4350089392981,1.43865332538584,5.92,0,0,47,0
10,10,73.1253270479167,11.4350089392981,1.43865332538584,9.21,0,0,38,0
10,10,73.1253270479167,11.4350089392981,1.43865332538584,16.88,0,0,14,0
10,10,73.1253270479167,11.4350089392981,1.43865332538584,20.55,0,0,7,0
11,10,71.7881006516582,4.30124680517327,0.519854591810232,0,101,10000,0,1
11,10,71.7881006516582,4.30124680517327,0.519854591810232,0.26,0,0,15,0
11,10,71.7881006516582,4.30124680517327,0.519854591810232,5.78,0,0,96,0
11,10,71.7881006516582,4.30124680517327,0.519854591810232,11.62,0,0,65,0
11,10,71.7881006516582,4.30124680517327,0.519854591810232,17.51,0,0,58,0
12,10,98.5508896868179,3.51332092025971,0.931903110128438,0,101,10000,0,1
12,10,98.5508896868179,3.51332092025971,0.931903110128438,2.88,0,0,77,0
12,10,98.5508896868179,3.51332092025971,0.931903110128438,3.37,0,0,115,0
12,10,98.5508896868179,3.51332092025971,0.931903110128438,4.31,0,0,112,0
12,10,98.5508896868179,3.51332092025971,0.931903110128438,20.4,0,0,65,0
13,10,61.8038736455589,2.60443335680159,0.892391742817225,0,101,10000,0,1
13,10,61.8038736455589,2.60443335680159,0.892391742817225,1.5,0,0,108,0
13,10,61.8038736455589,2.60443335680159,0.892391742817225,2.93,0,0,160,0
13,10,61.8038736455589,2.60443335680159,0.892391742817225,6.72,0,0,122,0
13,10,61.8038736455589,2.60443335680159,0.892391742817225,21.03,0,0,80,0
14,10,42.6753141508321,2.70186367959656,1.09450432074364,0,101,10000,0,1
14,10,42.6753141508321,2.70186367959656,1.09450432074364,0.51,0,0,162,0
14,10,42.6753141508321,2.70186367959656,1.09450432074364,15.43,0,0,150,0
14,10,42.6753141508321,2.70186367959656,1.09450432074364,15.88,0,0,98,0
14,10,42.6753141508321,2.70186367959656,1.09450432074364,17.87,0,0,58,0
15,10,60.3216137506419,7.93142529347137,0.626867237873525,0,101,10000,0,1
15,10,60.3216137506419,7.93142529347137,0.626867237873525,2.89,0,0,117,0
15,10,60.3216137506419,7.93142529347137,0.626867237873525,5.67,0,0,73,0
15,10,60.3216137506419,7.93142529347137,0.626867237873525,8.88,0,0,50,0
15,10,60.3216137506419,7.93142529347137,0.626867237873525,10.51,0,0,57,0
16,10,110.877365943129,6.72808948431371,1.09919966349311,0,101,10000,0,1
16,10,110.877365943129,6.72808948431371,1.09919966349311,1.05,0,0,53,0
16,10,110.877365943129,6.72808948431371,1.09919966349311,2.62,0,0,100,0
16,10,110.877365943129,6.72808948431371,1.09919966349311,2.88,0,0,61,0
16,10,110.877365943129,6.72808948431371,1.09919966349311,15.74,0,0,49,0
17,10,102.980064755067,4.97544731566283,1.03500371236511,0,101,10000,0,1
17,10,102.980064755067,4.97544731566283,1.03500371236511,2.83,0,0,107,0
17,10,102.980064755067,4.97544731566283,1.03500371236511,14.84,0,0,44,0
17,10,102.980064755067,4.97544731566283,1.03500371236511,20.06,0,0,37,0
17,10,102.980064755067,4.97544731566283,1.03500371236511,22.5,0,0,42,0
18,10,88.9845017343353,6.51728955631387,1.40604786209372,0,101,10000,0,1
18,10,88.9845017343353,6.51728955631387,1.40604786209372,11.43,0,0,67,0
18,10,88.9845017343353,6.51728955631387,1.40604786209372,12.85,0,0,41,0
18,10,88.9845017343353,6.51728955631387,1.40604786209372,20.87,0,0,22,0
18,10,88.9845017343353,6.51728955631387,1.40604786209372,23.13,0,0,23,0
19,10,75.9917910468274,3.03005018505305,1.23640030615078,0,101,10000,0,1
19,10,75.9917910468274,3.03005018505305,1.23640030615078,11.94,0,0,81,0
19,10,75.9917910468274,3.03005018505305,1.23640030615078,13.67,0,0,89,0
19,10,75.9917910468274,3.03005018505305,1.23640030615078,15.26,0,0,73,0
19,10,75.9917910468274,3.03005018505305,1.23640030615078,16.76,0,0,45,0
20,10,63.1398886121442,5.17347897483838,0.782529572591526,0,101,10000,0,1
20,10,63.1398886121442,5.17347897483838,0.782529572591526,2.34,0,0,103,0
20,10,63.1398886121442,5.17347897483838,0.782529572591526,5.99,0,0,68,0
20,10,63.1398886121442,5.17347897483838,0.782529572591526,18.99,0,0,33,0
20,10,63.1398886121442,5.17347897483838,0.782529572591526,23,0,0,38,0
21,10,87.7556927840372,3.65248415759372,0.626731163467311,0,101,10000,0,1
21,10,87.7556927840372,3.65248415759372,0.626731163467311,16.43,0,0,45,0
21,10,87.7556927840372,3.65248415759372,0.626731163467311,16.71,0,0,50,0
21,10,87.7556927840372,3.65248415759372,0.626731163467311,18.52,0,0,51,0
21,10,87.7556927840372,3.65248415759372,0.626731163467311,19.75,0,0,48,0
22,10,82.3888541823936,3.51701819387171,1.12612302275363,0,101,10000,0,1
22,10,82.3888541823936,3.51701819387171,1.12612302275363,5.04,0,0,96,0
22,10,82.3888541823936,3.51701819387171,1.12612302275363,7.49,0,0,82,0
22,10,82.3888541823936,3.51701819387171,1.12612302275363,8.04,0,0,85,0
22,10,82.3888541823936,3.51701819387171,1.12612302275363,21.11,0,0,65,0
23,10,107.282164261474,6.02287713404144,0.872220150471587,0,101,10000,0,1
23,10,107.282164261474,6.02287713404144,0.872220150471587,1.03,0,0,54,0
23,10,107.282164261474,6.02287713404144,0.872220150471587,3.93,0,0,76,0
23,10,107.282164261474,6.02287713404144,0.872220150471587,13.03,0,0,58,0
23,10,107.282164261474,6.02287713404144,0.872220150471587,19.38,0,0,29,0
24,10,81.5221935004323,3.22199960445514,1.1206861887939,0,101,10000,0,1
24,10,81.5221935004323,3.22199960445514,1.1206861887939,3.42,0,0,95,0
24,10,81.5221935004323,3.22199960445514,1.1206861887939,11.13,0,0,74,0
24,10,81.5221935004323,3.22199960445514,1.1206861887939,16.66,0,0,70,0
24,10,81.5221935004323,3.22199960445514,1.1206861887939,17.24,0,0,75,0
25,10,71.271571160871,4.27514034669378,0.793750058254278,0,101,10000,0,1
25,10,71.271571160871,4.27514034669378,0.793750058254278,6.21,0,0,104,0
25,10,71.271571160871,4.27514034669378,0.793750058254278,8.64,0,0,106,0
25,10,71.271571160871,4.27514034669378,0.793750058254278,18.19,0,0,34,0
25,10,71.271571160871,4.27514034669378,0.793750058254278,20.91,0,0,58,0
26,10,91.1155265120279,3.454017377807,1.14117159618267,0,101,10000,0,1
26,10,91.1155265120279,3.454017377807,1.14117159618267,6.31,0,0,61,0
26,10,91.1155265120279,3.454017377807,1.14117159618267,7.32,0,0,88,0
26,10,91.1155265120279,3.454017377807,1.14117159618267,11.41,0,0,42,0
26,10,91.1155265120279,3.454017377807,1.14117159618267,19.28,0,0,43,0
27,10,50.0337104016509,4.32301708616554,1.63999629361417,0,101,10000,0,1
27,10,50.0337104016509,4.32301708616554,1.63999629361417,0.47,0,0,93,0
27,10,50.0337104016509,4.32301708616554,1.63999629361417,2.72,0,0,171,0
27,10,50.0337104016509,4.32301708616554,1.63999629361417,16.77,0,0,60,0
27,10,50.0337104016509,4.32301708616554,1.63999629361417,18.26,0,0,44,0
28,10,84.6137149197761,5.3406474456318,0.916972024068937,0,101,10000,0,1
28,10,84.6137149197761,5.3406474456318,0.916972024068937,4,0,0,77,0
28,10,84.6137149197761,5.3406474456318,0.916972024068937,6.74,0,0,74,0
28,10,84.6137149197761,5.3406474456318,0.916972024068937,11.26,0,0,61,0
28,10,84.6137149197761,5.3406474456318,0.916972024068937,17.77,0,0,41,0
29,10,92.7554067440129,4.20944455169701,1.16581462679278,0,101,10000,0,1
29,10,92.7554067440129,4.20944455169701,1.16581462679278,4.79,0,0,95,0
29,10,92.7554067440129,4.20944455169701,1.16581462679278,8.28,0,0,88,0
29,10,92.7554067440129,4.20944455169701,1.16581462679278,10.29,0,0,75,0
29,10,92.7554067440129,4.20944455169701,1.16581462679278,11.04,0,0,68,0
30,10,69.5906547512148,6.46217364527537,0.627281854959354,0,101,10000,0,1
30,10,69.5906547512148,6.46217364527537,0.627281854959354,2.38,0,0,93,0
30,10,69.5906547512148,6.46217364527537,0.627281854959354,7.88,0,0,79,0
30,10,69.5906547512148,6.46217364527537,0.627281854959354,10.78,0,0,52,0
30,10,69.5906547512148,6.46217364527537,0.627281854959354,19.17,0,0,27,0
31,30,57.089351571582,3.30655385874391,0.350139728341946,0,101,30000,0,1
31,30,57.089351571582,3.30655385874391,0.350139728341946,11.72,0,0,292,0
31,30,57.089351571582,3.30655385874391,0.350139728341946,14.16,0,0,304,0
31,30,57.089351571582,3.30655385874391,0.350139728341946,14.76,0,0,293,0
31,30,57.089351571582,3.30655385874391,0.350139728341946,20.93,0,0,227,0
32,30,78.1977133721965,3.52095161661877,1.3397952286139,0,101,30000,0,1
32,30,78.1977133721965,3.52095161661877,1.3397952286139,2.29,0,0,373,0
32,30,78.1977133721965,3.52095161661877,1.3397952286139,12.73,0,0,241,0
32,30,78.1977133721965,3.52095161661877,1.3397952286139,14.72,0,0,139,0
32,30,78.1977133721965,3.52095161661877,1.3397952286139,14.97,0,0,208,0
33,30,133.277839963335,7.01753936569329,1.02235613082546,0,101,30000,0,1
33,30,133.277839963335,7.01753936569329,1.02235613082546,3.53,0,0,185,0
33,30,133.277839963335,7.01753936569329,1.02235613082546,8.51,0,0,120,0
33,30,133.277839963335,7.01753936569329,1.02235613082546,11.66,0,0,88,0
33,30,133.277839963335,7.01753936569329,1.02235613082546,22.3,0,0,75,0
34,30,76.1666168073593,3.60081354013888,1.27896266375784,0,101,30000,0,1
34,30,76.1666168073593,3.60081354013888,1.27896266375784,1.6,0,0,321,0
34,30,76.1666168073593,3.60081354013888,1.27896266375784,5.6,0,0,329,0
34,30,76.1666168073593,3.60081354013888,1.27896266375784,16.71,0,0,192,0
34,30,76.1666168073593,3.60081354013888,1.27896266375784,18.88,0,0,142,0
35,30,41.6340988582632,8.44328985472543,1.99377356502293,0,101,30000,0,1
35,30,41.6340988582632,8.44328985472543,1.99377356502293,2.73,0,0,539,0
35,30,41.6340988582632,8.44328985472543,1.99377356502293,14.77,0,0,35,0
35,30,41.6340988582632,8.44328985472543,1.99377356502293,21.37,0,0,8,0
35,30,41.6340988582632,8.44328985472543,1.99377356502293,21.93,0,0,11,0
36,30,78.3248231083923,3.19898671786645,0.717872799999512,0,101,30000,0,1
36,30,78.3248231083923,3.19898671786645,0.717872799999512,10.3,0,0,290,0
36,30,78.3248231083923,3.19898671786645,0.717872799999512,10.41,0,0,290,0
36,30,78.3248231083923,3.19898671786645,0.717872799999512,11.91,0,0,263,0
36,30,78.3248231083923,3.19898671786645,0.717872799999512,12.62,0,0,267,0
37,30,66.5045363533496,3.95698340496073,0.863300119862637,0,101,30000,0,1
37,30,66.5045363533496,3.95698340496073,0.863300119862637,7.21,0,0,366,0
37,30,66.5045363533496,3.95698340496073,0.863300119862637,7.35,0,0,261,0
37,30,66.5045363533496,3.95698340496073,0.863300119862637,16.98,0,0,165,0
37,30,66.5045363533496,3.95698340496073,0.863300119862637,23.38,0,0,104,0
38,30,68.1685532612528,2.89074987141778,0.59795292968959,0,101,30000,0,1
38,30,68.1685532612528,2.89074987141778,0.59795292968959,4.07,0,0,289,0
38,30,68.1685532612528,2.89074987141778,0.59795292968959,8.07,0,0,293,0
38,30,68.1685532612528,2.89074987141778,0.59795292968959,14.13,0,0,294,0
38,30,68.1685532612528,2.89074987141778,0.59795292968959,15.03,0,0,273,0
39,30,44.8602710671109,4.8853309061969,0.857298831360189,0,101,30000,0,1
39,30,44.8602710671109,4.8853309061969,0.857298831360189,2.49,0,0,431,0
39,30,44.8602710671109,4.8853309061969,0.857298831360189,6.87,0,0,382,0
39,30,44.8602710671109,4.8853309061969,0.857298831360189,8.17,0,0,308,0
39,30,44.8602710671109,4.8853309061969,0.857298831360189,13.88,0,0,159,0
40,30,76.6368984478997,1.53271584689966,0.913620180118566,0,101,30000,0,1
40,30,76.6368984478997,1.53271584689966,0.913620180118566,10.36,0,0,387,0
40,30,76.6368984478997,1.53271584689966,0.913620180118566,15.21,0,0,315,0
40,30,76.6368984478997,1.53271584689966,0.913620180118566,16.72,0,0,387,0
40,30,76.6368984478997,1.53271584689966,0.913620180118566,19.49,0,0,432,0
41,30,125.341977316788,3.86745285730528,0.779898785862078,0,101,30000,0,1
41,30,125.341977316788,3.86745285730528,0.779898785862078,1.58,0,0,149,0
41,30,125.341977316788,3.86745285730528,0.779898785862078,6.92,0,0,181,0
41,30,125.341977316788,3.86745285730528,0.779898785862078,16.95,0,0,145,0
41,30,125.341977316788,3.86745285730528,0.779898785862078,19.37,0,0,112,0
42,30,40.3776167135555,2.19718316610336,1.07189323911505,0,101,30000,0,1
42,30,40.3776167135555,2.19718316610336,1.07189323911505,1.68,0,0,887,0
42,30,40.3776167135555,2.19718316610336,1.07189323911505,4.07,0,0,558,0
42,30,40.3776167135555,2.19718316610336,1.07189323911505,4.95,0,0,599,0
42,30,40.3776167135555,2.19718316610336,1.07189323911505,17.7,0,0,195,0
43,30,83.1538455852927,2.43375002115136,1.384104656959,0,101,30000,0,1
43,30,83.1538455852927,2.43375002115136,1.384104656959,10.16,0,0,268,0
43,30,83.1538455852927,2.43375002115136,1.384104656959,16.26,0,0,293,0
43,30,83.1538455852927,2.43375002115136,1.384104656959,16.64,0,0,344,0
43,30,83.1538455852927,2.43375002115136,1.384104656959,18.58,0,0,123,0
44,30,57.0555152884161,4.23391363622702,0.869296588695556,0,101,30000,0,1
44,30,57.0555152884161,4.23391363622702,0.869296588695556,1.81,0,0,268,0
44,30,57.0555152884161,4.23391363622702,0.869296588695556,17.47,0,0,223,0
44,30,57.0555152884161,4.23391363622702,0.869296588695556,20.56,0,0,99,0
44,30,57.0555152884161,4.23391363622702,0.869296588695556,22.23,0,0,117,0
45,30,82.8657230884758,4.37674939943421,0.822042072992781,0,101,30000,0,1
45,30,82.8657230884758,4.37674939943421,0.822042072992781,0.38,0,0,99,0
45,30,82.8657230884758,4.37674939943421,0.822042072992781,13.53,0,0,217,0
45,30,82.8657230884758,4.37674939943421,0.822042072992781,17.71,0,0,166,0
45,30,82.8657230884758,4.37674939943421,0.822042072992781,21.43,0,0,111,0
46,30,81.1028274958252,3.17362620713006,0.75774284529987,0,101,30000,0,1
46,30,81.1028274958252,3.17362620713006,0.75774284529987,2.24,0,0,306,0
46,30,81.1028274958252,3.17362620713006,0.75774284529987,12.54,0,0,272,0
46,30,81.1028274958252,3.17362620713006,0.75774284529987,20.2,0,0,161,0
46,30,81.1028274958252,3.17362620713006,0.75774284529987,22.17,0,0,113,0
47,30,80.7609723960482,4.56327549624324,0.955005131147531,0,101,30000,0,1
47,30,80.7609723960482,4.56327549624324,0.955005131147531,1.84,0,0,305,0
47,30,80.7609723960482,4.56327549624324,0.955005131147531,10.39,0,0,241,0
47,30,80.7609723960482,4.56327549624324,0.955005131147531,12.1,0,0,130,0
47,30,80.7609723960482,4.56327549624324,0.955005131147531,12.89,0,0,199,0
48,30,58.4426765567617,3.56123995010961,0.717441126396806,0,101,30000,0,1
48,30,58.4426765567617,3.56123995010961,0.717441126396806,0.54,0,0,187,0
48,30,58.4426765567617,3.56123995010961,0.717441126396806,0.9,0,0,229,0
48,30,58.4426765567617,3.56123995010961,0.717441126396806,1.01,0,0,328,0
48,30,58.4426765567617,3.56123995010961,0.717441126396806,14.18,0,0,268,0
49,30,47.8677136587306,4.59899559627758,1.19872483457685,0,101,30000,0,1
49,30,47.8677136587306,4.59899559627758,1.19872483457685,3.84,0,0,440,0
49,30,47.8677136587306,4.59899559627758,1.19872483457685,4.41,0,0,542,0
49,30,47.8677136587306,4.59899559627758,1.19872483457685,4.7,0,0,360,0
49,30,47.8677136587306,4.59899559627758,1.19872483457685,20.08,0,0,64,0
50,30,44.5333470622646,1.48432485814185,1.0573077463404,0,101,30000,0,1
50,30,44.5333470622646,1.48432485814185,1.0573077463404,10.25,0,0,581,0
50,30,44.5333470622646,1.48432485814185,1.0573077463404,14.5,0,0,651,0
50,30,44.5333470622646,1.48432485814185,1.0573077463404,14.77,0,0,245,0
50,30,44.5333470622646,1.48432485814185,1.0573077463404,18.19,0,0,414,0
51,30,46.4220903691087,4.06806699017076,1.93575841012535,0,101,30000,0,1
51,30,46.4220903691087,4.06806699017076,1.93575841012535,0.55,0,0,327,0
51,30,46.4220903691087,4.06806699017076,1.93575841012535,2.97,0,0,499,0
51,30,46.4220903691087,4.06806699017076,1.93575841012535,3.7,0,0,342,0
51,30,46.4220903691087,4.06806699017076,1.93575841012535,17.7,0,0,83,0
52,30,66.0998825487023,2.9431682950242,0.866281410761648,0,101,30000,0,1
52,30,66.0998825487023,2.9431682950242,0.866281410761648,9.43,0,0,418,0
52,30,66.0998825487023,2.9431682950242,0.866281410761648,12.91,0,0,235,0
52,30,66.0998825487023,2.9431682950242,0.866281410761648,13.36,0,0,299,0
52,30,66.0998825487023,2.9431682950242,0.866281410761648,16.01,0,0,215,0
53,30,63.1320335272624,3.38635444673564,0.747384101076568,0,101,30000,0,1
53,30,63.1320335272624,3.38635444673564,0.747384101076568,5.63,0,0,563,0
53,30,63.1320335272624,3.38635444673564,0.747384101076568,5.78,0,0,447,0
53,30,63.1320335272624,3.38635444673564,0.747384101076568,13.72,0,0,284,0
53,30,63.1320335272624,3.38635444673564,0.747384101076568,14.2,0,0,365,0
54,30,57.78020136931,3.71460812506008,1.18560083414728,0,101,30000,0,1
54,30,57.78020136931,3.71460812506008,1.18560083414728,1.56,0,0,304,0
54,30,57.78020136931,3.71460812506008,1.18560083414728,9.89,0,0,216,0
54,30,57.78020136931,3.71460812506008,1.18560083414728,12.68,0,0,251,0
54,30,57.78020136931,3.71460812506008,1.18560083414728,16.91,0,0,183,0
55,30,83.8514020726367,5.20707688526588,1.51976792652749,0,101,30000,0,1
55,30,83.8514020726367,5.20707688526588,1.51976792652749,9.39,0,0,218,0
55,30,83.8514020726367,5.20707688526588,1.51976792652749,16.55,0,0,103,0
55,30,83.8514020726367,5.20707688526588,1.51976792652749,19.36,0,0,108,0
55,30,83.8514020726367,5.20707688526588,1.51976792652749,21.52,0,0,101,0
56,30,38.2282359680797,5.99143735011972,1.00774529821828,0,101,30000,0,1
56,30,38.2282359680797,5.99143735011972,1.00774529821828,9.92,0,0,124,0
56,30,38.2282359680797,5.99143735011972,1.00774529821828,17.59,0,0,69,0
56,30,38.2282359680797,5.99143735011972,1.00774529821828,20.1,0,0,41,0
56,30,38.2282359680797,5.99143735011972,1.00774529821828,21.98,0,0,31,0
57,30,67.433151351765,3.39722645198565,1.28925341294477,0,101,30000,0,1
57,30,67.433151351765,3.39722645198565,1.28925341294477,7.82,0,0,272,0
57,30,67.433151351765,3.39722645198565,1.28925341294477,12.07,0,0,243,0
57,30,67.433151351765,3.39722645198565,1.28925341294477,15.79,0,0,186,0
57,30,67.433151351765,3.39722645198565,1.28925341294477,21.07,0,0,183,0
58,30,68.5658315417066,3.76097088680304,0.792967117058843,0,101,30000,0,1
58,30,68.5658315417066,3.76097088680304,0.792967117058843,3.21,0,0,330,0
58,30,68.5658315417066,3.76097088680304,0.792967117058843,5,0,0,404,0
58,30,68.5658315417066,3.76097088680304,0.792967117058843,19.53,0,0,170,0
58,30,68.5658315417066,3.76097088680304,0.792967117058843,20.44,0,0,116,0
59,30,51.7209898780594,3.9307862758685,0.96191172959445,0,101,30000,0,1
59,30,51.7209898780594,3.9307862758685,0.96191172959445,1.63,0,0,386,0
59,30,51.7209898780594,3.9307862758685,0.96191172959445,5.34,0,0,499,0
59,30,51.7209898780594,3.9307862758685,0.96191172959445,7.25,0,0,399,0
59,30,51.7209898780594,3.9307862758685,0.96191172959445,17.25,0,0,163,0
60,30,132.951177654267,3.99595776032785,1.68649264243681,0,101,30000,0,1
60,30,132.951177654267,3.99595776032785,1.68649264243681,0.92,0,0,193,0
60,30,132.951177654267,3.99595776032785,1.68649264243681,15.26,0,0,133,0
60,30,132.951177654267,3.99595776032785,1.68649264243681,16.17,0,0,135,0
60,30,132.951177654267,3.99595776032785,1.68649264243681,18.04,0,0,125,0
61,60,58.7554603933721,5.13324951277327,1.0134565704651,0,101,60000,0,1
61,60,58.7554603933721,5.13324951277327,1.0134565704651,2.97,0,0,872,0
61,60,58.7554603933721,5.13324951277327,1.0134565704651,10.2,0,0,571,0
61,60,58.7554603933721,5.13324951277327,1.0134565704651,13.93,0,0,351,0
61,60,58.7554603933721,5.13324951277327,1.0134565704651,17.89,0,0,214,0
62,60,58.1997218390384,5.32871119658445,1.02012658090874,0,101,60000,0,1
62,60,58.1997218390384,5.32871119658445,1.02012658090874,15.79,0,0,333,0
62,60,58.1997218390384,5.32871119658445,1.02012658090874,16.96,0,0,252,0
62,60,58.1997218390384,5.32871119658445,1.02012658090874,20.75,0,0,166,0
62,60,58.1997218390384,5.32871119658445,1.02012658090874,21.56,0,0,129,0
63,60,50.309605236994,5.34594892117231,0.596738549869443,0,101,60000,0,1
63,60,50.309605236994,5.34594892117231,0.596738549869443,6.1,0,0,834,0
63,60,50.309605236994,5.34594892117231,0.596738549869443,7.01,0,0,655,0
63,60,50.309605236994,5.34594892117231,0.596738549869443,10.24,0,0,678,0
63,60,50.309605236994,5.34594892117231,0.596738549869443,18.85,0,0,179,0
64,60,63.9577890947484,2.78703254343009,1.63410957563094,0,101,60000,0,1
64,60,63.9577890947484,2.78703254343009,1.63410957563094,6.78,0,0,575,0
64,60,63.9577890947484,2.78703254343009,1.63410957563094,8.4,0,0,740,0
64,60,63.9577890947484,2.78703254343009,1.63410957563094,18.47,0,0,297,0
64,60,63.9577890947484,2.78703254343009,1.63410957563094,20.56,0,0,465,0
65,60,63.7653811366506,4.10088726822628,0.66694719808385,0,101,60000,0,1
65,60,63.7653811366506,4.10088726822628,0.66694719808385,0.26,0,0,152,0
65,60,63.7653811366506,4.10088726822628,0.66694719808385,2.25,0,0,917,0
65,60,63.7653811366506,4.10088726822628,0.66694719808385,3.33,0,0,764,0
65,60,63.7653811366506,4.10088726822628,0.66694719808385,15.18,0,0,336,0
66,60,101.60764570133,1.97409336249935,1.36593623490976,0,101,60000,0,1
66,60,101.60764570133,1.97409336249935,1.36593623490976,2.25,0,0,702,0
66,60,101.60764570133,1.97409336249935,1.36593623490976,8.35,0,0,545,0
66,60,101.60764570133,1.97409336249935,1.36593623490976,13.18,0,0,561,0
66,60,101.60764570133,1.97409336249935,1.36593623490976,15.78,0,0,374,0
67,60,30.6020455768403,4.27425763131627,1.0604670957395,0,101,60000,0,1
67,60,30.6020455768403,4.27425763131627,1.0604670957395,6.16,0,0,594,0
67,60,30.6020455768403,4.27425763131627,1.0604670957395,6.5,0,0,962,0
67,60,30.6020455768403,4.27425763131627,1.0604670957395,11.17,0,0,523,0
67,60,30.6020455768403,4.27425763131627,1.0604670957395,13.39,0,0,279,0
68,60,77.1446465553768,2.56151054076504,1.16808829202258,0,101,60000,0,1
68,60,77.1446465553768,2.56151054076504,1.16808829202258,10.6,0,0,685,0
68,60,77.1446465553768,2.56151054076504,1.16808829202258,22.25,0,0,302,0
68,60,77.1446465553768,2.56151054076504,1.16808829202258,22.99,0,0,372,0
68,60,77.1446465553768,2.56151054076504,1.16808829202258,23.05,0,0,470,0
69,60,84.7686756897262,4.63069545682942,1.11852730890104,0,101,60000,0,1
69,60,84.7686756897262,4.63069545682942,1.11852730890104,0.1,0,0,134,0
69,60,84.7686756897262,4.63069545682942,1.11852730890104,9.19,0,0,372,0
69,60,84.7686756897262,4.63069545682942,1.11852730890104,11.61,0,0,269,0
69,60,84.7686756897262,4.63069545682942,1.11852730890104,13.19,0,0,362,0
70,60,100.959140186559,3.52591290556401,0.502926178983226,0,101,60000,0,1
70,60,100.959140186559,3.52591290556401,0.502926178983226,14.4,0,0,319,0
70,60,100.959140186559,3.52591290556401,0.502926178983226,17.36,0,0,342,0
70,60,100.959140186559,3.52591290556401,0.502926178983226,21.05,0,0,300,0
70,60,100.959140186559,3.52591290556401,0.502926178983226,23.2,0,0,261,0
71,60,88.6376106129357,6.40677175303894,1.2069847698697,0,101,60000,0,1
71,60,88.6376106129357,6.40677175303894,1.2069847698697,10.35,0,0,309,0
71,60,88.6376106129357,6.40677175303894,1.2069847698697,10.47,0,0,423,0
71,60,88.6376106129357,6.40677175303894,1.2069847698697,19.32,0,0,239,0
71,60,88.6376106129357,6.40677175303894,1.2069847698697,23.31,0,0,141,0
72,60,61.2591246687892,7.41452277904484,0.936134511118039,0,101,60000,0,1
72,60,61.2591246687892,7.41452277904484,0.936134511118039,1.65,0,0,431,0
72,60,61.2591246687892,7.41452277904484,0.936134511118039,6.09,0,0,702,0
72,60,61.2591246687892,7.41452277904484,0.936134511118039,8.37,0,0,449,0
72,60,61.2591246687892,7.41452277904484,0.936134511118039,14.1,0,0,182,0
73,60,45.8282337318457,3.6090582944464,1.55589104857513,0,101,60000,0,1
73,60,45.8282337318457,3.6090582944464,1.55589104857513,9.16,0,0,860,0
73,60,45.8282337318457,3.6090582944464,1.55589104857513,13.02,0,0,660,0
73,60,45.8282337318457,3.6090582944464,1.55589104857513,16.62,0,0,369,0
73,60,45.8282337318457,3.6090582944464,1.55589104857513,16.66,0,0,424,0
74,60,59.9565274162487,2.7224147913065,1.02570967353958,0,101,60000,0,1
74,60,59.9565274162487,2.7224147913065,1.02570967353958,3.96,0,0,809,0
74,60,59.9565274162487,2.7224147913065,1.02570967353958,9.29,0,0,881,0
74,60,59.9565274162487,2.7224147913065,1.02570967353958,10.76,0,0,516,0
74,60,59.9565274162487,2.7224147913065,1.02570967353958,17.91,0,0,430,0
75,60,62.6425548504896,3.49677985717136,0.945036767524547,0,101,60000,0,1
75,60,62.6425548504896,3.49677985717136,0.945036767524547,2.87,0,0,618,0
75,60,62.6425548504896,3.49677985717136,0.945036767524547,7.3,0,0,834,0
75,60,62.6425548504896,3.49677985717136,0.945036767524547,10.87,0,0,697,0
75,60,62.6425548504896,3.49677985717136,0.945036767524547,11.95,0,0,548,0
76,60,91.1718790472236,3.88317895656489,0.803933316699777,0,101,60000,0,1
76,60,91.1718790472236,3.88317895656489,0.803933316699777,0.75,0,0,398,0
76,60,91.1718790472236,3.88317895656489,0.803933316699777,5.88,0,0,592,0
76,60,91.1718790472236,3.88317895656489,0.803933316699777,13.54,0,0,318,0
76,60,91.1718790472236,3.88317895656489,0.803933316699777,17.79,0,0,227,0
77,60,121.237766550717,5.89151152788238,0.949215737921775,0,101,60000,0,1
77,60,121.237766550717,5.89151152788238,0.949215737921775,10.59,0,0,304,0
77,60,121.237766550717,5.89151152788238,0.949215737921775,13.54,0,0,225,0
77,60,121.237766550717,5.89151152788238,0.949215737921775,18.82,0,0,238,0
77,60,121.237766550717,5.89151152788238,0.949215737921775,23.08,0,0,131,0
78,60,71.1007662658917,4.02161637659944,0.831008931740223,0,101,60000,0,1
78,60,71.1007662658917,4.02161637659944,0.831008931740223,9.99,0,0,429,0
78,60,71.1007662658917,4.02161637659944,0.831008931740223,16.03,0,0,345,0
78,60,71.1007662658917,4.02161637659944,0.831008931740223,20.22,0,0,216,0
78,60,71.1007662658917,4.02161637659944,0.831008931740223,20.36,0,0,243,0
79,60,77.8082806028424,3.44885040519948,1.47433335888869,0,101,60000,0,1
79,60,77.8082806028424,3.44885040519948,1.47433335888869,0.54,0,0,356,0
79,60,77.8082806028424,3.44885040519948,1.47433335888869,4.61,0,0,600,0
79,60,77.8082806028424,3.44885040519948,1.47433335888869,13.94,0,0,432,0
79,60,77.8082806028424,3.44885040519948,1.47433335888869,15.07,0,0,339,0
80,60,109.619182902824,4.03462520845726,1.02068310101911,0,101,60000,0,1
80,60,109.619182902824,4.03462520845726,1.02068310101911,1.21,0,0,338,0
80,60,109.619182902824,4.03462520845726,1.02068310101911,3.97,0,0,305,0
80,60,109.619182902824,4.03462520845726,1.02068310101911,12.37,0,0,368,0
80,60,109.619182902824,4.03462520845726,1.02068310101911,14.35,0,0,357,0
81,60,48.5364280800977,3.17956567215676,1.82159482986253,0,101,60000,0,1
81,60,48.5364280800977,3.17956567215676,1.82159482986253,6.32,0,0,685,0
81,60,48.5364280800977,3.17956567215676,1.82159482986253,14.58,0,0,389,0
81,60,48.5364280800977,3.17956567215676,1.82159482986253,15.02,0,0,625,0
81,60,48.5364280800977,3.17956567215676,1.82159482986253,16.44,0,0,455,0
82,60,76.1684261260173,3.69673128029648,1.2073642647914,0,101,60000,0,1
82,60,76.1684261260173,3.69673128029648,1.2073642647914,3.52,0,0,1028,0
82,60,76.1684261260173,3.69673128029648,1.2073642647914,8.42,0,0,430,0
82,60,76.1684261260173,3.69673128029648,1.2073642647914,19.82,0,0,242,0
82,60,76.1684261260173,3.69673128029648,1.2073642647914,20.38,0,0,291,0
83,60,73.3448108627477,3.23074543992989,0.624814178602786,0,101,60000,0,1
83,60,73.3448108627477,3.23074543992989,0.624814178602786,12.37,0,0,537,0
83,60,73.3448108627477,3.23074543992989,0.624814178602786,14.84,0,0,576,0
83,60,73.3448108627477,3.23074543992989,0.624814178602786,16.3,0,0,491,0
83,60,73.3448108627477,3.23074543992989,0.624814178602786,17.39,0,0,327,0
84,60,47.6546155825759,3.74017447091142,1.1441235718083,0,101,60000,0,1
84,60,47.6546155825759,3.74017447091142,1.1441235718083,7.03,0,0,776,0
84,60,47.6546155825759,3.74017447091142,1.1441235718083,11.09,0,0,586,0
84,60,47.6546155825759,3.74017447091142,1.1441235718083,22.55,0,0,248,0
84,60,47.6546155825759,3.74017447091142,1.1441235718083,23.44,0,0,290,0
85,60,54.5856362475865,4.17548073417396,1.76424701493385,0,101,60000,0,1
85,60,54.5856362475865,4.17548073417396,1.76424701493385,3.04,0,0,869,0
85,60,54.5856362475865,4.17548073417396,1.76424701493385,4.71,0,0,807,0
85,60,54.5856362475865,4.17548073417396,1.76424701493385,4.8,0,0,881,0
85,60,54.5856362475865,4.17548073417396,1.76424701493385,17.95,0,0,305,0
86,60,47.4578700148322,3.46953213215573,0.72071184680293,0,101,60000,0,1
86,60,47.4578700148322,3.46953213215573,0.72071184680293,1.85,0,0,909,0
86,60,47.4578700148322,3.46953213215573,0.72071184680293,3.86,0,0,579,0
86,60,47.4578700148322,3.46953213215573,0.72071184680293,6.07,0,0,875,0
86,60,47.4578700148322,3.46953213215573,0.72071184680293,18.46,0,0,360,0
87,60,51.1308258750399,3.50469825739739,1.42826764872349,0,101,60000,0,1
87,60,51.1308258750399,3.50469825739739,1.42826764872349,5.8,0,0,1097,0
87,60,51.1308258750399,3.50469825739739,1.42826764872349,12.71,0,0,568,0
87,60,51.1308258750399,3.50469825739739,1.42826764872349,19.44,0,0,338,0
87,60,51.1308258750399,3.50469825739739,1.42826764872349,22.14,0,0,342,0
88,60,89.0439975035018,3.71440396532808,1.26109331213716,0,101,60000,0,1
88,60,89.0439975035018,3.71440396532808,1.26109331213716,5.19,0,0,926,0
88,60,89.0439975035018,3.71440396532808,1.26109331213716,7.45,0,0,503,0
88,60,89.0439975035018,3.71440396532808,1.26109331213716,11.82,0,0,384,0
88,60,89.0439975035018,3.71440396532808,1.26109331213716,17.95,0,0,282,0
89,60,109.895725042694,2.98939450917489,1.50246656659878,0,101,60000,0,1
89,60,109.895725042694,2.98939450917489,1.50246656659878,9.23,0,0,459,0
89,60,109.895725042694,2.98939450917489,1.50246656659878,16.77,0,0,427,0
89,60,109.895725042694,2.98939450917489,1.50246656659878,23.04,0,0,325,0
89,60,109.895725042694,2.98939450917489,1.50246656659878,23.26,0,0,357,0
90,60,100.043585945881,4.06256346843244,0.893354579319281,0,101,60000,0,1
90,60,100.043585945881,4.06256346843244,0.893354579319281,0.44,0,0,245,0
90,60,100.043585945881,4.06256346843244,0.893354579319281,6.54,0,0,489,0
90,60,100.043585945881,4.06256346843244,0.893354579319281,11.03,0,0,450,0
90,60,100.043585945881,4.06256346843244,0.893354579319281,17.78,0,0,368,0
91,120,95.2310659351039,5.15178999050756,0.774233017858054,0,101,120000,0,1
91,120,95.2310659351039,5.15178999050756,0.774233017858054,0.09,0,0,66,0
91,120,95.2310659351039,5.15178999050756,0.774233017858054,2.11,0,0,734,0
91,120,95.2310659351039,5.15178999050756,0.774233017858054,3.13,0,0,1192,0
91,120,95.2310659351039,5.15178999050756,0.774233017858054,21.74,0,0,352,0
92,120,91.5813843163783,5.32844251832196,0.972154438136273,0,101,120000,0,1
92,120,91.5813843163783,5.32844251832196,0.972154438136273,4.12,0,0,1015,0
92,120,91.5813843163783,5.32844251832196,0.972154438136273,12.38,0,0,595,0
92,120,91.5813843163783,5.32844251832196,0.972154438136273,15.03,0,0,441,0
92,120,91.5813843163783,5.32844251832196,0.972154438136273,22.61,0,0,439,0
93,120,81.6081009689064,3.25623542765505,0.753918838007765,0,101,120000,0,1
93,120,81.6081009689064,3.25623542765505,0.753918838007765,7.08,0,0,1045,0
93,120,81.6081009689064,3.25623542765505,0.753918838007765,16.85,0,0,697,0
93,120,81.6081009689064,3.25623542765505,0.753918838007765,20.75,0,0,524,0
93,120,81.6081009689064,3.25623542765505,0.753918838007765,22.39,0,0,603,0
94,120,60.3965104954173,4.47345288282908,0.896138648013913,0,101,120000,0,1
94,120,60.3965104954173,4.47345288282908,0.896138648013913,0.76,0,0,1078,0
94,120,60.3965104954173,4.47345288282908,0.896138648013913,10.66,0,0,708,0
94,120,60.3965104954173,4.47345288282908,0.896138648013913,12.07,0,0,1118,0
94,120,60.3965104954173,4.47345288282908,0.896138648013913,22.01,0,0,370,0
95,120,52.3603811479856,4.67894677846322,1.58714703745776,0,101,120000,0,1
95,120,52.3603811479856,4.67894677846322,1.58714703745776,4.17,0,0,1797,0
95,120,52.3603811479856,4.67894677846322,1.58714703745776,9.52,0,0,800,0
95,120,52.3603811479856,4.67894677846322,1.58714703745776,20.68,0,0,490,0
95,120,52.3603811479856,4.67894677846322,1.58714703745776,23.42,0,0,382,0
96,120,54.0906703664545,3.12874633556379,1.56596895978155,0,101,120000,0,1
96,120,54.0906703664545,3.12874633556379,1.56596895978155,6.21,0,0,1535,0
96,120,54.0906703664545,3.12874633556379,1.56596895978155,15.7,0,0,923,0
96,120,54.0906703664545,3.12874633556379,1.56596895978155,16.31,0,0,1030,0
96,120,54.0906703664545,3.12874633556379,1.56596895978155,22.57,0,0,891,0
97,120,80.6914502597293,1.95076763616171,0.793909359568152,0,101,120000,0,1
97,120,80.6914502597293,1.95076763616171,0.793909359568152,0.49,0,0,454,0
97,120,80.6914502597293,1.95076763616171,0.793909359568152,2.97,0,0,1235,0
97,120,80.6914502597293,1.95076763616171,0.793909359568152,15.93,0,0,1125,0
97,120,80.6914502597293,1.95076763616171,0.793909359568152,22.33,0,0,867,0
98,120,90.3109368046065,4.23230873900227,1.29870406149105,0,101,120000,0,1
98,120,90.3109368046065,4.23230873900227,1.29870406149105,1.13,0,0,1066,0
98,120,90.3109368046065,4.23230873900227,1.29870406149105,8.37,0,0,816,0
98,120,90.3109368046065,4.23230873900227,1.29870406149105,9.07,0,0,969,0
98,120,90.3109368046065,4.23230873900227,1.29870406149105,23.59,0,0,431,0
99,120,52.6012334661946,5.46653882488063,0.654485197743208,0,101,120000,0,1
99,120,52.6012334661946,5.46653882488063,0.654485197743208,0.19,0,0,421,0
99,120,52.6012334661946,5.46653882488063,0.654485197743208,1.25,0,0,1056,0
99,120,52.6012334661946,5.46653882488063,0.654485197743208,4.94,0,0,1590,0
99,120,52.6012334661946,5.46653882488063,0.654485197743208,15.11,0,0,612,0
100,120,46.0657559668864,4.37101015823934,1.14189796770402,0,101,120000,0,1
100,120,46.0657559668864,4.37101015823934,1.14189796770402,5.26,0,0,1449,0
100,120,46.0657559668864,4.37101015823934,1.14189796770402,6.72,0,0,2008,0
100,120,46.0657559668864,4.37101015823934,1.14189796770402,12.23,0,0,735,0
100,120,46.0657559668864,4.37101015823934,1.14189796770402,21.34,0,0,440,0
101,120,66.0980850919271,3.53516116239479,0.953390593204578,0,101,120000,0,1
101,120,66.0980850919271,3.53516116239479,0.953390593204578,2.34,0,0,1505,0
101,120,66.0980850919271,3.53516116239479,0.953390593204578,13.83,0,0,1205,0
101,120,66.0980850919271,3.53516116239479,0.953390593204578,16.96,0,0,794,0
101,120,66.0980850919271,3.53516116239479,0.953390593204578,16.99,0,0,844,0
102,120,46.0272859573865,3.1197784683988,0.939250339597634,0,101,120000,0,1
102,120,46.0272859573865,3.1197784683988,0.939250339597634,8.86,0,0,1410,0
102,120,46.0272859573865,3.1197784683988,0.939250339597634,17.64,0,0,633,0
102,120,46.0272859573865,3.1197784683988,0.939250339597634,20.51,0,0,854,0
102,120,46.0272859573865,3.1197784683988,0.939250339597634,22.41,0,0,723,0
103,120,78.6984511772485,6.06530111153688,0.888885877633498,0,101,120000,0,1
103,120,78.6984511772485,6.06530111153688,0.888885877633498,0.96,0,0,747,0
103,120,78.6984511772485,6.06530111153688,0.888885877633498,3.19,0,0,1690,0
103,120,78.6984511772485,6.06530111153688,0.888885877633498,18.99,0,0,446,0
103,120,78.6984511772485,6.06530111153688,0.888885877633498,23.78,0,0,319,0
104,120,90.0606227818132,3.39207801701294,1.59717808372937,0,101,120000,0,1
104,120,90.0606227818132,3.39207801701294,1.59717808372937,8.74,0,0,1092,0
104,120,90.0606227818132,3.39207801701294,1.59717808372937,14.37,0,0,833,0
104,120,90.0606227818132,3.39207801701294,1.59717808372937,15,0,0,790,0
104,120,90.0606227818132,3.39207801701294,1.59717808372937,20.32,0,0,488,0
105,120,67.7017753858014,5.52264918146564,1.22696690454513,0,101,120000,0,1
105,120,67.7017753858014,5.52264918146564,1.22696690454513,6.44,0,0,1006,0
105,120,67.7017753858014,5.52264918146564,1.22696690454513,20.04,0,0,442,0
105,120,67.7017753858014,5.52264918146564,1.22696690454513,20.8,0,0,375,0
105,120,67.7017753858014,5.52264918146564,1.22696690454513,22.32,0,0,333,0
106,120,113.637474631067,5.1346771615768,0.955890509478585,0,101,120000,0,1
106,120,113.637474631067,5.1346771615768,0.955890509478585,0.11,0,0,129,0
106,120,113.637474631067,5.1346771615768,0.955890509478585,5.83,0,0,1002,0
106,120,113.637474631067,5.1346771615768,0.955890509478585,18.37,0,0,357,0
106,120,113.637474631067,5.1346771615768,0.955890509478585,23.52,0,0,432,0
107,120,80.9129714352317,2.73955658801536,0.734903174199544,0,101,120000,0,1
107,120,80.9129714352317,2.73955658801536,0.734903174199544,1.02,0,0,1019,0
107,120,80.9129714352317,2.73955658801536,0.734903174199544,15.49,0,0,1019,0
107,120,80.9129714352317,2.73955658801536,0.734903174199544,20.38,0,0,1105,0
107,120,80.9129714352317,2.73955658801536,0.734903174199544,20.81,0,0,742,0
108,120,71.8574147917763,2.44562541488512,1.15691597755397,0,101,120000,0,1
108,120,71.8574147917763,2.44562541488512,1.15691597755397,0.29,0,0,677,0
108,120,71.8574147917763,2.44562541488512,1.15691597755397,4.68,0,0,974,0
108,120,71.8574147917763,2.44562541488512,1.15691597755397,12.16,0,0,1003,0
108,120,71.8574147917763,2.44562541488512,1.15691597755397,12.98,0,0,1408,0
109,120,74.5872495507438,3.58240148883619,0.784470218553378,0,101,120000,0,1
109,120,74.5872495507438,3.58240148883619,0.784470218553378,13.92,0,0,692,0
109,120,74.5872495507438,3.58240148883619,0.784470218553378,15.3,0,0,990,0
109,120,74.5872495507438,3.58240148883619,0.784470218553378,17.09,0,0,747,0
109,120,74.5872495507438,3.58240148883619,0.784470218553378,19.29,0,0,622,0
110,120,51.1083529701862,3.63626076277286,1.28379028434567,0,101,120000,0,1
110,120,51.1083529701862,3.63626076277286,1.28379028434567,5.73,0,0,2152,0
110,120,51.1083529701862,3.63626076277286,1.28379028434567,9.78,0,0,1343,0
110,120,51.1083529701862,3.63626076277286,1.28379028434567,16.43,0,0,964,0
110,120,51.1083529701862,3.63626076277286,1.28379028434567,21.55,0,0,375,0
111,120,83.55334874244,6.38915005400574,1.04212619203884,0,101,120000,0,1
111,120,83.55334874244,6.38915005400574,1.04212619203884,4.3,0,0,775,0
111,120,83.55334874244,6.38915005400574,1.04212619203884,8.58,0,0,877,0
111,120,83.55334874244,6.38915005400574,1.04212619203884,11.13,0,0,655,0
111,120,83.55334874244,6.38915005400574,1.04212619203884,17.92,0,0,510,0
112,120,71.7321683266008,5.52749128027299,0.790746667902992,0,101,120000,0,1
112,120,71.7321683266008,5.52749128027299,0.790746667902992,2.33,0,0,1665,0
112,120,71.7321683266008,5.52749128027299,0.790746667902992,12.83,0,0,763,0
112,120,71.7321683266008,5.52749128027299,0.790746667902992,15.67,0,0,541,0
112,120,71.7321683266008,5.52749128027299,0.790746667902992,20.9,0,0,495,0
113,120,100.136464175959,4.72165874728186,0.669574377733008,0,101,120000,0,1
113,120,100.136464175959,4.72165874728186,0.669574377733008,7.59,0,0,785,0
113,120,100.136464175959,4.72165874728186,0.669574377733008,14.66,0,0,508,0
113,120,100.136464175959,4.72165874728186,0.669574377733008,17.66,0,0,589,0
113,120,100.136464175959,4.72165874728186,0.669574377733008,23.89,0,0,288,0
114,120,83.55334874244,6.38915005400574,1.04212619203884,0,101,120000,0,1
114,120,83.55334874244,6.38915005400574,1.04212619203884,4.3,0,0,775,0
114,120,83.55334874244,6.38915005400574,1.04212619203884,8.58,0,0,877,0
114,120,83.55334874244,6.38915005400574,1.04212619203884,11.13,0,0,655,0
114,120,83.55334874244,6.38915005400574,1.04212619203884,17.92,0,0,510,0
115,120,57.5640628259116,6.88909139227253,0.67352400793998,0,101,120000,0,1
115,120,57.5640628259116,6.88909139227253,0.67352400793998,3.87,0,0,1213,0
115,120,57.5640628259116,6.88909139227253,0.67352400793998,4.04,0,0,1349,0
115,120,57.5640628259116,6.88909139227253,0.67352400793998,8.95,0,0,1114,0
115,120,57.5640628259116,6.88909139227253,0.67352400793998,11.99,0,0,586,0
116,120,86.6651089783801,3.53991335071817,0.824755985816178,0,101,120000,0,1
116,120,86.6651089783801,3.53991335071817,0.824755985816178,4.9,0,0,1078,0
116,120,86.6651089783801,3.53991335071817,0.824755985816178,9.6,0,0,1952,0
116,120,86.6651089783801,3.53991335071817,0.824755985816178,22.86,0,0,776,0
116,120,86.6651089783801,3.53991335071817,0.824755985816178,23.04,0,0,564,0
117,120,58.4124440077415,4.61386499780473,0.75314795986154,0,101,120000,0,1
117,120,58.4124440077415,4.61386499780473,0.75314795986154,4.53,0,0,2067,0
117,120,58.4124440077415,4.61386499780473,0.75314795986154,14.52,0,0,705,0
117,120,58.4124440077415,4.61386499780473,0.75314795986154,16.25,0,0,1038,0
117,120,58.4124440077415,4.61386499780473,0.75314795986154,23.4,0,0,307,0
118,120,76.0023306589238,2.78048741836975,0.673806557474828,0,101,120000,0,1
118,120,76.0023306589238,2.78048741836975,0.673806557474828,2.56,0,0,954,0
118,120,76.0023306589238,2.78048741836975,0.673806557474828,3.02,0,0,1192,0
118,120,76.0023306589238,2.78048741836975,0.673806557474828,8.15,0,0,1216,0
118,120,76.0023306589238,2.78048741836975,0.673806557474828,21.21,0,0,714,0
119,120,62.5997848067292,3.2570680901455,1.31952403802501,0,101,120000,0,1
119,120,62.5997848067292,3.2570680901455,1.31952403802501,3.75,0,0,1540,0
119,120,62.5997848067292,3.2570680901455,1.31952403802501,19.74,0,0,829,0
119,120,62.5997848067292,3.2570680901455,1.31952403802501,20.49,0,0,584,0
119,120,62.5997848067292,3.2570680901455,1.31952403802501,23.47,0,0,682,0
120,120,44.2200601883411,4.83879161693161,1.12984759531506,0,101,120000,0,1
120,120,44.2200601883411,4.83879161693161,1.12984759531506,5.75,0,0,1586,0
120,120,44.2200601883411,4.83879161693161,1.12984759531506,9.72,0,0,1133,0
120,120,44.2200601883411,4.83879161693161,1.12984759531506,11.72,0,0,967,0
120,120,44.2200601883411,4.83879161693161,1.12984759531506,19.23,0,0,240,0
