ID,DOSE,V,CL,KA,TIME,EVID,AMT,DV,EVIDNM
1,10,80.2518450688749,4.08437997960033,0.670292075454263,0,101,10000,0,1
1,10,80.2518450688749,4.08437997960033,0.670292075454263,6.31,0,0,116,0
1,10,80.2518450688749,4.08437997960033,0.670292075454263,7.03,0,0,94,0
1,10,80.2518450688749,4.08437997960033,0.670292075454263,9.6,0,0,62,0
1,10,80.2518450688749,4.08437997960033,0.670292075454263,20.66,0,0,65,0
2,10,51.9264358537371,4.54844363368687,0.727395263699148,0,101,10000,0,1
2,10,51.9264358537371,4.54844363368687,0.727395263699148,0.93,0,0,121,0
2,10,51.9264358537371,4.54844363368687,0.727395263699148,14.53,0,0,42,0
2,10,51.9264358537371,4.54844363368687,0.727395263699148,20.25,0,0,35,0
2,10,51.9264358537371,4.54844363368687,0.727395263699148,22.71,0,0,23,0
3,10,40.4031749315801,5.72227866656233,0.928353093297082,0,101,10000,0,1
3,10,40.4031749315801,5.72227866656233,0.928353093297082,9.44,0,0,70,0
3,10,40.4031749315801,5.72227866656233,0.928353093297082,15.29,0,0,32,0
3,10,40.4031749315801,5.72227866656233,0.928353093297082,23.25,0,0,11,0
3,10,40.4031749315801,5.72227866656233,0.928353093297082,23.58,0,0,8,0
4,10,70.0434388971283,3.71564441351879,0.659252869859518,0,101,10000,0,1
4,10,70.0434388971283,3.71564441351879,0.659252869859518,5.62,0,0,94,0
4,10,70.0434388971283,3.71564441351879,0.659252869859518,9.29,0,0,79,0
4,10,70.0434388971283,3.71564441351879,0.659252869859518,11.03,0,0,85,0
4,10,70.0434388971283,3.71564441351879,0.659252869859518,14.58,0,0,85,0
5,10,85.9036235928848,3.30615639789747,0.82882160645061,0,101,10000,0,1
5,10,85.9036235928848,3.30615639789747,0.82882160645061,6.05,0,0,109,0
5,10,85.9036235928848,3.30615639789747,0.82882160645061,11.04,0,0,96,0
5,10,85.9036235928848,3.30615639789747,0.82882160645061,13.01,0,0,64,0
5,10,85.9036235928848,3.30615639789747,0.82882160645061,20.91,0,0,48,0
6,10,142.395108542229,2.82497669852172,1.27581297059242,0,101,10000,0,1
6,10,142.395108542229,2.82497669852172,1.27581297059242,0.13,0,0,14,0
6,10,142.395108542229,2.82497669852172,1.27581297059242,5.85,0,0,53,0
6,10,142.395108542229,2.82497669852172,1.27581297059242,7.38,0,0,65,0
6,10,142.395108542229,2.82497669852172,1.27581297059242,15.61,0,0,52,0
7,10,98.5215158934556,5.40222140509113,1.12147198535819,0,101,10000,0,1
7,10,98.5215158934556,5.40222140509113,1.12147198535819,2.87,0,0,107,0
7,10,98.5215158934556,5.40222140509113,1.12147198535819,11.24,0,0,79,0
7,10,98.5215158934556,5.40222140509113,1.12147198535819,12.37,0,0,56,0
7,10,98.5215158934556,5.40222140509113,1.12147198535819,16.25,0,0,37,0
8,10,47.5265667912918,4.15782775924007,0.489846088192757,0,101,10000,0,1
8,10,47.5265667912918,4.15782775924007,0.489846088192757,12.14,0,0,75,0
8,10,47.5265667912918,4.15782775924007,0.489846088192757,14.68,0,0,90,0
8,10,47.5265667912918,4.15782775924007,0.489846088192757,19.57,0,0,50,0
8,10,47.5265667912918,4.15782775924007,0.489846088192757,21.91,0,0,31,0
9,10,66.6908289721374,3.03886014096275,0.577319921549389,0,101,10000,0,1
9,10,66.6908289721374,3.03886014096275,0.577319921549389,3.32,0,0,92,0
9,10,66.6908289721374,3.03886014096275,0.577319921549389,8.23,0,0,132,0
9,10,66.6908289721374,3.03886014096275,0.577319921549389,10.66,0,0,104,0
9,10,66.6908289721374,3.03886014096275,0.577319921549389,10.87,0,0,139,0
10,10,72.6988279944191,3.07382622194044,0.659419994716098,0,101,10000,0,1
10,10,72.6988279944191,3.07382622194044,0.659419994716098,1.25,0,0,60,0
10,10,72.6988279944191,3.07382622194044,0.659419994716098,11.71,0,0,94,0
10,10,72.6988279944191,3.07382622194044,0.659419994716098,13.12,0,0,65,0
10,10,72.6988279944191,3.07382622194044,0.659419994716098,16.95,0,0,44,0
11,10,69.6898938796947,3.74610843770234,0.860552626955864,0,101,10000,0,1
11,10,69.6898938796947,3.74610843770234,0.860552626955864,2.23,0,0,95,0
11,10,69.6898938796947,3.74610843770234,0.860552626955864,11.57,0,0,75,0
11,10,69.6898938796947,3.74610843770234,0.860552626955864,15.82,0,0,76,0
11,10,69.6898938796947,3.74610843770234,0.860552626955864,19.11,0,0,62,0
12,10,84.6379729312665,3.53973244215999,0.854426378394013,0,101,10000,0,1
12,10,84.6379729312665,3.53973244215999,0.854426378394013,6.07,0,0,117,0
12,10,84.6379729312665,3.53973244215999,0.854426378394013,7.9,0,0,102,0
12,10,84.6379729312665,3.53973244215999,0.854426378394013,20.07,0,0,67,0
12,10,84.6379729312665,3.53973244215999,0.854426378394013,22.25,0,0,49,0
13,10,69.8093237805487,7.60277973380055,0.723471859337405,0,101,10000,0,1
13,10,69.8093237805487,7.60277973380055,0.723471859337405,4.46,0,0,81,0
13,10,69.8093237805487,7.60277973380055,0.723471859337405,5.29,0,0,118,0
13,10,69.8093237805487,7.60277973380055,0.723471859337405,22.33,0,0,14,0
13,10,69.8093237805487,7.60277973380055,0.723471859337405,23.42,0,0,19,0
14,10,52.7575736634566,2.89277084652366,0.799932772524409,0,101,10000,0,1
14,10,52.7575736634566,2.89277084652366,0.799932772524409,10.1,0,0,107,0
14,10,52.7575736634566,2.89277084652366,0.799932772524409,11.84,0,0,138,0
14,10,52.7575736634566,2.89277084652366,0.799932772524409,13.01,0,0,96,0
14,10,52.7575736634566,2.89277084652366,0.799932772524409,22.36,0,0,59,0
15,10,77.510503231311,5.44079529790116,1.3177067278806,0,101,10000,0,1
15,10,77.510503231311,5.44079529790116,1.3177067278806,0.5,0,0,67,0
15,10,77.510503231311,5.44079529790116,1.3177067278806,16.07,0,0,46,0
15,10,77.510503231311,5.44079529790116,1.3177067278806,21.16,0,0,29,0
15,10,77.510503231311,5.44079529790116,1.3177067278806,23.35,0,0,29,0
16,10,95.1059401707828,3.03573314263158,0.709683023961075,0,101,10000,0,1
16,10,95.1059401707828,3.03573314263158,0.709683023961075,5.13,0,0,104,0
16,10,95.1059401707828,3.03573314263158,0.709683023961075,10.3,0,0,63,0
16,10,95.1059401707828,3.03573314263158,0.709683023961075,14.12,0,0,52,0
16,10,95.1059401707828,3.03573314263158,0.709683023961075,21.17,0,0,51,0
17,10,62.9408308589601,3.12244085667844,0.947905589014658,0,101,10000,0,1
17,10,62.9408308589601,3.12244085667844,0.947905589014658,0.72,0,0,81,0
17,10,62.9408308589601,3.12244085667844,0.947905589014658,6.56,0,0,152,0
17,10,62.9408308589601,3.12244085667844,0.947905589014658,8.62,0,0,122,0
17,10,62.9408308589601,3.12244085667844,0.947905589014658,22.04,0,0,42,0
18,10,56.954151725202,3.61623263779143,1.21272545080683,0,101,10000,0,1
18,10,56.954151725202,3.61623263779143,1.21272545080683,11.89,0,0,100,0
18,10,56.954151725202,3.61623263779143,1.21272545080683,16.42,0,0,77,0
18,10,56.954151725202,3.61623263779143,1.21272545080683,17.36,0,0,49,0
18,10,56.954151725202,3.61623263779143,1.21272545080683,20.12,0,0,56,0
19,10,54.5556389166789,3.9691802322256,1.10775781050953,0,101,10000,0,1
19,10,54.5556389166789,3.9691802322256,1.10775781050953,1.97,0,0,175,0
19,10,54.5556389166789,3.9691802322256,1.10775781050953,3.03,0,0,186,0
19,10,54.5556389166789,3.9691802322256,1.10775781050953,16.52,0,0,52,0
19,10,54.5556389166789,3.9691802322256,1.10775781050953,17.04,0,0,52,0
20,10,72.2615305909679,7.04266855212914,0.721802590275106,0,101,10000,0,1
20,10,72.2615305909679,7.04266855212914,0.721802590275106,2.67,0,0,96,0
20,10,72.2615305909679,7.04266855212914,0.721802590275106,7.97,0,0,75,0
20,10,72.2615305909679,7.04266855212914,0.721802590275106,14.76,0,0,29,0
20,10,72.2615305909679,7.04266855212914,0.721802590275106,21.6,0,0,14,0
21,10,55.2408646396166,3.91157996551591,1.31236003380173,0,101,10000,0,1
21,10,55.2408646396166,3.91157996551591,1.31236003380173,0.86,0,0,98,0
21,10,55.2408646396166,3.91157996551591,1.31236003380173,5.84,0,0,126,0
21,10,55.2408646396166,3.91157996551591,1.31236003380173,16.25,0,0,55,0
21,10,55.2408646396166,3.91157996551591,1.31236003380173,18.69,0,0,45,0
22,10,83.1930482038801,4.95257119124092,0.652475435690945,0,101,10000,0,1
22,10,83.1930482038801,4.95257119124092,0.652475435690945,0.65,0,0,27,0
22,10,83.1930482038801,4.95257119124092,0.652475435690945,4.27,0,0,70,0
22,10,83.1930482038801,4.95257119124092,0.652475435690945,10.79,0,0,79,0
22,10,83.1930482038801,4.95257119124092,0.652475435690945,15.69,0,0,46,0
23,10,85.0366140694363,4.37090023659411,1.22646928968008,0,101,10000,0,1
23,10,85.0366140694363,4.37090023659411,1.22646928968008,13.43,0,0,56,0
23,10,85.0366140694363,4.37090023659411,1.22646928968008,13.6,0,0,62,0
23,10,85.0366140694363,4.37090023659411,1.22646928968008,14.57,0,0,61,0
23,10,85.0366140694363,4.37090023659411,1.22646928968008,21.73,0,0,27,0
24,10,109.5169628686,3.20158074745161,0.835938965796546,0,101,10000,0,1
24,10,109.5169628686,3.20158074745161,0.835938965796546,0.14,0,0,5,0
24,10,109.5169628686,3.20158074745161,0.835938965796546,3.65,0,0,86,0
24,10,109.5169628686,3.20158074745161,0.835938965796546,13.96,0,0,76,0
24,10,109.5169628686,3.20158074745161,0.835938965796546,23.89,0,0,50,0
25,10,42.7651021652838,2.9653247004029,1.68063052347446,0,101,10000,0,1
25,10,42.7651021652838,2.9653247004029,1.68063052347446,0.79,0,0,160,0
25,10,42.7651021652838,2.9653247004029,1.68063052347446,8.39,0,0,173,0
25,10,42.7651021652838,2.9653247004029,1.68063052347446,9.19,0,0,125,0
25,10,42.7651021652838,2.9653247004029,1.68063052347446,11.27,0,0,131,0
26,10,62.650346790226,4.78395634294109,0.571777677587554,0,101,10000,0,1
26,10,62.650346790226,4.78395634294109,0.571777677587554,0.48,0,0,37,0
26,10,62.650346790226,4.78395634294109,0.571777677587554,3.77,0,0,103,0
26,10,62.650346790226,4.78395634294109,0.571777677587554,5.56,0,0,99,0
26,10,62.650346790226,4.78395634294109,0.571777677587554,18.37,0,0,44,0
27,10,81.8489159920876,6.66760659519643,1.14207814268033,0,101,10000,0,1
27,10,81.8489159920876,6.66760659519643,1.14207814268033,7.89,0,0,50,0
27,10,81.8489159920876,6.66760659519643,1.14207814268033,11.28,0,0,74,0
27,10,81.8489159920876,6.66760659519643,1.14207814268033,15.09,0,0,42,0
27,10,81.8489159920876,6.66760659519643,1.14207814268033,23.57,0,0,21,0
28,10,63.4848296765251,3.16242628586321,0.774340076159342,0,101,10000,0,1
28,10,63.4848296765251,3.16242628586321,0.774340076159342,3.58,0,0,129,0
28,10,63.4848296765251,3.16242628586321,0.774340076159342,7.23,0,0,123,0
28,10,63.4848296765251,3.16242628586321,0.774340076159342,22.92,0,0,61,0
28,10,63.4848296765251,3.16242628586321,0.774340076159342,23.15,0,0,54,0
29,10,56.3293053018988,3.73205656941945,0.9454970281082,0,101,10000,0,1
29,10,56.3293053018988,3.73205656941945,0.9454970281082,3.03,0,0,180,0
29,10,56.3293053018988,3.73205656941945,0.9454970281082,5.54,0,0,186,0
29,10,56.3293053018988,3.73205656941945,0.9454970281082,9.87,0,0,77,0
29,10,56.3293053018988,3.73205656941945,0.9454970281082,12.86,0,0,85,0
30,10,72.3779990146723,4.29279238342155,1.22826327684844,0,101,10000,0,1
30,10,72.3779990146723,4.29279238342155,1.22826327684844,3.31,0,0,84,0
30,10,72.3779990146723,4.29279238342155,1.22826327684844,8.81,0,0,99,0
30,10,72.3779990146723,4.29279238342155,1.22826327684844,20.46,0,0,30,0
30,10,72.3779990146723,4.29279238342155,1.22826327684844,20.48,0,0,39,0
31,30,38.0433437180541,4.51597910706058,1.67548735727871,0,101,30000,0,1
31,30,38.0433437180541,4.51597910706058,1.67548735727871,4.89,0,0,505,0
31,30,38.0433437180541,4.51597910706058,1.67548735727871,14.96,0,0,116,0
31,30,38.0433437180541,4.51597910706058,1.67548735727871,17.09,0,0,143,0
31,30,38.0433437180541,4.51597910706058,1.67548735727871,19.1,0,0,93,0
32,30,72.0405144616813,3.50479481216358,1.1182911138122,0,101,30000,0,1
32,30,72.0405144616813,3.50479481216358,1.1182911138122,2.65,0,0,305,0
32,30,72.0405144616813,3.50479481216358,1.1182911138122,8.89,0,0,337,0
32,30,72.0405144616813,3.50479481216358,1.1182911138122,17.71,0,0,175,0
32,30,72.0405144616813,3.50479481216358,1.1182911138122,22.82,0,0,125,0
33,30,52.9497219828785,3.32318213830918,1.41061065155397,0,101,30000,0,1
33,30,52.9497219828785,3.32318213830918,1.41061065155397,0.5,0,0,280,0
33,30,52.9497219828785,3.32318213830918,1.41061065155397,4.62,0,0,488,0
33,30,52.9497219828785,3.32318213830918,1.41061065155397,6.01,0,0,493,0
33,30,52.9497219828785,3.32318213830918,1.41061065155397,6.35,0,0,365,0
34,30,75.2422419767866,2.92200023667889,1.22465886145642,0,101,30000,0,1
34,30,75.2422419767866,2.92200023667889,1.22465886145642,1.14,0,0,323,0
34,30,75.2422419767866,2.92200023667889,1.22465886145642,13.26,0,0,214,0
34,30,75.2422419767866,2.92200023667889,1.22465886145642,13.35,0,0,392,0
34,30,75.2422419767866,2.92200023667889,1.22465886145642,23.97,0,0,165,0
35,30,127.428568899264,5.88838056086128,1.13609532337612,0,101,30000,0,1
35,30,127.428568899264,5.88838056086128,1.13609532337612,8.67,0,0,172,0
35,30,127.428568899264,5.88838056086128,1.13609532337612,15.89,0,0,108,0
35,30,127.428568899264,5.88838056086128,1.13609532337612,17.23,0,0,92,0
35,30,127.428568899264,5.88838056086128,1.13609532337612,22.04,0,0,71,0
36,30,61.9501848292025,2.68257581848601,0.99770618592458,0,101,30000,0,1
36,30,61.9501848292025,2.68257581848601,0.99770618592458,5.77,0,0,352,0
36,30,61.9501848292025,2.68257581848601,0.99770618592458,6.55,0,0,362,0
36,30,61.9501848292025,2.68257581848601,0.99770618592458,8.53,0,0,396,0
36,30,61.9501848292025,2.68257581848601,0.99770618592458,13.63,0,0,283,0
37,30,51.5043223730258,2.45389903430435,1.06208279621272,0,101,30000,0,1
37,30,51.5043223730258,2.45389903430435,1.06208279621272,1.96,0,0,390,0
37,30,51.5043223730258,2.45389903430435,1.06208279621272,4.8,0,0,655,0
37,30,51.5043223730258,2.45389903430435,1.06208279621272,18.94,0,0,286,0
37,30,51.5043223730258,2.45389903430435,1.06208279621272,23.65,0,0,197,0
38,30,53.4477671209207,2.75739579609946,1.20776400681923,0,101,30000,0,1
38,30,53.4477671209207,2.75739579609946,1.20776400681923,8.06,0,0,443,0
38,30,53.4477671209207,2.75739579609946,1.20776400681923,9.32,0,0,304,0
38,30,53.4477671209207,2.75739579609946,1.20776400681923,11.76,0,0,340,0
38,30,53.4477671209207,2.75739579609946,1.20776400681923,20.77,0,0,203,0
39,30,48.2642035080129,2.58491600477648,0.714940266126615,0,101,30000,0,1
39,30,48.2642035080129,2.58491600477648,0.714940266126615,3.01,0,0,657,0
39,30,48.2642035080129,2.58491600477648,0.714940266126615,11.93,0,0,378,0
39,30,48.2642035080129,2.58491600477648,0.714940266126615,17.29,0,0,362,0
39,30,48.2642035080129,2.58491600477648,0.714940266126615,19.21,0,0,234,0
40,30,59.3013501461762,4.76862801533608,0.931218108494574,0,101,30000,0,1
40,30,59.3013501461762,4.76862801533608,0.931218108494574,0.01,0,0,3,0
40,30,59.3013501461762,4.76862801533608,0.931218108494574,8.72,0,0,224,0
40,30,59.3013501461762,4.76862801533608,0.931218108494574,17.41,0,0,138,0
40,30,59.3013501461762,4.76862801533608,0.931218108494574,17.82,0,0,136,0
41,30,96.317226667832,2.99479491328502,0.93410227942807,0,101,30000,0,1
41,30,96.317226667832,2.99479491328502,0.93410227942807,7.14,0,0,361,0
41,30,96.317226667832,2.99479491328502,0.93410227942807,11.22,0,0,200,0
41,30,96.317226667832,2.99479491328502,0.93410227942807,12.55,0,0,164,0
41,30,96.317226667832,2.99479491328502,0.93410227942807,21.36,0,0,135,0
42,30,104.811883428001,3.68918714041586,0.999175089190743,0,101,30000,0,1
42,30,104.811883428001,3.68918714041586,0.999175089190743,5.39,0,0,194,0
42,30,104.811883428001,3.68918714041586,0.999175089190743,10.1,0,0,242,0
42,30,104.811883428001,3.68918714041586,0.999175089190743,10.42,0,0,175,0
42,30,104.811883428001,3.68918714041586,0.999175089190743,11.24,0,0,177,0
43,30,69.22590139298,4.82488607231392,1.04964454558185,0,101,30000,0,1
43,30,69.22590139298,4.82488607231392,1.04964454558185,4.05,0,0,265,0
43,30,69.22590139298,4.82488607231392,1.04964454558185,4.26,0,0,223,0
43,30,69.22590139298,4.82488607231392,1.04964454558185,13.92,0,0,191,0
43,30,69.22590139298,4.82488607231392,1.04964454558185,16.47,0,0,173,0
44,30,47.8677136587306,4.59899559627758,1.19872483457685,0,101,30000,0,1
44,30,47.8677136587306,4.59899559627758,1.19872483457685,3.84,0,0,440,0
44,30,47.8677136587306,4.59899559627758,1.19872483457685,4.41,0,0,542,0
44,30,47.8677136587306,4.59899559627758,1.19872483457685,4.7,0,0,360,0
44,30,47.8677136587306,4.59899559627758,1.19872483457685,20.08,0,0,64,0
45,30,78.9697049373441,5.81272254360984,0.819028448885663,0,101,30000,0,1
45,30,78.9697049373441,5.81272254360984,0.819028448885663,0.77,0,0,214,0
45,30,78.9697049373441,5.81272254360984,0.819028448885663,1.78,0,0,240,0
45,30,78.9697049373441,5.81272254360984,0.819028448885663,2.46,0,0,195,0
45,30,78.9697049373441,5.81272254360984,0.819028448885663,2.84,0,0,277,0
46,30,117.017440197814,3.24209759281492,1.04515799787654,0,101,30000,0,1
46,30,117.017440197814,3.24209759281492,1.04515799787654,5.43,0,0,316,0
46,30,117.017440197814,3.24209759281492,1.04515799787654,12.43,0,0,173,0
46,30,117.017440197814,3.24209759281492,1.04515799787654,13.42,0,0,176,0
46,30,117.017440197814,3.24209759281492,1.04515799787654,22.26,0,0,183,0
47,30,63.114738822991,2.62671819408301,1.30242491968223,0,101,30000,0,1
47,30,63.114738822991,2.62671819408301,1.30242491968223,2.31,0,0,400,0
47,30,63.114738822991,2.62671819408301,1.30242491968223,3.09,0,0,318,0
47,30,63.114738822991,2.62671819408301,1.30242491968223,11.35,0,0,351,0
47,30,63.114738822991,2.62671819408301,1.30242491968223,17.8,0,0,301,0
48,30,91.8143314372863,5.3220748514872,1.63908716228608,0,101,30000,0,1
48,30,91.8143314372863,5.3220748514872,1.63908716228608,0.68,0,0,188,0
48,30,91.8143314372863,5.3220748514872,1.63908716228608,8.16,0,0,195,0
48,30,91.8143314372863,5.3220748514872,1.63908716228608,9.21,0,0,275,0
48,30,91.8143314372863,5.3220748514872,1.63908716228608,15.37,0,0,172,0
49,30,125.458680640386,4.87759097458283,1.24371703840707,0,101,30000,0,1
49,30,125.458680640386,4.87759097458283,1.24371703840707,9.31,0,0,141,0
49,30,125.458680640386,4.87759097458283,1.24371703840707,12.82,0,0,145,0
49,30,125.458680640386,4.87759097458283,1.24371703840707,19.03,0,0,134,0
49,30,125.458680640386,4.87759097458283,1.24371703840707,20.15,0,0,112,0
50,30,88.1572947642968,4.92229049399015,1.62827563320587,0,101,30000,0,1
50,30,88.1572947642968,4.92229049399015,1.62827563320587,4.96,0,0,220,0
50,30,88.1572947642968,4.92229049399015,1.62827563320587,10.16,0,0,212,0
50,30,88.1572947642968,4.92229049399015,1.62827563320587,12.78,0,0,210,0
50,30,88.1572947642968,4.92229049399015,1.62827563320587,17.06,0,0,102,0
51,30,88.3626555320275,3.8567287168771,0.711954824638717,0,101,30000,0,1
51,30,88.3626555320275,3.8567287168771,0.711954824638717,0.32,0,0,81,0
51,30,88.3626555320275,3.8567287168771,0.711954824638717,11.09,0,0,197,0
51,30,88.3626555320275,3.8567287168771,0.711954824638717,12.56,0,0,173,0
51,30,88.3626555320275,3.8567287168771,0.711954824638717,21.36,0,0,152,0
52,30,58.790396658076,4.55129220192481,1.2017645771185,0,101,30000,0,1
52,30,58.790396658076,4.55129220192481,1.2017645771185,6,0,0,290,0
52,30,58.790396658076,4.55129220192481,1.2017645771185,8.8,0,0,166,0
52,30,58.790396658076,4.55129220192481,1.2017645771185,16.39,0,0,137,0
52,30,58.790396658076,4.55129220192481,1.2017645771185,19.33,0,0,92,0
53,30,68.5647942804654,4.96402072975476,0.71270086487025,0,101,30000,0,1
53,30,68.5647942804654,4.96402072975476,0.71270086487025,3.99,0,0,269,0
53,30,68.5647942804654,4.96402072975476,0.71270086487025,13.74,0,0,269,0
53,30,68.5647942804654,4.96402072975476,0.71270086487025,17.25,0,0,140,0
53,30,68.5647942804654,4.96402072975476,0.71270086487025,18.99,0,0,99,0
54,30,57.3752386630608,4.35335695968007,1.16865644318441,0,101,30000,0,1
54,30,57.3752386630608,4.35335695968007,1.16865644318441,11.88,0,0,252,0
54,30,57.3752386630608,4.35335695968007,1.16865644318441,13.44,0,0,192,0
54,30,57.3752386630608,4.35335695968007,1.16865644318441,17.4,0,0,205,0
54,30,57.3752386630608,4.35335695968007,1.16865644318441,22.31,0,0,94,0
55,30,103.737038167807,3.89271254857692,0.597807319515518,0,101,30000,0,1
55,30,103.737038167807,3.89271254857692,0.597807319515518,2.88,0,0,163,0
55,30,103.737038167807,3.89271254857692,0.597807319515518,6.1,0,0,296,0
55,30,103.737038167807,3.89271254857692,0.597807319515518,8.14,0,0,224,0
55,30,103.737038167807,3.89271254857692,0.597807319515518,8.14,0,0,291,0
56,30,79.724457852212,6.04280067368157,1.96103908438768,0,101,30000,0,1
56,30,79.724457852212,6.04280067368157,1.96103908438768,9.75,0,0,205,0
56,30,79.724457852212,6.04280067368157,1.96103908438768,11.94,0,0,156,0
56,30,79.724457852212,6.04280067368157,1.96103908438768,12.23,0,0,148,0
56,30,79.724457852212,6.04280067368157,1.96103908438768,15.05,0,0,159,0
57,30,65.7398370552751,5.17207633455951,0.713743906030001,0,101,30000,0,1
57,30,65.7398370552751,5.17207633455951,0.713743906030001,2.12,0,0,243,0
57,30,65.7398370552751,5.17207633455951,0.713743906030001,16.51,0,0,179,0
57,30,65.7398370552751,5.17207633455951,0.713743906030001,18.72,0,0,96,0
57,30,65.7398370552751,5.17207633455951,0.713743906030001,19.03,0,0,124,0
58,30,63.4076632004268,3.1392390648986,0.902389700977691,0,101,30000,0,1
58,30,63.4076632004268,3.1392390648986,0.902389700977691,3.59,0,0,435,0
58,30,63.4076632004268,3.1392390648986,0.902389700977691,8.18,0,0,357,0
58,30,63.4076632004268,3.1392390648986,0.902389700977691,10.02,0,0,209,0
58,30,63.4076632004268,3.1392390648986,0.902389700977691,14.08,0,0,264,0
59,30,101.192236507412,4.27326120063598,0.807133748753805,0,101,30000,0,1
59,30,101.192236507412,4.27326120063598,0.807133748753805,9.98,0,0,198,0
59,30,101.192236507412,4.27326120063598,0.807133748753805,19.65,0,0,156,0
59,30,101.192236507412,4.27326120063598,0.807133748753805,21.07,0,0,114,0
59,30,101.192236507412,4.27326120063598,0.807133748753805,22.45,0,0,114,0
60,30,47.9599343397999,4.5424296064033,0.979507975743087,0,101,30000,0,1
60,30,47.9599343397999,4.5424296064033,0.979507975743087,12.48,0,0,259,0
60,30,47.9599343397999,4.5424296064033,0.979507975743087,13.02,0,0,198,0
60,30,47.9599343397999,4.5424296064033,0.979507975743087,13.7,0,0,193,0
60,30,47.9599343397999,4.5424296064033,0.979507975743087,23.63,0,0,91,0
61,60,63.4103822139249,2.88019202577776,1.01964849213235,0,101,60000,0,1
61,60,63.4103822139249,2.88019202577776,1.01964849213235,1.62,0,0,858,0
61,60,63.4103822139249,2.88019202577776,1.01964849213235,5.37,0,0,560,0
61,60,63.4103822139249,2.88019202577776,1.01964849213235,5.59,0,0,735,0
61,60,63.4103822139249,2.88019202577776,1.01964849213235,23.11,0,0,378,0
62,60,83.9358859717899,3.97382967323485,1.04312740240769,0,101,60000,0,1
62,60,83.9358859717899,3.97382967323485,1.04312740240769,5.73,0,0,539,0
62,60,83.9358859717899,3.97382967323485,1.04312740240769,9.92,0,0,524,0
62,60,83.9358859717899,3.97382967323485,1.04312740240769,10.39,0,0,483,0
62,60,83.9358859717899,3.97382967323485,1.04312740240769,16.04,0,0,434,0
63,60,97.9147426972966,2.33190179054252,0.831629346045382,0,101,60000,0,1
63,60,97.9147426972966,2.33190179054252,0.831629346045382,1.16,0,0,335,0
63,60,97.9147426972966,2.33190179054252,0.831629346045382,1.6,0,0,475,0
63,60,97.9147426972966,2.33190179054252,0.831629346045382,5.95,0,0,739,0
63,60,97.9147426972966,2.33190179054252,0.831629346045382,15.76,0,0,448,0
64,60,70.3929569815762,3.48450703487735,0.661269870164222,0,101,60000,0,1
64,60,70.3929569815762,3.48450703487735,0.661269870164222,9.45,0,0,550,0
64,60,70.3929569815762,3.48450703487735,0.661269870164222,16.02,0,0,367,0
64,60,70.3929569815762,3.48450703487735,0.661269870164222,18.54,0,0,364,0
64,60,70.3929569815762,3.48450703487735,0.661269870164222,21.34,0,0,407,0
65,60,73.536565986431,3.48155621702875,1.68983404511128,0,101,60000,0,1
65,60,73.536565986431,3.48155621702875,1.68983404511128,7.75,0,0,543,0
65,60,73.536565986431,3.48155621702875,1.68983404511128,9.06,0,0,606,0
65,60,73.536565986431,3.48155621702875,1.68983404511128,16.28,0,0,430,0
65,60,73.536565986431,3.48155621702875,1.68983404511128,21.99,0,0,218,0
66,60,84.2505057514333,5.05884209125181,0.941635610480423,0,101,60000,0,1
66,60,84.2505057514333,5.05884209125181,0.941635610480423,0.97,0,0,474,0
66,60,84.2505057514333,5.05884209125181,0.941635610480423,0.99,0,0,421,0
66,60,84.2505057514333,5.05884209125181,0.941635610480423,11.79,0,0,324,0
66,60,84.2505057514333,5.05884209125181,0.941635610480423,12.89,0,0,316,0
67,60,94.1769888358691,4.34206074940561,0.738360605179406,0,101,60000,0,1
67,60,94.1769888358691,4.34206074940561,0.738360605179406,0.37,0,0,158,0
67,60,94.1769888358691,4.34206074940561,0.738360605179406,5.86,0,0,633,0
67,60,94.1769888358691,4.34206074940561,0.738360605179406,14.41,0,0,274,0
67,60,94.1769888358691,4.34206074940561,0.738360605179406,23.91,0,0,240,0
68,60,91.5364211234584,2.35739092606825,0.74684325312229,0,101,60000,0,1
68,60,91.5364211234584,2.35739092606825,0.74684325312229,1.12,0,0,360,0
68,60,91.5364211234584,2.35739092606825,0.74684325312229,2.02,0,0,675,0
68,60,91.5364211234584,2.35739092606825,0.74684325312229,3.32,0,0,693,0
68,60,91.5364211234584,2.35739092606825,0.74684325312229,15.21,0,0,427,0
69,60,61.7540002161388,3.89103441754871,1.6997695001478,0,101,60000,0,1
69,60,61.7540002161388,3.89103441754871,1.6997695001478,1.38,0,0,945,0
69,60,61.7540002161388,3.89103441754871,1.6997695001478,3.92,0,0,921,0
69,60,61.7540002161388,3.89103441754871,1.6997695001478,18.31,0,0,296,0
69,60,61.7540002161388,3.89103441754871,1.6997695001478,22.83,0,0,211,0
70,60,52.8071309123491,2.76788745323616,0.817795244565896,0,101,60000,0,1
70,60,52.8071309123491,2.76788745323616,0.817795244565896,3.62,0,0,640,0
70,60,52.8071309123491,2.76788745323616,0.817795244565896,4.7,0,0,1036,0
70,60,52.8071309123491,2.76788745323616,0.817795244565896,9.28,0,0,720,0
70,60,52.8071309123491,2.76788745323616,0.817795244565896,19.8,0,0,476,0
71,60,68.897664942418,5.33091911240917,0.733312225455725,0,101,60000,0,1
71,60,68.897664942418,5.33091911240917,0.733312225455725,5.03,0,0,623,0
71,60,68.897664942418,5.33091911240917,0.733312225455725,7.57,0,0,378,0
71,60,68.897664942418,5.33091911240917,0.733312225455725,15.19,0,0,278,0
71,60,68.897664942418,5.33091911240917,0.733312225455725,16.75,0,0,313,0
72,60,86.8842708149671,4.29346245624623,1.51793070825293,0,101,60000,0,1
72,60,86.8842708149671,4.29346245624623,1.51793070825293,3.86,0,0,555,0
72,60,86.8842708149671,4.29346245624623,1.51793070825293,14.5,0,0,313,0
72,60,86.8842708149671,4.29346245624623,1.51793070825293,19.83,0,0,250,0
72,60,86.8842708149671,4.29346245624623,1.51793070825293,21.15,0,0,268,0
73,60,120.42092619704,3.92285811391209,1.19265760441908,0,101,60000,0,1
73,60,120.42092619704,3.92285811391209,1.19265760441908,5.54,0,0,354,0
73,60,120.42092619704,3.92285811391209,1.19265760441908,7.07,0,0,343,0
73,60,120.42092619704,3.92285811391209,1.19265760441908,15.6,0,0,440,0
73,60,120.42092619704,3.92285811391209,1.19265760441908,17.48,0,0,254,0
74,60,69.3748629101498,4.83731432361174,0.886650993630196,0,101,60000,0,1
74,60,69.3748629101498,4.83731432361174,0.886650993630196,1.74,0,0,818,0
74,60,69.3748629101498,4.83731432361174,0.886650993630196,8.7,0,0,585,0
74,60,69.3748629101498,4.83731432361174,0.886650993630196,19.93,0,0,212,0
74,60,69.3748629101498,4.83731432361174,0.886650993630196,22.72,0,0,110,0
75,60,57.4821264687893,3.47699244212541,0.752936259027934,0,101,60000,0,1
75,60,57.4821264687893,3.47699244212541,0.752936259027934,6.23,0,0,734,0
75,60,57.4821264687893,3.47699244212541,0.752936259027934,7.69,0,0,708,0
75,60,57.4821264687893,3.47699244212541,0.752936259027934,9.69,0,0,539,0
75,60,57.4821264687893,3.47699244212541,0.752936259027934,14.4,0,0,518,0
76,60,58.4214164549953,3.08189441084047,1.34171965038488,0,101,60000,0,1
76,60,58.4214164549953,3.08189441084047,1.34171965038488,13.77,0,0,536,0
76,60,58.4214164549953,3.08189441084047,1.34171965038488,14.62,0,0,434,0
76,60,58.4214164549953,3.08189441084047,1.34171965038488,22.78,0,0,266,0
76,60,58.4214164549953,3.08189441084047,1.34171965038488,22.93,0,0,247,0
77,60,78.9621860352111,5.19112992642186,0.948712687056503,0,101,60000,0,1
77,60,78.9621860352111,5.19112992642186,0.948712687056503,3.45,0,0,742,0
77,60,78.9621860352111,5.19112992642186,0.948712687056503,8.14,0,0,465,0
77,60,78.9621860352111,5.19112992642186,0.948712687056503,8.57,0,0,677,0
77,60,78.9621860352111,5.19112992642186,0.948712687056503,14.71,0,0,312,0
78,60,92.1628886838937,3.8969103754522,0.853760519425816,0,101,60000,0,1
78,60,92.1628886838937,3.8969103754522,0.853760519425816,0.99,0,0,371,0
78,60,92.1628886838937,3.8969103754522,0.853760519425816,5.2,0,0,486,0
78,60,92.1628886838937,3.8969103754522,0.853760519425816,8.53,0,0,655,0
78,60,92.1628886838937,3.8969103754522,0.853760519425816,19.99,0,0,251,0
79,60,84.9012417333913,4.34066191573895,0.943684046743721,0,101,60000,0,1
79,60,84.9012417333913,4.34066191573895,0.943684046743721,0.48,0,0,237,0
79,60,84.9012417333913,4.34066191573895,0.943684046743721,7.41,0,0,352,0
79,60,84.9012417333913,4.34066191573895,0.943684046743721,17.16,0,0,321,0
79,60,84.9012417333913,4.34066191573895,0.943684046743721,17.85,0,0,283,0
80,60,78.9330744845494,4.4230317089573,1.23072066272456,0,101,60000,0,1
80,60,78.9330744845494,4.4230317089573,1.23072066272456,2.34,0,0,587,0
80,60,78.9330744845494,4.4230317089573,1.23072066272456,4.73,0,0,543,0
80,60,78.9330744845494,4.4230317089573,1.23072066272456,5.44,0,0,632,0
80,60,78.9330744845494,4.4230317089573,1.23072066272456,15.38,0,0,317,0
81,60,69.8366517878197,5.37592563843933,0.923098326986266,0,101,60000,0,1
81,60,69.8366517878197,5.37592563843933,0.923098326986266,9.38,0,0,357,0
81,60,69.8366517878197,5.37592563843933,0.923098326986266,14.93,0,0,291,0
81,60,69.8366517878197,5.37592563843933,0.923098326986266,17.56,0,0,140,0
81,60,69.8366517878197,5.37592563843933,0.923098326986266,20.1,0,0,215,0
82,60,98.6172396376808,4.61206731473392,0.80372683804381,0,101,60000,0,1
82,60,98.6172396376808,4.61206731473392,0.80372683804381,4.58,0,0,534,0
82,60,98.6172396376808,4.61206731473392,0.80372683804381,9.47,0,0,421,0
82,60,98.6172396376808,4.61206731473392,0.80372683804381,22.36,0,0,177,0
82,60,98.6172396376808,4.61206731473392,0.80372683804381,23.82,0,0,185,0
83,60,46.7327071863077,5.61441973016637,1.42874103287614,0,101,60000,0,1
83,60,46.7327071863077,5.61441973016637,1.42874103287614,0.03,0,0,42,0
83,60,46.7327071863077,5.61441973016637,1.42874103287614,3.72,0,0,802,0
83,60,46.7327071863077,5.61441973016637,1.42874103287614,6.15,0,0,614,0
83,60,46.7327071863077,5.61441973016637,1.42874103287614,6.4,0,0,516,0
84,60,110.848687361835,2.91686960759168,1.15564111260175,0,101,60000,0,1
84,60,110.848687361835,2.91686960759168,1.15564111260175,11.2,0,0,461,0
84,60,110.848687361835,2.91686960759168,1.15564111260175,16.22,0,0,373,0
84,60,110.848687361835,2.91686960759168,1.15564111260175,22.44,0,0,334,0
84,60,110.848687361835,2.91686960759168,1.15564111260175,22.53,0,0,374,0
85,60,43.2565164794118,2.57598396511877,1.0251637377631,0,101,60000,0,1
85,60,43.2565164794118,2.57598396511877,1.0251637377631,3.82,0,0,1186,0
85,60,43.2565164794118,2.57598396511877,1.0251637377631,9.41,0,0,836,0
85,60,43.2565164794118,2.57598396511877,1.0251637377631,12.32,0,0,732,0
85,60,43.2565164794118,2.57598396511877,1.0251637377631,18.63,0,0,359,0
86,60,56.7842453543257,3.19002204966347,0.609546940845733,0,101,60000,0,1
86,60,56.7842453543257,3.19002204966347,0.609546940845733,11.55,0,0,467,0
86,60,56.7842453543257,3.19002204966347,0.609546940845733,12.9,0,0,635,0
86,60,56.7842453543257,3.19002204966347,0.609546940845733,13.4,0,0,388,0
86,60,56.7842453543257,3.19002204966347,0.609546940845733,20.24,0,0,253,0
87,60,51.0650652483972,3.08444722401692,1.23635790786045,0,101,60000,0,1
87,60,51.0650652483972,3.08444722401692,1.23635790786045,5.14,0,0,706,0
87,60,51.0650652483972,3.08444722401692,1.23635790786045,8.51,0,0,542,0
87,60,51.0650652483972,3.08444722401692,1.23635790786045,10.57,0,0,826,0
87,60,51.0650652483972,3.08444722401692,1.23635790786045,13.19,0,0,532,0
88,60,86.6970428059968,1.94169090419764,0.865123269099195,0,101,60000,0,1
88,60,86.6970428059968,1.94169090419764,0.865123269099195,8.69,0,0,571,0
88,60,86.6970428059968,1.94169090419764,0.865123269099195,9.49,0,0,548,0
88,60,86.6970428059968,1.94169090419764,0.865123269099195,19.45,0,0,393,0
88,60,86.6970428059968,1.94169090419764,0.865123269099195,23.42,0,0,366,0
89,60,50.7362004511379,3.89688703667535,0.837476321886778,0,101,60000,0,1
89,60,50.7362004511379,3.89688703667535,0.837476321886778,4.88,0,0,775,0
89,60,50.7362004511379,3.89688703667535,0.837476321886778,13.96,0,0,337,0
89,60,50.7362004511379,3.89688703667535,0.837476321886778,15.8,0,0,444,0
89,60,50.7362004511379,3.89688703667535,0.837476321886778,17.57,0,0,439,0
90,60,68.058304106418,3.72143445103858,1.23185875719526,0,101,60000,0,1
90,60,68.058304106418,3.72143445103858,1.23185875719526,6.31,0,0,688,0
90,60,68.058304106418,3.72143445103858,1.23185875719526,12.24,0,0,412,0
90,60,68.058304106418,3.72143445103858,1.23185875719526,14.44,0,0,409,0
90,60,68.058304106418,3.72143445103858,1.23185875719526,23.37,0,0,207,0
91,120,57.7853837960452,4.17587124906896,0.854274520628195,0,101,120000,0,1
91,120,57.7853837960452,4.17587124906896,0.854274520628195,8.36,0,0,1297,0
91,120,57.7853837960452,4.17587124906896,0.854274520628195,8.64,0,0,1019,0
91,120,57.7853837960452,4.17587124906896,0.854274520628195,17.16,0,0,581,0
91,120,57.7853837960452,4.17587124906896,0.854274520628195,21.51,0,0,407,0
92,120,72.9962689365493,3.73670452928982,1.48222024328782,0,101,120000,0,1
92,120,72.9962689365493,3.73670452928982,1.48222024328782,6.92,0,0,982,0
92,120,72.9962689365493,3.73670452928982,1.48222024328782,11.19,0,0,742,0
92,120,72.9962689365493,3.73670452928982,1.48222024328782,15.93,0,0,929,0
92,120,72.9962689365493,3.73670452928982,1.48222024328782,21.23,0,0,617,0
93,120,76.1624561040327,4.91198130694729,1.21073100374163,0,101,120000,0,1
93,120,76.1624561040327,4.91198130694729,1.21073100374163,2.28,0,0,1360,0
93,120,76.1624561040327,4.91198130694729,1.21073100374163,5.55,0,0,822,0
93,120,76.1624561040327,4.91198130694729,1.21073100374163,6.97,0,0,858,0
93,120,76.1624561040327,4.91198130694729,1.21073100374163,21.18,0,0,387,0
94,120,77.6695751294284,3.39097696013501,0.932031477424802,0,101,120000,0,1
94,120,77.6695751294284,3.39097696013501,0.932031477424802,2.4,0,0,1199,0
94,120,77.6695751294284,3.39097696013501,0.932031477424802,15.65,0,0,1061,0
94,120,77.6695751294284,3.39097696013501,0.932031477424802,16.1,0,0,793,0
94,120,77.6695751294284,3.39097696013501,0.932031477424802,20.66,0,0,561,0
95,120,80.6923237042548,3.64136203882114,0.836210431395385,0,101,120000,0,1
95,120,80.6923237042548,3.64136203882114,0.836210431395385,0.24,0,0,243,0
95,120,80.6923237042548,3.64136203882114,0.836210431395385,6.42,0,0,963,0
95,120,80.6923237042548,3.64136203882114,0.836210431395385,6.65,0,0,778,0
95,120,80.6923237042548,3.64136203882114,0.836210431395385,9.15,0,0,974,0
96,120,50.4823595528072,3.40815838962295,0.961604025551755,0,101,120000,0,1
96,120,50.4823595528072,3.40815838962295,0.961604025551755,7.58,0,0,1788,0
96,120,50.4823595528072,3.40815838962295,0.961604025551755,9.59,0,0,1150,0
96,120,50.4823595528072,3.40815838962295,0.961604025551755,18.67,0,0,529,0
96,120,50.4823595528072,3.40815838962295,0.961604025551755,20.03,0,0,472,0
97,120,53.5184634789586,5.9912099909524,1.09803351923568,0,101,120000,0,1
97,120,53.5184634789586,5.9912099909524,1.09803351923568,5.05,0,0,1007,0
97,120,53.5184634789586,5.9912099909524,1.09803351923568,13.81,0,0,440,0
97,120,53.5184634789586,5.9912099909524,1.09803351923568,15.93,0,0,399,0
97,120,53.5184634789586,5.9912099909524,1.09803351923568,23.2,0,0,236,0
98,120,113.653158301579,3.99529308169159,1.08851442787815,0,101,120000,0,1
98,120,113.653158301579,3.99529308169159,1.08851442787815,3.84,0,0,1124,0
98,120,113.653158301579,3.99529308169159,1.08851442787815,8.61,0,0,852,0
98,120,113.653158301579,3.99529308169159,1.08851442787815,13.36,0,0,839,0
98,120,113.653158301579,3.99529308169159,1.08851442787815,22.55,0,0,688,0
99,120,71.2614777818255,3.00822970362668,0.783396337325954,0,101,120000,0,1
99,120,71.2614777818255,3.00822970362668,0.783396337325954,7.56,0,0,1492,0
99,120,71.2614777818255,3.00822970362668,0.783396337325954,12.63,0,0,1051,0
99,120,71.2614777818255,3.00822970362668,0.783396337325954,21.42,0,0,807,0
99,120,71.2614777818255,3.00822970362668,0.783396337325954,21.56,0,0,790,0
100,120,50.1567291791203,2.82365658876491,1.29254232996377,0,101,120000,0,1
100,120,50.1567291791203,2.82365658876491,1.29254232996377,0.52,0,0,1001,0
100,120,50.1567291791203,2.82365658876491,1.29254232996377,1.24,0,0,1627,0
100,120,50.1567291791203,2.82365658876491,1.29254232996377,22.39,0,0,1024,0
100,120,50.1567291791203,2.82365658876491,1.29254232996377,23.57,0,0,759,0
101,120,62.738638167488,5.15328030891849,1.52018087675058,0,101,120000,0,1
101,120,62.738638167488,5.15328030891849,1.52018087675058,16.92,0,0,384,0
101,120,62.738638167488,5.15328030891849,1.52018087675058,19.53,0,0,484,0
101,120,62.738638167488,5.15328030891849,1.52018087675058,21.34,0,0,494,0
101,120,62.738638167488,5.15328030891849,1.52018087675058,22.42,0,0,309,0
102,120,63.5326863893383,3.933340003506,1.18209365633972,0,101,120000,0,1
102,120,63.5326863893383,3.933340003506,1.18209365633972,7.26,0,0,807,0
102,120,63.5326863893383,3.933340003506,1.18209365633972,9.53,0,0,869,0
102,120,63.5326863893383,3.933340003506,1.18209365633972,11.59,0,0,1153,0
102,120,63.5326863893383,3.933340003506,1.18209365633972,18.34,0,0,880,0
103,120,71.4994001169036,5.18056375749098,1.76570125722786,0,101,120000,0,1
103,120,71.4994001169036,5.18056375749098,1.76570125722786,0.13,0,0,349,0
103,120,71.4994001169036,5.18056375749098,1.76570125722786,15.69,0,0,380,0
103,120,71.4994001169036,5.18056375749098,1.76570125722786,17.12,0,0,572,0
103,120,71.4994001169036,5.18056375749098,1.76570125722786,18.55,0,0,376,0
104,120,58.8060052766473,4.03597673123214,1.39114588333865,0,101,120000,0,1
104,120,58.8060052766473,4.03597673123214,1.39114588333865,17.53,0,0,746,0
104,120,58.8060052766473,4.03597673123214,1.39114588333865,18.1,0,0,615,0
104,120,58.8060052766473,4.03597673123214,1.39114588333865,22.03,0,0,409,0
104,120,58.8060052766473,4.03597673123214,1.39114588333865,22.8,0,0,499,0
105,120,122.132950410654,5.51663526788844,0.998968223675297,0,101,120000,0,1
105,120,122.132950410654,5.51663526788844,0.998968223675297,8.56,0,0,587,0
105,120,122.132950410654,5.51663526788844,0.998968223675297,14.37,0,0,526,0
105,120,122.132950410654,5.51663526788844,0.998968223675297,20.47,0,0,352,0
105,120,122.132950410654,5.51663526788844,0.998968223675297,23.39,0,0,308,0
106,120,86.8513329814972,4.02618762465246,1.51340062189653,0,101,120000,0,1
106,120,86.8513329814972,4.02618762465246,1.51340062189653,0.79,0,0,1068,0
106,120,86.8513329814972,4.02618762465246,1.51340062189653,9.94,0,0,1279,0
106,120,86.8513329814972,4.02618762465246,1.51340062189653,15.9,0,0,1049,0
106,120,86.8513329814972,4.02618762465246,1.51340062189653,20.07,0,0,761,0
107,120,53.9387901993644,3.2468468730686,2.77230376071437,0,101,120000,0,1
107,120,53.9387901993644,3.2468468730686,2.77230376071437,2.42,0,0,2528,0
107,120,53.9387901993644,3.2468468730686,2.77230376071437,2.95,0,0,2095,0
107,120,53.9387901993644,3.2468468730686,2.77230376071437,10.9,0,0,1692,0
107,120,53.9387901993644,3.2468468730686,2.77230376071437,14.06,0,0,1310,0
108,120,84.4137303128652,3.5336058462562,1.21592832827546,0,101,120000,0,1
108,120,84.4137303128652,3.5336058462562,1.21592832827546,2.32,0,0,1531,0
108,120,84.4137303128652,3.5336058462562,1.21592832827546,4.58,0,0,2202,0
108,120,84.4137303128652,3.5336058462562,1.21592832827546,7.03,0,0,987,0
108,120,84.4137303128652,3.5336058462562,1.21592832827546,7.1,0,0,1194,0
109,120,68.0230996574708,4.74159306447078,0.87556820888422,0,101,120000,0,1
109,120,68.0230996574708,4.74159306447078,0.87556820888422,1.81,0,0,1327,0
109,120,68.0230996574708,4.74159306447078,0.87556820888422,19.01,0,0,452,0
109,120,68.0230996574708,4.74159306447078,0.87556820888422,21.58,0,0,583,0
109,120,68.0230996574708,4.74159306447078,0.87556820888422,22.73,0,0,476,0
110,120,43.3679422729118,3.28644480762637,1.28587888796483,0,101,120000,0,1
110,120,43.3679422729118,3.28644480762637,1.28587888796483,0.31,0,0,947,0
110,120,43.3679422729118,3.28644480762637,1.28587888796483,13.24,0,0,1250,0
110,120,43.3679422729118,3.28644480762637,1.28587888796483,22.57,0,0,413,0
110,120,43.3679422729118,3.28644480762637,1.28587888796483,23.98,0,0,443,0
111,120,61.6927719463849,4.18581564563391,1.10463902118966,0,101,120000,0,1
111,120,61.6927719463849,4.18581564563391,1.10463902118966,2.16,0,0,1992,0
111,120,61.6927719463849,4.18581564563391,1.10463902118966,2.18,0,0,1443,0
111,120,61.6927719463849,4.18581564563391,1.10463902118966,6.81,0,0,1053,0
111,120,61.6927719463849,4.18581564563391,1.10463902118966,11.54,0,0,1045,0
112,120,44.8984267373304,4.12035481193328,0.795164198721267,0,101,120000,0,1
112,120,44.8984267373304,4.12035481193328,0.795164198721267,4.96,0,0,2007,0
112,120,44.8984267373304,4.12035481193328,0.795164198721267,12.09,0,0,708,0
112,120,44.8984267373304,4.12035481193328,0.795164198721267,21,0,0,383,0
112,120,44.8984267373304,4.12035481193328,0.795164198721267,21.53,0,0,542,0
113,120,96.7528866025628,4.9256984814889,1.01580877500938,0,101,120000,0,1
113,120,96.7528866025628,4.9256984814889,1.01580877500938,5.78,0,0,996,0
113,120,96.7528866025628,4.9256984814889,1.01580877500938,8.29,0,0,1088,0
113,120,96.7528866025628,4.9256984814889,1.01580877500938,8.37,0,0,935,0
113,120,96.7528866025628,4.9256984814889,1.01580877500938,15.6,0,0,520,0
114,120,72.9418888441605,3.48170384808666,1.24001307117419,0,101,120000,0,1
114,120,72.9418888441605,3.48170384808666,1.24001307117419,5.49,0,0,986,0
114,120,72.9418888441605,3.48170384808666,1.24001307117419,12.96,0,0,1269,0
114,120,72.9418888441605,3.48170384808666,1.24001307117419,14.32,0,0,581,0
114,120,72.9418888441605,3.48170384808666,1.24001307117419,20.55,0,0,549,0
115,120,95.5326632571644,3.03981106764746,0.959674424994977,0,101,120000,0,1
115,120,95.5326632571644,3.03981106764746,0.959674424994977,13.22,0,0,943,0
115,120,95.5326632571644,3.03981106764746,0.959674424994977,19.75,0,0,594,0
115,120,95.5326632571644,3.03981106764746,0.959674424994977,21.49,0,0,648,0
115,120,95.5326632571644,3.03981106764746,0.959674424994977,23.78,0,0,543,0
116,120,107.592385394015,4.98824107396483,0.830597685636826,0,101,120000,0,1
116,120,107.592385394015,4.98824107396483,0.830597685636826,4.13,0,0,888,0
116,120,107.592385394015,4.98824107396483,0.830597685636826,8.92,0,0,710,0
116,120,107.592385394015,4.98824107396483,0.830597685636826,9.14,0,0,787,0
116,120,107.592385394015,4.98824107396483,0.830597685636826,20.95,0,0,574,0
117,120,78.5684042882424,4.88930209310326,0.761366656932295,0,101,120000,0,1
117,120,78.5684042882424,4.88930209310326,0.761366656932295,8.57,0,0,1174,0
117,120,78.5684042882424,4.88930209310326,0.761366656932295,16.64,0,0,641,0
117,120,78.5684042882424,4.88930209310326,0.761366656932295,18.31,0,0,448,0
117,120,78.5684042882424,4.88930209310326,0.761366656932295,19.33,0,0,461,0
118,120,63.1146571023148,4.17207640426033,0.984600930779348,0,101,120000,0,1
118,120,63.1146571023148,4.17207640426033,0.984600930779348,10.56,0,0,951,0
118,120,63.1146571023148,4.17207640426033,0.984600930779348,13.19,0,0,757,0
118,120,63.1146571023148,4.17207640426033,0.984600930779348,13.66,0,0,767,0
118,120,63.1146571023148,4.17207640426033,0.984600930779348,15.73,0,0,620,0
119,120,50.7076034376293,3.10719165289204,2.36265174124514,0,101,120000,0,1
119,120,50.7076034376293,3.10719165289204,2.36265174124514,1.16,0,0,1798,0
119,120,50.7076034376293,3.10719165289204,2.36265174124514,9.17,0,0,1079,0
119,120,50.7076034376293,3.10719165289204,2.36265174124514,13.19,0,0,963,0
119,120,50.7076034376293,3.10719165289204,2.36265174124514,20.95,0,0,499,0
120,120,56.5993109085128,3.45712545185637,0.968673304005105,0,101,120000,0,1
120,120,56.5993109085128,3.45712545185637,0.968673304005105,1.66,0,0,1371,0
120,120,56.5993109085128,3.45712545185637,0.968673304005105,2.35,0,0,2322,0
120,120,56.5993109085128,3.45712545185637,0.968673304005105,13.07,0,0,1144,0
120,120,56.5993109085128,3.45712545185637,0.968673304005105,23.28,0,0,744,0
