ID,DOSE,V,CL,KA,TIME,EVID,AMT,DV,EVIDNM
1,10,59.1909933093016,5.97362311513421,0.873330186347136,0,101,10000,0,1
1,10,59.1909933093016,5.97362311513421,0.873330186347136,1.51,0,0,110,0
1,10,59.1909933093016,5.97362311513421,0.873330186347136,4.06,0,0,121,0
1,10,59.1909933093016,5.97362311513421,0.873330186347136,14.16,0,0,42,0
1,10,59.1909933093016,5.97362311513421,0.873330186347136,19.81,0,0,33,0
2,10,126.790708387881,5.87252818464639,0.999683511347633,0,101,10000,0,1
2,10,126.790708387881,5.87252818464639,0.999683511347633,9.51,0,0,57,0
2,10,126.790708387881,5.87252818464639,0.999683511347633,16.78,0,0,36,0
2,10,126.790708387881,5.87252818464639,0.999683511347633,20.57,0,0,32,0
2,10,126.790708387881,5.87252818464639,0.999683511347633,23.01,0,0,33,0
3,10,71.0785478453323,6.00523710015924,0.903431113069117,0,101,10000,0,1
3,10,71.0785478453323,6.00523710015924,0.903431113069117,2.15,0,0,110,0
3,10,71.0785478453323,6.00523710015924,0.903431113069117,3.03,0,0,122,0
3,10,71.0785478453323,6.00523710015924,0.903431113069117,14.14,0,0,50,0
3,10,71.0785478453323,6.00523710015924,0.903431113069117,15.56,0,0,46,0
4,10,47.1834974880516,6.72836836724909,1.27647134303498,0,101,10000,0,1
4,10,47.1834974880516,6.72836836724909,1.27647134303498,0.26,0,0,69,0
4,10,47.1834974880516,6.72836836724909,1.27647134303498,0.7,0,0,143,0
4,10,47.1834974880516,6.72836836724909,1.27647134303498,5.44,0,0,137,0
4,10,47.1834974880516,6.72836836724909,1.27647134303498,7.84,0,0,67,0
5,10,59.3950876277162,3.81466569062179,1.41352249415028,0,101,10000,0,1
5,10,59.3950876277162,3.81466569062179,1.41352249415028,6.4,0,0,89,0
5,10,59.3950876277162,3.81466569062179,1.41352249415028,10.16,0,0,92,0
5,10,59.3950876277162,3.81466569062179,1.41352249415028,12.49,0,0,74,0
5,10,59.3950876277162,3.81466569062179,1.41352249415028,21.84,0,0,34,0
6,10,46.1382740202166,7.73086346813438,1.32004490479976,0,101,10000,0,1
6,10,46.1382740202166,7.73086346813438,1.32004490479976,3.52,0,0,125,0
6,10,46.1382740202166,7.73086346813438,1.32004490479976,8.8,0,0,50,0
6,10,46.1382740202166,7.73086346813438,1.32004490479976,9.7,0,0,35,0
6,10,46.1382740202166,7.73086346813438,1.32004490479976,16.62,0,0,15,0
7,10,52.6392839829607,3.44120984312692,0.806343795091114,0,101,10000,0,1
7,10,52.6392839829607,3.44120984312692,0.806343795091114,3.08,0,0,193,0
7,10,52.6392839829607,3.44120984312692,0.806343795091114,13.2,0,0,60,0
7,10,52.6392839829607,3.44120984312692,0.806343795091114,14.46,0,0,72,0
7,10,52.6392839829607,3.44120984312692,0.806343795091114,17.19,0,0,72,0
8,10,90.6409195804701,3.89813687056458,0.897343301386717,0,101,10000,0,1
8,10,90.6409195804701,3.89813687056458,0.897343301386717,2.47,0,0,85,0
8,10,90.6409195804701,3.89813687056458,0.897343301386717,9.2,0,0,88,0
8,10,90.6409195804701,3.89813687056458,0.897343301386717,14.82,0,0,52,0
8,10,90.6409195804701,3.89813687056458,0.897343301386717,22.71,0,0,39,0
9,10,80.8908734310833,4.73938575669419,1.10975050437241,0,101,10000,0,1
9,10,80.8908734310833,4.73938575669419,1.10975050437241,1.15,0,0,130,0
9,10,80.8908734310833,4.73938575669419,1.10975050437241,5.08,0,0,113,0
9,10,80.8908734310833,4.73938575669419,1.10975050437241,6.81,0,0,63,0
9,10,80.8908734310833,4.73938575669419,1.10975050437241,17.2,0,0,58,0
10,10,60.3681961569812,4.65645492745781,1.03467987401342,0,101,10000,0,1
10,10,60.3681961569812,4.65645492745781,1.03467987401342,0.21,0,0,26,0
10,10,60.3681961569812,4.65645492745781,1.03467987401342,6.99,0,0,107,0
10,10,60.3681961569812,4.65645492745781,1.03467987401342,16.74,0,0,49,0
10,10,60.3681961569812,4.65645492745781,1.03467987401342,17.15,0,0,42,0
11,10,58.032662875913,3.51817411867962,1.0864462946711,0,101,10000,0,1
11,10,58.032662875913,3.51817411867962,1.0864462946711,6.22,0,0,97,0
11,10,58.032662875913,3.51817411867962,1.0864462946711,10.74,0,0,87,0
11,10,58.032662875913,3.51817411867962,1.0864462946711,18.66,0,0,51,0
11,10,58.032662875913,3.51817411867962,1.0864462946711,21.28,0,0,42,0
12,10,81.3279733451633,2.71597747802968,1.96966216565294,0,101,10000,0,1
12,10,81.3279733451633,2.71597747802968,1.96966216565294,0.8,0,0,88,0
12,10,81.3279733451633,2.71597747802968,1.96966216565294,20.17,0,0,74,0
12,10,81.3279733451633,2.71597747802968,1.96966216565294,21.05,0,0,58,0
12,10,81.3279733451633,2.71597747802968,1.96966216565294,22.44,0,0,53,0
13,10,102.113476095448,6.52406704770603,0.761315767426612,0,101,10000,0,1
13,10,102.113476095448,6.52406704770603,0.761315767426612,1.08,0,0,75,0
13,10,102.113476095448,6.52406704770603,0.761315767426612,5.36,0,0,77,0
13,10,102.113476095448,6.52406704770603,0.761315767426612,9.1,0,0,67,0
13,10,102.113476095448,6.52406704770603,0.761315767426612,20.85,0,0,24,0
14,10,65.0884181891501,3.25349369244918,1.19788158839019,0,101,10000,0,1
14,10,65.0884181891501,3.25349369244918,1.19788158839019,9.35,0,0,160,0
14,10,65.0884181891501,3.25349369244918,1.19788158839019,13.54,0,0,85,0
14,10,65.0884181891501,3.25349369244918,1.19788158839019,16.54,0,0,64,0
14,10,65.0884181891501,3.25349369244918,1.19788158839019,17.81,0,0,59,0
15,10,93.535652623526,3.49800550219878,1.06657214223064,0,101,10000,0,1
15,10,93.535652623526,3.49800550219878,1.06657214223064,3.74,0,0,107,0
15,10,93.535652623526,3.49800550219878,1.06657214223064,9.5,0,0,73,0
15,10,93.535652623526,3.49800550219878,1.06657214223064,18.59,0,0,40,0
15,10,93.535652623526,3.49800550219878,1.06657214223064,22.21,0,0,39,0
16,10,51.9023861317196,3.23636060389046,1.04855377331337,0,101,10000,0,1
16,10,51.9023861317196,3.23636060389046,1.04855377331337,8.85,0,0,116,0
16,10,51.9023861317196,3.23636060389046,1.04855377331337,9.5,0,0,71,0
16,10,51.9023861317196,3.23636060389046,1.04855377331337,14.94,0,0,78,0
16,10,51.9023861317196,3.23636060389046,1.04855377331337,20.94,0,0,52,0
17,10,73.7027403477423,4.76150148104826,1.33318782836285,0,101,10000,0,1
17,10,73.7027403477423,4.76150148104826,1.33318782836285,5.05,0,0,92,0
17,10,73.7027403477423,4.76150148104826,1.33318782836285,9.84,0,0,90,0
17,10,73.7027403477423,4.76150148104826,1.33318782836285,17.65,0,0,58,0
17,10,73.7027403477423,4.76150148104826,1.33318782836285,22.17,0,0,32,0
18,10,70.7249725351192,4.00270638243274,1.83027620314644,0,101,10000,0,1
18,10,70.7249725351192,4.00270638243274,1.83027620314644,2.97,0,0,124,0
18,10,70.7249725351192,4.00270638243274,1.83027620314644,5.47,0,0,103,0
18,10,70.7249725351192,4.00270638243274,1.83027620314644,8.04,0,0,88,0
18,10,70.7249725351192,4.00270638243274,1.83027620314644,13.72,0,0,67,0
19,10,87.5033618465848,3.23285665018262,1.48810611824823,0,101,10000,0,1
19,10,87.5033618465848,3.23285665018262,1.48810611824823,4.66,0,0,78,0
19,10,87.5033618465848,3.23285665018262,1.48810611824823,7.36,0,0,125,0
19,10,87.5033618465848,3.23285665018262,1.48810611824823,12.27,0,0,66,0
19,10,87.5033618465848,3.23285665018262,1.48810611824823,16.91,0,0,52,0
20,10,85.3113588720245,2.40467754690532,1.25697735577989,0,101,10000,0,1
20,10,85.3113588720245,2.40467754690532,1.25697735577989,7.26,0,0,131,0
20,10,85.3113588720245,2.40467754690532,1.25697735577989,11.7,0,0,70,0
20,10,85.3113588720245,2.40467754690532,1.25697735577989,13.69,0,0,73,0
20,10,85.3113588720245,2.40467754690532,1.25697735577989,14.75,0,0,74,0
21,10,68.6391890604667,3.26337531630294,1.69474461579396,0,101,10000,0,1
21,10,68.6391890604667,3.26337531630294,1.69474461579396,1.13,0,0,154,0
21,10,68.6391890604667,3.26337531630294,1.69474461579396,16.67,0,0,51,0
21,10,68.6391890604667,3.26337531630294,1.69474461579396,17.33,0,0,83,0
21,10,68.6391890604667,3.26337531630294,1.69474461579396,17.5,0,0,85,0
22,10,95.7495019020694,2.89423618904788,1.09523360946731,0,101,10000,0,1
22,10,95.7495019020694,2.89423618904788,1.09523360946731,4.94,0,0,116,0
22,10,95.7495019020694,2.89423618904788,1.09523360946731,5.99,0,0,79,0
22,10,95.7495019020694,2.89423618904788,1.09523360946731,10.32,0,0,69,0
22,10,95.7495019020694,2.89423618904788,1.09523360946731,20.09,0,0,60,0
23,10,102.330235228397,3.37821549255616,0.944212323410955,0,101,10000,0,1
23,10,102.330235228397,3.37821549255616,0.944212323410955,14.6,0,0,66,0
23,10,102.330235228397,3.37821549255616,0.944212323410955,15.94,0,0,66,0
23,10,102.330235228397,3.37821549255616,0.944212323410955,17.46,0,0,49,0
23,10,102.330235228397,3.37821549255616,0.944212323410955,20.27,0,0,44,0
24,10,57.7642552113245,4.9966216501984,0.720542566292334,0,101,10000,0,1
24,10,57.7642552113245,4.9966216501984,0.720542566292334,2.94,0,0,120,0
24,10,57.7642552113245,4.9966216501984,0.720542566292334,15.89,0,0,42,0
24,10,57.7642552113245,4.9966216501984,0.720542566292334,18.59,0,0,29,0
24,10,57.7642552113245,4.9966216501984,0.720542566292334,21.28,0,0,34,0
25,10,43.4595666023688,2.80198385398768,1.48445650279592,0,101,10000,0,1
25,10,43.4595666023688,2.80198385398768,1.48445650279592,0.31,0,0,69,0
25,10,43.4595666023688,2.80198385398768,1.48445650279592,7.32,0,0,149,0
25,10,43.4595666023688,2.80198385398768,1.48445650279592,10.86,0,0,105,0
25,10,43.4595666023688,2.80198385398768,1.48445650279592,17.01,0,0,93,0
26,10,74.5737653458451,3.95672817359332,0.894742654583125,0,101,10000,0,1
26,10,74.5737653458451,3.95672817359332,0.894742654583125,11.03,0,0,102,0
26,10,74.5737653458451,3.95672817359332,0.894742654583125,12.02,0,0,54,0
26,10,74.5737653458451,3.95672817359332,0.894742654583125,13.4,0,0,98,0
26,10,74.5737653458451,3.95672817359332,0.894742654583125,17.84,0,0,45,0
27,10,41.7867711544404,3.60804968216793,1.03043509160141,0,101,10000,0,1
27,10,41.7867711544404,3.60804968216793,1.03043509160141,0.47,0,0,90,0
27,10,41.7867711544404,3.60804968216793,1.03043509160141,11.04,0,0,107,0
27,10,41.7867711544404,3.60804968216793,1.03043509160141,12.53,0,0,72,0
27,10,41.7867711544404,3.60804968216793,1.03043509160141,22.69,0,0,29,0
28,10,80.0547297486485,4.6828140268449,1.29766424873606,0,101,10000,0,1
28,10,80.0547297486485,4.6828140268449,1.29766424873606,2.85,0,0,128,0
28,10,80.0547297486485,4.6828140268449,1.29766424873606,13.47,0,0,44,0
28,10,80.0547297486485,4.6828140268449,1.29766424873606,23.04,0,0,36,0
28,10,80.0547297486485,4.6828140268449,1.29766424873606,23.66,0,0,35,0
29,10,47.9263044025055,4.27124275525575,1.33531757358339,0,101,10000,0,1
29,10,47.9263044025055,4.27124275525575,1.33531757358339,1.83,0,0,178,0
29,10,47.9263044025055,4.27124275525575,1.33531757358339,7.95,0,0,144,0
29,10,47.9263044025055,4.27124275525575,1.33531757358339,12.64,0,0,58,0
29,10,47.9263044025055,4.27124275525575,1.33531757358339,14.96,0,0,55,0
30,10,125.937625573103,3.11478575077802,0.845089541287315,0,101,10000,0,1
30,10,125.937625573103,3.11478575077802,0.845089541287315,7.92,0,0,83,0
30,10,125.937625573103,3.11478575077802,0.845089541287315,13.36,0,0,91,0
30,10,125.937625573103,3.11478575077802,0.845089541287315,19.11,0,0,42,0
30,10,125.937625573103,3.11478575077802,0.845089541287315,23.2,0,0,40,0
31,30,39.7968375190231,4.23337140181399,0.86002644447387,0,101,30000,0,1
31,30,39.7968375190231,4.23337140181399,0.86002644447387,10.22,0,0,370,0
31,30,39.7968375190231,4.23337140181399,0.86002644447387,11.64,0,0,222,0
31,30,39.7968375190231,4.23337140181399,0.86002644447387,16.46,0,0,150,0
31,30,39.7968375190231,4.23337140181399,0.86002644447387,22.23,0,0,106,0
32,30,88.1062275241729,2.61524709071594,1.61367945478827,0,101,30000,0,1
32,30,88.1062275241729,2.61524709071594,1.61367945478827,3.13,0,0,281,0
32,30,88.1062275241729,2.61524709071594,1.61367945478827,6.81,0,0,388,0
32,30,88.1062275241729,2.61524709071594,1.61367945478827,9.28,0,0,287,0
32,30,88.1062275241729,2.61524709071594,1.61367945478827,15.63,0,0,200,0
33,30,96.317226667832,2.99479491328502,0.93410227942807,0,101,30000,0,1
33,30,96.317226667832,2.99479491328502,0.93410227942807,7.14,0,0,361,0
33,30,96.317226667832,2.99479491328502,0.93410227942807,11.22,0,0,200,0
33,30,96.317226667832,2.99479491328502,0.93410227942807,12.55,0,0,164,0
33,30,96.317226667832,2.99479491328502,0.93410227942807,21.36,0,0,135,0
34,30,59.6957223746408,4.59780049192167,0.777326196737764,0,101,30000,0,1
34,30,59.6957223746408,4.59780049192167,0.777326196737764,0.04,0,0,16,0
34,30,59.6957223746408,4.59780049192167,0.777326196737764,8.81,0,0,238,0
34,30,59.6957223746408,4.59780049192167,0.777326196737764,14.91,0,0,195,0
34,30,59.6957223746408,4.59780049192167,0.777326196737764,16.03,0,0,188,0
35,30,69.6275974973926,2.33842716172091,2.12325163045498,0,101,30000,0,1
35,30,69.6275974973926,2.33842716172091,2.12325163045498,1.78,0,0,410,0
35,30,69.6275974973926,2.33842716172091,2.12325163045498,2.52,0,0,477,0
35,30,69.6275974973926,2.33842716172091,2.12325163045498,2.64,0,0,393,0
35,30,69.6275974973926,2.33842716172091,2.12325163045498,8.13,0,0,405,0
36,30,49.2955869404558,3.36898037803873,1.4814598743653,0,101,30000,0,1
36,30,49.2955869404558,3.36898037803873,1.4814598743653,3.31,0,0,691,0
36,30,49.2955869404558,3.36898037803873,1.4814598743653,3.44,0,0,668,0
36,30,49.2955869404558,3.36898037803873,1.4814598743653,7.38,0,0,334,0
36,30,49.2955869404558,3.36898037803873,1.4814598743653,11.6,0,0,320,0
37,30,78.7541308625476,4.02682378648482,1.30057662723483,0,101,30000,0,1
37,30,78.7541308625476,4.02682378648482,1.30057662723483,1.21,0,0,272,0
37,30,78.7541308625476,4.02682378648482,1.30057662723483,10.39,0,0,236,0
37,30,78.7541308625476,4.02682378648482,1.30057662723483,18.43,0,0,165,0
37,30,78.7541308625476,4.02682378648482,1.30057662723483,23.96,0,0,123,0
38,30,67.0673891470016,3.61449085578149,1.57369022061752,0,101,30000,0,1
38,30,67.0673891470016,3.61449085578149,1.57369022061752,2.56,0,0,310,0
38,30,67.0673891470016,3.61449085578149,1.57369022061752,4.54,0,0,272,0
38,30,67.0673891470016,3.61449085578149,1.57369022061752,7.63,0,0,272,0
38,30,67.0673891470016,3.61449085578149,1.57369022061752,20.6,0,0,171,0
39,30,50.6372395954677,3.44615871174751,0.86251928857397,0,101,30000,0,1
39,30,50.6372395954677,3.44615871174751,0.86251928857397,0.29,0,0,95,0
39,30,50.6372395954677,3.44615871174751,0.86251928857397,1.99,0,0,528,0
39,30,50.6372395954677,3.44615871174751,0.86251928857397,7.77,0,0,459,0
39,30,50.6372395954677,3.44615871174751,0.86251928857397,17.8,0,0,118,0
40,30,75.8436592232101,3.67230789291257,0.694864210223255,0,101,30000,0,1
40,30,75.8436592232101,3.67230789291257,0.694864210223255,0.17,0,0,43,0
40,30,75.8436592232101,3.67230789291257,0.694864210223255,4.38,0,0,305,0
40,30,75.8436592232101,3.67230789291257,0.694864210223255,8.57,0,0,278,0
40,30,75.8436592232101,3.67230789291257,0.694864210223255,11.73,0,0,379,0
41,30,78.3780896231499,4.43806915888604,1.10673318887483,0,101,30000,0,1
41,30,78.3780896231499,4.43806915888604,1.10673318887483,2.87,0,0,250,0
41,30,78.3780896231499,4.43806915888604,1.10673318887483,10.09,0,0,274,0
41,30,78.3780896231499,4.43806915888604,1.10673318887483,10.75,0,0,332,0
41,30,78.3780896231499,4.43806915888604,1.10673318887483,18.3,0,0,127,0
42,30,76.9980946981934,2.24986815209254,0.612696936818418,0,101,30000,0,1
42,30,76.9980946981934,2.24986815209254,0.612696936818418,5.34,0,0,404,0
42,30,76.9980946981934,2.24986815209254,0.612696936818418,8.98,0,0,342,0
42,30,76.9980946981934,2.24986815209254,0.612696936818418,10.34,0,0,298,0
42,30,76.9980946981934,2.24986815209254,0.612696936818418,10.77,0,0,314,0
43,30,88.9173055242577,6.64078240778721,1.01399543958578,0,101,30000,0,1
43,30,88.9173055242577,6.64078240778721,1.01399543958578,0.42,0,0,145,0
43,30,88.9173055242577,6.64078240778721,1.01399543958578,4.66,0,0,204,0
43,30,88.9173055242577,6.64078240778721,1.01399543958578,16.26,0,0,90,0
43,30,88.9173055242577,6.64078240778721,1.01399543958578,22.14,0,0,72,0
44,30,80.5073318735949,2.76317115271711,1.12207167057386,0,101,30000,0,1
44,30,80.5073318735949,2.76317115271711,1.12207167057386,0.9,0,0,264,0
44,30,80.5073318735949,2.76317115271711,1.12207167057386,10.91,0,0,269,0
44,30,80.5073318735949,2.76317115271711,1.12207167057386,11.72,0,0,270,0
44,30,80.5073318735949,2.76317115271711,1.12207167057386,15.08,0,0,189,0
45,30,78.4690920536696,4.46588567750803,1.52923611536137,0,101,30000,0,1
45,30,78.4690920536696,4.46588567750803,1.52923611536137,4.33,0,0,292,0
45,30,78.4690920536696,4.46588567750803,1.52923611536137,17.91,0,0,77,0
45,30,78.4690920536696,4.46588567750803,1.52923611536137,23.01,0,0,114,0
45,30,78.4690920536696,4.46588567750803,1.52923611536137,23.73,0,0,99,0
46,30,46.816897584198,5.90475794283472,0.875802546672564,0,101,30000,0,1
46,30,46.816897584198,5.90475794283472,0.875802546672564,2.52,0,0,422,0
46,30,46.816897584198,5.90475794283472,0.875802546672564,9.87,0,0,188,0
46,30,46.816897584198,5.90475794283472,0.875802546672564,20.55,0,0,66,0
46,30,46.816897584198,5.90475794283472,0.875802546672564,22.67,0,0,49,0
47,30,62.536311237546,5.94785587805699,0.897373475896521,0,101,30000,0,1
47,30,62.536311237546,5.94785587805699,0.897373475896521,2.34,0,0,394,0
47,30,62.536311237546,5.94785587805699,0.897373475896521,4.34,0,0,407,0
47,30,62.536311237546,5.94785587805699,0.897373475896521,7.66,0,0,170,0
47,30,62.536311237546,5.94785587805699,0.897373475896521,7.72,0,0,275,0
48,30,69.22590139298,4.82488607231392,1.04964454558185,0,101,30000,0,1
48,30,69.22590139298,4.82488607231392,1.04964454558185,4.05,0,0,265,0
48,30,69.22590139298,4.82488607231392,1.04964454558185,4.26,0,0,223,0
48,30,69.22590139298,4.82488607231392,1.04964454558185,13.92,0,0,191,0
48,30,69.22590139298,4.82488607231392,1.04964454558185,16.47,0,0,173,0
49,30,56.0040627059048,4.04954243040467,1.49189555314934,0,101,30000,0,1
49,30,56.0040627059048,4.04954243040467,1.49189555314934,2.71,0,0,373,0
49,30,56.0040627059048,4.04954243040467,1.49189555314934,13.43,0,0,194,0
49,30,56.0040627059048,4.04954243040467,1.49189555314934,16.82,0,0,144,0
49,30,56.0040627059048,4.04954243040467,1.49189555314934,18.05,0,0,125,0
50,30,104.958538702402,1.8788724938036,0.948729635933222,0,101,30000,0,1
50,30,104.958538702402,1.8788724938036,0.948729635933222,0.58,0,0,131,0
50,30,104.958538702402,1.8788724938036,0.948729635933222,9.88,0,0,241,0
50,30,104.958538702402,1.8788724938036,0.948729635933222,10.86,0,0,241,0
50,30,104.958538702402,1.8788724938036,0.948729635933222,20.59,0,0,280,0
51,30,69.1538255587823,5.7135193040775,1.67527224354563,0,101,30000,0,1
51,30,69.1538255587823,5.7135193040775,1.67527224354563,4.69,0,0,280,0
51,30,69.1538255587823,5.7135193040775,1.67527224354563,7.96,0,0,288,0
51,30,69.1538255587823,5.7135193040775,1.67527224354563,9.26,0,0,364,0
51,30,69.1538255587823,5.7135193040775,1.67527224354563,15.24,0,0,206,0
52,30,37.4500060497855,4.9571971575196,0.548412937068029,0,101,30000,0,1
52,30,37.4500060497855,4.9571971575196,0.548412937068029,0.95,0,0,332,0
52,30,37.4500060497855,4.9571971575196,0.548412937068029,11.23,0,0,300,0
52,30,37.4500060497855,4.9571971575196,0.548412937068029,11.8,0,0,218,0
52,30,37.4500060497855,4.9571971575196,0.548412937068029,13.44,0,0,164,0
53,30,59.3128388773058,4.95870477875526,0.965839398216204,0,101,30000,0,1
53,30,59.3128388773058,4.95870477875526,0.965839398216204,0.07,0,0,27,0
53,30,59.3128388773058,4.95870477875526,0.965839398216204,1.1,0,0,291,0
53,30,59.3128388773058,4.95870477875526,0.965839398216204,7.34,0,0,257,0
53,30,59.3128388773058,4.95870477875526,0.965839398216204,19.45,0,0,127,0
54,30,86.7078562789397,3.83031371393881,1.25196382662812,0,101,30000,0,1
54,30,86.7078562789397,3.83031371393881,1.25196382662812,4.54,0,0,303,0
54,30,86.7078562789397,3.83031371393881,1.25196382662812,5.19,0,0,230,0
54,30,86.7078562789397,3.83031371393881,1.25196382662812,12,0,0,179,0
54,30,86.7078562789397,3.83031371393881,1.25196382662812,23.95,0,0,122,0
55,30,42.6329550779254,4.51952495799535,1.32180618780717,0,101,30000,0,1
55,30,42.6329550779254,4.51952495799535,1.32180618780717,2.4,0,0,529,0
55,30,42.6329550779254,4.51952495799535,1.32180618780717,2.84,0,0,460,0
55,30,42.6329550779254,4.51952495799535,1.32180618780717,3.6,0,0,596,0
55,30,42.6329550779254,4.51952495799535,1.32180618780717,18.16,0,0,121,0
56,30,92.9112963358856,3.50006440598662,0.747223306033374,0,101,30000,0,1
56,30,92.9112963358856,3.50006440598662,0.747223306033374,11.91,0,0,196,0
56,30,92.9112963358856,3.50006440598662,0.747223306033374,13.69,0,0,189,0
56,30,92.9112963358856,3.50006440598662,0.747223306033374,14.33,0,0,195,0
56,30,92.9112963358856,3.50006440598662,0.747223306033374,17.19,0,0,176,0
57,30,80.4615716034875,4.70139109479684,0.680286248466977,0,101,30000,0,1
57,30,80.4615716034875,4.70139109479684,0.680286248466977,1.27,0,0,231,0
57,30,80.4615716034875,4.70139109479684,0.680286248466977,1.81,0,0,228,0
57,30,80.4615716034875,4.70139109479684,0.680286248466977,6.8,0,0,200,0
57,30,80.4615716034875,4.70139109479684,0.680286248466977,17.22,0,0,137,0
58,30,70.4363101890561,8.25261954835372,0.847564108709321,0,101,30000,0,1
58,30,70.4363101890561,8.25261954835372,0.847564108709321,6.57,0,0,191,0
58,30,70.4363101890561,8.25261954835372,0.847564108709321,8.28,0,0,166,0
58,30,70.4363101890561,8.25261954835372,0.847564108709321,11.92,0,0,108,0
58,30,70.4363101890561,8.25261954835372,0.847564108709321,22.68,0,0,37,0
59,30,68.917142202846,3.56731860966871,0.925159284234303,0,101,30000,0,1
59,30,68.917142202846,3.56731860966871,0.925159284234303,1.94,0,0,344,0
59,30,68.917142202846,3.56731860966871,0.925159284234303,11.3,0,0,264,0
59,30,68.917142202846,3.56731860966871,0.925159284234303,13.11,0,0,283,0
59,30,68.917142202846,3.56731860966871,0.925159284234303,17.35,0,0,153,0
60,30,76.7147415684272,2.17525370734682,0.736354107133287,0,101,30000,0,1
60,30,76.7147415684272,2.17525370734682,0.736354107133287,1.25,0,0,140,0
60,30,76.7147415684272,2.17525370734682,0.736354107133287,9.44,0,0,285,0
60,30,76.7147415684272,2.17525370734682,0.736354107133287,15.42,0,0,220,0
60,30,76.7147415684272,2.17525370734682,0.736354107133287,17.3,0,0,272,0
61,60,51.1541525404056,4.18217368772257,1.53401211339126,0,101,60000,0,1
61,60,51.1541525404056,4.18217368772257,1.53401211339126,6.46,0,0,673,0
61,60,51.1541525404056,4.18217368772257,1.53401211339126,10.89,0,0,574,0
61,60,51.1541525404056,4.18217368772257,1.53401211339126,14.79,0,0,361,0
61,60,51.1541525404056,4.18217368772257,1.53401211339126,23.57,0,0,254,0
62,60,42.0653791890512,4.42273965461381,0.957031417150356,0,101,60000,0,1
62,60,42.0653791890512,4.42273965461381,0.957031417150356,10.9,0,0,486,0
62,60,42.0653791890512,4.42273965461381,0.957031417150356,13.08,0,0,410,0
62,60,42.0653791890512,4.42273965461381,0.957031417150356,20.38,0,0,208,0
62,60,42.0653791890512,4.42273965461381,0.957031417150356,22.02,0,0,132,0
63,60,69.4382980760768,3.67257575337392,0.93868758173806,0,101,60000,0,1
63,60,69.4382980760768,3.67257575337392,0.93868758173806,6.19,0,0,578,0
63,60,69.4382980760768,3.67257575337392,0.93868758173806,10.2,0,0,652,0
63,60,69.4382980760768,3.67257575337392,0.93868758173806,12.49,0,0,439,0
63,60,69.4382980760768,3.67257575337392,0.93868758173806,15.97,0,0,345,0
64,60,50.3311953261687,3.825247780076,1.4300191578557,0,101,60000,0,1
64,60,50.3311953261687,3.825247780076,1.4300191578557,7,0,0,590,0
64,60,50.3311953261687,3.825247780076,1.4300191578557,8.48,0,0,670,0
64,60,50.3311953261687,3.825247780076,1.4300191578557,11.61,0,0,553,0
64,60,50.3311953261687,3.825247780076,1.4300191578557,22.7,0,0,118,0
65,60,96.354026240578,6.81996191252903,0.940412931393339,0,101,60000,0,1
65,60,96.354026240578,6.81996191252903,0.940412931393339,2.56,0,0,531,0
65,60,96.354026240578,6.81996191252903,0.940412931393339,5.12,0,0,408,0
65,60,96.354026240578,6.81996191252903,0.940412931393339,9.67,0,0,286,0
65,60,96.354026240578,6.81996191252903,0.940412931393339,17.33,0,0,307,0
66,60,75.6490937307072,5.78380845687835,0.922434559207788,0,101,60000,0,1
66,60,75.6490937307072,5.78380845687835,0.922434559207788,2.72,0,0,525,0
66,60,75.6490937307072,5.78380845687835,0.922434559207788,4.76,0,0,542,0
66,60,75.6490937307072,5.78380845687835,0.922434559207788,12.09,0,0,280,0
66,60,75.6490937307072,5.78380845687835,0.922434559207788,23.26,0,0,130,0
67,60,71.1007662658917,4.02161637659944,0.831008931740223,0,101,60000,0,1
67,60,71.1007662658917,4.02161637659944,0.831008931740223,9.99,0,0,429,0
67,60,71.1007662658917,4.02161637659944,0.831008931740223,16.03,0,0,345,0
67,60,71.1007662658917,4.02161637659944,0.831008931740223,20.22,0,0,216,0
67,60,71.1007662658917,4.02161637659944,0.831008931740223,20.36,0,0,243,0
68,60,33.7297718400625,2.88283345653693,1.01533069740252,0,101,60000,0,1
68,60,33.7297718400625,2.88283345653693,1.01533069740252,0.69,0,0,729,0
68,60,33.7297718400625,2.88283345653693,1.01533069740252,4.35,0,0,1499,0
68,60,33.7297718400625,2.88283345653693,1.01533069740252,7.42,0,0,1435,0
68,60,33.7297718400625,2.88283345653693,1.01533069740252,15.16,0,0,633,0
69,60,42.8758598362779,2.58136684491442,0.755738434560719,0,101,60000,0,1
69,60,42.8758598362779,2.58136684491442,0.755738434560719,12.56,0,0,446,0
69,60,42.8758598362779,2.58136684491442,0.755738434560719,14.18,0,0,983,0
69,60,42.8758598362779,2.58136684491442,0.755738434560719,14.44,0,0,652,0
69,60,42.8758598362779,2.58136684491442,0.755738434560719,18.06,0,0,770,0
70,60,106.024697065577,3.02454735084686,1.03104645459981,0,101,60000,0,1
70,60,106.024697065577,3.02454735084686,1.03104645459981,1.02,0,0,364,0
70,60,106.024697065577,3.02454735084686,1.03104645459981,8.97,0,0,471,0
70,60,106.024697065577,3.02454735084686,1.03104645459981,10.25,0,0,356,0
70,60,106.024697065577,3.02454735084686,1.03104645459981,22.82,0,0,382,0
71,60,74.8392873696883,2.75464386322079,0.798146572131035,0,101,60000,0,1
71,60,74.8392873696883,2.75464386322079,0.798146572131035,9.03,0,0,628,0
71,60,74.8392873696883,2.75464386322079,0.798146572131035,12.48,0,0,640,0
71,60,74.8392873696883,2.75464386322079,0.798146572131035,16.6,0,0,444,0
71,60,74.8392873696883,2.75464386322079,0.798146572131035,18.56,0,0,382,0
72,60,84.4612568163238,4.42330369198556,0.852148778890241,0,101,60000,0,1
72,60,84.4612568163238,4.42330369198556,0.852148778890241,2.28,0,0,689,0
72,60,84.4612568163238,4.42330369198556,0.852148778890241,5.95,0,0,442,0
72,60,84.4612568163238,4.42330369198556,0.852148778890241,18.21,0,0,264,0
72,60,84.4612568163238,4.42330369198556,0.852148778890241,19.2,0,0,265,0
73,60,58.3752735846717,3.35739559183929,0.882410035925476,0,101,60000,0,1
73,60,58.3752735846717,3.35739559183929,0.882410035925476,0.66,0,0,397,0
73,60,58.3752735846717,3.35739559183929,0.882410035925476,11.11,0,0,932,0
73,60,58.3752735846717,3.35739559183929,0.882410035925476,13.98,0,0,545,0
73,60,58.3752735846717,3.35739559183929,0.882410035925476,23.54,0,0,235,0
74,60,68.1589768955817,3.49735638620819,0.962154603289685,0,101,60000,0,1
74,60,68.1589768955817,3.49735638620819,0.962154603289685,8.88,0,0,692,0
74,60,68.1589768955817,3.49735638620819,0.962154603289685,11.27,0,0,564,0
74,60,68.1589768955817,3.49735638620819,0.962154603289685,19.34,0,0,276,0
74,60,68.1589768955817,3.49735638620819,0.962154603289685,22.95,0,0,286,0
75,60,112.762429043112,2.01097748152731,1.22754007506411,0,101,60000,0,1
75,60,112.762429043112,2.01097748152731,1.22754007506411,5.72,0,0,414,0
75,60,112.762429043112,2.01097748152731,1.22754007506411,11.6,0,0,491,0
75,60,112.762429043112,2.01097748152731,1.22754007506411,18.84,0,0,349,0
75,60,112.762429043112,2.01097748152731,1.22754007506411,21.61,0,0,387,0
76,60,78.6220011781947,2.27016410338456,0.766721458433012,0,101,60000,0,1
76,60,78.6220011781947,2.27016410338456,0.766721458433012,0.6,0,0,207,0
76,60,78.6220011781947,2.27016410338456,0.766721458433012,5.45,0,0,721,0
76,60,78.6220011781947,2.27016410338456,0.766721458433012,8.52,0,0,377,0
76,60,78.6220011781947,2.27016410338456,0.766721458433012,19.94,0,0,428,0
77,60,56.1682054590228,4.1507841713755,0.743870316604348,0,101,60000,0,1
77,60,56.1682054590228,4.1507841713755,0.743870316604348,4.29,0,0,763,0
77,60,56.1682054590228,4.1507841713755,0.743870316604348,12.7,0,0,594,0
77,60,56.1682054590228,4.1507841713755,0.743870316604348,16.01,0,0,305,0
77,60,56.1682054590228,4.1507841713755,0.743870316604348,22.24,0,0,220,0
78,60,55.164952628765,3.96419450686943,0.917285335364711,0,101,60000,0,1
78,60,55.164952628765,3.96419450686943,0.917285335364711,1.94,0,0,898,0
78,60,55.164952628765,3.96419450686943,0.917285335364711,2.48,0,0,898,0
78,60,55.164952628765,3.96419450686943,0.917285335364711,7.17,0,0,966,0
78,60,55.164952628765,3.96419450686943,0.917285335364711,21.2,0,0,268,0
79,60,80.6929459661898,9.0757099101844,0.99861814464749,0,101,60000,0,1
79,60,80.6929459661898,9.0757099101844,0.99861814464749,11.19,0,0,204,0
79,60,80.6929459661898,9.0757099101844,0.99861814464749,11.69,0,0,204,0
79,60,80.6929459661898,9.0757099101844,0.99861814464749,20.22,0,0,77,0
80,60,72.5859101006223,4.50280237554533,0.995857202742254,0,101,60000,0,1
80,60,72.5859101006223,4.50280237554533,0.995857202742254,1.31,0,0,577,0
80,60,72.5859101006223,4.50280237554533,0.995857202742254,8.27,0,0,450,0
80,60,72.5859101006223,4.50280237554533,0.995857202742254,9.82,0,0,461,0
80,60,72.5859101006223,4.50280237554533,0.995857202742254,13.18,0,0,310,0
81,60,92.7268941496877,3.70609908326096,1.04107998757922,0,101,60000,0,1
81,60,92.7268941496877,3.70609908326096,1.04107998757922,6.58,0,0,661,0
81,60,92.7268941496877,3.70609908326096,1.04107998757922,17.88,0,0,356,0
81,60,92.7268941496877,3.70609908326096,1.04107998757922,23.16,0,0,250,0
81,60,92.7268941496877,3.70609908326096,1.04107998757922,23.53,0,0,221,0
82,60,97.3162772120963,4.63197255292224,0.774632077005491,0,101,60000,0,1
82,60,97.3162772120963,4.63197255292224,0.774632077005491,7.08,0,0,364,0
82,60,97.3162772120963,4.63197255292224,0.774632077005491,8.9,0,0,479,0
82,60,97.3162772120963,4.63197255292224,0.774632077005491,9.89,0,0,304,0
82,60,97.3162772120963,4.63197255292224,0.774632077005491,21.75,0,0,174,0
83,60,76.6563719342064,5.69861107765146,1.78104669741641,0,101,60000,0,1
83,60,76.6563719342064,5.69861107765146,1.78104669741641,3.88,0,0,606,0
83,60,76.6563719342064,5.69861107765146,1.78104669741641,12.11,0,0,298,0
83,60,76.6563719342064,5.69861107765146,1.78104669741641,13.83,0,0,315,0
83,60,76.6563719342064,5.69861107765146,1.78104669741641,23.08,0,0,135,0
84,60,68.1589768955817,3.49735638620819,0.962154603289685,0,101,60000,0,1
84,60,68.1589768955817,3.49735638620819,0.962154603289685,8.88,0,0,692,0
84,60,68.1589768955817,3.49735638620819,0.962154603289685,11.27,0,0,564,0
84,60,68.1589768955817,3.49735638620819,0.962154603289685,19.34,0,0,276,0
84,60,68.1589768955817,3.49735638620819,0.962154603289685,22.95,0,0,286,0
85,60,81.9665082322857,4.438851121395,0.871408274338594,0,101,60000,0,1
85,60,81.9665082322857,4.438851121395,0.871408274338594,7.52,0,0,651,0
85,60,81.9665082322857,4.438851121395,0.871408274338594,7.53,0,0,498,0
85,60,81.9665082322857,4.438851121395,0.871408274338594,8.18,0,0,651,0
85,60,81.9665082322857,4.438851121395,0.871408274338594,18.04,0,0,185,0
86,60,140.107944152106,5.55854790354402,1.11860817546835,0,101,60000,0,1
86,60,140.107944152106,5.55854790354402,1.11860817546835,8.44,0,0,310,0
86,60,140.107944152106,5.55854790354402,1.11860817546835,13.46,0,0,195,0
86,60,140.107944152106,5.55854790354402,1.11860817546835,21.44,0,0,139,0
86,60,140.107944152106,5.55854790354402,1.11860817546835,23.79,0,0,166,0
87,60,69.0933151659685,4.48798325633557,1.1432935480598,0,101,60000,0,1
87,60,69.0933151659685,4.48798325633557,1.1432935480598,13.29,0,0,404,0
87,60,69.0933151659685,4.48798325633557,1.1432935480598,15.18,0,0,410,0
87,60,69.0933151659685,4.48798325633557,1.1432935480598,20.82,0,0,258,0
87,60,69.0933151659685,4.48798325633557,1.1432935480598,22.36,0,0,186,0
88,60,70.8676802662043,4.70191112895554,0.797376970155311,0,101,60000,0,1
88,60,70.8676802662043,4.70191112895554,0.797376970155311,0.67,0,0,285,0
88,60,70.8676802662043,4.70191112895554,0.797376970155311,2.12,0,0,686,0
88,60,70.8676802662043,4.70191112895554,0.797376970155311,6.62,0,0,910,0
88,60,70.8676802662043,4.70191112895554,0.797376970155311,20,0,0,230,0
89,60,57.2961116688092,3.58636030092839,1.18132769759922,0,101,60000,0,1
89,60,57.2961116688092,3.58636030092839,1.18132769759922,11.47,0,0,388,0
89,60,57.2961116688092,3.58636030092839,1.18132769759922,13.7,0,0,522,0
89,60,57.2961116688092,3.58636030092839,1.18132769759922,15.17,0,0,486,0
89,60,57.2961116688092,3.58636030092839,1.18132769759922,23.93,0,0,217,0
90,60,114.150671575185,6.30508028667058,1.23777739707174,0,101,60000,0,1
90,60,114.150671575185,6.30508028667058,1.23777739707174,3.4,0,0,293,0
90,60,114.150671575185,6.30508028667058,1.23777739707174,3.72,0,0,439,0
90,60,114.150671575185,6.30508028667058,1.23777739707174,14.11,0,0,293,0
90,60,114.150671575185,6.30508028667058,1.23777739707174,22.79,0,0,151,0
91,120,62.8415909076292,6.36247939076473,0.6767573892084,0,101,120000,0,1
91,120,62.8415909076292,6.36247939076473,0.6767573892084,4.47,0,0,1276,0
91,120,62.8415909076292,6.36247939076473,0.6767573892084,7.48,0,0,931,0
91,120,62.8415909076292,6.36247939076473,0.6767573892084,17.89,0,0,385,0
91,120,62.8415909076292,6.36247939076473,0.6767573892084,23.82,0,0,198,0
92,120,79.4722780917856,7.75215127190116,1.21405128106335,0,101,120000,0,1
92,120,79.4722780917856,7.75215127190116,1.21405128106335,5.94,0,0,791,0
92,120,79.4722780917856,7.75215127190116,1.21405128106335,11.61,0,0,683,0
92,120,79.4722780917856,7.75215127190116,1.21405128106335,16.88,0,0,266,0
92,120,79.4722780917856,7.75215127190116,1.21405128106335,21.03,0,0,233,0
93,120,63.2397071010208,3.49403332424708,0.865907317080111,0,101,120000,0,1
93,120,63.2397071010208,3.49403332424708,0.865907317080111,5.88,0,0,1730,0
93,120,63.2397071010208,3.49403332424708,0.865907317080111,7.29,0,0,1316,0
93,120,63.2397071010208,3.49403332424708,0.865907317080111,15.91,0,0,690,0
93,120,63.2397071010208,3.49403332424708,0.865907317080111,19.27,0,0,686,0
94,120,66.7580054145262,4.04327152176233,1.89641492890109,0,101,120000,0,1
94,120,66.7580054145262,4.04327152176233,1.89641492890109,1.54,0,0,1816,0
94,120,66.7580054145262,4.04327152176233,1.89641492890109,2.14,0,0,1166,0
94,120,66.7580054145262,4.04327152176233,1.89641492890109,4.47,0,0,1321,0
94,120,66.7580054145262,4.04327152176233,1.89641492890109,22.55,0,0,480,0
95,120,146.681853405396,3.33012230424447,1.44559992839004,0,101,120000,0,1
95,120,146.681853405396,3.33012230424447,1.44559992839004,9.35,0,0,646,0
95,120,146.681853405396,3.33012230424447,1.44559992839004,9.55,0,0,634,0
95,120,146.681853405396,3.33012230424447,1.44559992839004,13.23,0,0,828,0
95,120,146.681853405396,3.33012230424447,1.44559992839004,14.08,0,0,706,0
96,120,47.363630101084,7.30492049618592,1.02338459732028,0,101,120000,0,1
96,120,47.363630101084,7.30492049618592,1.02338459732028,6.35,0,0,1822,0
96,120,47.363630101084,7.30492049618592,1.02338459732028,10.47,0,0,644,0
96,120,47.363630101084,7.30492049618592,1.02338459732028,17.21,0,0,214,0
96,120,47.363630101084,7.30492049618592,1.02338459732028,22.36,0,0,120,0
97,120,101.341368643384,4.38787578844375,1.07096010025802,0,101,120000,0,1
97,120,101.341368643384,4.38787578844375,1.07096010025802,2.44,0,0,837,0
97,120,101.341368643384,4.38787578844375,1.07096010025802,3.34,0,0,1205,0
97,120,101.341368643384,4.38787578844375,1.07096010025802,3.56,0,0,1129,0
97,120,101.341368643384,4.38787578844375,1.07096010025802,11.32,0,0,1017,0
98,120,63.3060172894981,3.56644902635136,1.69718621911156,0,101,120000,0,1
98,120,63.3060172894981,3.56644902635136,1.69718621911156,3.3,0,0,1502,0
98,120,63.3060172894981,3.56644902635136,1.69718621911156,11.1,0,0,949,0
98,120,63.3060172894981,3.56644902635136,1.69718621911156,13.05,0,0,1237,0
98,120,63.3060172894981,3.56644902635136,1.69718621911156,18.71,0,0,805,0
99,120,93.0725355197741,4.59536739414274,0.741265123180579,0,101,120000,0,1
99,120,93.0725355197741,4.59536739414274,0.741265123180579,12.87,0,0,739,0
99,120,93.0725355197741,4.59536739414274,0.741265123180579,18.89,0,0,429,0
99,120,93.0725355197741,4.59536739414274,0.741265123180579,21.6,0,0,476,0
99,120,93.0725355197741,4.59536739414274,0.741265123180579,23.84,0,0,352,0
100,120,55.9022371038226,6.1229057848819,1.11817383630624,0,101,120000,0,1
100,120,55.9022371038226,6.1229057848819,1.11817383630624,1.56,0,0,1372,0
100,120,55.9022371038226,6.1229057848819,1.11817383630624,12.5,0,0,1032,0
100,120,55.9022371038226,6.1229057848819,1.11817383630624,20.02,0,0,217,0
100,120,55.9022371038226,6.1229057848819,1.11817383630624,20.9,0,0,254,0
101,120,44.9431096356954,3.41908616278045,1.66148192815688,0,101,120000,0,1
101,120,44.9431096356954,3.41908616278045,1.66148192815688,4.85,0,0,2248,0
101,120,44.9431096356954,3.41908616278045,1.66148192815688,15.92,0,0,723,0
101,120,44.9431096356954,3.41908616278045,1.66148192815688,16.92,0,0,876,0
101,120,44.9431096356954,3.41908616278045,1.66148192815688,20.94,0,0,523,0
102,120,61.5001454507672,5.25697135125066,0.50717140597971,0,101,120000,0,1
102,120,61.5001454507672,5.25697135125066,0.50717140597971,2.97,0,0,1220,0
102,120,61.5001454507672,5.25697135125066,0.50717140597971,4.58,0,0,1356,0
102,120,61.5001454507672,5.25697135125066,0.50717140597971,11.84,0,0,721,0
102,120,61.5001454507672,5.25697135125066,0.50717140597971,14.96,0,0,954,0
103,120,64.0377626944757,6.04334119659582,1.10940536631549,0,101,120000,0,1
103,120,64.0377626944757,6.04334119659582,1.10940536631549,2.11,0,0,1539,0
103,120,64.0377626944757,6.04334119659582,1.10940536631549,6.84,0,0,1502,0
103,120,64.0377626944757,6.04334119659582,1.10940536631549,8.25,0,0,925,0
103,120,64.0377626944757,6.04334119659582,1.10940536631549,20.59,0,0,462,0
104,120,131.194537535597,2.06997230921754,0.74370747261938,0,101,120000,0,1
104,120,131.194537535597,2.06997230921754,0.74370747261938,2.64,0,0,580,0
104,120,131.194537535597,2.06997230921754,0.74370747261938,5.91,0,0,824,0
104,120,131.194537535597,2.06997230921754,0.74370747261938,5.97,0,0,768,0
104,120,131.194537535597,2.06997230921754,0.74370747261938,18.43,0,0,609,0
105,120,67.8635446817928,3.20021745065613,0.715790804420358,0,101,120000,0,1
105,120,67.8635446817928,3.20021745065613,0.715790804420358,0.24,0,0,347,0
105,120,67.8635446817928,3.20021745065613,0.715790804420358,1.53,0,0,1612,0
105,120,67.8635446817928,3.20021745065613,0.715790804420358,11.13,0,0,1465,0
105,120,67.8635446817928,3.20021745065613,0.715790804420358,11.92,0,0,903,0
106,120,64.5576518352176,3.80921121905523,1.13677162987702,0,101,120000,0,1
106,120,64.5576518352176,3.80921121905523,1.13677162987702,1.16,0,0,1089,0
106,120,64.5576518352176,3.80921121905523,1.13677162987702,1.49,0,0,1819,0
106,120,64.5576518352176,3.80921121905523,1.13677162987702,7.78,0,0,1406,0
106,120,64.5576518352176,3.80921121905523,1.13677162987702,10.93,0,0,1117,0
107,120,101.489735695726,4.30671188672886,1.40617093872751,0,101,120000,0,1
107,120,101.489735695726,4.30671188672886,1.40617093872751,6.49,0,0,726,0
107,120,101.489735695726,4.30671188672886,1.40617093872751,11.44,0,0,595,0
107,120,101.489735695726,4.30671188672886,1.40617093872751,17.64,0,0,794,0
107,120,101.489735695726,4.30671188672886,1.40617093872751,18.75,0,0,637,0
108,120,104.247285405525,4.49912513631237,0.93765228610768,0,101,120000,0,1
108,120,104.247285405525,4.49912513631237,0.93765228610768,7.44,0,0,793,0
108,120,104.247285405525,4.49912513631237,0.93765228610768,12.36,0,0,742,0
108,120,104.247285405525,4.49912513631237,0.93765228610768,22.5,0,0,560,0
108,120,104.247285405525,4.49912513631237,0.93765228610768,23.74,0,0,388,0
109,120,63.443858265558,2.19539672394827,0.690372468915072,0,101,120000,0,1
109,120,63.443858265558,2.19539672394827,0.690372468915072,8.8,0,0,1059,0
109,120,63.443858265558,2.19539672394827,0.690372468915072,13.67,0,0,1267,0
109,120,63.443858265558,2.19539672394827,0.690372468915072,16.08,0,0,1052,0
109,120,63.443858265558,2.19539672394827,0.690372468915072,17.82,0,0,1543,0
110,120,66.7203631153299,2.87154765770653,0.531024306972821,0,101,120000,0,1
110,120,66.7203631153299,2.87154765770653,0.531024306972821,1.78,0,0,1142,0
110,120,66.7203631153299,2.87154765770653,0.531024306972821,17.44,0,0,853,0
110,120,66.7203631153299,2.87154765770653,0.531024306972821,19.18,0,0,684,0
110,120,66.7203631153299,2.87154765770653,0.531024306972821,22.4,0,0,615,0
111,120,96.9644314598161,2.38891665637799,1.02819205433545,0,101,120000,0,1
111,120,96.9644314598161,2.38891665637799,1.02819205433545,4.52,0,0,1125,0
111,120,96.9644314598161,2.38891665637799,1.02819205433545,20.26,0,0,691,0
111,120,96.9644314598161,2.38891665637799,1.02819205433545,23.35,0,0,617,0
111,120,96.9644314598161,2.38891665637799,1.02819205433545,23.81,0,0,534,0
112,120,62.738638167488,5.15328030891849,1.52018087675058,0,101,120000,0,1
112,120,62.738638167488,5.15328030891849,1.52018087675058,16.92,0,0,384,0
112,120,62.738638167488,5.15328030891849,1.52018087675058,19.53,0,0,484,0
112,120,62.738638167488,5.15328030891849,1.52018087675058,21.34,0,0,494,0
112,120,62.738638167488,5.15328030891849,1.52018087675058,22.42,0,0,309,0
113,120,66.7203631153299,2.87154765770653,0.531024306972821,0,101,120000,0,1
113,120,66.7203631153299,2.87154765770653,0.531024306972821,1.78,0,0,1142,0
113,120,66.7203631153299,2.87154765770653,0.531024306972821,17.44,0,0,853,0
113,120,66.7203631153299,2.87154765770653,0.531024306972821,19.18,0,0,684,0
113,120,66.7203631153299,2.87154765770653,0.531024306972821,22.4,0,0,615,0
114,120,47.363630101084,7.30492049618592,1.02338459732028,0,101,120000,0,1
114,120,47.363630101084,7.30492049618592,1.02338459732028,6.35,0,0,1822,0
114,120,47.363630101084,7.30492049618592,1.02338459732028,10.47,0,0,644,0
114,120,47.363630101084,7.30492049618592,1.02338459732028,17.21,0,0,214,0
114,120,47.363630101084,7.30492049618592,1.02338459732028,22.36,0,0,120,0
115,120,82.4368587881103,8.29539450793501,1.01359713234724,0,101,120000,0,1
115,120,82.4368587881103,8.29539450793501,1.01359713234724,3.06,0,0,1435,0
115,120,82.4368587881103,8.29539450793501,1.01359713234724,4.42,0,0,1071,0
115,120,82.4368587881103,8.29539450793501,1.01359713234724,8.58,0,0,816,0
115,120,82.4368587881103,8.29539450793501,1.01359713234724,22.33,0,0,225,0
116,120,119.046500418329,2.3385414007374,1.21700649028171,0,101,120000,0,1
116,120,119.046500418329,2.3385414007374,1.21700649028171,5.42,0,0,878,0
116,120,119.046500418329,2.3385414007374,1.21700649028171,10.88,0,0,1075,0
116,120,119.046500418329,2.3385414007374,1.21700649028171,13.4,0,0,898,0
116,120,119.046500418329,2.3385414007374,1.21700649028171,23.43,0,0,780,0
117,120,92.0713856816225,2.47200555140049,1.48445215691866,0,101,120000,0,1
117,120,92.0713856816225,2.47200555140049,1.48445215691866,5.71,0,0,1165,0
117,120,92.0713856816225,2.47200555140049,1.48445215691866,12.15,0,0,933,0
117,120,92.0713856816225,2.47200555140049,1.48445215691866,16.38,0,0,835,0
117,120,92.0713856816225,2.47200555140049,1.48445215691866,19.1,0,0,1038,0
118,120,63.6884942108945,4.46528221564665,1.40273992241154,0,101,120000,0,1
118,120,63.6884942108945,4.46528221564665,1.40273992241154,0.73,0,0,1327,0
118,120,63.6884942108945,4.46528221564665,1.40273992241154,1.37,0,0,1384,0
118,120,63.6884942108945,4.46528221564665,1.40273992241154,8.49,0,0,925,0
118,120,63.6884942108945,4.46528221564665,1.40273992241154,9.46,0,0,1082,0
119,120,55.239560685781,4.42924751392287,1.03155737531461,0,101,120000,0,1
119,120,55.239560685781,4.42924751392287,1.03155737531461,4.93,0,0,1455,0
119,120,55.239560685781,4.42924751392287,1.03155737531461,7.77,0,0,1672,0
119,120,55.239560685781,4.42924751392287,1.03155737531461,13.35,0,0,871,0
119,120,55.239560685781,4.42924751392287,1.03155737531461,22.86,0,0,460,0
120,120,51.4678325838421,4.57970370636358,1.4297187662371,0,101,120000,0,1
120,120,51.4678325838421,4.57970370636358,1.4297187662371,3.55,0,0,1872,0
120,120,51.4678325838421,4.57970370636358,1.4297187662371,6.43,0,0,1299,0
120,120,51.4678325838421,4.57970370636358,1.4297187662371,10.01,0,0,1200,0
120,120,51.4678325838421,4.57970370636358,1.4297187662371,14.54,0,0,697,0
