ID,DOSE,V,CL,KA,TIME,EVID,AMT,DV,EVIDNM
1,10,64.8241947969523,3.62528944879183,0.578806546874428,0,101,10000,0,1
1,10,64.8241947969523,3.62528944879183,0.578806546874428,2.17,0,0,125,0
1,10,64.8241947969523,3.62528944879183,0.578806546874428,3.06,0,0,122,0
1,10,64.8241947969523,3.62528944879183,0.578806546874428,7.34,0,0,97,0
1,10,64.8241947969523,3.62528944879183,0.578806546874428,13.84,0,0,91,0
2,10,104.470724754693,3.92279323459605,1.57382156981547,0,101,10000,0,1
2,10,104.470724754693,3.92279323459605,1.57382156981547,14.73,0,0,70,0
2,10,104.470724754693,3.92279323459605,1.57382156981547,18.78,0,0,41,0
2,10,104.470724754693,3.92279323459605,1.57382156981547,18.81,0,0,54,0
2,10,104.470724754693,3.92279323459605,1.57382156981547,21.98,0,0,60,0
3,10,54.6402176984538,4.09815482084706,0.95812722863607,0,101,10000,0,1
3,10,54.6402176984538,4.09815482084706,0.95812722863607,11.47,0,0,99,0
3,10,54.6402176984538,4.09815482084706,0.95812722863607,17.12,0,0,47,0
3,10,54.6402176984538,4.09815482084706,0.95812722863607,23.2,0,0,35,0
3,10,54.6402176984538,4.09815482084706,0.95812722863607,23.38,0,0,28,0
4,10,70.9231013411711,3.95680879165146,0.571515122805406,0,101,10000,0,1
4,10,70.9231013411711,3.95680879165146,0.571515122805406,9.87,0,0,89,0
4,10,70.9231013411711,3.95680879165146,0.571515122805406,14.63,0,0,70,0
4,10,70.9231013411711,3.95680879165146,0.571515122805406,14.72,0,0,72,0
4,10,70.9231013411711,3.95680879165146,0.571515122805406,19.38,0,0,45,0
5,10,103.271084543204,6.95171918768029,0.763159263084434,0,101,10000,0,1
5,10,103.271084543204,6.95171918768029,0.763159263084434,3.28,0,0,77,0
5,10,103.271084543204,6.95171918768029,0.763159263084434,4.33,0,0,125,0
5,10,103.271084543204,6.95171918768029,0.763159263084434,4.8,0,0,71,0
5,10,103.271084543204,6.95171918768029,0.763159263084434,14.73,0,0,52,0
6,10,47.0166199681481,2.82803045470568,1.3286974098257,0,101,10000,0,1
6,10,47.0166199681481,2.82803045470568,1.3286974098257,4.74,0,0,200,0
6,10,47.0166199681481,2.82803045470568,1.3286974098257,11.47,0,0,206,0
6,10,47.0166199681481,2.82803045470568,1.3286974098257,22.69,0,0,61,0
6,10,47.0166199681481,2.82803045470568,1.3286974098257,23.25,0,0,49,0
7,10,69.212608251109,2.36411607036153,1.11411525161161,0,101,10000,0,1
7,10,69.212608251109,2.36411607036153,1.11411525161161,3.87,0,0,116,0
7,10,69.212608251109,2.36411607036153,1.11411525161161,8.88,0,0,109,0
7,10,69.212608251109,2.36411607036153,1.11411525161161,15.9,0,0,177,0
7,10,69.212608251109,2.36411607036153,1.11411525161161,22.79,0,0,64,0
8,10,64.8241947969523,3.62528944879183,0.578806546874428,0,101,10000,0,1
8,10,64.8241947969523,3.62528944879183,0.578806546874428,2.17,0,0,125,0
8,10,64.8241947969523,3.62528944879183,0.578806546874428,3.06,0,0,122,0
8,10,64.8241947969523,3.62528944879183,0.578806546874428,7.34,0,0,97,0
8,10,64.8241947969523,3.62528944879183,0.578806546874428,13.84,0,0,91,0
9,10,50.0754626074554,6.10133567271315,1.62024418057446,0,101,10000,0,1
9,10,50.0754626074554,6.10133567271315,1.62024418057446,8.64,0,0,70,0
9,10,50.0754626074554,6.10133567271315,1.62024418057446,8.68,0,0,92,0
9,10,50.0754626074554,6.10133567271315,1.62024418057446,13.94,0,0,39,0
9,10,50.0754626074554,6.10133567271315,1.62024418057446,19.6,0,0,16,0
10,10,51.9264358537371,4.54844363368687,0.727395263699148,0,101,10000,0,1
10,10,51.9264358537371,4.54844363368687,0.727395263699148,0.93,0,0,121,0
10,10,51.9264358537371,4.54844363368687,0.727395263699148,14.53,0,0,42,0
10,10,51.9264358537371,4.54844363368687,0.727395263699148,20.25,0,0,35,0
10,10,51.9264358537371,4.54844363368687,0.727395263699148,22.71,0,0,23,0
11,10,64.9473019462823,5.95114313207275,1.39681682685284,0,101,10000,0,1
11,10,64.9473019462823,5.95114313207275,1.39681682685284,5.72,0,0,68,0
11,10,64.9473019462823,5.95114313207275,1.39681682685284,13.69,0,0,55,0
11,10,64.9473019462823,5.95114313207275,1.39681682685284,18.3,0,0,32,0
11,10,64.9473019462823,5.95114313207275,1.39681682685284,21.41,0,0,23,0
12,10,86.9011422943229,5.82433168804886,1.1192644214981,0,101,10000,0,1
12,10,86.9011422943229,5.82433168804886,1.1192644214981,6.69,0,0,65,0
12,10,86.9011422943229,5.82433168804886,1.1192644214981,10.97,0,0,51,0
12,10,86.9011422943229,5.82433168804886,1.1192644214981,18.96,0,0,27,0
12,10,86.9011422943229,5.82433168804886,1.1192644214981,18.98,0,0,32,0
13,10,57.9246939426087,4.06046951671458,0.941507999929432,0,101,10000,0,1
13,10,57.9246939426087,4.06046951671458,0.941507999929432,0.85,0,0,68,0
13,10,57.9246939426087,4.06046951671458,0.941507999929432,4.54,0,0,116,0
13,10,57.9246939426087,4.06046951671458,0.941507999929432,15.3,0,0,68,0
13,10,57.9246939426087,4.06046951671458,0.941507999929432,22.51,0,0,41,0
14,10,92.3533822760213,7.56972449390733,0.764730178951725,0,101,10000,0,1
14,10,92.3533822760213,7.56972449390733,0.764730178951725,0.49,0,0,28,0
14,10,92.3533822760213,7.56972449390733,0.764730178951725,22,0,0,23,0
14,10,92.3533822760213,7.56972449390733,0.764730178951725,22.12,0,0,19,0
14,10,92.3533822760213,7.56972449390733,0.764730178951725,22.5,0,0,18,0
15,10,100.321403322755,5.42814948127504,0.818726601282795,0,101,10000,0,1
15,10,100.321403322755,5.42814948127504,0.818726601282795,2.79,0,0,80,0
15,10,100.321403322755,5.42814948127504,0.818726601282795,3.25,0,0,72,0
15,10,100.321403322755,5.42814948127504,0.818726601282795,5.18,0,0,72,0
15,10,100.321403322755,5.42814948127504,0.818726601282795,6.6,0,0,57,0
16,10,53.4997094391552,4.44348291183207,1.21439167868316,0,101,10000,0,1
16,10,53.4997094391552,4.44348291183207,1.21439167868316,0.93,0,0,116,0
16,10,53.4997094391552,4.44348291183207,1.21439167868316,2.6,0,0,139,0
16,10,53.4997094391552,4.44348291183207,1.21439167868316,13.69,0,0,68,0
16,10,53.4997094391552,4.44348291183207,1.21439167868316,17.15,0,0,47,0
17,10,71.2343643799835,6.14153233391016,0.937600583977601,0,101,10000,0,1
17,10,71.2343643799835,6.14153233391016,0.937600583977601,17.07,0,0,33,0
17,10,71.2343643799835,6.14153233391016,0.937600583977601,19.25,0,0,22,0
17,10,71.2343643799835,6.14153233391016,0.937600583977601,23.05,0,0,29,0
17,10,71.2343643799835,6.14153233391016,0.937600583977601,23.48,0,0,24,0
18,10,61.4121249421685,3.89967062788432,1.07727289986273,0,101,10000,0,1
18,10,61.4121249421685,3.89967062788432,1.07727289986273,4.36,0,0,149,0
18,10,61.4121249421685,3.89967062788432,1.07727289986273,13.42,0,0,63,0
18,10,61.4121249421685,3.89967062788432,1.07727289986273,17.61,0,0,65,0
18,10,61.4121249421685,3.89967062788432,1.07727289986273,19.19,0,0,59,0
19,10,106.277456878955,3.68264491240965,1.08322027340969,0,101,10000,0,1
19,10,106.277456878955,3.68264491240965,1.08322027340969,7.13,0,0,95,0
19,10,106.277456878955,3.68264491240965,1.08322027340969,8.03,0,0,55,0
19,10,106.277456878955,3.68264491240965,1.08322027340969,15.59,0,0,57,0
19,10,106.277456878955,3.68264491240965,1.08322027340969,21,0,0,50,0
20,10,68.0352268004786,2.45313294290635,1.23967871168182,0,101,10000,0,1
20,10,68.0352268004786,2.45313294290635,1.23967871168182,1.34,0,0,125,0
20,10,68.0352268004786,2.45313294290635,1.23967871168182,2.39,0,0,103,0
20,10,68.0352268004786,2.45313294290635,1.23967871168182,16.46,0,0,110,0
20,10,68.0352268004786,2.45313294290635,1.23967871168182,20.66,0,0,70,0
21,10,120.616730109946,4.15976397518428,0.725756652630644,0,101,10000,0,1
21,10,120.616730109946,4.15976397518428,0.725756652630644,3.8,0,0,66,0
21,10,120.616730109946,4.15976397518428,0.725756652630644,4.04,0,0,74,0
21,10,120.616730109946,4.15976397518428,0.725756652630644,20.63,0,0,41,0
21,10,120.616730109946,4.15976397518428,0.725756652630644,23.72,0,0,40,0
22,10,63.3356573333289,4.31930044124988,0.999957191883524,0,101,10000,0,1
22,10,63.3356573333289,4.31930044124988,0.999957191883524,3.62,0,0,117,0
22,10,63.3356573333289,4.31930044124988,0.999957191883524,5.16,0,0,119,0
22,10,63.3356573333289,4.31930044124988,0.999957191883524,23.79,0,0,24,0
22,10,63.3356573333289,4.31930044124988,0.999957191883524,23.87,0,0,33,0
23,10,69.8093237805487,7.60277973380055,0.723471859337405,0,101,10000,0,1
23,10,69.8093237805487,7.60277973380055,0.723471859337405,4.46,0,0,81,0
23,10,69.8093237805487,7.60277973380055,0.723471859337405,5.29,0,0,118,0
23,10,69.8093237805487,7.60277973380055,0.723471859337405,22.33,0,0,14,0
23,10,69.8093237805487,7.60277973380055,0.723471859337405,23.42,0,0,19,0
24,10,90.7681624175756,4.62724651768085,1.13589362747811,0,101,10000,0,1
24,10,90.7681624175756,4.62724651768085,1.13589362747811,7.16,0,0,95,0
24,10,90.7681624175756,4.62724651768085,1.13589362747811,16.27,0,0,30,0
24,10,90.7681624175756,4.62724651768085,1.13589362747811,20.4,0,0,43,0
24,10,90.7681624175756,4.62724651768085,1.13589362747811,22.39,0,0,31,0
25,10,91.4327563145418,8.15965479174223,0.972477449504195,0,101,10000,0,1
25,10,91.4327563145418,8.15965479174223,0.972477449504195,1.15,0,0,47,0
25,10,91.4327563145418,8.15965479174223,0.972477449504195,3.33,0,0,76,0
25,10,91.4327563145418,8.15965479174223,0.972477449504195,13.22,0,0,29,0
25,10,91.4327563145418,8.15965479174223,0.972477449504195,20.49,0,0,20,0
26,10,59.9470041132029,2.74397842004091,0.857551223887885,0,101,10000,0,1
26,10,59.9470041132029,2.74397842004091,0.857551223887885,2.62,0,0,130,0
26,10,59.9470041132029,2.74397842004091,0.857551223887885,8.58,0,0,141,0
26,10,59.9470041132029,2.74397842004091,0.857551223887885,8.82,0,0,124,0
26,10,59.9470041132029,2.74397842004091,0.857551223887885,14.53,0,0,145,0
27,10,76.178884135483,3.29293443047168,1.03799267850462,0,101,10000,0,1
27,10,76.178884135483,3.29293443047168,1.03799267850462,8.15,0,0,112,0
27,10,76.178884135483,3.29293443047168,1.03799267850462,10.49,0,0,104,0
27,10,76.178884135483,3.29293443047168,1.03799267850462,14.28,0,0,71,0
27,10,76.178884135483,3.29293443047168,1.03799267850462,21.63,0,0,46,0
28,10,55.1249430964208,4.23433650347248,1.17415946648096,0,101,10000,0,1
28,10,55.1249430964208,4.23433650347248,1.17415946648096,2.08,0,0,147,0
28,10,55.1249430964208,4.23433650347248,1.17415946648096,9.02,0,0,121,0
28,10,55.1249430964208,4.23433650347248,1.17415946648096,10.08,0,0,47,0
28,10,55.1249430964208,4.23433650347248,1.17415946648096,17,0,0,59,0
29,10,83.6707367185618,3.48832908471899,1.0810425820597,0,101,10000,0,1
29,10,83.6707367185618,3.48832908471899,1.0810425820597,3.89,0,0,107,0
29,10,83.6707367185618,3.48832908471899,1.0810425820597,7.43,0,0,71,0
29,10,83.6707367185618,3.48832908471899,1.0810425820597,20.26,0,0,61,0
30,10,55.7631578284178,4.58109148411468,0.957996773064315,0,101,10000,0,1
30,10,55.7631578284178,4.58109148411468,0.957996773064315,8.35,0,0,96,0
30,10,55.7631578284178,4.58109148411468,0.957996773064315,15.82,0,0,43,0
30,10,55.7631578284178,4.58109148411468,0.957996773064315,15.94,0,0,56,0
30,10,55.7631578284178,4.58109148411468,0.957996773064315,19.46,0,0,33,0
31,30,113.019627362671,4.28963323873896,0.657545508282014,0,101,30000,0,1
31,30,113.019627362671,4.28963323873896,0.657545508282014,1.46,0,0,211,0
31,30,113.019627362671,4.28963323873896,0.657545508282014,6.84,0,0,209,0
31,30,113.019627362671,4.28963323873896,0.657545508282014,12.03,0,0,200,0
31,30,113.019627362671,4.28963323873896,0.657545508282014,16.63,0,0,157,0
32,30,87.8493101195298,3.51242662218738,0.733405743863825,0,101,30000,0,1
32,30,87.8493101195298,3.51242662218738,0.733405743863825,1.06,0,0,130,0
32,30,87.8493101195298,3.51242662218738,0.733405743863825,4,0,0,273,0
32,30,87.8493101195298,3.51242662218738,0.733405743863825,11.49,0,0,246,0
32,30,87.8493101195298,3.51242662218738,0.733405743863825,16.33,0,0,165,0
33,30,46.9101257375925,6.55345053731553,0.804870691750246,0,101,30000,0,1
33,30,46.9101257375925,6.55345053731553,0.804870691750246,1.59,0,0,296,0
33,30,46.9101257375925,6.55345053731553,0.804870691750246,6.63,0,0,344,0
33,30,46.9101257375925,6.55345053731553,0.804870691750246,7.62,0,0,298,0
33,30,46.9101257375925,6.55345053731553,0.804870691750246,8.16,0,0,275,0
34,30,66.8820336851999,4.04377085030643,0.795812981011062,0,101,30000,0,1
34,30,66.8820336851999,4.04377085030643,0.795812981011062,3.38,0,0,396,0
34,30,66.8820336851999,4.04377085030643,0.795812981011062,4.85,0,0,399,0
34,30,66.8820336851999,4.04377085030643,0.795812981011062,16.68,0,0,218,0
34,30,66.8820336851999,4.04377085030643,0.795812981011062,18.45,0,0,158,0
35,30,65.1473530156668,3.62394145179587,0.988497676129236,0,101,30000,0,1
35,30,65.1473530156668,3.62394145179587,0.988497676129236,4.02,0,0,345,0
35,30,65.1473530156668,3.62394145179587,0.988497676129236,5.64,0,0,469,0
35,30,65.1473530156668,3.62394145179587,0.988497676129236,9.8,0,0,300,0
35,30,65.1473530156668,3.62394145179587,0.988497676129236,11.78,0,0,295,0
36,30,102.585948867206,3.44069489529072,0.92350221486248,0,101,30000,0,1
36,30,102.585948867206,3.44069489529072,0.92350221486248,0.17,0,0,39,0
36,30,102.585948867206,3.44069489529072,0.92350221486248,5.01,0,0,299,0
36,30,102.585948867206,3.44069489529072,0.92350221486248,11.77,0,0,165,0
36,30,102.585948867206,3.44069489529072,0.92350221486248,21.61,0,0,139,0
37,30,88.0272581041788,4.869124852167,0.63813906091115,0,101,30000,0,1
37,30,88.0272581041788,4.869124852167,0.63813906091115,4.36,0,0,211,0
37,30,88.0272581041788,4.869124852167,0.63813906091115,11.33,0,0,172,0
37,30,88.0272581041788,4.869124852167,0.63813906091115,13.37,0,0,163,0
37,30,88.0272581041788,4.869124852167,0.63813906091115,20.8,0,0,120,0
38,30,125.255256718742,3.77192051173651,1.13802635448058,0,101,30000,0,1
38,30,125.255256718742,3.77192051173651,1.13802635448058,1.08,0,0,155,0
38,30,125.255256718742,3.77192051173651,1.13802635448058,4.23,0,0,190,0
38,30,125.255256718742,3.77192051173651,1.13802635448058,5.44,0,0,193,0
38,30,125.255256718742,3.77192051173651,1.13802635448058,12.43,0,0,192,0
39,30,83.3810040640875,5.42720298470548,0.533962268582352,0,101,30000,0,1
39,30,83.3810040640875,5.42720298470548,0.533962268582352,13.21,0,0,147,0
39,30,83.3810040640875,5.42720298470548,0.533962268582352,17.04,0,0,118,0
39,30,83.3810040640875,5.42720298470548,0.533962268582352,18.75,0,0,122,0
39,30,83.3810040640875,5.42720298470548,0.533962268582352,19.86,0,0,138,0
40,30,60.1356504650209,3.34366525489649,0.972630713353812,0,101,30000,0,1
40,30,60.1356504650209,3.34366525489649,0.972630713353812,8.12,0,0,269,0
40,30,60.1356504650209,3.34366525489649,0.972630713353812,11.15,0,0,241,0
40,30,60.1356504650209,3.34366525489649,0.972630713353812,20.54,0,0,122,0
40,30,60.1356504650209,3.34366525489649,0.972630713353812,22.93,0,0,157,0
41,30,103.572207338861,3.07974813334955,1.23148728945677,0,101,30000,0,1
41,30,103.572207338861,3.07974813334955,1.23148728945677,11.27,0,0,170,0
41,30,103.572207338861,3.07974813334955,1.23148728945677,11.46,0,0,184,0
41,30,103.572207338861,3.07974813334955,1.23148728945677,16.12,0,0,228,0
41,30,103.572207338861,3.07974813334955,1.23148728945677,18.93,0,0,224,0
42,30,89.0805243554884,5.47388786969262,1.34122747926023,0,101,30000,0,1
42,30,89.0805243554884,5.47388786969262,1.34122747926023,0.48,0,0,166,0
42,30,89.0805243554884,5.47388786969262,1.34122747926023,5.97,0,0,200,0
42,30,89.0805243554884,5.47388786969262,1.34122747926023,10.59,0,0,180,0
42,30,89.0805243554884,5.47388786969262,1.34122747926023,14.77,0,0,130,0
43,30,66.1877716274194,3.94626188073184,0.46485440345021,0,101,30000,0,1
43,30,66.1877716274194,3.94626188073184,0.46485440345021,1.07,0,0,222,0
43,30,66.1877716274194,3.94626188073184,0.46485440345021,1.66,0,0,232,0
43,30,66.1877716274194,3.94626188073184,0.46485440345021,3.72,0,0,417,0
43,30,66.1877716274194,3.94626188073184,0.46485440345021,15.63,0,0,157,0
44,30,46.9964306577072,9.15274671767288,0.725285698872912,0,101,30000,0,1
44,30,46.9964306577072,9.15274671767288,0.725285698872912,1.63,0,0,363,0
44,30,46.9964306577072,9.15274671767288,0.725285698872912,2.12,0,0,451,0
44,30,46.9964306577072,9.15274671767288,0.725285698872912,14.79,0,0,37,0
44,30,46.9964306577072,9.15274671767288,0.725285698872912,16.1,0,0,48,0
45,30,56.761692438339,2.08132027551249,1.17291588381356,0,101,30000,0,1
45,30,56.761692438339,2.08132027551249,1.17291588381356,10.65,0,0,340,0
45,30,56.761692438339,2.08132027551249,1.17291588381356,13.59,0,0,195,0
45,30,56.761692438339,2.08132027551249,1.17291588381356,15.48,0,0,271,0
45,30,56.761692438339,2.08132027551249,1.17291588381356,22.91,0,0,340,0
46,30,60.5118267798799,5.41605265073574,1.02198425701299,0,101,30000,0,1
46,30,60.5118267798799,5.41605265073574,1.02198425701299,15.42,0,0,123,0
46,30,60.5118267798799,5.41605265073574,1.02198425701299,16.11,0,0,182,0
46,30,60.5118267798799,5.41605265073574,1.02198425701299,22.54,0,0,94,0
46,30,60.5118267798799,5.41605265073574,1.02198425701299,23.24,0,0,75,0
47,30,64.4982842297834,4.93089487186863,0.626219145397751,0,101,30000,0,1
47,30,64.4982842297834,4.93089487186863,0.626219145397751,1.5,0,0,213,0
47,30,64.4982842297834,4.93089487186863,0.626219145397751,4.94,0,0,402,0
47,30,64.4982842297834,4.93089487186863,0.626219145397751,6.54,0,0,284,0
47,30,64.4982842297834,4.93089487186863,0.626219145397751,8.92,0,0,325,0
48,30,72.4582331593808,3.89214024445056,0.758840026591624,0,101,30000,0,1
48,30,72.4582331593808,3.89214024445056,0.758840026591624,1.37,0,0,402,0
48,30,72.4582331593808,3.89214024445056,0.758840026591624,11.05,0,0,194,0
48,30,72.4582331593808,3.89214024445056,0.758840026591624,16.12,0,0,160,0
48,30,72.4582331593808,3.89214024445056,0.758840026591624,20.02,0,0,171,0
49,30,56.3654190595551,2.92547026017519,0.993547530481078,0,101,30000,0,1
49,30,56.3654190595551,2.92547026017519,0.993547530481078,3.38,0,0,368,0
49,30,56.3654190595551,2.92547026017519,0.993547530481078,5.42,0,0,506,0
49,30,56.3654190595551,2.92547026017519,0.993547530481078,9.01,0,0,463,0
49,30,56.3654190595551,2.92547026017519,0.993547530481078,14.23,0,0,221,0
50,30,115.783428521598,5.58747748159492,0.822935934544151,0,101,30000,0,1
50,30,115.783428521598,5.58747748159492,0.822935934544151,7.06,0,0,287,0
50,30,115.783428521598,5.58747748159492,0.822935934544151,10.11,0,0,140,0
50,30,115.783428521598,5.58747748159492,0.822935934544151,15.34,0,0,106,0
50,30,115.783428521598,5.58747748159492,0.822935934544151,17.55,0,0,115,0
51,30,62.9766598299648,7.25704750970429,1.85309474015397,0,101,30000,0,1
51,30,62.9766598299648,7.25704750970429,1.85309474015397,4.93,0,0,231,0
51,30,62.9766598299648,7.25704750970429,1.85309474015397,7.91,0,0,231,0
51,30,62.9766598299648,7.25704750970429,1.85309474015397,12.66,0,0,92,0
51,30,62.9766598299648,7.25704750970429,1.85309474015397,21.88,0,0,43,0
52,30,115.998180182617,4.55803060225054,0.74347619207528,0,101,30000,0,1
52,30,115.998180182617,4.55803060225054,0.74347619207528,7.59,0,0,266,0
52,30,115.998180182617,4.55803060225054,0.74347619207528,13.48,0,0,135,0
52,30,115.998180182617,4.55803060225054,0.74347619207528,16.92,0,0,127,0
52,30,115.998180182617,4.55803060225054,0.74347619207528,19.58,0,0,104,0
53,30,67.433151351765,3.39722645198565,1.28925341294477,0,101,30000,0,1
53,30,67.433151351765,3.39722645198565,1.28925341294477,7.82,0,0,272,0
53,30,67.433151351765,3.39722645198565,1.28925341294477,12.07,0,0,243,0
53,30,67.433151351765,3.39722645198565,1.28925341294477,15.79,0,0,186,0
53,30,67.433151351765,3.39722645198565,1.28925341294477,21.07,0,0,183,0
54,30,89.0805243554884,5.47388786969262,1.34122747926023,0,101,30000,0,1
54,30,89.0805243554884,5.47388786969262,1.34122747926023,0.48,0,0,166,0
54,30,89.0805243554884,5.47388786969262,1.34122747926023,5.97,0,0,200,0
54,30,89.0805243554884,5.47388786969262,1.34122747926023,10.59,0,0,180,0
54,30,89.0805243554884,5.47388786969262,1.34122747926023,14.77,0,0,130,0
55,30,76.6418026901966,1.59650924854121,0.746396542655051,0,101,30000,0,1
55,30,76.6418026901966,1.59650924854121,0.746396542655051,8.7,0,0,386,0
55,30,76.6418026901966,1.59650924854121,0.746396542655051,9.61,0,0,289,0
55,30,76.6418026901966,1.59650924854121,0.746396542655051,12.25,0,0,275,0
55,30,76.6418026901966,1.59650924854121,0.746396542655051,12.84,0,0,330,0
56,30,50.5609228224049,3.80217457409312,0.764868672154025,0,101,30000,0,1
56,30,50.5609228224049,3.80217457409312,0.764868672154025,0.19,0,0,72,0
56,30,50.5609228224049,3.80217457409312,0.764868672154025,2.84,0,0,375,0
56,30,50.5609228224049,3.80217457409312,0.764868672154025,20.69,0,0,141,0
56,30,50.5609228224049,3.80217457409312,0.764868672154025,22.82,0,0,141,0
57,30,88.1010229045868,1.99891522979708,0.715023275429098,0,101,30000,0,1
57,30,88.1010229045868,1.99891522979708,0.715023275429098,4.81,0,0,364,0
57,30,88.1010229045868,1.99891522979708,0.715023275429098,13.02,0,0,305,0
57,30,88.1010229045868,1.99891522979708,0.715023275429098,14.92,0,0,250,0
57,30,88.1010229045868,1.99891522979708,0.715023275429098,22.77,0,0,200,0
58,30,72.1173629038947,3.89718470816179,1.02238532396178,0,101,30000,0,1
58,30,72.1173629038947,3.89718470816179,1.02238532396178,0.75,0,0,199,0
58,30,72.1173629038947,3.89718470816179,1.02238532396178,3.49,0,0,296,0
58,30,72.1173629038947,3.89718470816179,1.02238532396178,10.04,0,0,301,0
58,30,72.1173629038947,3.89718470816179,1.02238532396178,20.86,0,0,201,0
59,30,70.232698042303,3.99931889332903,1.12198955344646,0,101,30000,0,1
59,30,70.232698042303,3.99931889332903,1.12198955344646,3.05,0,0,433,0
59,30,70.232698042303,3.99931889332903,1.12198955344646,6.36,0,0,379,0
59,30,70.232698042303,3.99931889332903,1.12198955344646,15.26,0,0,235,0
59,30,70.232698042303,3.99931889332903,1.12198955344646,21.93,0,0,142,0
60,30,74.5309205345246,2.68276639028647,0.966694257396247,0,101,30000,0,1
60,30,74.5309205345246,2.68276639028647,0.966694257396247,2.91,0,0,248,0
60,30,74.5309205345246,2.68276639028647,0.966694257396247,3.18,0,0,344,0
60,30,74.5309205345246,2.68276639028647,0.966694257396247,16.03,0,0,259,0
60,30,74.5309205345246,2.68276639028647,0.966694257396247,23.34,0,0,227,0
61,60,59.7830476086726,2.78107532406131,0.683778756976361,0,101,60000,0,1
61,60,59.7830476086726,2.78107532406131,0.683778756976361,8.03,0,0,892,0
61,60,59.7830476086726,2.78107532406131,0.683778756976361,13.4,0,0,572,0
61,60,59.7830476086726,2.78107532406131,0.683778756976361,14.5,0,0,714,0
61,60,59.7830476086726,2.78107532406131,0.683778756976361,15.13,0,0,399,0
62,60,35.5538690470579,5.63701822935802,0.61626606657122,0,101,60000,0,1
62,60,35.5538690470579,5.63701822935802,0.61626606657122,13.72,0,0,360,0
62,60,35.5538690470579,5.63701822935802,0.61626606657122,21.86,0,0,77,0
62,60,35.5538690470579,5.63701822935802,0.61626606657122,21.97,0,0,119,0
62,60,35.5538690470579,5.63701822935802,0.61626606657122,22.27,0,0,72,0
63,60,53.3624029669334,4.78274359310291,1.01911942638071,0,101,60000,0,1
63,60,53.3624029669334,4.78274359310291,1.01911942638071,0.01,0,0,11,0
63,60,53.3624029669334,4.78274359310291,1.01911942638071,15.47,0,0,325,0
63,60,53.3624029669334,4.78274359310291,1.01911942638071,16.11,0,0,199,0
63,60,53.3624029669334,4.78274359310291,1.01911942638071,16.31,0,0,376,0
64,60,97.4862250781135,3.21346989284266,0.914952249733315,0,101,60000,0,1
64,60,97.4862250781135,3.21346989284266,0.914952249733315,3.24,0,0,610,0
64,60,97.4862250781135,3.21346989284266,0.914952249733315,4.59,0,0,418,0
64,60,97.4862250781135,3.21346989284266,0.914952249733315,8.44,0,0,626,0
64,60,97.4862250781135,3.21346989284266,0.914952249733315,8.5,0,0,367,0
65,60,55.603037025717,4.67073165734707,1.10410205728621,0,101,60000,0,1
65,60,55.603037025717,4.67073165734707,1.10410205728621,3.54,0,0,860,0
65,60,55.603037025717,4.67073165734707,1.10410205728621,12.1,0,0,490,0
65,60,55.603037025717,4.67073165734707,1.10410205728621,12.95,0,0,511,0
65,60,55.603037025717,4.67073165734707,1.10410205728621,17.75,0,0,272,0
66,60,56.1379086714575,4.50707166004605,1.25789070115788,0,101,60000,0,1
66,60,56.1379086714575,4.50707166004605,1.25789070115788,6.03,0,0,516,0
66,60,56.1379086714575,4.50707166004605,1.25789070115788,7.88,0,0,748,0
66,60,56.1379086714575,4.50707166004605,1.25789070115788,19.81,0,0,224,0
66,60,56.1379086714575,4.50707166004605,1.25789070115788,19.88,0,0,161,0
67,60,48.300322714396,4.72261491300553,0.953773838959322,0,101,60000,0,1
67,60,48.300322714396,4.72261491300553,0.953773838959322,2.16,0,0,876,0
67,60,48.300322714396,4.72261491300553,0.953773838959322,6.15,0,0,844,0
67,60,48.300322714396,4.72261491300553,0.953773838959322,15.98,0,0,228,0
67,60,48.300322714396,4.72261491300553,0.953773838959322,23.88,0,0,103,0
68,60,76.259042657166,4.61839376567071,0.607855579986047,0,101,60000,0,1
68,60,76.259042657166,4.61839376567071,0.607855579986047,0.4,0,0,187,0
68,60,76.259042657166,4.61839376567071,0.607855579986047,1.32,0,0,446,0
68,60,76.259042657166,4.61839376567071,0.607855579986047,5.8,0,0,744,0
68,60,76.259042657166,4.61839376567071,0.607855579986047,18.84,0,0,223,0
69,60,85.1915963764796,3.24930976760928,1.18140595326075,0,101,60000,0,1
69,60,85.1915963764796,3.24930976760928,1.18140595326075,5.77,0,0,606,0
69,60,85.1915963764796,3.24930976760928,1.18140595326075,15.14,0,0,525,0
69,60,85.1915963764796,3.24930976760928,1.18140595326075,17.74,0,0,416,0
69,60,85.1915963764796,3.24930976760928,1.18140595326075,19.14,0,0,409,0
70,60,90.0321483725156,5.59851449108288,1.29729432061653,0,101,60000,0,1
70,60,90.0321483725156,5.59851449108288,1.29729432061653,6.16,0,0,484,0
70,60,90.0321483725156,5.59851449108288,1.29729432061653,6.19,0,0,561,0
70,60,90.0321483725156,5.59851449108288,1.29729432061653,20.41,0,0,169,0
70,60,90.0321483725156,5.59851449108288,1.29729432061653,22.37,0,0,179,0
71,60,29.3032064969106,2.7243694552073,0.825402527242612,0,101,60000,0,1
71,60,29.3032064969106,2.7243694552073,0.825402527242612,5.29,0,0,1521,0
71,60,29.3032064969106,2.7243694552073,0.825402527242612,9.97,0,0,845,0
71,60,29.3032064969106,2.7243694552073,0.825402527242612,12.53,0,0,780,0
71,60,29.3032064969106,2.7243694552073,0.825402527242612,19.34,0,0,598,0
72,60,48.7656777933803,3.92150581880592,0.871497013928892,0,101,60000,0,1
72,60,48.7656777933803,3.92150581880592,0.871497013928892,3.77,0,0,774,0
72,60,48.7656777933803,3.92150581880592,0.871497013928892,10.75,0,0,448,0
72,60,48.7656777933803,3.92150581880592,0.871497013928892,15.46,0,0,392,0
72,60,48.7656777933803,3.92150581880592,0.871497013928892,23.75,0,0,256,0
73,60,81.4753966097736,3.86621253179616,1.24175807995989,0,101,60000,0,1
73,60,81.4753966097736,3.86621253179616,1.24175807995989,0.34,0,0,282,0
73,60,81.4753966097736,3.86621253179616,1.24175807995989,5.96,0,0,494,0
73,60,81.4753966097736,3.86621253179616,1.24175807995989,13.23,0,0,354,0
73,60,81.4753966097736,3.86621253179616,1.24175807995989,14.02,0,0,355,0
74,60,73.6918024243974,4.2038121665769,1.85947985066834,0,101,60000,0,1
74,60,73.6918024243974,4.2038121665769,1.85947985066834,10.57,0,0,510,0
74,60,73.6918024243974,4.2038121665769,1.85947985066834,12.08,0,0,419,0
74,60,73.6918024243974,4.2038121665769,1.85947985066834,12.69,0,0,516,0
74,60,73.6918024243974,4.2038121665769,1.85947985066834,12.96,0,0,585,0
75,60,37.3101932551589,4.8650409409868,1.37803232431695,0,101,60000,0,1
75,60,37.3101932551589,4.8650409409868,1.37803232431695,1.15,0,0,988,0
75,60,37.3101932551589,4.8650409409868,1.37803232431695,12.63,0,0,273,0
75,60,37.3101932551589,4.8650409409868,1.37803232431695,16.95,0,0,142,0
75,60,37.3101932551589,4.8650409409868,1.37803232431695,21.62,0,0,135,0
76,60,72.2465213674851,5.83924977688274,1.59348192967418,0,101,60000,0,1
76,60,72.2465213674851,5.83924977688274,1.59348192967418,8.41,0,0,406,0
76,60,72.2465213674851,5.83924977688274,1.59348192967418,16.92,0,0,275,0
76,60,72.2465213674851,5.83924977688274,1.59348192967418,18.81,0,0,243,0
76,60,72.2465213674851,5.83924977688274,1.59348192967418,22.8,0,0,132,0
77,60,98.3092849617497,2.23247756136813,1.15618053822175,0,101,60000,0,1
77,60,98.3092849617497,2.23247756136813,1.15618053822175,5.81,0,0,748,0
77,60,98.3092849617497,2.23247756136813,1.15618053822175,8.52,0,0,512,0
77,60,98.3092849617497,2.23247756136813,1.15618053822175,18.69,0,0,482,0
77,60,98.3092849617497,2.23247756136813,1.15618053822175,18.9,0,0,380,0
78,60,52.3684743760261,4.71535126752726,1.37789318626067,0,101,60000,0,1
78,60,52.3684743760261,4.71535126752726,1.37789318626067,1.48,0,0,887,0
78,60,52.3684743760261,4.71535126752726,1.37789318626067,3.27,0,0,869,0
78,60,52.3684743760261,4.71535126752726,1.37789318626067,9.13,0,0,560,0
78,60,52.3684743760261,4.71535126752726,1.37789318626067,21.87,0,0,168,0
79,60,46.3588521032585,4.47099229582509,1.09857208752667,0,101,60000,0,1
79,60,46.3588521032585,4.47099229582509,1.09857208752667,0.53,0,0,548,0
79,60,46.3588521032585,4.47099229582509,1.09857208752667,5.48,0,0,1012,0
79,60,46.3588521032585,4.47099229582509,1.09857208752667,18.19,0,0,147,0
79,60,46.3588521032585,4.47099229582509,1.09857208752667,18.49,0,0,358,0
80,60,72.3197307283073,3.17230167987259,0.9328132688861,0,101,60000,0,1
80,60,72.3197307283073,3.17230167987259,0.9328132688861,3.99,0,0,780,0
80,60,72.3197307283073,3.17230167987259,0.9328132688861,4.83,0,0,844,0
80,60,72.3197307283073,3.17230167987259,0.9328132688861,8.66,0,0,549,0
80,60,72.3197307283073,3.17230167987259,0.9328132688861,12.53,0,0,536,0
81,60,60.412554142413,2.39691276796939,0.940597471849409,0,101,60000,0,1
81,60,60.412554142413,2.39691276796939,0.940597471849409,7.25,0,0,760,0
81,60,60.412554142413,2.39691276796939,0.940597471849409,11.87,0,0,583,0
81,60,60.412554142413,2.39691276796939,0.940597471849409,19.44,0,0,442,0
81,60,60.412554142413,2.39691276796939,0.940597471849409,21.16,0,0,359,0
82,60,75.9092209469875,5.10794871076183,1.26208973737132,0,101,60000,0,1
82,60,75.9092209469875,5.10794871076183,1.26208973737132,2.47,0,0,558,0
82,60,75.9092209469875,5.10794871076183,1.26208973737132,6.31,0,0,538,0
82,60,75.9092209469875,5.10794871076183,1.26208973737132,7.7,0,0,604,0
82,60,75.9092209469875,5.10794871076183,1.26208973737132,9.68,0,0,539,0
83,60,41.6748424547931,2.69972442840657,1.4125157350898,0,101,60000,0,1
83,60,41.6748424547931,2.69972442840657,1.4125157350898,0.65,0,0,716,0
83,60,41.6748424547931,2.69972442840657,1.4125157350898,1.64,0,0,970,0
83,60,41.6748424547931,2.69972442840657,1.4125157350898,12.88,0,0,569,0
83,60,41.6748424547931,2.69972442840657,1.4125157350898,13.24,0,0,727,0
84,60,91.6301792438024,4.65921241226743,0.864252221968313,0,101,60000,0,1
84,60,91.6301792438024,4.65921241226743,0.864252221968313,3.11,0,0,676,0
84,60,91.6301792438024,4.65921241226743,0.864252221968313,13.74,0,0,326,0
84,60,91.6301792438024,4.65921241226743,0.864252221968313,14.39,0,0,312,0
84,60,91.6301792438024,4.65921241226743,0.864252221968313,17.83,0,0,257,0
85,60,94.9406612477714,2.90444576725155,0.982066931039029,0,101,60000,0,1
85,60,94.9406612477714,2.90444576725155,0.982066931039029,5.38,0,0,556,0
85,60,94.9406612477714,2.90444576725155,0.982066931039029,5.97,0,0,565,0
85,60,94.9406612477714,2.90444576725155,0.982066931039029,12.7,0,0,396,0
85,60,94.9406612477714,2.90444576725155,0.982066931039029,17.08,0,0,481,0
86,60,76.6664290245284,4.71473975606562,0.670599133903595,0,101,60000,0,1
86,60,76.6664290245284,4.71473975606562,0.670599133903595,4.36,0,0,680,0
86,60,76.6664290245284,4.71473975606562,0.670599133903595,17.18,0,0,292,0
86,60,76.6664290245284,4.71473975606562,0.670599133903595,20.48,0,0,249,0
86,60,76.6664290245284,4.71473975606562,0.670599133903595,21.63,0,0,242,0
87,60,69.5864017387481,4.53276317804624,0.895405568036561,0,101,60000,0,1
87,60,69.5864017387481,4.53276317804624,0.895405568036561,1.09,0,0,595,0
87,60,69.5864017387481,4.53276317804624,0.895405568036561,1.3,0,0,632,0
87,60,69.5864017387481,4.53276317804624,0.895405568036561,3.59,0,0,798,0
87,60,69.5864017387481,4.53276317804624,0.895405568036561,8.06,0,0,508,0
88,60,62.1447166395312,3.91369005633778,1.58883847406635,0,101,60000,0,1
88,60,62.1447166395312,3.91369005633778,1.58883847406635,0.25,0,0,349,0
88,60,62.1447166395312,3.91369005633778,1.58883847406635,2.78,0,0,938,0
88,60,62.1447166395312,3.91369005633778,1.58883847406635,5.52,0,0,997,0
88,60,62.1447166395312,3.91369005633778,1.58883847406635,15.58,0,0,479,0
89,60,89.6932087648114,3.49562945783189,0.864126561405825,0,101,60000,0,1
89,60,89.6932087648114,3.49562945783189,0.864126561405825,3.72,0,0,790,0
89,60,89.6932087648114,3.49562945783189,0.864126561405825,7.22,0,0,713,0
89,60,89.6932087648114,3.49562945783189,0.864126561405825,11.86,0,0,407,0
89,60,89.6932087648114,3.49562945783189,0.864126561405825,20.74,0,0,337,0
90,60,94.2839998429175,3.82977198737077,1.05037537232703,0,101,60000,0,1
90,60,94.2839998429175,3.82977198737077,1.05037537232703,2.6,0,0,566,0
90,60,94.2839998429175,3.82977198737077,1.05037537232703,4.31,0,0,613,0
90,60,94.2839998429175,3.82977198737077,1.05037537232703,6.77,0,0,384,0
90,60,94.2839998429175,3.82977198737077,1.05037537232703,16.36,0,0,264,0
91,120,80.6510502375212,4.57702010000768,1.09170786532333,0,101,120000,0,1
91,120,80.6510502375212,4.57702010000768,1.09170786532333,3.25,0,0,1454,0
91,120,80.6510502375212,4.57702010000768,1.09170786532333,4.37,0,0,1120,0
91,120,80.6510502375212,4.57702010000768,1.09170786532333,6.89,0,0,1397,0
91,120,80.6510502375212,4.57702010000768,1.09170786532333,15.9,0,0,660,0
92,120,124.595109746583,5.04960028096568,1.09432846685884,0,101,120000,0,1
92,120,124.595109746583,5.04960028096568,1.09432846685884,1.22,0,0,788,0
92,120,124.595109746583,5.04960028096568,1.09432846685884,4.65,0,0,787,0
92,120,124.595109746583,5.04960028096568,1.09432846685884,11.09,0,0,821,0
92,120,124.595109746583,5.04960028096568,1.09432846685884,14.68,0,0,579,0
93,120,74.3086617347797,3.74178852634582,0.890764103369642,0,101,120000,0,1
93,120,74.3086617347797,3.74178852634582,0.890764103369642,11.52,0,0,851,0
93,120,74.3086617347797,3.74178852634582,0.890764103369642,12.24,0,0,623,0
93,120,74.3086617347797,3.74178852634582,0.890764103369642,16.02,0,0,751,0
93,120,74.3086617347797,3.74178852634582,0.890764103369642,18.89,0,0,659,0
94,120,89.9388036961019,2.73742035088632,1.52175984104902,0,101,120000,0,1
94,120,89.9388036961019,2.73742035088632,1.52175984104902,4.27,0,0,1444,0
94,120,89.9388036961019,2.73742035088632,1.52175984104902,7.57,0,0,727,0
94,120,89.9388036961019,2.73742035088632,1.52175984104902,12.92,0,0,1235,0
94,120,89.9388036961019,2.73742035088632,1.52175984104902,14.28,0,0,837,0
95,120,55.4753381886702,4.3003928860539,0.771518647140311,0,101,120000,0,1
95,120,55.4753381886702,4.3003928860539,0.771518647140311,1.17,0,0,1052,0
95,120,55.4753381886702,4.3003928860539,0.771518647140311,6.18,0,0,1244,0
95,120,55.4753381886702,4.3003928860539,0.771518647140311,6.58,0,0,1638,0
95,120,55.4753381886702,4.3003928860539,0.771518647140311,13.34,0,0,1448,0
96,120,92.1581580595969,4.09508005106717,0.75591839739812,0,101,120000,0,1
96,120,92.1581580595969,4.09508005106717,0.75591839739812,8.64,0,0,904,0
96,120,92.1581580595969,4.09508005106717,0.75591839739812,8.94,0,0,1182,0
96,120,92.1581580595969,4.09508005106717,0.75591839739812,19.34,0,0,592,0
96,120,92.1581580595969,4.09508005106717,0.75591839739812,20.18,0,0,447,0
97,120,49.6201032722678,3.98036237033545,1.01530587708061,0,101,120000,0,1
97,120,49.6201032722678,3.98036237033545,1.01530587708061,3.6,0,0,1800,0
97,120,49.6201032722678,3.98036237033545,1.01530587708061,9.43,0,0,1296,0
97,120,49.6201032722678,3.98036237033545,1.01530587708061,19.51,0,0,639,0
97,120,49.6201032722678,3.98036237033545,1.01530587708061,20.2,0,0,506,0
98,120,104.022047346946,2.9572408865429,1.27139823030345,0,101,120000,0,1
98,120,104.022047346946,2.9572408865429,1.27139823030345,1.94,0,0,1162,0
98,120,104.022047346946,2.9572408865429,1.27139823030345,4.86,0,0,865,0
98,120,104.022047346946,2.9572408865429,1.27139823030345,6.49,0,0,778,0
98,120,104.022047346946,2.9572408865429,1.27139823030345,9.45,0,0,837,0
99,120,62.9545500890273,8.6213713384643,1.42869576286799,0,101,120000,0,1
99,120,62.9545500890273,8.6213713384643,1.42869576286799,4.58,0,0,1195,0
99,120,62.9545500890273,8.6213713384643,1.42869576286799,5.3,0,0,1439,0
99,120,62.9545500890273,8.6213713384643,1.42869576286799,7.74,0,0,618,0
99,120,62.9545500890273,8.6213713384643,1.42869576286799,15.11,0,0,248,0
100,120,51.1083529701862,3.63626076277286,1.28379028434567,0,101,120000,0,1
100,120,51.1083529701862,3.63626076277286,1.28379028434567,5.73,0,0,2152,0
100,120,51.1083529701862,3.63626076277286,1.28379028434567,9.78,0,0,1343,0
100,120,51.1083529701862,3.63626076277286,1.28379028434567,16.43,0,0,964,0
100,120,51.1083529701862,3.63626076277286,1.28379028434567,21.55,0,0,375,0
101,120,75.2264792565334,6.36144400977776,1.35174689649444,0,101,120000,0,1
101,120,75.2264792565334,6.36144400977776,1.35174689649444,7.87,0,0,905,0
101,120,75.2264792565334,6.36144400977776,1.35174689649444,9.4,0,0,691,0
101,120,75.2264792565334,6.36144400977776,1.35174689649444,20.15,0,0,322,0
101,120,75.2264792565334,6.36144400977776,1.35174689649444,21.64,0,0,311,0
102,120,63.7127491768994,6.51618438739936,0.714385832010238,0,101,120000,0,1
102,120,63.7127491768994,6.51618438739936,0.714385832010238,3.73,0,0,1110,0
102,120,63.7127491768994,6.51618438739936,0.714385832010238,5.33,0,0,1243,0
102,120,63.7127491768994,6.51618438739936,0.714385832010238,20.51,0,0,343,0
102,120,63.7127491768994,6.51618438739936,0.714385832010238,21.49,0,0,244,0
103,120,52.2412498791605,4.78002764634137,0.681671476258411,0,101,120000,0,1
103,120,52.2412498791605,4.78002764634137,0.681671476258411,7.8,0,0,951,0
103,120,52.2412498791605,4.78002764634137,0.681671476258411,13.81,0,0,1142,0
103,120,52.2412498791605,4.78002764634137,0.681671476258411,15.2,0,0,657,0
103,120,52.2412498791605,4.78002764634137,0.681671476258411,17.3,0,0,433,0
104,120,94.8049996041971,5.26358293442518,1.1317417466233,0,101,120000,0,1
104,120,94.8049996041971,5.26358293442518,1.1317417466233,10.62,0,0,779,0
104,120,94.8049996041971,5.26358293442518,1.1317417466233,10.89,0,0,718,0
104,120,94.8049996041971,5.26358293442518,1.1317417466233,14.18,0,0,729,0
104,120,94.8049996041971,5.26358293442518,1.1317417466233,14.46,0,0,1130,0
105,120,78.7767009131027,3.10569664507212,0.482166735805607,0,101,120000,0,1
105,120,78.7767009131027,3.10569664507212,0.482166735805607,9.2,0,0,1348,0
105,120,78.7767009131027,3.10569664507212,0.482166735805607,14.89,0,0,1129,0
105,120,78.7767009131027,3.10569664507212,0.482166735805607,15.24,0,0,868,0
105,120,78.7767009131027,3.10569664507212,0.482166735805607,22.54,0,0,744,0
106,120,76.3240308169126,4.67413542562313,1.43092764874502,0,101,120000,0,1
106,120,76.3240308169126,4.67413542562313,1.43092764874502,5.44,0,0,1030,0
106,120,76.3240308169126,4.67413542562313,1.43092764874502,9.5,0,0,929,0
106,120,76.3240308169126,4.67413542562313,1.43092764874502,13.87,0,0,717,0
106,120,76.3240308169126,4.67413542562313,1.43092764874502,23.13,0,0,388,0
107,120,90.285156363366,4.58406817634974,0.710954864835447,0,101,120000,0,1
107,120,90.285156363366,4.58406817634974,0.710954864835447,4.99,0,0,1121,0
107,120,90.285156363366,4.58406817634974,0.710954864835447,5.46,0,0,1220,0
107,120,90.285156363366,4.58406817634974,0.710954864835447,9.34,0,0,1034,0
107,120,90.285156363366,4.58406817634974,0.710954864835447,22.55,0,0,398,0
108,120,47.6689237503532,5.06043721364301,1.58122511059405,0,101,120000,0,1
108,120,47.6689237503532,5.06043721364301,1.58122511059405,3.78,0,0,2390,0
108,120,47.6689237503532,5.06043721364301,1.58122511059405,7.07,0,0,1095,0
108,120,47.6689237503532,5.06043721364301,1.58122511059405,21.88,0,0,250,0
108,120,47.6689237503532,5.06043721364301,1.58122511059405,23.27,0,0,259,0
109,120,66.7458483231442,5.22601867963188,0.840185494938401,0,101,120000,0,1
109,120,66.7458483231442,5.22601867963188,0.840185494938401,0.04,0,0,37,0
109,120,66.7458483231442,5.22601867963188,0.840185494938401,8.48,0,0,766,0
109,120,66.7458483231442,5.22601867963188,0.840185494938401,10.66,0,0,943,0
109,120,66.7458483231442,5.22601867963188,0.840185494938401,15.82,0,0,453,0
110,120,58.4953144430406,5.62366748222297,0.546407059713889,0,101,120000,0,1
110,120,58.4953144430406,5.62366748222297,0.546407059713889,4.66,0,0,1288,0
110,120,58.4953144430406,5.62366748222297,0.546407059713889,8.63,0,0,922,0
110,120,58.4953144430406,5.62366748222297,0.546407059713889,23.17,0,0,209,0
110,120,58.4953144430406,5.62366748222297,0.546407059713889,23.43,0,0,231,0
111,120,64.7527094630451,5.6853995419263,1.00107688128927,0,101,120000,0,1
111,120,64.7527094630451,5.6853995419263,1.00107688128927,2.42,0,0,1504,0
111,120,64.7527094630451,5.6853995419263,1.00107688128927,6.18,0,0,1059,0
111,120,64.7527094630451,5.6853995419263,1.00107688128927,20.5,0,0,361,0
111,120,64.7527094630451,5.6853995419263,1.00107688128927,23.37,0,0,309,0
112,120,64.791791800435,3.54518925369538,1.13305536333453,0,101,120000,0,1
112,120,64.791791800435,3.54518925369538,1.13305536333453,1.74,0,0,1326,0
112,120,64.791791800435,3.54518925369538,1.13305536333453,1.91,0,0,2006,0
112,120,64.791791800435,3.54518925369538,1.13305536333453,2.02,0,0,1143,0
112,120,64.791791800435,3.54518925369538,1.13305536333453,10.6,0,0,971,0
113,120,101.93549979711,5.83633849061223,1.47441592446415,0,101,120000,0,1
113,120,101.93549979711,5.83633849061223,1.47441592446415,7.99,0,0,789,0
113,120,101.93549979711,5.83633849061223,1.47441592446415,18.76,0,0,453,0
113,120,101.93549979711,5.83633849061223,1.47441592446415,21.82,0,0,439,0
113,120,101.93549979711,5.83633849061223,1.47441592446415,23.53,0,0,297,0
114,120,80.2915202934755,3.90083728177844,1.18430813957337,0,101,120000,0,1
114,120,80.2915202934755,3.90083728177844,1.18430813957337,4.72,0,0,1056,0
114,120,80.2915202934755,3.90083728177844,1.18430813957337,6.33,0,0,909,0
114,120,80.2915202934755,3.90083728177844,1.18430813957337,13.3,0,0,1045,0
114,120,80.2915202934755,3.90083728177844,1.18430813957337,19.77,0,0,680,0
115,120,100.013744778131,4.02563011887804,1.43143539138074,0,101,120000,0,1
115,120,100.013744778131,4.02563011887804,1.43143539138074,3.4,0,0,1307,0
115,120,100.013744778131,4.02563011887804,1.43143539138074,8.58,0,0,815,0
115,120,100.013744778131,4.02563011887804,1.43143539138074,14.02,0,0,782,0
115,120,100.013744778131,4.02563011887804,1.43143539138074,15.75,0,0,875,0
116,120,71.4994001169036,5.18056375749098,1.76570125722786,0,101,120000,0,1
116,120,71.4994001169036,5.18056375749098,1.76570125722786,0.13,0,0,349,0
116,120,71.4994001169036,5.18056375749098,1.76570125722786,15.69,0,0,380,0
116,120,71.4994001169036,5.18056375749098,1.76570125722786,17.12,0,0,572,0
116,120,71.4994001169036,5.18056375749098,1.76570125722786,18.55,0,0,376,0
117,120,106.004669631699,3.44450078757415,1.13749092178944,0,101,120000,0,1
117,120,106.004669631699,3.44450078757415,1.13749092178944,1.56,0,0,887,0
117,120,106.004669631699,3.44450078757415,1.13749092178944,15.54,0,0,548,0
117,120,106.004669631699,3.44450078757415,1.13749092178944,16.15,0,0,494,0
117,120,106.004669631699,3.44450078757415,1.13749092178944,22.26,0,0,700,0
118,120,104.886521312363,2.61513729941783,0.884944588789864,0,101,120000,0,1
118,120,104.886521312363,2.61513729941783,0.884944588789864,0.98,0,0,774,0
118,120,104.886521312363,2.61513729941783,0.884944588789864,7.85,0,0,1131,0
118,120,104.886521312363,2.61513729941783,0.884944588789864,8.98,0,0,780,0
118,120,104.886521312363,2.61513729941783,0.884944588789864,22.3,0,0,494,0
119,120,82.4657731806068,3.23683613832398,2.28781174794451,0,101,120000,0,1
119,120,82.4657731806068,3.23683613832398,2.28781174794451,1.36,0,0,1738,0
119,120,82.4657731806068,3.23683613832398,2.28781174794451,4.01,0,0,1842,0
119,120,82.4657731806068,3.23683613832398,2.28781174794451,7.22,0,0,1154,0
119,120,82.4657731806068,3.23683613832398,2.28781174794451,21.2,0,0,567,0
120,120,68.0232770305158,3.7758507528421,0.883028793298808,0,101,120000,0,1
120,120,68.0232770305158,3.7758507528421,0.883028793298808,6.53,0,0,1592,0
120,120,68.0232770305158,3.7758507528421,0.883028793298808,12.4,0,0,845,0
120,120,68.0232770305158,3.7758507528421,0.883028793298808,14.36,0,0,733,0
120,120,68.0232770305158,3.7758507528421,0.883028793298808,17.5,0,0,585,0
