ID,DOSE,V,CL,KA,TIME,EVID,AMT,DV,EVIDNM
1,10,53.8466488878726,6.26811176104422,0.649509665745774,0,101,10000,0,1
1,10,53.8466488878726,6.26811176104422,0.649509665745774,2.4,0,0,142,0
1,10,53.8466488878726,6.26811176104422,0.649509665745774,6.01,0,0,86,0
1,10,53.8466488878726,6.26811176104422,0.649509665745774,7.04,0,0,107,0
1,10,53.8466488878726,6.26811176104422,0.649509665745774,23.14,0,0,14,0
2,10,98.1331938356201,5.40326331355242,1.38233100899551,0,101,10000,0,1
2,10,98.1331938356201,5.40326331355242,1.38233100899551,6.03,0,0,66,0
2,10,98.1331938356201,5.40326331355242,1.38233100899551,11.52,0,0,55,0
2,10,98.1331938356201,5.40326331355242,1.38233100899551,14.96,0,0,54,0
2,10,98.1331938356201,5.40326331355242,1.38233100899551,16.26,0,0,45,0
3,10,102.189994086687,4.92450702433756,0.929509971125366,0,101,10000,0,1
3,10,102.189994086687,4.92450702433756,0.929509971125366,3.58,0,0,109,0
3,10,102.189994086687,4.92450702433756,0.929509971125366,9.88,0,0,64,0
3,10,102.189994086687,4.92450702433756,0.929509971125366,10.99,0,0,60,0
3,10,102.189994086687,4.92450702433756,0.929509971125366,20.35,0,0,47,0
4,10,59.8819435860411,3.11288673577847,0.568967487605066,0,101,10000,0,1
4,10,59.8819435860411,3.11288673577847,0.568967487605066,7.16,0,0,119,0
4,10,59.8819435860411,3.11288673577847,0.568967487605066,12.34,0,0,97,0
4,10,59.8819435860411,3.11288673577847,0.568967487605066,17.41,0,0,67,0
4,10,59.8819435860411,3.11288673577847,0.568967487605066,20.81,0,0,57,0
5,10,72.4826281324825,6.76972423485068,0.707248557868001,0,101,10000,0,1
5,10,72.4826281324825,6.76972423485068,0.707248557868001,3.85,0,0,111,0
5,10,72.4826281324825,6.76972423485068,0.707248557868001,5,0,0,121,0
5,10,72.4826281324825,6.76972423485068,0.707248557868001,17.7,0,0,30,0
5,10,72.4826281324825,6.76972423485068,0.707248557868001,23.78,0,0,15,0
6,10,33.5778226306338,3.36649263004447,1.12616321211239,0,101,10000,0,1
6,10,33.5778226306338,3.36649263004447,1.12616321211239,17.01,0,0,63,0
6,10,33.5778226306338,3.36649263004447,1.12616321211239,18.47,0,0,56,0
6,10,33.5778226306338,3.36649263004447,1.12616321211239,23.31,0,0,28,0
6,10,33.5778226306338,3.36649263004447,1.12616321211239,23.8,0,0,38,0
7,10,51.1917268237073,5.31484170519912,0.93457971998457,0,101,10000,0,1
7,10,51.1917268237073,5.31484170519912,0.93457971998457,2.29,0,0,113,0
7,10,51.1917268237073,5.31484170519912,0.93457971998457,11.68,0,0,56,0
7,10,51.1917268237073,5.31484170519912,0.93457971998457,16,0,0,32,0
7,10,51.1917268237073,5.31484170519912,0.93457971998457,19.48,0,0,20,0
8,10,55.2212048403354,6.96892683931279,1.66448664369175,0,101,10000,0,1
8,10,55.2212048403354,6.96892683931279,1.66448664369175,1.28,0,0,132,0
8,10,55.2212048403354,6.96892683931279,1.66448664369175,16.13,0,0,32,0
8,10,55.2212048403354,6.96892683931279,1.66448664369175,18.42,0,0,18,0
8,10,55.2212048403354,6.96892683931279,1.66448664369175,21.26,0,0,12,0
9,10,39.5816644928632,4.29529041572402,2.13775984230601,0,101,10000,0,1
9,10,39.5816644928632,4.29529041572402,2.13775984230601,1.61,0,0,249,0
9,10,39.5816644928632,4.29529041572402,2.13775984230601,4.98,0,0,103,0
9,10,39.5816644928632,4.29529041572402,2.13775984230601,6.78,0,0,144,0
9,10,39.5816644928632,4.29529041572402,2.13775984230601,9.27,0,0,92,0
10,10,68.1792571831558,4.73902534402174,0.851291937579367,0,101,10000,0,1
10,10,68.1792571831558,4.73902534402174,0.851291937579367,9.83,0,0,116,0
10,10,68.1792571831558,4.73902534402174,0.851291937579367,15.65,0,0,40,0
10,10,68.1792571831558,4.73902534402174,0.851291937579367,16.67,0,0,45,0
10,10,68.1792571831558,4.73902534402174,0.851291937579367,17.08,0,0,39,0
11,10,36.5801418626365,4.70363786216085,0.824595686500871,0,101,10000,0,1
11,10,36.5801418626365,4.70363786216085,0.824595686500871,6.31,0,0,144,0
11,10,36.5801418626365,4.70363786216085,0.824595686500871,17.69,0,0,27,0
11,10,36.5801418626365,4.70363786216085,0.824595686500871,21.08,0,0,24,0
11,10,36.5801418626365,4.70363786216085,0.824595686500871,22.42,0,0,21,0
12,10,91.3044658493308,3.18903244262688,0.978094076774646,0,101,10000,0,1
12,10,91.3044658493308,3.18903244262688,0.978094076774646,0.96,0,0,51,0
12,10,91.3044658493308,3.18903244262688,0.978094076774646,4.09,0,0,80,0
12,10,91.3044658493308,3.18903244262688,0.978094076774646,5.9,0,0,93,0
12,10,91.3044658493308,3.18903244262688,0.978094076774646,15.09,0,0,54,0
13,10,71.271571160871,4.27514034669378,0.793750058254278,0,101,10000,0,1
13,10,71.271571160871,4.27514034669378,0.793750058254278,6.21,0,0,104,0
13,10,71.271571160871,4.27514034669378,0.793750058254278,8.64,0,0,106,0
13,10,71.271571160871,4.27514034669378,0.793750058254278,18.19,0,0,34,0
13,10,71.271571160871,4.27514034669378,0.793750058254278,20.91,0,0,58,0
14,10,45.9118999987042,1.71278930410589,1.17073860929441,0,101,10000,0,1
14,10,45.9118999987042,1.71278930410589,1.17073860929441,2.75,0,0,189,0
14,10,45.9118999987042,1.71278930410589,1.17073860929441,11.57,0,0,142,0
14,10,45.9118999987042,1.71278930410589,1.17073860929441,14.93,0,0,154,0
14,10,45.9118999987042,1.71278930410589,1.17073860929441,22.09,0,0,84,0
15,10,78.5823723447933,2.83845966057606,1.1476563657727,0,101,10000,0,1
15,10,78.5823723447933,2.83845966057606,1.1476563657727,1.21,0,0,89,0
15,10,78.5823723447933,2.83845966057606,1.1476563657727,10.51,0,0,83,0
15,10,78.5823723447933,2.83845966057606,1.1476563657727,14.76,0,0,111,0
15,10,78.5823723447933,2.83845966057606,1.1476563657727,20.54,0,0,50,0
16,10,53.6337186515148,3.70854345180241,1.0171433643499,0,101,10000,0,1
16,10,53.6337186515148,3.70854345180241,1.0171433643499,3.66,0,0,118,0
16,10,53.6337186515148,3.70854345180241,1.0171433643499,11.73,0,0,89,0
16,10,53.6337186515148,3.70854345180241,1.0171433643499,13.43,0,0,67,0
16,10,53.6337186515148,3.70854345180241,1.0171433643499,23.15,0,0,46,0
17,10,49.1134067103891,3.02308659059987,1.35996643557168,0,101,10000,0,1
17,10,49.1134067103891,3.02308659059987,1.35996643557168,1.94,0,0,153,0
17,10,49.1134067103891,3.02308659059987,1.35996643557168,2.46,0,0,222,0
17,10,49.1134067103891,3.02308659059987,1.35996643557168,4.69,0,0,173,0
17,10,49.1134067103891,3.02308659059987,1.35996643557168,15.53,0,0,93,0
18,10,106.622930509473,3.67042115114834,0.855297092683237,0,101,10000,0,1
18,10,106.622930509473,3.67042115114834,0.855297092683237,5.26,0,0,96,0
18,10,106.622930509473,3.67042115114834,0.855297092683237,9.34,0,0,64,0
18,10,106.622930509473,3.67042115114834,0.855297092683237,16.75,0,0,36,0
18,10,106.622930509473,3.67042115114834,0.855297092683237,18.97,0,0,52,0
19,10,60.882846403541,4.19776228025544,0.843593784273357,0,101,10000,0,1
19,10,60.882846403541,4.19776228025544,0.843593784273357,0.13,0,0,29,0
19,10,60.882846403541,4.19776228025544,0.843593784273357,4.02,0,0,133,0
19,10,60.882846403541,4.19776228025544,0.843593784273357,6.01,0,0,211,0
19,10,60.882846403541,4.19776228025544,0.843593784273357,20.12,0,0,43,0
20,10,57.2315063402769,3.32980487867013,0.61057208919096,0,101,10000,0,1
20,10,57.2315063402769,3.32980487867013,0.61057208919096,7.69,0,0,145,0
20,10,57.2315063402769,3.32980487867013,0.61057208919096,10.6,0,0,101,0
20,10,57.2315063402769,3.32980487867013,0.61057208919096,10.83,0,0,109,0
20,10,57.2315063402769,3.32980487867013,0.61057208919096,13.57,0,0,92,0
21,10,66.9195664658265,2.92696091911647,0.658244862043263,0,101,10000,0,1
21,10,66.9195664658265,2.92696091911647,0.658244862043263,9.6,0,0,105,0
21,10,66.9195664658265,2.92696091911647,0.658244862043263,10.92,0,0,74,0
21,10,66.9195664658265,2.92696091911647,0.658244862043263,14.09,0,0,78,0
21,10,66.9195664658265,2.92696091911647,0.658244862043263,20.83,0,0,55,0
22,10,89.3239574667782,4.29423207533243,0.77557920866748,0,101,10000,0,1
22,10,89.3239574667782,4.29423207533243,0.77557920866748,9.36,0,0,108,0
22,10,89.3239574667782,4.29423207533243,0.77557920866748,12.3,0,0,80,0
22,10,89.3239574667782,4.29423207533243,0.77557920866748,12.55,0,0,50,0
22,10,89.3239574667782,4.29423207533243,0.77557920866748,13.11,0,0,71,0
23,10,60.6004364190056,2.78332202088915,1.1560192035815,0,101,10000,0,1
23,10,60.6004364190056,2.78332202088915,1.1560192035815,4.4,0,0,143,0
23,10,60.6004364190056,2.78332202088915,1.1560192035815,11.4,0,0,155,0
23,10,60.6004364190056,2.78332202088915,1.1560192035815,17.65,0,0,105,0
23,10,60.6004364190056,2.78332202088915,1.1560192035815,18.64,0,0,74,0
24,10,72.050789834651,3.08016678620559,1.1057240990932,0,101,10000,0,1
24,10,72.050789834651,3.08016678620559,1.1057240990932,8.51,0,0,78,0
24,10,72.050789834651,3.08016678620559,1.1057240990932,8.69,0,0,97,0
24,10,72.050789834651,3.08016678620559,1.1057240990932,15.48,0,0,80,0
24,10,72.050789834651,3.08016678620559,1.1057240990932,19.74,0,0,52,0
25,10,98.0818051437079,2.36848747956775,0.938529525334887,0,101,10000,0,1
25,10,98.0818051437079,2.36848747956775,0.938529525334887,5.57,0,0,57,0
25,10,98.0818051437079,2.36848747956775,0.938529525334887,7.94,0,0,73,0
25,10,98.0818051437079,2.36848747956775,0.938529525334887,13.21,0,0,63,0
25,10,98.0818051437079,2.36848747956775,0.938529525334887,19.98,0,0,76,0
26,10,55.9111929349236,4.34358964620262,1.30686377187539,0,101,10000,0,1
26,10,55.9111929349236,4.34358964620262,1.30686377187539,2.17,0,0,157,0
26,10,55.9111929349236,4.34358964620262,1.30686377187539,13.46,0,0,59,0
26,10,55.9111929349236,4.34358964620262,1.30686377187539,18.33,0,0,50,0
26,10,55.9111929349236,4.34358964620262,1.30686377187539,21.68,0,0,40,0
27,10,74.8539546743402,5.14028446918603,0.689626949986627,0,101,10000,0,1
27,10,74.8539546743402,5.14028446918603,0.689626949986627,0.02,0,0,2,0
27,10,74.8539546743402,5.14028446918603,0.689626949986627,12.47,0,0,86,0
27,10,74.8539546743402,5.14028446918603,0.689626949986627,19.84,0,0,30,0
27,10,74.8539546743402,5.14028446918603,0.689626949986627,20.73,0,0,45,0
28,10,68.0021407013068,2.9951972283657,0.986137088771243,0,101,10000,0,1
28,10,68.0021407013068,2.9951972283657,0.986137088771243,11.24,0,0,116,0
28,10,68.0021407013068,2.9951972283657,0.986137088771243,18.58,0,0,67,0
28,10,68.0021407013068,2.9951972283657,0.986137088771243,18.82,0,0,90,0
28,10,68.0021407013068,2.9951972283657,0.986137088771243,20.48,0,0,48,0
29,10,44.0998329134875,3.29961040461049,1.03364614722075,0,101,10000,0,1
29,10,44.0998329134875,3.29961040461049,1.03364614722075,8.34,0,0,137,0
29,10,44.0998329134875,3.29961040461049,1.03364614722075,15.44,0,0,77,0
29,10,44.0998329134875,3.29961040461049,1.03364614722075,15.45,0,0,69,0
29,10,44.0998329134875,3.29961040461049,1.03364614722075,15.68,0,0,53,0
30,10,83.0400191746286,4.09821992409991,0.601020620085125,0,101,10000,0,1
30,10,83.0400191746286,4.09821992409991,0.601020620085125,8.22,0,0,80,0
30,10,83.0400191746286,4.09821992409991,0.601020620085125,10.26,0,0,53,0
30,10,83.0400191746286,4.09821992409991,0.601020620085125,13.26,0,0,82,0
30,10,83.0400191746286,4.09821992409991,0.601020620085125,18.32,0,0,40,0
31,30,67.6594183653562,3.49090212164931,0.564103571027305,0,101,30000,0,1
31,30,67.6594183653562,3.49090212164931,0.564103571027305,0.39,0,0,107,0
31,30,67.6594183653562,3.49090212164931,0.564103571027305,3.86,0,0,479,0
31,30,67.6594183653562,3.49090212164931,0.564103571027305,10.1,0,0,336,0
31,30,67.6594183653562,3.49090212164931,0.564103571027305,23.62,0,0,144,0
32,30,127.03397457019,6.07110799407643,1.34623335177265,0,101,30000,0,1
32,30,127.03397457019,6.07110799407643,1.34623335177265,8.98,0,0,204,0
32,30,127.03397457019,6.07110799407643,1.34623335177265,18.73,0,0,112,0
32,30,127.03397457019,6.07110799407643,1.34623335177265,21.86,0,0,70,0
32,30,127.03397457019,6.07110799407643,1.34623335177265,22.34,0,0,75,0
33,30,95.6483976923415,6.35360948387968,1.31729970489633,0,101,30000,0,1
33,30,95.6483976923415,6.35360948387968,1.31729970489633,0.69,0,0,182,0
33,30,95.6483976923415,6.35360948387968,1.31729970489633,5.78,0,0,224,0
33,30,95.6483976923415,6.35360948387968,1.31729970489633,9.73,0,0,264,0
33,30,95.6483976923415,6.35360948387968,1.31729970489633,19.86,0,0,109,0
34,30,35.5079221750764,4.27225614158756,0.599945243797898,0,101,30000,0,1
34,30,35.5079221750764,4.27225614158756,0.599945243797898,4.4,0,0,516,0
34,30,35.5079221750764,4.27225614158756,0.599945243797898,11.68,0,0,337,0
34,30,35.5079221750764,4.27225614158756,0.599945243797898,15.62,0,0,120,0
34,30,35.5079221750764,4.27225614158756,0.599945243797898,16.34,0,0,170,0
35,30,80.7609723960482,4.56327549624324,0.955005131147531,0,101,30000,0,1
35,30,80.7609723960482,4.56327549624324,0.955005131147531,1.84,0,0,305,0
35,30,80.7609723960482,4.56327549624324,0.955005131147531,10.39,0,0,241,0
35,30,80.7609723960482,4.56327549624324,0.955005131147531,12.1,0,0,130,0
35,30,80.7609723960482,4.56327549624324,0.955005131147531,12.89,0,0,199,0
36,30,67.0673891470016,3.61449085578149,1.57369022061752,0,101,30000,0,1
36,30,67.0673891470016,3.61449085578149,1.57369022061752,2.56,0,0,310,0
36,30,67.0673891470016,3.61449085578149,1.57369022061752,4.54,0,0,272,0
36,30,67.0673891470016,3.61449085578149,1.57369022061752,7.63,0,0,272,0
36,30,67.0673891470016,3.61449085578149,1.57369022061752,20.6,0,0,171,0
37,30,59.1739491874505,2.49638642464129,0.767527718133423,0,101,30000,0,1
37,30,59.1739491874505,2.49638642464129,0.767527718133423,2.52,0,0,514,0
37,30,59.1739491874505,2.49638642464129,0.767527718133423,4.51,0,0,370,0
37,30,59.1739491874505,2.49638642464129,0.767527718133423,16.44,0,0,353,0
37,30,59.1739491874505,2.49638642464129,0.767527718133423,18.94,0,0,251,0
38,30,65.7001563689793,3.32967960708757,0.843770306619103,0,101,30000,0,1
38,30,65.7001563689793,3.32967960708757,0.843770306619103,3.31,0,0,414,0
38,30,65.7001563689793,3.32967960708757,0.843770306619103,5.19,0,0,302,0
38,30,65.7001563689793,3.32967960708757,0.843770306619103,7.95,0,0,351,0
38,30,65.7001563689793,3.32967960708757,0.843770306619103,10.62,0,0,266,0
39,30,103.572207338861,3.07974813334955,1.23148728945677,0,101,30000,0,1
39,30,103.572207338861,3.07974813334955,1.23148728945677,11.27,0,0,170,0
39,30,103.572207338861,3.07974813334955,1.23148728945677,11.46,0,0,184,0
39,30,103.572207338861,3.07974813334955,1.23148728945677,16.12,0,0,228,0
39,30,103.572207338861,3.07974813334955,1.23148728945677,18.93,0,0,224,0
40,30,49.3205745147304,3.24775169620765,1.24450153196423,0,101,30000,0,1
40,30,49.3205745147304,3.24775169620765,1.24450153196423,1.08,0,0,434,0
40,30,49.3205745147304,3.24775169620765,1.24450153196423,5.6,0,0,512,0
40,30,49.3205745147304,3.24775169620765,1.24450153196423,12.05,0,0,353,0
40,30,49.3205745147304,3.24775169620765,1.24450153196423,12.64,0,0,288,0
41,30,69.6233327816608,3.96453635957494,1.19966423855697,0,101,30000,0,1
41,30,69.6233327816608,3.96453635957494,1.19966423855697,4.84,0,0,326,0
41,30,69.6233327816608,3.96453635957494,1.19966423855697,9.32,0,0,291,0
41,30,69.6233327816608,3.96453635957494,1.19966423855697,14.79,0,0,176,0
41,30,69.6233327816608,3.96453635957494,1.19966423855697,21.37,0,0,101,0
42,30,83.2984405093359,3.48701691578389,0.903113260770604,0,101,30000,0,1
42,30,83.2984405093359,3.48701691578389,0.903113260770604,0.14,0,0,49,0
42,30,83.2984405093359,3.48701691578389,0.903113260770604,4.3,0,0,215,0
42,30,83.2984405093359,3.48701691578389,0.903113260770604,10.85,0,0,155,0
42,30,83.2984405093359,3.48701691578389,0.903113260770604,14.19,0,0,194,0
43,30,79.5519243213224,3.9094314521861,1.00451337626104,0,101,30000,0,1
43,30,79.5519243213224,3.9094314521861,1.00451337626104,3.52,0,0,337,0
43,30,79.5519243213224,3.9094314521861,1.00451337626104,10.36,0,0,254,0
43,30,79.5519243213224,3.9094314521861,1.00451337626104,19.02,0,0,159,0
43,30,79.5519243213224,3.9094314521861,1.00451337626104,19.19,0,0,147,0
44,30,44.0864290582781,5.55045653757912,1.53146057162097,0,101,30000,0,1
44,30,44.0864290582781,5.55045653757912,1.53146057162097,0.28,0,0,259,0
44,30,44.0864290582781,5.55045653757912,1.53146057162097,1.79,0,0,523,0
44,30,44.0864290582781,5.55045653757912,1.53146057162097,6.72,0,0,293,0
44,30,44.0864290582781,5.55045653757912,1.53146057162097,20.02,0,0,81,0
45,30,92.1111433055676,3.92454643549237,0.765926348490527,0,101,30000,0,1
45,30,92.1111433055676,3.92454643549237,0.765926348490527,11.61,0,0,238,0
45,30,92.1111433055676,3.92454643549237,0.765926348490527,12.39,0,0,203,0
45,30,92.1111433055676,3.92454643549237,0.765926348490527,16.12,0,0,162,0
45,30,92.1111433055676,3.92454643549237,0.765926348490527,16.17,0,0,174,0
46,30,86.0433941131029,4.08154715642349,0.7907383627253,0,101,30000,0,1
46,30,86.0433941131029,4.08154715642349,0.7907383627253,4.66,0,0,271,0
46,30,86.0433941131029,4.08154715642349,0.7907383627253,4.86,0,0,373,0
46,30,86.0433941131029,4.08154715642349,0.7907383627253,7.98,0,0,276,0
46,30,86.0433941131029,4.08154715642349,0.7907383627253,20.14,0,0,128,0
47,30,72.6701526077526,2.65115276835195,0.636179627096993,0,101,30000,0,1
47,30,72.6701526077526,2.65115276835195,0.636179627096993,0.71,0,0,165,0
47,30,72.6701526077526,2.65115276835195,0.636179627096993,1.89,0,0,278,0
47,30,72.6701526077526,2.65115276835195,0.636179627096993,2.94,0,0,364,0
47,30,72.6701526077526,2.65115276835195,0.636179627096993,13.22,0,0,232,0
48,30,80.5596588289598,5.78253690199888,1.11000289679513,0,101,30000,0,1
48,30,80.5596588289598,5.78253690199888,1.11000289679513,8.79,0,0,176,0
48,30,80.5596588289598,5.78253690199888,1.11000289679513,11.52,0,0,134,0
48,30,80.5596588289598,5.78253690199888,1.11000289679513,18.69,0,0,85,0
48,30,80.5596588289598,5.78253690199888,1.11000289679513,18.96,0,0,86,0
49,30,49.2928261222797,3.88235096775874,1.00496493325595,0,101,30000,0,1
49,30,49.2928261222797,3.88235096775874,1.00496493325595,3.84,0,0,335,0
49,30,49.2928261222797,3.88235096775874,1.00496493325595,4.88,0,0,436,0
49,30,49.2928261222797,3.88235096775874,1.00496493325595,16.3,0,0,206,0
49,30,49.2928261222797,3.88235096775874,1.00496493325595,22.44,0,0,98,0
50,30,64.6526438293418,4.67595067969973,1.06238146764092,0,101,30000,0,1
50,30,64.6526438293418,4.67595067969973,1.06238146764092,11.64,0,0,241,0
50,30,64.6526438293418,4.67595067969973,1.06238146764092,12.98,0,0,196,0
50,30,64.6526438293418,4.67595067969973,1.06238146764092,19.57,0,0,103,0
50,30,64.6526438293418,4.67595067969973,1.06238146764092,21.52,0,0,97,0
51,30,59.0141087435178,4.04915904441105,1.14860581662073,0,101,30000,0,1
51,30,59.0141087435178,4.04915904441105,1.14860581662073,0.21,0,0,78,0
51,30,59.0141087435178,4.04915904441105,1.14860581662073,1.48,0,0,414,0
51,30,59.0141087435178,4.04915904441105,1.14860581662073,4.4,0,0,412,0
51,30,59.0141087435178,4.04915904441105,1.14860581662073,6.65,0,0,415,0
52,30,58.5338810501215,2.66529653218341,1.35866643601961,0,101,30000,0,1
52,30,58.5338810501215,2.66529653218341,1.35866643601961,0.83,0,0,336,0
52,30,58.5338810501215,2.66529653218341,1.35866643601961,7.04,0,0,375,0
52,30,58.5338810501215,2.66529653218341,1.35866643601961,12.23,0,0,293,0
52,30,58.5338810501215,2.66529653218341,1.35866643601961,18.34,0,0,189,0
53,30,127.428568899264,5.88838056086128,1.13609532337612,0,101,30000,0,1
53,30,127.428568899264,5.88838056086128,1.13609532337612,8.67,0,0,172,0
53,30,127.428568899264,5.88838056086128,1.13609532337612,15.89,0,0,108,0
53,30,127.428568899264,5.88838056086128,1.13609532337612,17.23,0,0,92,0
53,30,127.428568899264,5.88838056086128,1.13609532337612,22.04,0,0,71,0
54,30,79.5519243213224,3.9094314521861,1.00451337626104,0,101,30000,0,1
54,30,79.5519243213224,3.9094314521861,1.00451337626104,3.52,0,0,337,0
54,30,79.5519243213224,3.9094314521861,1.00451337626104,10.36,0,0,254,0
54,30,79.5519243213224,3.9094314521861,1.00451337626104,19.02,0,0,159,0
54,30,79.5519243213224,3.9094314521861,1.00451337626104,19.19,0,0,147,0
55,30,42.8524818531457,4.12627223323961,1.84745949197992,0,101,30000,0,1
55,30,42.8524818531457,4.12627223323961,1.84745949197992,4.16,0,0,434,0
55,30,42.8524818531457,4.12627223323961,1.84745949197992,5.24,0,0,402,0
55,30,42.8524818531457,4.12627223323961,1.84745949197992,8.77,0,0,450,0
55,30,42.8524818531457,4.12627223323961,1.84745949197992,10.38,0,0,332,0
56,30,53.3551350474403,3.4140155270139,1.04658119389756,0,101,30000,0,1
56,30,53.3551350474403,3.4140155270139,1.04658119389756,6.03,0,0,419,0
56,30,53.3551350474403,3.4140155270139,1.04658119389756,6.83,0,0,449,0
56,30,53.3551350474403,3.4140155270139,1.04658119389756,11.91,0,0,399,0
56,30,53.3551350474403,3.4140155270139,1.04658119389756,12.43,0,0,235,0
57,30,126.800981114765,7.07808512008123,1.06256735895537,0,101,30000,0,1
57,30,126.800981114765,7.07808512008123,1.06256735895537,16.95,0,0,132,0
57,30,126.800981114765,7.07808512008123,1.06256735895537,18.28,0,0,109,0
57,30,126.800981114765,7.07808512008123,1.06256735895537,22,0,0,84,0
58,30,54.2606000220087,4.22543883023723,1.43801542509727,0,101,30000,0,1
58,30,54.2606000220087,4.22543883023723,1.43801542509727,2.23,0,0,487,0
58,30,54.2606000220087,4.22543883023723,1.43801542509727,3.03,0,0,431,0
58,30,54.2606000220087,4.22543883023723,1.43801542509727,11.22,0,0,295,0
58,30,54.2606000220087,4.22543883023723,1.43801542509727,16.55,0,0,167,0
59,30,57.7371341761475,2.53858019622775,0.761858389205462,0,101,30000,0,1
59,30,57.7371341761475,2.53858019622775,0.761858389205462,3.88,0,0,548,0
59,30,57.7371341761475,2.53858019622775,0.761858389205462,5.62,0,0,337,0
59,30,57.7371341761475,2.53858019622775,0.761858389205462,9.26,0,0,333,0
59,30,57.7371341761475,2.53858019622775,0.761858389205462,14.04,0,0,214,0
60,30,59.891173710807,4.51097465495341,1.25461803773855,0,101,30000,0,1
60,30,59.891173710807,4.51097465495341,1.25461803773855,5.46,0,0,312,0
60,30,59.891173710807,4.51097465495341,1.25461803773855,7.81,0,0,395,0
60,30,59.891173710807,4.51097465495341,1.25461803773855,8.62,0,0,228,0
60,30,59.891173710807,4.51097465495341,1.25461803773855,17.61,0,0,164,0
61,60,52.9480643896903,2.39083128963836,1.84343871902918,0,101,60000,0,1
61,60,52.9480643896903,2.39083128963836,1.84343871902918,6.94,0,0,831,0
61,60,52.9480643896903,2.39083128963836,1.84343871902918,9.04,0,0,616,0
61,60,52.9480643896903,2.39083128963836,1.84343871902918,9.26,0,0,671,0
61,60,52.9480643896903,2.39083128963836,1.84343871902918,18.38,0,0,757,0
62,60,77.3735522686729,3.98601428289279,1.33945030653648,0,101,60000,0,1
62,60,77.3735522686729,3.98601428289279,1.33945030653648,3.57,0,0,543,0
62,60,77.3735522686729,3.98601428289279,1.33945030653648,7.33,0,0,460,0
62,60,77.3735522686729,3.98601428289279,1.33945030653648,7.69,0,0,416,0
62,60,77.3735522686729,3.98601428289279,1.33945030653648,23.1,0,0,222,0
63,60,42.3157432240523,2.54110491892873,1.16004727664842,0,101,60000,0,1
63,60,42.3157432240523,2.54110491892873,1.16004727664842,2.14,0,0,1150,0
63,60,42.3157432240523,2.54110491892873,1.16004727664842,5.76,0,0,730,0
63,60,42.3157432240523,2.54110491892873,1.16004727664842,7.49,0,0,1482,0
63,60,42.3157432240523,2.54110491892873,1.16004727664842,18.52,0,0,661,0
64,60,46.2871444863371,5.17408785123266,1.31554706281606,0,101,60000,0,1
64,60,46.2871444863371,5.17408785123266,1.31554706281606,1.58,0,0,936,0
64,60,46.2871444863371,5.17408785123266,1.31554706281606,9.61,0,0,458,0
64,60,46.2871444863371,5.17408785123266,1.31554706281606,14.97,0,0,292,0
64,60,46.2871444863371,5.17408785123266,1.31554706281606,19.93,0,0,182,0
65,60,46.9852928692189,3.53741816269779,1.20460780918327,0,101,60000,0,1
65,60,46.9852928692189,3.53741816269779,1.20460780918327,2.73,0,0,1248,0
65,60,46.9852928692189,3.53741816269779,1.20460780918327,5.42,0,0,1129,0
65,60,46.9852928692189,3.53741816269779,1.20460780918327,20.36,0,0,289,0
65,60,46.9852928692189,3.53741816269779,1.20460780918327,23.68,0,0,244,0
66,60,80.4385212784179,4.6826556308372,0.843656281622221,0,101,60000,0,1
66,60,80.4385212784179,4.6826556308372,0.843656281622221,5.94,0,0,581,0
66,60,80.4385212784179,4.6826556308372,0.843656281622221,6.13,0,0,429,0
66,60,80.4385212784179,4.6826556308372,0.843656281622221,13.41,0,0,307,0
66,60,80.4385212784179,4.6826556308372,0.843656281622221,18.68,0,0,311,0
67,60,79.8299650218234,2.62355967896266,1.0847230808181,0,101,60000,0,1
67,60,79.8299650218234,2.62355967896266,1.0847230808181,4.56,0,0,777,0
67,60,79.8299650218234,2.62355967896266,1.0847230808181,11.56,0,0,533,0
67,60,79.8299650218234,2.62355967896266,1.0847230808181,23.85,0,0,345,0
67,60,79.8299650218234,2.62355967896266,1.0847230808181,23.91,0,0,334,0
68,60,122.877133968361,3.22804423598746,1.03335047228943,0,101,60000,0,1
68,60,122.877133968361,3.22804423598746,1.03335047228943,7.63,0,0,479,0
68,60,122.877133968361,3.22804423598746,1.03335047228943,11.16,0,0,347,0
68,60,122.877133968361,3.22804423598746,1.03335047228943,14.64,0,0,379,0
68,60,122.877133968361,3.22804423598746,1.03335047228943,18.12,0,0,262,0
69,60,42.3306980298709,3.93172189713931,1.34519715488821,0,101,60000,0,1
69,60,42.3306980298709,3.93172189713931,1.34519715488821,14.63,0,0,435,0
69,60,42.3306980298709,3.93172189713931,1.34519715488821,16.06,0,0,347,0
69,60,42.3306980298709,3.93172189713931,1.34519715488821,20.02,0,0,243,0
69,60,42.3306980298709,3.93172189713931,1.34519715488821,23.88,0,0,241,0
70,60,51.440773052098,4.97117533231413,1.16519278033938,0,101,60000,0,1
70,60,51.440773052098,4.97117533231413,1.16519278033938,3.25,0,0,974,0
70,60,51.440773052098,4.97117533231413,1.16519278033938,7.13,0,0,485,0
70,60,51.440773052098,4.97117533231413,1.16519278033938,7.35,0,0,688,0
70,60,51.440773052098,4.97117533231413,1.16519278033938,20.14,0,0,207,0
71,60,60.0195816390828,2.71044926840276,0.830676076366154,0,101,60000,0,1
71,60,60.0195816390828,2.71044926840276,0.830676076366154,2.05,0,0,770,0
71,60,60.0195816390828,2.71044926840276,0.830676076366154,12.43,0,0,700,0
71,60,60.0195816390828,2.71044926840276,0.830676076366154,14.28,0,0,636,0
71,60,60.0195816390828,2.71044926840276,0.830676076366154,18.61,0,0,518,0
72,60,63.1346751806882,2.65853065904699,0.98142344420558,0,101,60000,0,1
72,60,63.1346751806882,2.65853065904699,0.98142344420558,2.5,0,0,1051,0
72,60,63.1346751806882,2.65853065904699,0.98142344420558,16.28,0,0,438,0
72,60,63.1346751806882,2.65853065904699,0.98142344420558,17.16,0,0,368,0
72,60,63.1346751806882,2.65853065904699,0.98142344420558,18.3,0,0,403,0
73,60,59.910089797769,3.46972355654367,1.15508016157794,0,101,60000,0,1
73,60,59.910089797769,3.46972355654367,1.15508016157794,3.3,0,0,1204,0
73,60,59.910089797769,3.46972355654367,1.15508016157794,14.93,0,0,402,0
73,60,59.910089797769,3.46972355654367,1.15508016157794,19.84,0,0,301,0
73,60,59.910089797769,3.46972355654367,1.15508016157794,23.3,0,0,207,0
74,60,105.7324079541,1.62246413559443,0.930771143741556,0,101,60000,0,1
74,60,105.7324079541,1.62246413559443,0.930771143741556,0.75,0,0,249,0
74,60,105.7324079541,1.62246413559443,0.930771143741556,8.09,0,0,487,0
74,60,105.7324079541,1.62246413559443,0.930771143741556,17.05,0,0,739,0
74,60,105.7324079541,1.62246413559443,0.930771143741556,23.88,0,0,427,0
75,60,55.0953534727814,5.03421266660572,0.871799159817423,0,101,60000,0,1
75,60,55.0953534727814,5.03421266660572,0.871799159817423,1.33,0,0,776,0
75,60,55.0953534727814,5.03421266660572,0.871799159817423,3.44,0,0,1057,0
75,60,55.0953534727814,5.03421266660572,0.871799159817423,19.56,0,0,241,0
75,60,55.0953534727814,5.03421266660572,0.871799159817423,22.36,0,0,163,0
76,60,43.2559756405811,4.69201617514612,1.0063057943637,0,101,60000,0,1
76,60,43.2559756405811,4.69201617514612,1.0063057943637,2.26,0,0,1104,0
76,60,43.2559756405811,4.69201617514612,1.0063057943637,8.99,0,0,1002,0
76,60,43.2559756405811,4.69201617514612,1.0063057943637,10.15,0,0,351,0
76,60,43.2559756405811,4.69201617514612,1.0063057943637,11.38,0,0,431,0
77,60,89.5028795431831,3.92441598272425,1.0720432655009,0,101,60000,0,1
77,60,89.5028795431831,3.92441598272425,1.0720432655009,6.62,0,0,470,0
77,60,89.5028795431831,3.92441598272425,1.0720432655009,11.9,0,0,389,0
77,60,89.5028795431831,3.92441598272425,1.0720432655009,14.92,0,0,459,0
77,60,89.5028795431831,3.92441598272425,1.0720432655009,22.72,0,0,189,0
78,60,60.144810930096,3.35020284303099,0.87515601810508,0,101,60000,0,1
78,60,60.144810930096,3.35020284303099,0.87515601810508,3.8,0,0,773,0
78,60,60.144810930096,3.35020284303099,0.87515601810508,9.4,0,0,510,0
78,60,60.144810930096,3.35020284303099,0.87515601810508,17.31,0,0,399,0
78,60,60.144810930096,3.35020284303099,0.87515601810508,20.95,0,0,410,0
79,60,57.0434927507981,3.36202874902683,0.939993056012004,0,101,60000,0,1
79,60,57.0434927507981,3.36202874902683,0.939993056012004,14.32,0,0,488,0
79,60,57.0434927507981,3.36202874902683,0.939993056012004,15.11,0,0,396,0
79,60,57.0434927507981,3.36202874902683,0.939993056012004,20.34,0,0,376,0
79,60,57.0434927507981,3.36202874902683,0.939993056012004,20.8,0,0,368,0
80,60,78.9110124740824,5.86696600109398,0.861905970222221,0,101,60000,0,1
80,60,78.9110124740824,5.86696600109398,0.861905970222221,2.98,0,0,558,0
80,60,78.9110124740824,5.86696600109398,0.861905970222221,14.37,0,0,304,0
80,60,78.9110124740824,5.86696600109398,0.861905970222221,16.01,0,0,348,0
80,60,78.9110124740824,5.86696600109398,0.861905970222221,21.5,0,0,128,0
81,60,88.9648222935339,5.39971264905078,1.33158816189141,0,101,60000,0,1
81,60,88.9648222935339,5.39971264905078,1.33158816189141,6.71,0,0,464,0
81,60,88.9648222935339,5.39971264905078,1.33158816189141,11.39,0,0,325,0
81,60,88.9648222935339,5.39971264905078,1.33158816189141,17.66,0,0,309,0
81,60,88.9648222935339,5.39971264905078,1.33158816189141,19.6,0,0,208,0
82,60,55.3223436139932,3.83784271944998,0.855363342246643,0,101,60000,0,1
82,60,55.3223436139932,3.83784271944998,0.855363342246643,14.02,0,0,386,0
82,60,55.3223436139932,3.83784271944998,0.855363342246643,17.57,0,0,311,0
82,60,55.3223436139932,3.83784271944998,0.855363342246643,19.45,0,0,320,0
82,60,55.3223436139932,3.83784271944998,0.855363342246643,23.13,0,0,259,0
83,60,51.2320711860476,3.40300890500436,1.01786500002033,0,101,60000,0,1
83,60,51.2320711860476,3.40300890500436,1.01786500002033,1.84,0,0,897,0
83,60,51.2320711860476,3.40300890500436,1.01786500002033,3.66,0,0,1232,0
83,60,51.2320711860476,3.40300890500436,1.01786500002033,17.87,0,0,257,0
83,60,51.2320711860476,3.40300890500436,1.01786500002033,18.56,0,0,316,0
84,60,84.6183502652174,5.93659812867908,1.38858371508466,0,101,60000,0,1
84,60,84.6183502652174,5.93659812867908,1.38858371508466,2.06,0,0,629,0
84,60,84.6183502652174,5.93659812867908,1.38858371508466,6.88,0,0,488,0
84,60,84.6183502652174,5.93659812867908,1.38858371508466,19.13,0,0,215,0
84,60,84.6183502652174,5.93659812867908,1.38858371508466,19.58,0,0,178,0
85,60,101.025295092413,2.90780841823051,1.35471067517198,0,101,60000,0,1
85,60,101.025295092413,2.90780841823051,1.35471067517198,1.26,0,0,393,0
85,60,101.025295092413,2.90780841823051,1.35471067517198,3.25,0,0,511,0
85,60,101.025295092413,2.90780841823051,1.35471067517198,16.17,0,0,444,0
85,60,101.025295092413,2.90780841823051,1.35471067517198,21.61,0,0,433,0
86,60,96.3470263734777,3.89855323881249,0.628382365414651,0,101,60000,0,1
86,60,96.3470263734777,3.89855323881249,0.628382365414651,0.96,0,0,345,0
86,60,96.3470263734777,3.89855323881249,0.628382365414651,10.59,0,0,622,0
86,60,96.3470263734777,3.89855323881249,0.628382365414651,23.81,0,0,278,0
86,60,96.3470263734777,3.89855323881249,0.628382365414651,23.99,0,0,359,0
87,60,118.420343328373,3.25097008871145,0.889862133845832,0,101,60000,0,1
87,60,118.420343328373,3.25097008871145,0.889862133845832,9.95,0,0,422,0
87,60,118.420343328373,3.25097008871145,0.889862133845832,16.05,0,0,255,0
87,60,118.420343328373,3.25097008871145,0.889862133845832,16.83,0,0,383,0
87,60,118.420343328373,3.25097008871145,0.889862133845832,21.47,0,0,191,0
88,60,64.3058364148595,4.21726578243584,1.0549127239487,0,101,60000,0,1
88,60,64.3058364148595,4.21726578243584,1.0549127239487,1.77,0,0,968,0
88,60,64.3058364148595,4.21726578243584,1.0549127239487,4.9,0,0,759,0
88,60,64.3058364148595,4.21726578243584,1.0549127239487,18.74,0,0,337,0
88,60,64.3058364148595,4.21726578243584,1.0549127239487,21.58,0,0,230,0
89,60,85.1435113061454,5.66177389766868,0.696034695441118,0,101,60000,0,1
89,60,85.1435113061454,5.66177389766868,0.696034695441118,0.39,0,0,192,0
89,60,85.1435113061454,5.66177389766868,0.696034695441118,2.21,0,0,417,0
89,60,85.1435113061454,5.66177389766868,0.696034695441118,7.81,0,0,540,0
89,60,85.1435113061454,5.66177389766868,0.696034695441118,14.28,0,0,429,0
90,60,76.2362069062169,4.46347692385616,1.06923430215546,0,101,60000,0,1
90,60,76.2362069062169,4.46347692385616,1.06923430215546,4.76,0,0,891,0
90,60,76.2362069062169,4.46347692385616,1.06923430215546,6.17,0,0,619,0
90,60,76.2362069062169,4.46347692385616,1.06923430215546,14.98,0,0,311,0
90,60,76.2362069062169,4.46347692385616,1.06923430215546,18.67,0,0,246,0
91,120,51.1635609994738,5.5428274779691,1.77913658444893,0,101,120000,0,1
91,120,51.1635609994738,5.5428274779691,1.77913658444893,0.3,0,0,1055,0
91,120,51.1635609994738,5.5428274779691,1.77913658444893,1.37,0,0,2054,0
91,120,51.1635609994738,5.5428274779691,1.77913658444893,4.4,0,0,1165,0
91,120,51.1635609994738,5.5428274779691,1.77913658444893,22.59,0,0,177,0
92,120,45.8651911352703,2.56899022230303,0.866616914910641,0,101,120000,0,1
92,120,45.8651911352703,2.56899022230303,0.866616914910641,0.21,0,0,373,0
92,120,45.8651911352703,2.56899022230303,0.866616914910641,8.34,0,0,1296,0
92,120,45.8651911352703,2.56899022230303,0.866616914910641,9.48,0,0,1424,0
92,120,45.8651911352703,2.56899022230303,0.866616914910641,10.25,0,0,1773,0
93,120,38.4769043283188,4.26183895247805,2.1752253559226,0,101,120000,0,1
93,120,38.4769043283188,4.26183895247805,2.1752253559226,3.45,0,0,2257,0
93,120,38.4769043283188,4.26183895247805,2.1752253559226,4.47,0,0,1608,0
93,120,38.4769043283188,4.26183895247805,2.1752253559226,12.43,0,0,543,0
93,120,38.4769043283188,4.26183895247805,2.1752253559226,21.61,0,0,300,0
94,120,71.889525367523,7.67983989100469,0.913528529012739,0,101,120000,0,1
94,120,71.889525367523,7.67983989100469,0.913528529012739,7.75,0,0,615,0
94,120,71.889525367523,7.67983989100469,0.913528529012739,9.16,0,0,932,0
94,120,71.889525367523,7.67983989100469,0.913528529012739,10.89,0,0,685,0
94,120,71.889525367523,7.67983989100469,0.913528529012739,18.59,0,0,360,0
95,120,67.5972407064659,3.79436289319972,1.08870913224359,0,101,120000,0,1
95,120,67.5972407064659,3.79436289319972,1.08870913224359,17.45,0,0,621,0
95,120,67.5972407064659,3.79436289319972,1.08870913224359,18.09,0,0,557,0
95,120,67.5972407064659,3.79436289319972,1.08870913224359,19.8,0,0,667,0
95,120,67.5972407064659,3.79436289319972,1.08870913224359,21.25,0,0,537,0
96,120,57.1705680882938,8.94483356648764,0.568245317737152,0,101,120000,0,1
96,120,57.1705680882938,8.94483356648764,0.568245317737152,10.63,0,0,454,0
96,120,57.1705680882938,8.94483356648764,0.568245317737152,15.91,0,0,177,0
96,120,57.1705680882938,8.94483356648764,0.568245317737152,22.05,0,0,107,0
96,120,57.1705680882938,8.94483356648764,0.568245317737152,22.19,0,0,89,0
97,120,70.5393531350136,6.45516054657319,0.695582571515305,0,101,120000,0,1
97,120,70.5393531350136,6.45516054657319,0.695582571515305,8.82,0,0,1098,0
97,120,70.5393531350136,6.45516054657319,0.695582571515305,13.8,0,0,431,0
97,120,70.5393531350136,6.45516054657319,0.695582571515305,14.15,0,0,496,0
97,120,70.5393531350136,6.45516054657319,0.695582571515305,23.24,0,0,124,0
98,120,83.0461263941653,4.8632823661079,0.88050942251732,0,101,120000,0,1
98,120,83.0461263941653,4.8632823661079,0.88050942251732,0.07,0,0,88,0
98,120,83.0461263941653,4.8632823661079,0.88050942251732,6.34,0,0,1205,0
98,120,83.0461263941653,4.8632823661079,0.88050942251732,7,0,0,671,0
98,120,83.0461263941653,4.8632823661079,0.88050942251732,22.25,0,0,434,0
99,120,79.8341052090871,3.83857957539916,1.02839111785547,0,101,120000,0,1
99,120,79.8341052090871,3.83857957539916,1.02839111785547,6.64,0,0,1325,0
99,120,79.8341052090871,3.83857957539916,1.02839111785547,9.39,0,0,771,0
99,120,79.8341052090871,3.83857957539916,1.02839111785547,15.34,0,0,782,0
99,120,79.8341052090871,3.83857957539916,1.02839111785547,18.11,0,0,583,0
100,120,109.670803363992,3.5832638359765,0.850626024241976,0,101,120000,0,1
100,120,109.670803363992,3.5832638359765,0.850626024241976,4.05,0,0,1326,0
100,120,109.670803363992,3.5832638359765,0.850626024241976,4.52,0,0,1203,0
100,120,109.670803363992,3.5832638359765,0.850626024241976,6.74,0,0,1008,0
100,120,109.670803363992,3.5832638359765,0.850626024241976,15.27,0,0,720,0
101,120,59.7147073036834,5.72204655428979,1.38016876016425,0,101,120000,0,1
101,120,59.7147073036834,5.72204655428979,1.38016876016425,2.92,0,0,1700,0
101,120,59.7147073036834,5.72204655428979,1.38016876016425,8.33,0,0,1079,0
101,120,59.7147073036834,5.72204655428979,1.38016876016425,9.91,0,0,923,0
101,120,59.7147073036834,5.72204655428979,1.38016876016425,19.6,0,0,397,0
102,120,85.14304420088,3.96474645392145,0.645227268471436,0,101,120000,0,1
102,120,85.14304420088,3.96474645392145,0.645227268471436,5.44,0,0,1012,0
102,120,85.14304420088,3.96474645392145,0.645227268471436,12.98,0,0,552,0
102,120,85.14304420088,3.96474645392145,0.645227268471436,22.57,0,0,523,0
102,120,85.14304420088,3.96474645392145,0.645227268471436,22.63,0,0,502,0
103,120,60.9990262022025,4.91298881146254,0.848968697774345,0,101,120000,0,1
103,120,60.9990262022025,4.91298881146254,0.848968697774345,6.27,0,0,1006,0
103,120,60.9990262022025,4.91298881146254,0.848968697774345,13.45,0,0,732,0
103,120,60.9990262022025,4.91298881146254,0.848968697774345,17.97,0,0,512,0
103,120,60.9990262022025,4.91298881146254,0.848968697774345,18.19,0,0,670,0
104,120,100.855040377527,2.78356967017552,0.931734644229942,0,101,120000,0,1
104,120,100.855040377527,2.78356967017552,0.931734644229942,1.01,0,0,793,0
104,120,100.855040377527,2.78356967017552,0.931734644229942,11.38,0,0,648,0
104,120,100.855040377527,2.78356967017552,0.931734644229942,19.34,0,0,884,0
104,120,100.855040377527,2.78356967017552,0.931734644229942,22.5,0,0,771,0
105,120,59.8518392261478,1.75912371304737,0.952696512148147,0,101,120000,0,1
105,120,59.8518392261478,1.75912371304737,0.952696512148147,5.25,0,0,2199,0
105,120,59.8518392261478,1.75912371304737,0.952696512148147,9.66,0,0,1920,0
105,120,59.8518392261478,1.75912371304737,0.952696512148147,12.01,0,0,1208,0
105,120,59.8518392261478,1.75912371304737,0.952696512148147,14.33,0,0,1148,0
106,120,120.410779546128,5.44589483391312,1.32554495167424,0,101,120000,0,1
106,120,120.410779546128,5.44589483391312,1.32554495167424,2.74,0,0,1048,0
106,120,120.410779546128,5.44589483391312,1.32554495167424,6.41,0,0,737,0
106,120,120.410779546128,5.44589483391312,1.32554495167424,23.73,0,0,413,0
106,120,120.410779546128,5.44589483391312,1.32554495167424,23.83,0,0,197,0
107,120,95.445909356301,3.71863159979538,1.12608813855041,0,101,120000,0,1
107,120,95.445909356301,3.71863159979538,1.12608813855041,8.88,0,0,824,0
107,120,95.445909356301,3.71863159979538,1.12608813855041,13.42,0,0,963,0
107,120,95.445909356301,3.71863159979538,1.12608813855041,20.41,0,0,476,0
107,120,95.445909356301,3.71863159979538,1.12608813855041,20.46,0,0,526,0
108,120,64.4201690470983,7.34387845224749,0.981516021359329,0,101,120000,0,1
108,120,64.4201690470983,7.34387845224749,0.981516021359329,6.39,0,0,1478,0
108,120,64.4201690470983,7.34387845224749,0.981516021359329,7.52,0,0,838,0
108,120,64.4201690470983,7.34387845224749,0.981516021359329,7.98,0,0,713,0
108,120,64.4201690470983,7.34387845224749,0.981516021359329,21.17,0,0,249,0
109,120,90.0002797926148,3.45807819878657,0.99312672808598,0,101,120000,0,1
109,120,90.0002797926148,3.45807819878657,0.99312672808598,6.35,0,0,1485,0
109,120,90.0002797926148,3.45807819878657,0.99312672808598,10.62,0,0,898,0
109,120,90.0002797926148,3.45807819878657,0.99312672808598,13,0,0,877,0
109,120,90.0002797926148,3.45807819878657,0.99312672808598,18.59,0,0,686,0
110,120,53.2064452706953,4.81002303628159,1.01868183384176,0,101,120000,0,1
110,120,53.2064452706953,4.81002303628159,1.01868183384176,8.33,0,0,714,0
110,120,53.2064452706953,4.81002303628159,1.01868183384176,15.9,0,0,840,0
110,120,53.2064452706953,4.81002303628159,1.01868183384176,17.11,0,0,452,0
110,120,53.2064452706953,4.81002303628159,1.01868183384176,21,0,0,399,0
111,120,179.252259791045,3.9103763529377,0.645128077691616,0,101,120000,0,1
111,120,179.252259791045,3.9103763529377,0.645128077691616,5.85,0,0,597,0
111,120,179.252259791045,3.9103763529377,0.645128077691616,6.52,0,0,704,0
111,120,179.252259791045,3.9103763529377,0.645128077691616,10.56,0,0,756,0
111,120,179.252259791045,3.9103763529377,0.645128077691616,23.14,0,0,424,0
112,120,101.92308208208,4.507289658293,0.826142194946845,0,101,120000,0,1
112,120,101.92308208208,4.507289658293,0.826142194946845,1.4,0,0,710,0
112,120,101.92308208208,4.507289658293,0.826142194946845,2.12,0,0,825,0
112,120,101.92308208208,4.507289658293,0.826142194946845,5.64,0,0,1203,0
112,120,101.92308208208,4.507289658293,0.826142194946845,10.04,0,0,781,0
113,120,39.1639292033736,4.84763544223048,0.916945376487335,0,101,120000,0,1
113,120,39.1639292033736,4.84763544223048,0.916945376487335,10.69,0,0,853,0
113,120,39.1639292033736,4.84763544223048,0.916945376487335,14.86,0,0,468,0
113,120,39.1639292033736,4.84763544223048,0.916945376487335,17.37,0,0,569,0
113,120,39.1639292033736,4.84763544223048,0.916945376487335,19.15,0,0,371,0
114,120,94.547541166314,5.20087123107695,1.17255051295039,0,101,120000,0,1
114,120,94.547541166314,5.20087123107695,1.17255051295039,3.81,0,0,1215,0
114,120,94.547541166314,5.20087123107695,1.17255051295039,5.94,0,0,977,0
114,120,94.547541166314,5.20087123107695,1.17255051295039,9.87,0,0,729,0
114,120,94.547541166314,5.20087123107695,1.17255051295039,23.04,0,0,383,0
115,120,65.026044439997,3.61268714155281,0.636594299799549,0,101,120000,0,1
115,120,65.026044439997,3.61268714155281,0.636594299799549,0.65,0,0,488,0
115,120,65.026044439997,3.61268714155281,0.636594299799549,15.42,0,0,725,0
115,120,65.026044439997,3.61268714155281,0.636594299799549,16.48,0,0,887,0
115,120,65.026044439997,3.61268714155281,0.636594299799549,23.74,0,0,744,0
116,120,87.2355175499336,3.26559290731836,0.848781983352788,0,101,120000,0,1
116,120,87.2355175499336,3.26559290731836,0.848781983352788,0.69,0,0,525,0
116,120,87.2355175499336,3.26559290731836,0.848781983352788,6.55,0,0,1190,0
116,120,87.2355175499336,3.26559290731836,0.848781983352788,6.8,0,0,937,0
116,120,87.2355175499336,3.26559290731836,0.848781983352788,7.9,0,0,1114,0
117,120,57.2558901141667,4.56762662571856,0.655541170875448,0,101,120000,0,1
117,120,57.2558901141667,4.56762662571856,0.655541170875448,4.55,0,0,1841,0
117,120,57.2558901141667,4.56762662571856,0.655541170875448,6.47,0,0,1194,0
117,120,57.2558901141667,4.56762662571856,0.655541170875448,7.3,0,0,1410,0
117,120,57.2558901141667,4.56762662571856,0.655541170875448,12.19,0,0,865,0
118,120,48.8335065845993,2.66708992890625,0.934225968509977,0,101,120000,0,1
118,120,48.8335065845993,2.66708992890625,0.934225968509977,1.2,0,0,1949,0
118,120,48.8335065845993,2.66708992890625,0.934225968509977,1.81,0,0,1944,0
118,120,48.8335065845993,2.66708992890625,0.934225968509977,9.61,0,0,1291,0
118,120,48.8335065845993,2.66708992890625,0.934225968509977,22.94,0,0,813,0
119,120,57.8004362581173,4.53798307511476,0.819801284572633,0,101,120000,0,1
119,120,57.8004362581173,4.53798307511476,0.819801284572633,2.59,0,0,1227,0
119,120,57.8004362581173,4.53798307511476,0.819801284572633,6.75,0,0,1363,0
119,120,57.8004362581173,4.53798307511476,0.819801284572633,11.98,0,0,724,0
119,120,57.8004362581173,4.53798307511476,0.819801284572633,15.03,0,0,887,0
120,120,70.5359828043312,4.46451745615396,0.930706028801556,0,101,120000,0,1
120,120,70.5359828043312,4.46451745615396,0.930706028801556,0.33,0,0,654,0
120,120,70.5359828043312,4.46451745615396,0.930706028801556,4.26,0,0,1226,0
120,120,70.5359828043312,4.46451745615396,0.930706028801556,15.55,0,0,686,0
120,120,70.5359828043312,4.46451745615396,0.930706028801556,19.42,0,0,511,0
