ID,DOSE,V,CL,KA,TIME,EVID,AMT,DV,EVIDNM
1,10,79.6658364908324,3.43141760944867,0.993415894478269,0,101,10000,0,1
1,10,79.6658364908324,3.43141760944867,0.993415894478269,8.61,0,0,78,0
1,10,79.6658364908324,3.43141760944867,0.993415894478269,17.29,0,0,89,0
1,10,79.6658364908324,3.43141760944867,0.993415894478269,19.93,0,0,78,0
1,10,79.6658364908324,3.43141760944867,0.993415894478269,23.45,0,0,44,0
2,10,63.6226687019402,4.48612524865847,0.719535884512639,0,101,10000,0,1
2,10,63.6226687019402,4.48612524865847,0.719535884512639,0.04,0,0,6,0
2,10,63.6226687019402,4.48612524865847,0.719535884512639,4.16,0,0,119,0
2,10,63.6226687019402,4.48612524865847,0.719535884512639,23.22,0,0,22,0
2,10,63.6226687019402,4.48612524865847,0.719535884512639,23.42,0,0,44,0
3,10,49.1036723006446,2.85681290519953,0.603003944879039,0,101,10000,0,1
3,10,49.1036723006446,2.85681290519953,0.603003944879039,8.06,0,0,125,0
3,10,49.1036723006446,2.85681290519953,0.603003944879039,9.12,0,0,96,0
3,10,49.1036723006446,2.85681290519953,0.603003944879039,17.69,0,0,58,0
3,10,49.1036723006446,2.85681290519953,0.603003944879039,18.28,0,0,70,0
4,10,61.3500189527506,2.89397230287234,1.09506342074083,0,101,10000,0,1
4,10,61.3500189527506,2.89397230287234,1.09506342074083,0.54,0,0,65,0
4,10,61.3500189527506,2.89397230287234,1.09506342074083,4.84,0,0,133,0
4,10,61.3500189527506,2.89397230287234,1.09506342074083,14.58,0,0,56,0
4,10,61.3500189527506,2.89397230287234,1.09506342074083,19.24,0,0,68,0
5,10,61.2648582084157,3.84610796581079,0.774600718245752,0,101,10000,0,1
5,10,61.2648582084157,3.84610796581079,0.774600718245752,9.4,0,0,109,0
5,10,61.2648582084157,3.84610796581079,0.774600718245752,11.36,0,0,110,0
5,10,61.2648582084157,3.84610796581079,0.774600718245752,13.18,0,0,61,0
5,10,61.2648582084157,3.84610796581079,0.774600718245752,13.7,0,0,87,0
6,10,56.2055357826402,4.65260820840159,0.652762848333535,0,101,10000,0,1
6,10,56.2055357826402,4.65260820840159,0.652762848333535,5.99,0,0,117,0
6,10,56.2055357826402,4.65260820840159,0.652762848333535,8.03,0,0,156,0
6,10,56.2055357826402,4.65260820840159,0.652762848333535,14.63,0,0,73,0
6,10,56.2055357826402,4.65260820840159,0.652762848333535,23.67,0,0,33,0
7,10,99.6419454663728,3.19527056306458,0.793163443025129,0,101,10000,0,1
7,10,99.6419454663728,3.19527056306458,0.793163443025129,5.55,0,0,124,0
7,10,99.6419454663728,3.19527056306458,0.793163443025129,5.99,0,0,86,0
7,10,99.6419454663728,3.19527056306458,0.793163443025129,9.17,0,0,59,0
7,10,99.6419454663728,3.19527056306458,0.793163443025129,18.11,0,0,71,0
8,10,54.1823809819374,3.2778127297936,0.886180703066606,0,101,10000,0,1
8,10,54.1823809819374,3.2778127297936,0.886180703066606,5.83,0,0,154,0
8,10,54.1823809819374,3.2778127297936,0.886180703066606,7.81,0,0,113,0
8,10,54.1823809819374,3.2778127297936,0.886180703066606,20.29,0,0,59,0
8,10,54.1823809819374,3.2778127297936,0.886180703066606,21.33,0,0,57,0
9,10,55.2212048403354,6.96892683931279,1.66448664369175,0,101,10000,0,1
9,10,55.2212048403354,6.96892683931279,1.66448664369175,1.28,0,0,132,0
9,10,55.2212048403354,6.96892683931279,1.66448664369175,16.13,0,0,32,0
9,10,55.2212048403354,6.96892683931279,1.66448664369175,18.42,0,0,18,0
9,10,55.2212048403354,6.96892683931279,1.66448664369175,21.26,0,0,12,0
10,10,59.5397995399726,6.1565271447535,0.89344335375608,0,101,10000,0,1
10,10,59.5397995399726,6.1565271447535,0.89344335375608,6.82,0,0,100,0
10,10,59.5397995399726,6.1565271447535,0.89344335375608,13.99,0,0,76,0
10,10,59.5397995399726,6.1565271447535,0.89344335375608,18.4,0,0,32,0
10,10,59.5397995399726,6.1565271447535,0.89344335375608,23.69,0,0,15,0
11,10,104.874560341132,4.23822333832703,0.497064529511333,0,101,10000,0,1
11,10,104.874560341132,4.23822333832703,0.497064529511333,1.14,0,0,41,0
11,10,104.874560341132,4.23822333832703,0.497064529511333,4.04,0,0,59,0
11,10,104.874560341132,4.23822333832703,0.497064529511333,20.64,0,0,55,0
11,10,104.874560341132,4.23822333832703,0.497064529511333,20.99,0,0,37,0
12,10,75.3261925101146,4.27557961641726,1.04265416805334,0,101,10000,0,1
12,10,75.3261925101146,4.27557961641726,1.04265416805334,9.15,0,0,77,0
12,10,75.3261925101146,4.27557961641726,1.04265416805334,10.03,0,0,90,0
12,10,75.3261925101146,4.27557961641726,1.04265416805334,21,0,0,24,0
12,10,75.3261925101146,4.27557961641726,1.04265416805334,22.74,0,0,36,0
13,10,62.4474485059545,5.20490302312418,0.53780698374663,0,101,10000,0,1
13,10,62.4474485059545,5.20490302312418,0.53780698374663,6.02,0,0,136,0
13,10,62.4474485059545,5.20490302312418,0.53780698374663,6.85,0,0,116,0
13,10,62.4474485059545,5.20490302312418,0.53780698374663,19.45,0,0,31,0
13,10,62.4474485059545,5.20490302312418,0.53780698374663,20.71,0,0,47,0
14,10,50.6126714812749,4.60414088977677,1.40448635004836,0,101,10000,0,1
14,10,50.6126714812749,4.60414088977677,1.40448635004836,7.45,0,0,114,0
14,10,50.6126714812749,4.60414088977677,1.40448635004836,19.87,0,0,34,0
14,10,50.6126714812749,4.60414088977677,1.40448635004836,19.96,0,0,37,0
14,10,50.6126714812749,4.60414088977677,1.40448635004836,23.49,0,0,30,0
15,10,60.1967324785589,3.81741217708873,1.35579664802578,0,101,10000,0,1
15,10,60.1967324785589,3.81741217708873,1.35579664802578,9.84,0,0,108,0
15,10,60.1967324785589,3.81741217708873,1.35579664802578,11.96,0,0,106,0
15,10,60.1967324785589,3.81741217708873,1.35579664802578,13.14,0,0,92,0
15,10,60.1967324785589,3.81741217708873,1.35579664802578,16.58,0,0,53,0
16,10,73.5709130315912,3.59727809814195,1.143364841998,0,101,10000,0,1
16,10,73.5709130315912,3.59727809814195,1.143364841998,4.08,0,0,124,0
16,10,73.5709130315912,3.59727809814195,1.143364841998,5.58,0,0,98,0
16,10,73.5709130315912,3.59727809814195,1.143364841998,13.71,0,0,72,0
16,10,73.5709130315912,3.59727809814195,1.143364841998,13.81,0,0,69,0
17,10,100.165447830911,6.62954973157094,1.07037896512927,0,101,10000,0,1
17,10,100.165447830911,6.62954973157094,1.07037896512927,1.04,0,0,66,0
17,10,100.165447830911,6.62954973157094,1.07037896512927,10.86,0,0,69,0
17,10,100.165447830911,6.62954973157094,1.07037896512927,12.33,0,0,39,0
17,10,100.165447830911,6.62954973157094,1.07037896512927,15.41,0,0,50,0
18,10,83.2025200749003,6.51958396385192,1.48902798005795,0,101,10000,0,1
18,10,83.2025200749003,6.51958396385192,1.48902798005795,0.34,0,0,54,0
18,10,83.2025200749003,6.51958396385192,1.48902798005795,5.61,0,0,77,0
18,10,83.2025200749003,6.51958396385192,1.48902798005795,20.19,0,0,24,0
18,10,83.2025200749003,6.51958396385192,1.48902798005795,21.75,0,0,26,0
19,10,49.1888343905213,5.86883450458783,1.62866633800795,0,101,10000,0,1
19,10,49.1888343905213,5.86883450458783,1.62866633800795,12.78,0,0,47,0
19,10,49.1888343905213,5.86883450458783,1.62866633800795,18.03,0,0,20,0
19,10,49.1888343905213,5.86883450458783,1.62866633800795,23.09,0,0,10,0
19,10,49.1888343905213,5.86883450458783,1.62866633800795,23.11,0,0,13,0
20,10,66.747685686344,3.84955939542371,1.16850310591378,0,101,10000,0,1
20,10,66.747685686344,3.84955939542371,1.16850310591378,1.87,0,0,136,0
20,10,66.747685686344,3.84955939542371,1.16850310591378,13.94,0,0,57,0
20,10,66.747685686344,3.84955939542371,1.16850310591378,18.62,0,0,75,0
20,10,66.747685686344,3.84955939542371,1.16850310591378,20.47,0,0,47,0
21,10,66.9195664658265,2.92696091911647,0.658244862043263,0,101,10000,0,1
21,10,66.9195664658265,2.92696091911647,0.658244862043263,9.6,0,0,105,0
21,10,66.9195664658265,2.92696091911647,0.658244862043263,10.92,0,0,74,0
21,10,66.9195664658265,2.92696091911647,0.658244862043263,14.09,0,0,78,0
21,10,66.9195664658265,2.92696091911647,0.658244862043263,20.83,0,0,55,0
22,10,57.333417720751,4.23910821230263,1.06936598218451,0,101,10000,0,1
22,10,57.333417720751,4.23910821230263,1.06936598218451,15.42,0,0,55,0
22,10,57.333417720751,4.23910821230263,1.06936598218451,16.6,0,0,79,0
22,10,57.333417720751,4.23910821230263,1.06936598218451,17.09,0,0,57,0
22,10,57.333417720751,4.23910821230263,1.06936598218451,20.26,0,0,44,0
23,10,50.0914021513095,3.41644555467318,0.708843679766686,0,101,10000,0,1
23,10,50.0914021513095,3.41644555467318,0.708843679766686,7.59,0,0,169,0
23,10,50.0914021513095,3.41644555467318,0.708843679766686,14.58,0,0,92,0
23,10,50.0914021513095,3.41644555467318,0.708843679766686,17.11,0,0,63,0
23,10,50.0914021513095,3.41644555467318,0.708843679766686,22.51,0,0,47,0
24,10,44.4174013724219,3.67299661713383,1.3278280516255,0,101,10000,0,1
24,10,44.4174013724219,3.67299661713383,1.3278280516255,7.43,0,0,167,0
24,10,44.4174013724219,3.67299661713383,1.3278280516255,14.56,0,0,87,0
24,10,44.4174013724219,3.67299661713383,1.3278280516255,20.26,0,0,37,0
24,10,44.4174013724219,3.67299661713383,1.3278280516255,21.73,0,0,34,0
25,10,82.1184234796372,5.395361528478,1.52982653604343,0,101,10000,0,1
25,10,82.1184234796372,5.395361528478,1.52982653604343,0.32,0,0,50,0
25,10,82.1184234796372,5.395361528478,1.52982653604343,5.47,0,0,77,0
25,10,82.1184234796372,5.395361528478,1.52982653604343,11.26,0,0,81,0
25,10,82.1184234796372,5.395361528478,1.52982653604343,17,0,0,40,0
26,10,53.2103310746633,4.84557017271921,1.28848315059353,0,101,10000,0,1
26,10,53.2103310746633,4.84557017271921,1.28848315059353,5.49,0,0,142,0
26,10,53.2103310746633,4.84557017271921,1.28848315059353,12.73,0,0,88,0
26,10,53.2103310746633,4.84557017271921,1.28848315059353,14.06,0,0,67,0
26,10,53.2103310746633,4.84557017271921,1.28848315059353,20.83,0,0,26,0
27,10,48.7405551088452,4.98586205930696,0.87313494808752,0,101,10000,0,1
27,10,48.7405551088452,4.98586205930696,0.87313494808752,4.45,0,0,219,0
27,10,48.7405551088452,4.98586205930696,0.87313494808752,6.05,0,0,102,0
27,10,48.7405551088452,4.98586205930696,0.87313494808752,14.33,0,0,70,0
27,10,48.7405551088452,4.98586205930696,0.87313494808752,16.51,0,0,44,0
28,10,39.9770520528432,3.87989237032549,1.0103719112971,0,101,10000,0,1
28,10,39.9770520528432,3.87989237032549,1.0103719112971,2.44,0,0,158,0
28,10,39.9770520528432,3.87989237032549,1.0103719112971,2.51,0,0,139,0
28,10,39.9770520528432,3.87989237032549,1.0103719112971,9.51,0,0,104,0
28,10,39.9770520528432,3.87989237032549,1.0103719112971,20.89,0,0,28,0
29,10,66.3239117091232,3.13356543596379,0.897954971827247,0,101,10000,0,1
29,10,66.3239117091232,3.13356543596379,0.897954971827247,5.98,0,0,113,0
29,10,66.3239117091232,3.13356543596379,0.897954971827247,19.82,0,0,64,0
29,10,66.3239117091232,3.13356543596379,0.897954971827247,19.9,0,0,85,0
29,10,66.3239117091232,3.13356543596379,0.897954971827247,20.07,0,0,71,0
30,10,118.621426168895,4.1084555573297,1.11706800418559,0,101,10000,0,1
30,10,118.621426168895,4.1084555573297,1.11706800418559,0.93,0,0,36,0
30,10,118.621426168895,4.1084555573297,1.11706800418559,2.24,0,0,83,0
30,10,118.621426168895,4.1084555573297,1.11706800418559,2.67,0,0,105,0
30,10,118.621426168895,4.1084555573297,1.11706800418559,12.59,0,0,73,0
31,30,65.9261576984896,5.28920074586649,0.728080177682726,0,101,30000,0,1
31,30,65.9261576984896,5.28920074586649,0.728080177682726,4.9,0,0,279,0
31,30,65.9261576984896,5.28920074586649,0.728080177682726,18.95,0,0,100,0
31,30,65.9261576984896,5.28920074586649,0.728080177682726,19.28,0,0,174,0
31,30,65.9261576984896,5.28920074586649,0.728080177682726,23.24,0,0,72,0
32,30,43.9521662437451,3.90313913986409,0.660214466378732,0,101,30000,0,1
32,30,43.9521662437451,3.90313913986409,0.660214466378732,4.22,0,0,426,0
32,30,43.9521662437451,3.90313913986409,0.660214466378732,10.93,0,0,323,0
32,30,43.9521662437451,3.90313913986409,0.660214466378732,11.33,0,0,325,0
32,30,43.9521662437451,3.90313913986409,0.660214466378732,18.78,0,0,124,0
33,30,112.908828929246,3.33329335834122,1.97883373113855,0,101,30000,0,1
33,30,112.908828929246,3.33329335834122,1.97883373113855,0.26,0,0,180,0
33,30,112.908828929246,3.33329335834122,1.97883373113855,3.51,0,0,251,0
33,30,112.908828929246,3.33329335834122,1.97883373113855,8.87,0,0,249,0
33,30,112.908828929246,3.33329335834122,1.97883373113855,22.71,0,0,164,0
34,30,102.222445540042,6.01543918569603,0.894477164336966,0,101,30000,0,1
34,30,102.222445540042,6.01543918569603,0.894477164336966,2.3,0,0,283,0
34,30,102.222445540042,6.01543918569603,0.894477164336966,2.36,0,0,244,0
34,30,102.222445540042,6.01543918569603,0.894477164336966,4.47,0,0,277,0
34,30,102.222445540042,6.01543918569603,0.894477164336966,6.71,0,0,174,0
35,30,78.2124129424134,3.25330267744357,1.35010319890207,0,101,30000,0,1
35,30,78.2124129424134,3.25330267744357,1.35010319890207,1.44,0,0,291,0
35,30,78.2124129424134,3.25330267744357,1.35010319890207,3.29,0,0,262,0
35,30,78.2124129424134,3.25330267744357,1.35010319890207,16.83,0,0,157,0
35,30,78.2124129424134,3.25330267744357,1.35010319890207,20.38,0,0,141,0
36,30,78.7812196449751,6.11020779445871,1.87903580534566,0,101,30000,0,1
36,30,78.7812196449751,6.11020779445871,1.87903580534566,2.8,0,0,272,0
36,30,78.7812196449751,6.11020779445871,1.87903580534566,7.06,0,0,176,0
36,30,78.7812196449751,6.11020779445871,1.87903580534566,10.69,0,0,195,0
36,30,78.7812196449751,6.11020779445871,1.87903580534566,15.73,0,0,134,0
37,30,82.2145130189464,5.4167128007604,1.07202261605648,0,101,30000,0,1
37,30,82.2145130189464,5.4167128007604,1.07202261605648,0.11,0,0,37,0
37,30,82.2145130189464,5.4167128007604,1.07202261605648,6.03,0,0,331,0
37,30,82.2145130189464,5.4167128007604,1.07202261605648,10.03,0,0,189,0
37,30,82.2145130189464,5.4167128007604,1.07202261605648,10.08,0,0,167,0
38,30,88.9008997084013,1.88158410354952,0.97530154902901,0,101,30000,0,1
38,30,88.9008997084013,1.88158410354952,0.97530154902901,0.26,0,0,68,0
38,30,88.9008997084013,1.88158410354952,0.97530154902901,20.47,0,0,187,0
38,30,88.9008997084013,1.88158410354952,0.97530154902901,21.89,0,0,289,0
38,30,88.9008997084013,1.88158410354952,0.97530154902901,23.82,0,0,277,0
39,30,67.0673891470016,3.61449085578149,1.57369022061752,0,101,30000,0,1
39,30,67.0673891470016,3.61449085578149,1.57369022061752,2.56,0,0,310,0
39,30,67.0673891470016,3.61449085578149,1.57369022061752,4.54,0,0,272,0
39,30,67.0673891470016,3.61449085578149,1.57369022061752,7.63,0,0,272,0
39,30,67.0673891470016,3.61449085578149,1.57369022061752,20.6,0,0,171,0
40,30,53.5897617881304,4.81169178889728,1.00797993222616,0,101,30000,0,1
40,30,53.5897617881304,4.81169178889728,1.00797993222616,1.68,0,0,502,0
40,30,53.5897617881304,4.81169178889728,1.00797993222616,22.9,0,0,93,0
40,30,53.5897617881304,4.81169178889728,1.00797993222616,23.64,0,0,78,0
40,30,53.5897617881304,4.81169178889728,1.00797993222616,23.82,0,0,80,0
41,30,96.7608229249039,2.81315198740046,1.28708216050885,0,101,30000,0,1
41,30,96.7608229249039,2.81315198740046,1.28708216050885,14.59,0,0,202,0
41,30,96.7608229249039,2.81315198740046,1.28708216050885,15.14,0,0,167,0
41,30,96.7608229249039,2.81315198740046,1.28708216050885,17.6,0,0,287,0
41,30,96.7608229249039,2.81315198740046,1.28708216050885,20.93,0,0,231,0
42,30,62.7484155247744,6.59856989571085,0.781926780831108,0,101,30000,0,1
42,30,62.7484155247744,6.59856989571085,0.781926780831108,10.55,0,0,160,0
42,30,62.7484155247744,6.59856989571085,0.781926780831108,14.75,0,0,94,0
42,30,62.7484155247744,6.59856989571085,0.781926780831108,16.51,0,0,102,0
42,30,62.7484155247744,6.59856989571085,0.781926780831108,22.89,0,0,53,0
43,30,85.5368681683554,4.1671433709171,0.783845816875204,0,101,30000,0,1
43,30,85.5368681683554,4.1671433709171,0.783845816875204,2.37,0,0,400,0
43,30,85.5368681683554,4.1671433709171,0.783845816875204,13.76,0,0,330,0
43,30,85.5368681683554,4.1671433709171,0.783845816875204,13.83,0,0,174,0
43,30,85.5368681683554,4.1671433709171,0.783845816875204,21.78,0,0,124,0
44,30,57.8502691101452,3.63203699655937,1.13563178132656,0,101,30000,0,1
44,30,57.8502691101452,3.63203699655937,1.13563178132656,3.52,0,0,531,0
44,30,57.8502691101452,3.63203699655937,1.13563178132656,3.97,0,0,391,0
44,30,57.8502691101452,3.63203699655937,1.13563178132656,4.74,0,0,309,0
44,30,57.8502691101452,3.63203699655937,1.13563178132656,9.26,0,0,268,0
45,30,73.9970745379078,6.37928691342227,0.566890080497424,0,101,30000,0,1
45,30,73.9970745379078,6.37928691342227,0.566890080497424,8.24,0,0,221,0
45,30,73.9970745379078,6.37928691342227,0.566890080497424,9.25,0,0,162,0
45,30,73.9970745379078,6.37928691342227,0.566890080497424,12.7,0,0,173,0
45,30,73.9970745379078,6.37928691342227,0.566890080497424,20.74,0,0,75,0
46,30,77.8697557234087,2.65987094508745,0.612188297652175,0,101,30000,0,1
46,30,77.8697557234087,2.65987094508745,0.612188297652175,10.19,0,0,301,0
46,30,77.8697557234087,2.65987094508745,0.612188297652175,11.9,0,0,235,0
46,30,77.8697557234087,2.65987094508745,0.612188297652175,16.86,0,0,206,0
46,30,77.8697557234087,2.65987094508745,0.612188297652175,19.67,0,0,345,0
47,30,84.1643621724433,3.34978245685901,0.733819586270975,0,101,30000,0,1
47,30,84.1643621724433,3.34978245685901,0.733819586270975,4.15,0,0,374,0
47,30,84.1643621724433,3.34978245685901,0.733819586270975,7.32,0,0,324,0
47,30,84.1643621724433,3.34978245685901,0.733819586270975,14.34,0,0,214,0
47,30,84.1643621724433,3.34978245685901,0.733819586270975,15.67,0,0,215,0
48,30,49.4914792074823,3.26087415310218,0.776013674969825,0,101,30000,0,1
48,30,49.4914792074823,3.26087415310218,0.776013674969825,1.39,0,0,327,0
48,30,49.4914792074823,3.26087415310218,0.776013674969825,2.49,0,0,418,0
48,30,49.4914792074823,3.26087415310218,0.776013674969825,7.09,0,0,569,0
48,30,49.4914792074823,3.26087415310218,0.776013674969825,13.81,0,0,254,0
49,30,92.0934191605987,4.59307131255834,1.09911129125639,0,101,30000,0,1
49,30,92.0934191605987,4.59307131255834,1.09911129125639,1.36,0,0,247,0
49,30,92.0934191605987,4.59307131255834,1.09911129125639,5.24,0,0,209,0
49,30,92.0934191605987,4.59307131255834,1.09911129125639,10.67,0,0,153,0
49,30,92.0934191605987,4.59307131255834,1.09911129125639,12.34,0,0,243,0
50,30,63.369056064067,4.50931532498901,1.35131981553032,0,101,30000,0,1
50,30,63.369056064067,4.50931532498901,1.35131981553032,6.06,0,0,332,0
50,30,63.369056064067,4.50931532498901,1.35131981553032,7.04,0,0,249,0
50,30,63.369056064067,4.50931532498901,1.35131981553032,15.1,0,0,179,0
50,30,63.369056064067,4.50931532498901,1.35131981553032,22.42,0,0,95,0
51,30,74.8143450834565,4.12804138470718,0.655665580749363,0,101,30000,0,1
51,30,74.8143450834565,4.12804138470718,0.655665580749363,6.11,0,0,280,0
51,30,74.8143450834565,4.12804138470718,0.655665580749363,13.37,0,0,208,0
51,30,74.8143450834565,4.12804138470718,0.655665580749363,16.71,0,0,183,0
51,30,74.8143450834565,4.12804138470718,0.655665580749363,22.29,0,0,166,0
52,30,40.8977309950245,4.61170482419271,0.739681636295137,0,101,30000,0,1
52,30,40.8977309950245,4.61170482419271,0.739681636295137,2.47,0,0,459,0
52,30,40.8977309950245,4.61170482419271,0.739681636295137,6.92,0,0,414,0
52,30,40.8977309950245,4.61170482419271,0.739681636295137,18.55,0,0,82,0
52,30,40.8977309950245,4.61170482419271,0.739681636295137,20.44,0,0,77,0
53,30,46.0702977971728,3.55983493098156,1.11197334731111,0,101,30000,0,1
53,30,46.0702977971728,3.55983493098156,1.11197334731111,3.49,0,0,507,0
53,30,46.0702977971728,3.55983493098156,1.11197334731111,7.23,0,0,420,0
53,30,46.0702977971728,3.55983493098156,1.11197334731111,7.89,0,0,358,0
53,30,46.0702977971728,3.55983493098156,1.11197334731111,21.89,0,0,148,0
54,30,90.9167527009584,7.10228000718019,2.08599911314422,0,101,30000,0,1
54,30,90.9167527009584,7.10228000718019,2.08599911314422,8.6,0,0,238,0
54,30,90.9167527009584,7.10228000718019,2.08599911314422,14.16,0,0,98,0
54,30,90.9167527009584,7.10228000718019,2.08599911314422,17.66,0,0,69,0
54,30,90.9167527009584,7.10228000718019,2.08599911314422,20.51,0,0,55,0
55,30,79.7577042224509,3.74226275614504,1.12232047741904,0,101,30000,0,1
55,30,79.7577042224509,3.74226275614504,1.12232047741904,9.27,0,0,322,0
55,30,79.7577042224509,3.74226275614504,1.12232047741904,16.74,0,0,259,0
55,30,79.7577042224509,3.74226275614504,1.12232047741904,18.12,0,0,181,0
55,30,79.7577042224509,3.74226275614504,1.12232047741904,22.29,0,0,92,0
56,30,59.1259564646268,2.84510945749503,1.35324323951228,0,101,30000,0,1
56,30,59.1259564646268,2.84510945749503,1.35324323951228,10.67,0,0,362,0
56,30,59.1259564646268,2.84510945749503,1.35324323951228,12.71,0,0,269,0
56,30,59.1259564646268,2.84510945749503,1.35324323951228,22.82,0,0,151,0
56,30,59.1259564646268,2.84510945749503,1.35324323951228,23.85,0,0,191,0
57,30,51.054679360147,2.94343513357787,0.678067904626734,0,101,30000,0,1
57,30,51.054679360147,2.94343513357787,0.678067904626734,5.73,0,0,472,0
57,30,51.054679360147,2.94343513357787,0.678067904626734,9.82,0,0,626,0
57,30,51.054679360147,2.94343513357787,0.678067904626734,20.25,0,0,178,0
57,30,51.054679360147,2.94343513357787,0.678067904626734,21.23,0,0,132,0
58,30,52.3005542941794,3.09280427703643,0.767767372178168,0,101,30000,0,1
58,30,52.3005542941794,3.09280427703643,0.767767372178168,0.73,0,0,272,0
58,30,52.3005542941794,3.09280427703643,0.767767372178168,5.21,0,0,504,0
58,30,52.3005542941794,3.09280427703643,0.767767372178168,6.84,0,0,254,0
58,30,52.3005542941794,3.09280427703643,0.767767372178168,14.6,0,0,330,0
59,30,69.6723146318113,3.17097919788912,1.02992724128398,0,101,30000,0,1
59,30,69.6723146318113,3.17097919788912,1.02992724128398,9.98,0,0,312,0
59,30,69.6723146318113,3.17097919788912,1.02992724128398,11.89,0,0,241,0
59,30,69.6723146318113,3.17097919788912,1.02992724128398,12.55,0,0,263,0
59,30,69.6723146318113,3.17097919788912,1.02992724128398,20.92,0,0,190,0
60,30,62.93349551422,3.35467113944688,1.55630260328206,0,101,30000,0,1
60,30,62.93349551422,3.35467113944688,1.55630260328206,6.96,0,0,356,0
60,30,62.93349551422,3.35467113944688,1.55630260328206,8.72,0,0,366,0
60,30,62.93349551422,3.35467113944688,1.55630260328206,10.41,0,0,308,0
60,30,62.93349551422,3.35467113944688,1.55630260328206,16.2,0,0,233,0
61,60,109.40468892909,3.94358077701935,0.413408254033659,0,101,60000,0,1
61,60,109.40468892909,3.94358077701935,0.413408254033659,8.22,0,0,351,0
61,60,109.40468892909,3.94358077701935,0.413408254033659,16.85,0,0,253,0
61,60,109.40468892909,3.94358077701935,0.413408254033659,19.99,0,0,228,0
61,60,109.40468892909,3.94358077701935,0.413408254033659,20.23,0,0,282,0
62,60,47.3272361018518,5.08725034880448,0.769353705065725,0,101,60000,0,1
62,60,47.3272361018518,5.08725034880448,0.769353705065725,5.29,0,0,791,0
62,60,47.3272361018518,5.08725034880448,0.769353705065725,11.75,0,0,498,0
62,60,47.3272361018518,5.08725034880448,0.769353705065725,18.91,0,0,149,0
62,60,47.3272361018518,5.08725034880448,0.769353705065725,20.01,0,0,167,0
63,60,47.5089914048117,5.74020908514206,1.02585705551933,0,101,60000,0,1
63,60,47.5089914048117,5.74020908514206,1.02585705551933,0.6,0,0,579,0
63,60,47.5089914048117,5.74020908514206,1.02585705551933,12.25,0,0,210,0
63,60,47.5089914048117,5.74020908514206,1.02585705551933,14.73,0,0,270,0
63,60,47.5089914048117,5.74020908514206,1.02585705551933,18.54,0,0,106,0
64,60,57.485576171111,6.50264181971447,1.07568521549155,0,101,60000,0,1
64,60,57.485576171111,6.50264181971447,1.07568521549155,4.48,0,0,398,0
64,60,57.485576171111,6.50264181971447,1.07568521549155,11.67,0,0,477,0
64,60,57.485576171111,6.50264181971447,1.07568521549155,16.33,0,0,156,0
64,60,57.485576171111,6.50264181971447,1.07568521549155,23.56,0,0,66,0
65,60,97.2579687936898,4.43474844654826,0.919413954849668,0,101,60000,0,1
65,60,97.2579687936898,4.43474844654826,0.919413954849668,2.01,0,0,558,0
65,60,97.2579687936898,4.43474844654826,0.919413954849668,3.64,0,0,436,0
65,60,97.2579687936898,4.43474844654826,0.919413954849668,5.49,0,0,517,0
65,60,97.2579687936898,4.43474844654826,0.919413954849668,12.67,0,0,475,0
66,60,65.9255084439109,4.47521154508686,0.79502058170436,0,101,60000,0,1
66,60,65.9255084439109,4.47521154508686,0.79502058170436,8.61,0,0,460,0
66,60,65.9255084439109,4.47521154508686,0.79502058170436,13.41,0,0,389,0
66,60,65.9255084439109,4.47521154508686,0.79502058170436,15.31,0,0,333,0
66,60,65.9255084439109,4.47521154508686,0.79502058170436,17.69,0,0,257,0
67,60,111.703263850127,4.85485484391346,1.5178823868921,0,101,60000,0,1
67,60,111.703263850127,4.85485484391346,1.5178823868921,2.97,0,0,341,0
67,60,111.703263850127,4.85485484391346,1.5178823868921,20.88,0,0,240,0
67,60,111.703263850127,4.85485484391346,1.5178823868921,21.23,0,0,246,0
67,60,111.703263850127,4.85485484391346,1.5178823868921,21.58,0,0,312,0
68,60,58.8172450786986,3.38335827116574,1.20258124000776,0,101,60000,0,1
68,60,58.8172450786986,3.38335827116574,1.20258124000776,9.64,0,0,542,0
68,60,58.8172450786986,3.38335827116574,1.20258124000776,11.74,0,0,759,0
68,60,58.8172450786986,3.38335827116574,1.20258124000776,17.24,0,0,344,0
68,60,58.8172450786986,3.38335827116574,1.20258124000776,22.86,0,0,300,0
69,60,68.724839791264,4.24456863243277,2.04623598238274,0,101,60000,0,1
69,60,68.724839791264,4.24456863243277,2.04623598238274,0.85,0,0,539,0
69,60,68.724839791264,4.24456863243277,2.04623598238274,18.92,0,0,289,0
69,60,68.724839791264,4.24456863243277,2.04623598238274,21.27,0,0,246,0
69,60,68.724839791264,4.24456863243277,2.04623598238274,22.44,0,0,265,0
70,60,38.1335358765288,4.52885648419421,1.38576856514079,0,101,60000,0,1
70,60,38.1335358765288,4.52885648419421,1.38576856514079,5.95,0,0,987,0
70,60,38.1335358765288,4.52885648419421,1.38576856514079,7.25,0,0,635,0
70,60,38.1335358765288,4.52885648419421,1.38576856514079,14.82,0,0,318,0
70,60,38.1335358765288,4.52885648419421,1.38576856514079,17.17,0,0,275,0
71,60,61.7421457697509,6.00683428117657,1.36588186275931,0,101,60000,0,1
71,60,61.7421457697509,6.00683428117657,1.36588186275931,8.53,0,0,453,0
71,60,61.7421457697509,6.00683428117657,1.36588186275931,12.78,0,0,264,0
71,60,61.7421457697509,6.00683428117657,1.36588186275931,15.51,0,0,352,0
71,60,61.7421457697509,6.00683428117657,1.36588186275931,21.15,0,0,166,0
72,60,93.6119750475992,2.93100616862873,0.644220635065541,0,101,60000,0,1
72,60,93.6119750475992,2.93100616862873,0.644220635065541,5.94,0,0,641,0
72,60,93.6119750475992,2.93100616862873,0.644220635065541,8.46,0,0,382,0
72,60,93.6119750475992,2.93100616862873,0.644220635065541,9.28,0,0,582,0
72,60,93.6119750475992,2.93100616862873,0.644220635065541,10.6,0,0,403,0
73,60,59.910089797769,3.46972355654367,1.15508016157794,0,101,60000,0,1
73,60,59.910089797769,3.46972355654367,1.15508016157794,3.3,0,0,1204,0
73,60,59.910089797769,3.46972355654367,1.15508016157794,14.93,0,0,402,0
73,60,59.910089797769,3.46972355654367,1.15508016157794,19.84,0,0,301,0
73,60,59.910089797769,3.46972355654367,1.15508016157794,23.3,0,0,207,0
74,60,60.9969376798958,3.61574012164537,0.870135970399924,0,101,60000,0,1
74,60,60.9969376798958,3.61574012164537,0.870135970399924,1.04,0,0,552,0
74,60,60.9969376798958,3.61574012164537,0.870135970399924,13.88,0,0,461,0
74,60,60.9969376798958,3.61574012164537,0.870135970399924,17.86,0,0,416,0
74,60,60.9969376798958,3.61574012164537,0.870135970399924,23.98,0,0,229,0
75,60,42.6781575352818,4.57632569716958,0.590167267645947,0,101,60000,0,1
75,60,42.6781575352818,4.57632569716958,0.590167267645947,5.15,0,0,890,0
75,60,42.6781575352818,4.57632569716958,0.590167267645947,10.04,0,0,554,0
75,60,42.6781575352818,4.57632569716958,0.590167267645947,10.4,0,0,427,0
75,60,42.6781575352818,4.57632569716958,0.590167267645947,13.14,0,0,424,0
76,60,51.0479206596727,3.81883275454284,0.728976684169127,0,101,60000,0,1
76,60,51.0479206596727,3.81883275454284,0.728976684169127,1.94,0,0,889,0
76,60,51.0479206596727,3.81883275454284,0.728976684169127,3.34,0,0,897,0
76,60,51.0479206596727,3.81883275454284,0.728976684169127,13.4,0,0,381,0
76,60,51.0479206596727,3.81883275454284,0.728976684169127,23.74,0,0,271,0
77,60,46.0470634875558,4.52144855874574,0.610950642843418,0,101,60000,0,1
77,60,46.0470634875558,4.52144855874574,0.610950642843418,1.17,0,0,794,0
77,60,46.0470634875558,4.52144855874574,0.610950642843418,3.97,0,0,869,0
77,60,46.0470634875558,4.52144855874574,0.610950642843418,4.04,0,0,779,0
77,60,46.0470634875558,4.52144855874574,0.610950642843418,5.53,0,0,1119,0
78,60,62.4640295405927,5.14473121022661,0.558306517966579,0,101,60000,0,1
78,60,62.4640295405927,5.14473121022661,0.558306517966579,0.37,0,0,176,0
78,60,62.4640295405927,5.14473121022661,0.558306517966579,0.62,0,0,189,0
78,60,62.4640295405927,5.14473121022661,0.558306517966579,15.55,0,0,318,0
78,60,62.4640295405927,5.14473121022661,0.558306517966579,20.78,0,0,222,0
79,60,71.7526215119891,5.53546971067578,0.871419565475732,0,101,60000,0,1
79,60,71.7526215119891,5.53546971067578,0.871419565475732,9.57,0,0,412,0
79,60,71.7526215119891,5.53546971067578,0.871419565475732,10.19,0,0,473,0
79,60,71.7526215119891,5.53546971067578,0.871419565475732,15.6,0,0,350,0
79,60,71.7526215119891,5.53546971067578,0.871419565475732,15.7,0,0,322,0
80,60,83.7935586860131,2.47238175192999,0.848231329935942,0,101,60000,0,1
80,60,83.7935586860131,2.47238175192999,0.848231329935942,2.94,0,0,599,0
80,60,83.7935586860131,2.47238175192999,0.848231329935942,9.97,0,0,697,0
80,60,83.7935586860131,2.47238175192999,0.848231329935942,18.25,0,0,419,0
80,60,83.7935586860131,2.47238175192999,0.848231329935942,22.93,0,0,235,0
81,60,65.1846552090421,5.08007289366206,1.72868396725715,0,101,60000,0,1
81,60,65.1846552090421,5.08007289366206,1.72868396725715,3.69,0,0,866,0
81,60,65.1846552090421,5.08007289366206,1.72868396725715,7.48,0,0,592,0
81,60,65.1846552090421,5.08007289366206,1.72868396725715,9.35,0,0,632,0
81,60,65.1846552090421,5.08007289366206,1.72868396725715,12.48,0,0,419,0
82,60,36.194667506177,3.72632231908563,0.763466447194001,0,101,60000,0,1
82,60,36.194667506177,3.72632231908563,0.763466447194001,4,0,0,1262,0
82,60,36.194667506177,3.72632231908563,0.763466447194001,12.31,0,0,553,0
82,60,36.194667506177,3.72632231908563,0.763466447194001,20.14,0,0,216,0
82,60,36.194667506177,3.72632231908563,0.763466447194001,23.4,0,0,164,0
83,60,60.9422190034107,3.1796876522681,0.641516094352557,0,101,60000,0,1
83,60,60.9422190034107,3.1796876522681,0.641516094352557,4.21,0,0,685,0
83,60,60.9422190034107,3.1796876522681,0.641516094352557,5.06,0,0,1348,0
83,60,60.9422190034107,3.1796876522681,0.641516094352557,10.98,0,0,620,0
83,60,60.9422190034107,3.1796876522681,0.641516094352557,13.23,0,0,562,0
84,60,78.772173087685,2.64271026073474,0.791488189192131,0,101,60000,0,1
84,60,78.772173087685,2.64271026073474,0.791488189192131,10.87,0,0,508,0
84,60,78.772173087685,2.64271026073474,0.791488189192131,13.26,0,0,495,0
84,60,78.772173087685,2.64271026073474,0.791488189192131,16.48,0,0,413,0
84,60,78.772173087685,2.64271026073474,0.791488189192131,18.69,0,0,397,0
85,60,63.8770961572538,7.12499457281487,1.16221511826236,0,101,60000,0,1
85,60,63.8770961572538,7.12499457281487,1.16221511826236,4.24,0,0,710,0
85,60,63.8770961572538,7.12499457281487,1.16221511826236,9.58,0,0,290,0
85,60,63.8770961572538,7.12499457281487,1.16221511826236,15.98,0,0,162,0
85,60,63.8770961572538,7.12499457281487,1.16221511826236,17.7,0,0,142,0
86,60,81.7542773653432,5.65616129771939,0.383610620985037,0,101,60000,0,1
86,60,81.7542773653432,5.65616129771939,0.383610620985037,5.73,0,0,393,0
86,60,81.7542773653432,5.65616129771939,0.383610620985037,15.61,0,0,292,0
86,60,81.7542773653432,5.65616129771939,0.383610620985037,18.11,0,0,304,0
86,60,81.7542773653432,5.65616129771939,0.383610620985037,21.19,0,0,222,0
87,60,64.4668914528873,4.45262298948786,0.845011276980439,0,101,60000,0,1
87,60,64.4668914528873,4.45262298948786,0.845011276980439,0.26,0,0,165,0
87,60,64.4668914528873,4.45262298948786,0.845011276980439,9.72,0,0,504,0
87,60,64.4668914528873,4.45262298948786,0.845011276980439,14.85,0,0,304,0
87,60,64.4668914528873,4.45262298948786,0.845011276980439,15.45,0,0,254,0
88,60,101.352790112745,4.86820636916732,1.78502810797398,0,101,60000,0,1
88,60,101.352790112745,4.86820636916732,1.78502810797398,2.1,0,0,514,0
88,60,101.352790112745,4.86820636916732,1.78502810797398,2.71,0,0,590,0
88,60,101.352790112745,4.86820636916732,1.78502810797398,8.55,0,0,668,0
88,60,101.352790112745,4.86820636916732,1.78502810797398,15.07,0,0,396,0
89,60,81.2840144609452,5.06036124775217,0.503628744434851,0,101,60000,0,1
89,60,81.2840144609452,5.06036124775217,0.503628744434851,3.61,0,0,374,0
89,60,81.2840144609452,5.06036124775217,0.503628744434851,12.23,0,0,422,0
89,60,81.2840144609452,5.06036124775217,0.503628744434851,20.5,0,0,221,0
89,60,81.2840144609452,5.06036124775217,0.503628744434851,21.97,0,0,239,0
90,60,100.521856486283,3.11323529662947,1.25167061302208,0,101,60000,0,1
90,60,100.521856486283,3.11323529662947,1.25167061302208,3.35,0,0,759,0
90,60,100.521856486283,3.11323529662947,1.25167061302208,5.62,0,0,541,0
90,60,100.521856486283,3.11323529662947,1.25167061302208,19,0,0,323,0
90,60,100.521856486283,3.11323529662947,1.25167061302208,21.28,0,0,289,0
91,120,79.5347300479295,2.96369632813349,1.08101237832543,0,101,120000,0,1
91,120,79.5347300479295,2.96369632813349,1.08101237832543,1.08,0,0,804,0
91,120,79.5347300479295,2.96369632813349,1.08101237832543,7.44,0,0,1102,0
91,120,79.5347300479295,2.96369632813349,1.08101237832543,8.34,0,0,1550,0
91,120,79.5347300479295,2.96369632813349,1.08101237832543,15.1,0,0,780,0
92,120,68.8455401668927,4.07543736293039,1.07215983274429,0,101,120000,0,1
92,120,68.8455401668927,4.07543736293039,1.07215983274429,0.1,0,0,168,0
92,120,68.8455401668927,4.07543736293039,1.07215983274429,4.74,0,0,1947,0
92,120,68.8455401668927,4.07543736293039,1.07215983274429,8.89,0,0,970,0
92,120,68.8455401668927,4.07543736293039,1.07215983274429,13.67,0,0,805,0
93,120,77.4313700829674,3.86096100764749,1.06250071682644,0,101,120000,0,1
93,120,77.4313700829674,3.86096100764749,1.06250071682644,3.43,0,0,1069,0
93,120,77.4313700829674,3.86096100764749,1.06250071682644,15.44,0,0,603,0
93,120,77.4313700829674,3.86096100764749,1.06250071682644,15.72,0,0,706,0
93,120,77.4313700829674,3.86096100764749,1.06250071682644,21.6,0,0,539,0
94,120,60.3965104954173,4.47345288282908,0.896138648013913,0,101,120000,0,1
94,120,60.3965104954173,4.47345288282908,0.896138648013913,0.76,0,0,1078,0
94,120,60.3965104954173,4.47345288282908,0.896138648013913,10.66,0,0,708,0
94,120,60.3965104954173,4.47345288282908,0.896138648013913,12.07,0,0,1118,0
94,120,60.3965104954173,4.47345288282908,0.896138648013913,22.01,0,0,370,0
95,120,46.3479525411027,3.22323710092054,1.07442784058207,0,101,120000,0,1
95,120,46.3479525411027,3.22323710092054,1.07442784058207,14.24,0,0,1138,0
95,120,46.3479525411027,3.22323710092054,1.07442784058207,18.58,0,0,758,0
95,120,46.3479525411027,3.22323710092054,1.07442784058207,22.82,0,0,494,0
95,120,46.3479525411027,3.22323710092054,1.07442784058207,23.9,0,0,436,0
96,120,88.671990315203,5.54024532849832,1.30200577987167,0,101,120000,0,1
96,120,88.671990315203,5.54024532849832,1.30200577987167,6.28,0,0,897,0
96,120,88.671990315203,5.54024532849832,1.30200577987167,12.13,0,0,744,0
96,120,88.671990315203,5.54024532849832,1.30200577987167,14.38,0,0,490,0
96,120,88.671990315203,5.54024532849832,1.30200577987167,17.36,0,0,666,0
97,120,82.735783966417,4.18673428551581,1.45393811228553,0,101,120000,0,1
97,120,82.735783966417,4.18673428551581,1.45393811228553,5.71,0,0,1209,0
97,120,82.735783966417,4.18673428551581,1.45393811228553,9.92,0,0,982,0
97,120,82.735783966417,4.18673428551581,1.45393811228553,11.09,0,0,849,0
97,120,82.735783966417,4.18673428551581,1.45393811228553,21.28,0,0,679,0
98,120,62.5121049785718,4.48700058535027,0.652706197097266,0,101,120000,0,1
98,120,62.5121049785718,4.48700058535027,0.652706197097266,10.92,0,0,932,0
98,120,62.5121049785718,4.48700058535027,0.652706197097266,12.12,0,0,1024,0
98,120,62.5121049785718,4.48700058535027,0.652706197097266,17.6,0,0,880,0
98,120,62.5121049785718,4.48700058535027,0.652706197097266,18.13,0,0,547,0
99,120,63.3193853132778,4.77971189347643,0.69977103657139,0,101,120000,0,1
99,120,63.3193853132778,4.77971189347643,0.69977103657139,5.51,0,0,1745,0
99,120,63.3193853132778,4.77971189347643,0.69977103657139,9.97,0,0,834,0
99,120,63.3193853132778,4.77971189347643,0.69977103657139,16.96,0,0,751,0
99,120,63.3193853132778,4.77971189347643,0.69977103657139,23.49,0,0,349,0
100,120,71.2849647157685,1.94994583447093,1.00670577188055,0,101,120000,0,1
100,120,71.2849647157685,1.94994583447093,1.00670577188055,0.03,0,0,57,0
100,120,71.2849647157685,1.94994583447093,1.00670577188055,0.72,0,0,913,0
100,120,71.2849647157685,1.94994583447093,1.00670577188055,22.9,0,0,959,0
100,120,71.2849647157685,1.94994583447093,1.00670577188055,23.79,0,0,1071,0
101,120,47.5137833060762,2.65843927748839,0.822048944066056,0,101,120000,0,1
101,120,47.5137833060762,2.65843927748839,0.822048944066056,9.66,0,0,1339,0
101,120,47.5137833060762,2.65843927748839,0.822048944066056,15.88,0,0,968,0
101,120,47.5137833060762,2.65843927748839,0.822048944066056,21.36,0,0,729,0
101,120,47.5137833060762,2.65843927748839,0.822048944066056,23.93,0,0,888,0
102,120,41.0720882176515,2.16307659261836,0.871374250945464,0,101,120000,0,1
102,120,41.0720882176515,2.16307659261836,0.871374250945464,0.49,0,0,1101,0
102,120,41.0720882176515,2.16307659261836,0.871374250945464,5.06,0,0,2089,0
102,120,41.0720882176515,2.16307659261836,0.871374250945464,10.09,0,0,1360,0
102,120,41.0720882176515,2.16307659261836,0.871374250945464,13.19,0,0,1250,0
103,120,51.286771710885,3.49482301207675,1.62162045609959,0,101,120000,0,1
103,120,51.286771710885,3.49482301207675,1.62162045609959,0.85,0,0,1608,0
103,120,51.286771710885,3.49482301207675,1.62162045609959,3.38,0,0,1617,0
103,120,51.286771710885,3.49482301207675,1.62162045609959,13.11,0,0,986,0
103,120,51.286771710885,3.49482301207675,1.62162045609959,20.01,0,0,630,0
104,120,79.7985257074029,3.39008890017071,1.05402323043666,0,101,120000,0,1
104,120,79.7985257074029,3.39008890017071,1.05402323043666,2.79,0,0,1072,0
104,120,79.7985257074029,3.39008890017071,1.05402323043666,11.55,0,0,980,0
104,120,79.7985257074029,3.39008890017071,1.05402323043666,11.63,0,0,900,0
104,120,79.7985257074029,3.39008890017071,1.05402323043666,23.81,0,0,687,0
105,120,68.7490820714043,3.49116261043239,0.728900461192344,0,101,120000,0,1
105,120,68.7490820714043,3.49116261043239,0.728900461192344,1.86,0,0,1286,0
105,120,68.7490820714043,3.49116261043239,0.728900461192344,7.39,0,0,1143,0
105,120,68.7490820714043,3.49116261043239,0.728900461192344,13.34,0,0,846,0
105,120,68.7490820714043,3.49116261043239,0.728900461192344,22.46,0,0,600,0
106,120,80.0668904691904,5.08757032560431,0.76392794526472,0,101,120000,0,1
106,120,80.0668904691904,5.08757032560431,0.76392794526472,5.88,0,0,1131,0
106,120,80.0668904691904,5.08757032560431,0.76392794526472,7.3,0,0,1184,0
106,120,80.0668904691904,5.08757032560431,0.76392794526472,9.13,0,0,1085,0
106,120,80.0668904691904,5.08757032560431,0.76392794526472,14.04,0,0,612,0
107,120,78.174110275486,6.31507554156063,0.465561774988573,0,101,120000,0,1
107,120,78.174110275486,6.31507554156063,0.465561774988573,2.11,0,0,1040,0
107,120,78.174110275486,6.31507554156063,0.465561774988573,2.5,0,0,1001,0
107,120,78.174110275486,6.31507554156063,0.465561774988573,17.79,0,0,277,0
107,120,78.174110275486,6.31507554156063,0.465561774988573,21.1,0,0,348,0
108,120,54.9902684311217,3.23620702618628,1.26074095022981,0,101,120000,0,1
108,120,54.9902684311217,3.23620702618628,1.26074095022981,11.29,0,0,1038,0
108,120,54.9902684311217,3.23620702618628,1.26074095022981,15.87,0,0,764,0
108,120,54.9902684311217,3.23620702618628,1.26074095022981,20.17,0,0,470,0
108,120,54.9902684311217,3.23620702618628,1.26074095022981,22.13,0,0,397,0
109,120,60.1519788525081,5.78711772426782,1.46397326843882,0,101,120000,0,1
109,120,60.1519788525081,5.78711772426782,1.46397326843882,4.29,0,0,1230,0
109,120,60.1519788525081,5.78711772426782,1.46397326843882,6.05,0,0,898,0
109,120,60.1519788525081,5.78711772426782,1.46397326843882,6.32,0,0,1294,0
109,120,60.1519788525081,5.78711772426782,1.46397326843882,14.44,0,0,395,0
110,120,59.9819632842445,4.5905163191871,1.00042156013723,0,101,120000,0,1
110,120,59.9819632842445,4.5905163191871,1.00042156013723,1.24,0,0,1005,0
110,120,59.9819632842445,4.5905163191871,1.00042156013723,4.58,0,0,1150,0
110,120,59.9819632842445,4.5905163191871,1.00042156013723,6.39,0,0,1655,0
110,120,59.9819632842445,4.5905163191871,1.00042156013723,15.96,0,0,570,0
111,120,65.8598168623365,2.13197573543367,0.853334566883897,0,101,120000,0,1
111,120,65.8598168623365,2.13197573543367,0.853334566883897,6.66,0,0,1392,0
111,120,65.8598168623365,2.13197573543367,0.853334566883897,10.4,0,0,1237,0
111,120,65.8598168623365,2.13197573543367,0.853334566883897,16.65,0,0,907,0
111,120,65.8598168623365,2.13197573543367,0.853334566883897,19.64,0,0,893,0
112,120,57.5640628259116,6.88909139227253,0.67352400793998,0,101,120000,0,1
112,120,57.5640628259116,6.88909139227253,0.67352400793998,3.87,0,0,1213,0
112,120,57.5640628259116,6.88909139227253,0.67352400793998,4.04,0,0,1349,0
112,120,57.5640628259116,6.88909139227253,0.67352400793998,8.95,0,0,1114,0
112,120,57.5640628259116,6.88909139227253,0.67352400793998,11.99,0,0,586,0
113,120,54.8480132166765,3.42133210134359,1.60637457685453,0,101,120000,0,1
113,120,54.8480132166765,3.42133210134359,1.60637457685453,2.33,0,0,1917,0
113,120,54.8480132166765,3.42133210134359,1.60637457685453,5.93,0,0,1316,0
113,120,54.8480132166765,3.42133210134359,1.60637457685453,6.69,0,0,1551,0
113,120,54.8480132166765,3.42133210134359,1.60637457685453,23.02,0,0,509,0
114,120,44.9510641581529,6.39990700903138,0.80454532958881,0,101,120000,0,1
114,120,44.9510641581529,6.39990700903138,0.80454532958881,3.49,0,0,1541,0
114,120,44.9510641581529,6.39990700903138,0.80454532958881,10.97,0,0,746,0
114,120,44.9510641581529,6.39990700903138,0.80454532958881,17.55,0,0,281,0
114,120,44.9510641581529,6.39990700903138,0.80454532958881,19.22,0,0,162,0
115,120,71.1645048242022,3.02602067781519,0.891755039266969,0,101,120000,0,1
115,120,71.1645048242022,3.02602067781519,0.891755039266969,1.38,0,0,1465,0
115,120,71.1645048242022,3.02602067781519,0.891755039266969,7.59,0,0,1279,0
115,120,71.1645048242022,3.02602067781519,0.891755039266969,12.38,0,0,1109,0
115,120,71.1645048242022,3.02602067781519,0.891755039266969,13.32,0,0,1086,0
116,120,55.1783299678537,4.3422518319616,0.692537707047954,0,101,120000,0,1
116,120,55.1783299678537,4.3422518319616,0.692537707047954,5.96,0,0,1504,0
116,120,55.1783299678537,4.3422518319616,0.692537707047954,6.98,0,0,1294,0
116,120,55.1783299678537,4.3422518319616,0.692537707047954,14.63,0,0,730,0
116,120,55.1783299678537,4.3422518319616,0.692537707047954,15.48,0,0,763,0
117,120,68.4982221023435,3.53691633393099,0.814753099005428,0,101,120000,0,1
117,120,68.4982221023435,3.53691633393099,0.814753099005428,4.19,0,0,1594,0
117,120,68.4982221023435,3.53691633393099,0.814753099005428,4.99,0,0,1537,0
117,120,68.4982221023435,3.53691633393099,0.814753099005428,16.69,0,0,653,0
117,120,68.4982221023435,3.53691633393099,0.814753099005428,23.58,0,0,418,0
118,120,93.1943693691966,3.97017031683512,1.05617323792729,0,101,120000,0,1
118,120,93.1943693691966,3.97017031683512,1.05617323792729,17.82,0,0,695,0
118,120,93.1943693691966,3.97017031683512,1.05617323792729,19.04,0,0,656,0
118,120,93.1943693691966,3.97017031683512,1.05617323792729,19.96,0,0,477,0
118,120,93.1943693691966,3.97017031683512,1.05617323792729,23.8,0,0,545,0
119,120,83.8680327137435,4.63728307229547,1.75292035779168,0,101,120000,0,1
119,120,83.8680327137435,4.63728307229547,1.75292035779168,2.48,0,0,1026,0
119,120,83.8680327137435,4.63728307229547,1.75292035779168,4.81,0,0,833,0
119,120,83.8680327137435,4.63728307229547,1.75292035779168,12.67,0,0,502,0
119,120,83.8680327137435,4.63728307229547,1.75292035779168,20.88,0,0,409,0
120,120,98.5216464781795,3.65397661301112,1.0333215510868,0,101,120000,0,1
120,120,98.5216464781795,3.65397661301112,1.0333215510868,2.11,0,0,1206,0
120,120,98.5216464781795,3.65397661301112,1.0333215510868,11.01,0,0,899,0
120,120,98.5216464781795,3.65397661301112,1.0333215510868,11.37,0,0,769,0
120,120,98.5216464781795,3.65397661301112,1.0333215510868,16.13,0,0,584,0
