ID,DOSE,V,CL,KA,TIME,EVID,AMT,DV,EVIDNM
1,10,65.1138668798815,5.25042172922383,0.816993837118902,0,101,10000,0,1
1,10,65.1138668798815,5.25042172922383,0.816993837118902,0.66,0,0,68,0
1,10,65.1138668798815,5.25042172922383,0.816993837118902,6.23,0,0,82,0
1,10,65.1138668798815,5.25042172922383,0.816993837118902,7.31,0,0,106,0
1,10,65.1138668798815,5.25042172922383,0.816993837118902,12.97,0,0,48,0
2,10,93.1444456598495,3.33070827518548,1.00631558764605,0,101,10000,0,1
2,10,93.1444456598495,3.33070827518548,1.00631558764605,2.74,0,0,79,0
2,10,93.1444456598495,3.33070827518548,1.00631558764605,9.21,0,0,79,0
2,10,93.1444456598495,3.33070827518548,1.00631558764605,10.81,0,0,117,0
2,10,93.1444456598495,3.33070827518548,1.00631558764605,15.32,0,0,49,0
3,10,115.496896918222,5.25289064586402,0.990003958379483,0,101,10000,0,1
3,10,115.496896918222,5.25289064586402,0.990003958379483,10.69,0,0,50,0
3,10,115.496896918222,5.25289064586402,0.990003958379483,11.16,0,0,57,0
3,10,115.496896918222,5.25289064586402,0.990003958379483,11.84,0,0,60,0
3,10,115.496896918222,5.25289064586402,0.990003958379483,15.83,0,0,43,0
4,10,60.0836659225297,3.13799090595202,1.05817568558558,0,101,10000,0,1
4,10,60.0836659225297,3.13799090595202,1.05817568558558,5.99,0,0,106,0
4,10,60.0836659225297,3.13799090595202,1.05817568558558,7.63,0,0,107,0
4,10,60.0836659225297,3.13799090595202,1.05817568558558,8.65,0,0,133,0
4,10,60.0836659225297,3.13799090595202,1.05817568558558,19.5,0,0,60,0
5,10,62.094285316898,4.84475740784021,0.881696905855294,0,101,10000,0,1
5,10,62.094285316898,4.84475740784021,0.881696905855294,0.68,0,0,77,0
5,10,62.094285316898,4.84475740784021,0.881696905855294,2.14,0,0,134,0
5,10,62.094285316898,4.84475740784021,0.881696905855294,15.77,0,0,59,0
5,10,62.094285316898,4.84475740784021,0.881696905855294,16.02,0,0,29,0
6,10,65.1599198249781,3.2798177122522,1.33023365943997,0,101,10000,0,1
6,10,65.1599198249781,3.2798177122522,1.33023365943997,0.69,0,0,71,0
6,10,65.1599198249781,3.2798177122522,1.33023365943997,8.01,0,0,89,0
6,10,65.1599198249781,3.2798177122522,1.33023365943997,10.35,0,0,123,0
6,10,65.1599198249781,3.2798177122522,1.33023365943997,14.44,0,0,85,0
7,10,77.2400265625207,4.16790053047274,1.18338538031294,0,101,10000,0,1
7,10,77.2400265625207,4.16790053047274,1.18338538031294,15.49,0,0,62,0
7,10,77.2400265625207,4.16790053047274,1.18338538031294,16.39,0,0,44,0
7,10,77.2400265625207,4.16790053047274,1.18338538031294,16.94,0,0,55,0
7,10,77.2400265625207,4.16790053047274,1.18338538031294,17.74,0,0,57,0
8,10,71.2532835184939,3.14250418281499,1.58643600325619,0,101,10000,0,1
8,10,71.2532835184939,3.14250418281499,1.58643600325619,0.66,0,0,89,0
8,10,71.2532835184939,3.14250418281499,1.58643600325619,9.4,0,0,101,0
8,10,71.2532835184939,3.14250418281499,1.58643600325619,9.44,0,0,116,0
8,10,71.2532835184939,3.14250418281499,1.58643600325619,23.57,0,0,43,0
9,10,71.5265144800479,4.26373637947232,0.869651684465329,0,101,10000,0,1
9,10,71.5265144800479,4.26373637947232,0.869651684465329,0.2,0,0,40,0
9,10,71.5265144800479,4.26373637947232,0.869651684465329,1.71,0,0,94,0
9,10,71.5265144800479,4.26373637947232,0.869651684465329,13.94,0,0,63,0
9,10,71.5265144800479,4.26373637947232,0.869651684465329,14.59,0,0,64,0
10,10,47.1834974880516,6.72836836724909,1.27647134303498,0,101,10000,0,1
10,10,47.1834974880516,6.72836836724909,1.27647134303498,0.26,0,0,69,0
10,10,47.1834974880516,6.72836836724909,1.27647134303498,0.7,0,0,143,0
10,10,47.1834974880516,6.72836836724909,1.27647134303498,5.44,0,0,137,0
10,10,47.1834974880516,6.72836836724909,1.27647134303498,7.84,0,0,67,0
11,10,83.6377027134117,2.55725051692384,0.717571070030144,0,101,10000,0,1
11,10,83.6377027134117,2.55725051692384,0.717571070030144,0.89,0,0,47,0
11,10,83.6377027134117,2.55725051692384,0.717571070030144,4.89,0,0,93,0
11,10,83.6377027134117,2.55725051692384,0.717571070030144,14.05,0,0,102,0
11,10,83.6377027134117,2.55725051692384,0.717571070030144,23.79,0,0,80,0
12,10,60.6174833729183,1.45979218637911,1.24194228790871,0,101,10000,0,1
12,10,60.6174833729183,1.45979218637911,1.24194228790871,5.09,0,0,133,0
12,10,60.6174833729183,1.45979218637911,1.24194228790871,18.5,0,0,125,0
12,10,60.6174833729183,1.45979218637911,1.24194228790871,21.94,0,0,143,0
12,10,60.6174833729183,1.45979218637911,1.24194228790871,23.15,0,0,64,0
13,10,79.0199770331163,7.34368629213491,1.23844047720197,0,101,10000,0,1
13,10,79.0199770331163,7.34368629213491,1.23844047720197,2.98,0,0,85,0
13,10,79.0199770331163,7.34368629213491,1.23844047720197,14.97,0,0,26,0
13,10,79.0199770331163,7.34368629213491,1.23844047720197,21.55,0,0,18,0
13,10,79.0199770331163,7.34368629213491,1.23844047720197,23.21,0,0,15,0
14,10,58.4738197151914,4.79537365563736,0.635314223163354,0,101,10000,0,1
14,10,58.4738197151914,4.79537365563736,0.635314223163354,4.8,0,0,138,0
14,10,58.4738197151914,4.79537365563736,0.635314223163354,11.14,0,0,87,0
14,10,58.4738197151914,4.79537365563736,0.635314223163354,12.01,0,0,89,0
14,10,58.4738197151914,4.79537365563736,0.635314223163354,17.04,0,0,27,0
15,10,79.703489280855,4.12764132355503,1.13412222451474,0,101,10000,0,1
15,10,79.703489280855,4.12764132355503,1.13412222451474,9.47,0,0,125,0
15,10,79.703489280855,4.12764132355503,1.13412222451474,12.23,0,0,62,0
15,10,79.703489280855,4.12764132355503,1.13412222451474,18.91,0,0,77,0
15,10,79.703489280855,4.12764132355503,1.13412222451474,19.91,0,0,50,0
16,10,90.006924461082,4.47753592841948,0.978326915819094,0,101,10000,0,1
16,10,90.006924461082,4.47753592841948,0.978326915819094,1.14,0,0,82,0
16,10,90.006924461082,4.47753592841948,0.978326915819094,3.37,0,0,80,0
16,10,90.006924461082,4.47753592841948,0.978326915819094,10.31,0,0,81,0
16,10,90.006924461082,4.47753592841948,0.978326915819094,15.89,0,0,40,0
17,10,53.5239229229397,2.40440625984201,0.841825535728847,0,101,10000,0,1
17,10,53.5239229229397,2.40440625984201,0.841825535728847,2.55,0,0,177,0
17,10,53.5239229229397,2.40440625984201,0.841825535728847,10.5,0,0,118,0
17,10,53.5239229229397,2.40440625984201,0.841825535728847,16.97,0,0,113,0
17,10,53.5239229229397,2.40440625984201,0.841825535728847,21.24,0,0,71,0
18,10,143.713090505743,1.62354742165058,1.12123472845043,0,101,10000,0,1
18,10,143.713090505743,1.62354742165058,1.12123472845043,0.01,0,0,1,0
18,10,143.713090505743,1.62354742165058,1.12123472845043,2.56,0,0,50,0
18,10,143.713090505743,1.62354742165058,1.12123472845043,11.77,0,0,63,0
18,10,143.713090505743,1.62354742165058,1.12123472845043,15.39,0,0,44,0
19,10,71.3478497193233,6.75855588809908,0.825853530789914,0,101,10000,0,1
19,10,71.3478497193233,6.75855588809908,0.825853530789914,0.44,0,0,46,0
19,10,71.3478497193233,6.75855588809908,0.825853530789914,1.16,0,0,75,0
19,10,71.3478497193233,6.75855588809908,0.825853530789914,2.95,0,0,102,0
19,10,71.3478497193233,6.75855588809908,0.825853530789914,17.01,0,0,32,0
20,10,38.1911871774562,2.43469663123373,1.47478654763732,0,101,10000,0,1
20,10,38.1911871774562,2.43469663123373,1.47478654763732,1.83,0,0,211,0
20,10,38.1911871774562,2.43469663123373,1.47478654763732,11.07,0,0,162,0
20,10,38.1911871774562,2.43469663123373,1.47478654763732,20.83,0,0,102,0
20,10,38.1911871774562,2.43469663123373,1.47478654763732,23.04,0,0,70,0
21,10,56.6926481774045,3.88291766788811,0.992986932050716,0,101,10000,0,1
21,10,56.6926481774045,3.88291766788811,0.992986932050716,10.12,0,0,74,0
21,10,56.6926481774045,3.88291766788811,0.992986932050716,11.5,0,0,138,0
21,10,56.6926481774045,3.88291766788811,0.992986932050716,13.8,0,0,74,0
21,10,56.6926481774045,3.88291766788811,0.992986932050716,18.12,0,0,52,0
22,10,59.2365897065814,2.04267256422712,0.468384571649923,0,101,10000,0,1
22,10,59.2365897065814,2.04267256422712,0.468384571649923,6.69,0,0,115,0
22,10,59.2365897065814,2.04267256422712,0.468384571649923,13.64,0,0,112,0
22,10,59.2365897065814,2.04267256422712,0.468384571649923,19.34,0,0,80,0
22,10,59.2365897065814,2.04267256422712,0.468384571649923,22.16,0,0,65,0
23,10,55.4461937048561,3.66395240204236,1.01791531889413,0,101,10000,0,1
23,10,55.4461937048561,3.66395240204236,1.01791531889413,1.94,0,0,137,0
23,10,55.4461937048561,3.66395240204236,1.01791531889413,2,0,0,152,0
23,10,55.4461937048561,3.66395240204236,1.01791531889413,17.68,0,0,54,0
23,10,55.4461937048561,3.66395240204236,1.01791531889413,19.28,0,0,57,0
24,10,79.8736680714218,4.95707607496872,1.59958188550363,0,101,10000,0,1
24,10,79.8736680714218,4.95707607496872,1.59958188550363,0.89,0,0,107,0
24,10,79.8736680714218,4.95707607496872,1.59958188550363,2.42,0,0,123,0
24,10,79.8736680714218,4.95707607496872,1.59958188550363,6.18,0,0,99,0
24,10,79.8736680714218,4.95707607496872,1.59958188550363,15.89,0,0,50,0
25,10,54.3719078453815,8.31701365329471,1.09482746221111,0,101,10000,0,1
25,10,54.3719078453815,8.31701365329471,1.09482746221111,1.92,0,0,205,0
25,10,54.3719078453815,8.31701365329471,1.09482746221111,2.99,0,0,150,0
25,10,54.3719078453815,8.31701365329471,1.09482746221111,3.68,0,0,132,0
25,10,54.3719078453815,8.31701365329471,1.09482746221111,14.03,0,0,21,0
26,10,71.6506076452767,3.84251381839912,1.5212018995902,0,101,10000,0,1
26,10,71.6506076452767,3.84251381839912,1.5212018995902,5.48,0,0,83,0
26,10,71.6506076452767,3.84251381839912,1.5212018995902,12.86,0,0,97,0
26,10,71.6506076452767,3.84251381839912,1.5212018995902,15.54,0,0,72,0
26,10,71.6506076452767,3.84251381839912,1.5212018995902,19.89,0,0,67,0
27,10,95.1059401707828,3.03573314263158,0.709683023961075,0,101,10000,0,1
27,10,95.1059401707828,3.03573314263158,0.709683023961075,5.13,0,0,104,0
27,10,95.1059401707828,3.03573314263158,0.709683023961075,10.3,0,0,63,0
27,10,95.1059401707828,3.03573314263158,0.709683023961075,14.12,0,0,52,0
27,10,95.1059401707828,3.03573314263158,0.709683023961075,21.17,0,0,51,0
28,10,99.7594741257847,4.54214801436193,0.651769460139297,0,101,10000,0,1
28,10,99.7594741257847,4.54214801436193,0.651769460139297,1.35,0,0,60,0
28,10,99.7594741257847,4.54214801436193,0.651769460139297,3.41,0,0,86,0
28,10,99.7594741257847,4.54214801436193,0.651769460139297,18.46,0,0,40,0
28,10,99.7594741257847,4.54214801436193,0.651769460139297,21.72,0,0,31,0
29,10,57.2034616130857,3.82200798065513,1.43993177272893,0,101,10000,0,1
29,10,57.2034616130857,3.82200798065513,1.43993177272893,7.63,0,0,99,0
29,10,57.2034616130857,3.82200798065513,1.43993177272893,8.51,0,0,167,0
29,10,57.2034616130857,3.82200798065513,1.43993177272893,11.32,0,0,60,0
29,10,57.2034616130857,3.82200798065513,1.43993177272893,23.06,0,0,41,0
30,10,46.7698534560103,4.15939204627464,1.72195777121917,0,101,10000,0,1
30,10,46.7698534560103,4.15939204627464,1.72195777121917,2.77,0,0,175,0
30,10,46.7698534560103,4.15939204627464,1.72195777121917,5.27,0,0,166,0
30,10,46.7698534560103,4.15939204627464,1.72195777121917,7.76,0,0,97,0
30,10,46.7698534560103,4.15939204627464,1.72195777121917,10.16,0,0,49,0
31,30,122.17693004437,5.01350680149267,0.581968624133415,0,101,30000,0,1
31,30,122.17693004437,5.01350680149267,0.581968624133415,0.69,0,0,68,0
31,30,122.17693004437,5.01350680149267,0.581968624133415,6.56,0,0,157,0
31,30,122.17693004437,5.01350680149267,0.581968624133415,11.45,0,0,184,0
31,30,122.17693004437,5.01350680149267,0.581968624133415,15.23,0,0,133,0
32,30,85.1070016157645,5.18533653002427,0.78043263429048,0,101,30000,0,1
32,30,85.1070016157645,5.18533653002427,0.78043263429048,4.42,0,0,254,0
32,30,85.1070016157645,5.18533653002427,0.78043263429048,6.16,0,0,286,0
32,30,85.1070016157645,5.18533653002427,0.78043263429048,7.03,0,0,247,0
32,30,85.1070016157645,5.18533653002427,0.78043263429048,9.94,0,0,151,0
33,30,75.6248211046701,3.52703629509978,1.04795295372054,0,101,30000,0,1
33,30,75.6248211046701,3.52703629509978,1.04795295372054,12.68,0,0,312,0
33,30,75.6248211046701,3.52703629509978,1.04795295372054,17.47,0,0,158,0
33,30,75.6248211046701,3.52703629509978,1.04795295372054,21.3,0,0,173,0
33,30,75.6248211046701,3.52703629509978,1.04795295372054,23.68,0,0,136,0
34,30,78.8768499657721,2.54607598385139,1.10814928520169,0,101,30000,0,1
34,30,78.8768499657721,2.54607598385139,1.10814928520169,4.63,0,0,385,0
34,30,78.8768499657721,2.54607598385139,1.10814928520169,7.74,0,0,372,0
34,30,78.8768499657721,2.54607598385139,1.10814928520169,17.52,0,0,155,0
34,30,78.8768499657721,2.54607598385139,1.10814928520169,17.55,0,0,197,0
35,30,90.2515270488322,5.01915657055549,0.879407468874079,0,101,30000,0,1
35,30,90.2515270488322,5.01915657055549,0.879407468874079,0.8,0,0,188,0
35,30,90.2515270488322,5.01915657055549,0.879407468874079,5.11,0,0,262,0
35,30,90.2515270488322,5.01915657055549,0.879407468874079,8.98,0,0,182,0
35,30,90.2515270488322,5.01915657055549,0.879407468874079,15.38,0,0,113,0
36,30,91.2174314052333,6.33269113592585,0.832473782875985,0,101,30000,0,1
36,30,91.2174314052333,6.33269113592585,0.832473782875985,0.73,0,0,137,0
36,30,91.2174314052333,6.33269113592585,0.832473782875985,5.22,0,0,169,0
36,30,91.2174314052333,6.33269113592585,0.832473782875985,6.91,0,0,218,0
36,30,91.2174314052333,6.33269113592585,0.832473782875985,9.53,0,0,195,0
37,30,47.7413788093484,4.87489481820884,1.48298154965082,0,101,30000,0,1
37,30,47.7413788093484,4.87489481820884,1.48298154965082,5.85,0,0,463,0
37,30,47.7413788093484,4.87489481820884,1.48298154965082,8.78,0,0,334,0
37,30,47.7413788093484,4.87489481820884,1.48298154965082,17.15,0,0,139,0
37,30,47.7413788093484,4.87489481820884,1.48298154965082,19.21,0,0,100,0
38,30,61.1796755041536,2.87725910138428,0.868025919033592,0,101,30000,0,1
38,30,61.1796755041536,2.87725910138428,0.868025919033592,7.7,0,0,442,0
38,30,61.1796755041536,2.87725910138428,0.868025919033592,13.33,0,0,322,0
38,30,61.1796755041536,2.87725910138428,0.868025919033592,16.66,0,0,295,0
38,30,61.1796755041536,2.87725910138428,0.868025919033592,19.63,0,0,263,0
39,30,96.317226667832,2.99479491328502,0.93410227942807,0,101,30000,0,1
39,30,96.317226667832,2.99479491328502,0.93410227942807,7.14,0,0,361,0
39,30,96.317226667832,2.99479491328502,0.93410227942807,11.22,0,0,200,0
39,30,96.317226667832,2.99479491328502,0.93410227942807,12.55,0,0,164,0
39,30,96.317226667832,2.99479491328502,0.93410227942807,21.36,0,0,135,0
40,30,42.6824169272785,3.459816007702,0.977353489290322,0,101,30000,0,1
40,30,42.6824169272785,3.459816007702,0.977353489290322,3.31,0,0,505,0
40,30,42.6824169272785,3.459816007702,0.977353489290322,6.83,0,0,393,0
40,30,42.6824169272785,3.459816007702,0.977353489290322,15.55,0,0,218,0
40,30,42.6824169272785,3.459816007702,0.977353489290322,21.52,0,0,124,0
41,30,63.1912304364267,3.66510557530069,1.34119617001817,0,101,30000,0,1
41,30,63.1912304364267,3.66510557530069,1.34119617001817,5.62,0,0,319,0
41,30,63.1912304364267,3.66510557530069,1.34119617001817,10.64,0,0,179,0
41,30,63.1912304364267,3.66510557530069,1.34119617001817,12.39,0,0,218,0
41,30,63.1912304364267,3.66510557530069,1.34119617001817,19.84,0,0,117,0
42,30,69.4002789476587,3.57058896964223,0.896983263729945,0,101,30000,0,1
42,30,69.4002789476587,3.57058896964223,0.896983263729945,9.14,0,0,339,0
42,30,69.4002789476587,3.57058896964223,0.896983263729945,12.96,0,0,320,0
42,30,69.4002789476587,3.57058896964223,0.896983263729945,14.35,0,0,178,0
42,30,69.4002789476587,3.57058896964223,0.896983263729945,22.46,0,0,184,0
43,30,69.927447195306,7.31687812368902,1.72837571183151,0,101,30000,0,1
43,30,69.927447195306,7.31687812368902,1.72837571183151,0.42,0,0,255,0
43,30,69.927447195306,7.31687812368902,1.72837571183151,2.2,0,0,417,0
43,30,69.927447195306,7.31687812368902,1.72837571183151,9.43,0,0,153,0
43,30,69.927447195306,7.31687812368902,1.72837571183151,14.94,0,0,85,0
44,30,91.4894132706329,3.09607561911442,0.820346968318192,0,101,30000,0,1
44,30,91.4894132706329,3.09607561911442,0.820346968318192,0.24,0,0,73,0
44,30,91.4894132706329,3.09607561911442,0.820346968318192,3.66,0,0,304,0
44,30,91.4894132706329,3.09607561911442,0.820346968318192,4.35,0,0,264,0
44,30,91.4894132706329,3.09607561911442,0.820346968318192,8.71,0,0,215,0
45,30,60.5632696100557,5.72512356573923,0.912991642627303,0,101,30000,0,1
45,30,60.5632696100557,5.72512356573923,0.912991642627303,5.54,0,0,389,0
45,30,60.5632696100557,5.72512356573923,0.912991642627303,10.82,0,0,134,0
45,30,60.5632696100557,5.72512356573923,0.912991642627303,20.31,0,0,76,0
45,30,60.5632696100557,5.72512356573923,0.912991642627303,21.86,0,0,69,0
46,30,116.235054927503,2.99453636897232,0.589570677078776,0,101,30000,0,1
46,30,116.235054927503,2.99453636897232,0.589570677078776,0.88,0,0,111,0
46,30,116.235054927503,2.99453636897232,0.589570677078776,6.16,0,0,208,0
46,30,116.235054927503,2.99453636897232,0.589570677078776,18.16,0,0,140,0
46,30,116.235054927503,2.99453636897232,0.589570677078776,21.09,0,0,151,0
47,30,57.8529341560405,2.55882388728329,1.53988568768485,0,101,30000,0,1
47,30,57.8529341560405,2.55882388728329,1.53988568768485,1.21,0,0,423,0
47,30,57.8529341560405,2.55882388728329,1.53988568768485,6.39,0,0,483,0
47,30,57.8529341560405,2.55882388728329,1.53988568768485,8.22,0,0,263,0
47,30,57.8529341560405,2.55882388728329,1.53988568768485,14.65,0,0,235,0
48,30,73.2523935650773,5.06475597902617,0.943996684362388,0,101,30000,0,1
48,30,73.2523935650773,5.06475597902617,0.943996684362388,1.2,0,0,258,0
48,30,73.2523935650773,5.06475597902617,0.943996684362388,4.56,0,0,389,0
48,30,73.2523935650773,5.06475597902617,0.943996684362388,11.03,0,0,353,0
48,30,73.2523935650773,5.06475597902617,0.943996684362388,18.62,0,0,108,0
49,30,72.1173629038947,3.89718470816179,1.02238532396178,0,101,30000,0,1
49,30,72.1173629038947,3.89718470816179,1.02238532396178,0.75,0,0,199,0
49,30,72.1173629038947,3.89718470816179,1.02238532396178,3.49,0,0,296,0
49,30,72.1173629038947,3.89718470816179,1.02238532396178,10.04,0,0,301,0
49,30,72.1173629038947,3.89718470816179,1.02238532396178,20.86,0,0,201,0
50,30,90.4243117561157,3.67051645574307,0.632084846936818,0,101,30000,0,1
50,30,90.4243117561157,3.67051645574307,0.632084846936818,1.47,0,0,198,0
50,30,90.4243117561157,3.67051645574307,0.632084846936818,3.43,0,0,255,0
50,30,90.4243117561157,3.67051645574307,0.632084846936818,18.12,0,0,166,0
50,30,90.4243117561157,3.67051645574307,0.632084846936818,20.89,0,0,136,0
51,30,69.927447195306,7.31687812368902,1.72837571183151,0,101,30000,0,1
51,30,69.927447195306,7.31687812368902,1.72837571183151,0.42,0,0,255,0
51,30,69.927447195306,7.31687812368902,1.72837571183151,2.2,0,0,417,0
51,30,69.927447195306,7.31687812368902,1.72837571183151,9.43,0,0,153,0
51,30,69.927447195306,7.31687812368902,1.72837571183151,14.94,0,0,85,0
52,30,58.2248470927659,3.12046504540365,0.753228203791713,0,101,30000,0,1
52,30,58.2248470927659,3.12046504540365,0.753228203791713,4.83,0,0,460,0
52,30,58.2248470927659,3.12046504540365,0.753228203791713,5.61,0,0,472,0
52,30,58.2248470927659,3.12046504540365,0.753228203791713,15.22,0,0,165,0
52,30,58.2248470927659,3.12046504540365,0.753228203791713,16.84,0,0,197,0
53,30,47.9803022598771,8.20722292145576,0.636723935676316,0,101,30000,0,1
53,30,47.9803022598771,8.20722292145576,0.636723935676316,12.6,0,0,107,0
53,30,47.9803022598771,8.20722292145576,0.636723935676316,14.24,0,0,100,0
53,30,47.9803022598771,8.20722292145576,0.636723935676316,22.92,0,0,16,0
53,30,47.9803022598771,8.20722292145576,0.636723935676316,23.83,0,0,12,0
54,30,38.9398135901343,4.55258735197374,1.14909118280813,0,101,30000,0,1
54,30,38.9398135901343,4.55258735197374,1.14909118280813,2.49,0,0,657,0
54,30,38.9398135901343,4.55258735197374,1.14909118280813,14.42,0,0,165,0
54,30,38.9398135901343,4.55258735197374,1.14909118280813,20.18,0,0,85,0
54,30,38.9398135901343,4.55258735197374,1.14909118280813,20.94,0,0,97,0
55,30,74.2164129509425,6.05494181390564,1.09620548414472,0,101,30000,0,1
55,30,74.2164129509425,6.05494181390564,1.09620548414472,8.74,0,0,261,0
55,30,74.2164129509425,6.05494181390564,1.09620548414472,10.61,0,0,220,0
55,30,74.2164129509425,6.05494181390564,1.09620548414472,11.21,0,0,194,0
55,30,74.2164129509425,6.05494181390564,1.09620548414472,13.08,0,0,157,0
56,30,47.540937589577,4.09330856118983,1.46989132331348,0,101,30000,0,1
56,30,47.540937589577,4.09330856118983,1.46989132331348,3.69,0,0,429,0
56,30,47.540937589577,4.09330856118983,1.46989132331348,5.53,0,0,238,0
56,30,47.540937589577,4.09330856118983,1.46989132331348,14.02,0,0,195,0
56,30,47.540937589577,4.09330856118983,1.46989132331348,19.89,0,0,157,0
57,30,75.8226765573888,3.30966951289128,0.710175840198002,0,101,30000,0,1
57,30,75.8226765573888,3.30966951289128,0.710175840198002,2.76,0,0,348,0
57,30,75.8226765573888,3.30966951289128,0.710175840198002,5.54,0,0,354,0
57,30,75.8226765573888,3.30966951289128,0.710175840198002,14.45,0,0,285,0
57,30,75.8226765573888,3.30966951289128,0.710175840198002,23.83,0,0,157,0
58,30,95.0722742794989,3.71440725055397,1.06883458321227,0,101,30000,0,1
58,30,95.0722742794989,3.71440725055397,1.06883458321227,0.71,0,0,157,0
58,30,95.0722742794989,3.71440725055397,1.06883458321227,7.52,0,0,213,0
58,30,95.0722742794989,3.71440725055397,1.06883458321227,11.08,0,0,233,0
58,30,95.0722742794989,3.71440725055397,1.06883458321227,21.54,0,0,145,0
59,30,92.3995985400516,3.72404423315841,0.964701069128532,0,101,30000,0,1
59,30,92.3995985400516,3.72404423315841,0.964701069128532,0.27,0,0,81,0
59,30,92.3995985400516,3.72404423315841,0.964701069128532,4.32,0,0,319,0
59,30,92.3995985400516,3.72404423315841,0.964701069128532,20.28,0,0,142,0
59,30,92.3995985400516,3.72404423315841,0.964701069128532,23.99,0,0,120,0
60,30,51.2618391779069,5.70921721944746,0.988792893115841,0,101,30000,0,1
60,30,51.2618391779069,5.70921721944746,0.988792893115841,0.6,0,0,214,0
60,30,51.2618391779069,5.70921721944746,0.988792893115841,9.82,0,0,268,0
60,30,51.2618391779069,5.70921721944746,0.988792893115841,18.49,0,0,93,0
60,30,51.2618391779069,5.70921721944746,0.988792893115841,22.16,0,0,40,0
61,60,82.1992743386038,3.54017467608419,0.835986234060097,0,101,60000,0,1
61,60,82.1992743386038,3.54017467608419,0.835986234060097,2.81,0,0,570,0
61,60,82.1992743386038,3.54017467608419,0.835986234060097,13,0,0,444,0
61,60,82.1992743386038,3.54017467608419,0.835986234060097,22.04,0,0,379,0
61,60,82.1992743386038,3.54017467608419,0.835986234060097,23.34,0,0,329,0
62,60,64.2583450926829,3.86098303271938,0.633638750641174,0,101,60000,0,1
62,60,64.2583450926829,3.86098303271938,0.633638750641174,1.34,0,0,463,0
62,60,64.2583450926829,3.86098303271938,0.633638750641174,9.47,0,0,812,0
62,60,64.2583450926829,3.86098303271938,0.633638750641174,13.91,0,0,390,0
62,60,64.2583450926829,3.86098303271938,0.633638750641174,20.17,0,0,341,0
63,60,120.936891020605,4.02038015661529,0.745239230696142,0,101,60000,0,1
63,60,120.936891020605,4.02038015661529,0.745239230696142,5.7,0,0,505,0
63,60,120.936891020605,4.02038015661529,0.745239230696142,12.68,0,0,272,0
63,60,120.936891020605,4.02038015661529,0.745239230696142,14.23,0,0,369,0
63,60,120.936891020605,4.02038015661529,0.745239230696142,16.66,0,0,295,0
64,60,63.4092888902413,3.05160634539838,1.27636101710064,0,101,60000,0,1
64,60,63.4092888902413,3.05160634539838,1.27636101710064,2.81,0,0,861,0
64,60,63.4092888902413,3.05160634539838,1.27636101710064,8.52,0,0,759,0
64,60,63.4092888902413,3.05160634539838,1.27636101710064,11.61,0,0,471,0
64,60,63.4092888902413,3.05160634539838,1.27636101710064,20.19,0,0,476,0
65,60,47.4615883434854,3.84167494525806,1.28443309325819,0,101,60000,0,1
65,60,47.4615883434854,3.84167494525806,1.28443309325819,3.14,0,0,1033,0
65,60,47.4615883434854,3.84167494525806,1.28443309325819,3.31,0,0,1116,0
65,60,47.4615883434854,3.84167494525806,1.28443309325819,8.88,0,0,618,0
65,60,47.4615883434854,3.84167494525806,1.28443309325819,12.78,0,0,534,0
66,60,47.3233762798404,7.75051679623885,1.15411620931448,0,101,60000,0,1
66,60,47.3233762798404,7.75051679623885,1.15411620931448,0.17,0,0,246,0
66,60,47.3233762798404,7.75051679623885,1.15411620931448,1.37,0,0,871,0
66,60,47.3233762798404,7.75051679623885,1.15411620931448,14.12,0,0,113,0
66,60,47.3233762798404,7.75051679623885,1.15411620931448,14.91,0,0,137,0
67,60,48.5179305143043,4.65769948950551,0.802359307192231,0,101,60000,0,1
67,60,48.5179305143043,4.65769948950551,0.802359307192231,16.53,0,0,319,0
67,60,48.5179305143043,4.65769948950551,0.802359307192231,17.96,0,0,208,0
67,60,48.5179305143043,4.65769948950551,0.802359307192231,23.53,0,0,143,0
67,60,48.5179305143043,4.65769948950551,0.802359307192231,23.69,0,0,149,0
68,60,44.7123032469801,3.9496761022575,0.85538830701991,0,101,60000,0,1
68,60,44.7123032469801,3.9496761022575,0.85538830701991,6.1,0,0,809,0
68,60,44.7123032469801,3.9496761022575,0.85538830701991,7.17,0,0,635,0
68,60,44.7123032469801,3.9496761022575,0.85538830701991,8.1,0,0,602,0
68,60,44.7123032469801,3.9496761022575,0.85538830701991,11.88,0,0,496,0
69,60,85.4348435815389,5.06986121430117,0.517142892260372,0,101,60000,0,1
69,60,85.4348435815389,5.06986121430117,0.517142892260372,7.32,0,0,404,0
69,60,85.4348435815389,5.06986121430117,0.517142892260372,8.28,0,0,509,0
69,60,85.4348435815389,5.06986121430117,0.517142892260372,14.16,0,0,279,0
69,60,85.4348435815389,5.06986121430117,0.517142892260372,17.42,0,0,217,0
70,60,90.3780738414781,4.25363212046164,0.786603250926691,0,101,60000,0,1
70,60,90.3780738414781,4.25363212046164,0.786603250926691,0.2,0,0,144,0
70,60,90.3780738414781,4.25363212046164,0.786603250926691,4.71,0,0,567,0
70,60,90.3780738414781,4.25363212046164,0.786603250926691,14.98,0,0,400,0
70,60,90.3780738414781,4.25363212046164,0.786603250926691,19.37,0,0,331,0
71,60,73.5165693722168,6.52038364756657,0.998098230148039,0,101,60000,0,1
71,60,73.5165693722168,6.52038364756657,0.998098230148039,0.1,0,0,88,0
71,60,73.5165693722168,6.52038364756657,0.998098230148039,7.58,0,0,427,0
71,60,73.5165693722168,6.52038364756657,0.998098230148039,10.63,0,0,255,0
71,60,73.5165693722168,6.52038364756657,0.998098230148039,21.69,0,0,134,0
72,60,53.4801101919991,4.09526470525929,1.26553110806117,0,101,60000,0,1
72,60,53.4801101919991,4.09526470525929,1.26553110806117,0.67,0,0,524,0
72,60,53.4801101919991,4.09526470525929,1.26553110806117,11.71,0,0,418,0
72,60,53.4801101919991,4.09526470525929,1.26553110806117,18.83,0,0,263,0
72,60,53.4801101919991,4.09526470525929,1.26553110806117,20.43,0,0,280,0
73,60,76.7256973654531,2.93624272102462,0.84800127952056,0,101,60000,0,1
73,60,76.7256973654531,2.93624272102462,0.84800127952056,3,0,0,701,0
73,60,76.7256973654531,2.93624272102462,0.84800127952056,8.71,0,0,396,0
73,60,76.7256973654531,2.93624272102462,0.84800127952056,13.06,0,0,403,0
73,60,76.7256973654531,2.93624272102462,0.84800127952056,22.26,0,0,254,0
74,60,81.4547161220525,4.63926455828972,1.01769254754795,0,101,60000,0,1
74,60,81.4547161220525,4.63926455828972,1.01769254754795,8.9,0,0,634,0
74,60,81.4547161220525,4.63926455828972,1.01769254754795,11.91,0,0,410,0
74,60,81.4547161220525,4.63926455828972,1.01769254754795,15.48,0,0,343,0
74,60,81.4547161220525,4.63926455828972,1.01769254754795,18.58,0,0,266,0
75,60,60.1867299841792,5.90587057863736,0.899163111086651,0,101,60000,0,1
75,60,60.1867299841792,5.90587057863736,0.899163111086651,4.41,0,0,684,0
75,60,60.1867299841792,5.90587057863736,0.899163111086651,5.68,0,0,612,0
75,60,60.1867299841792,5.90587057863736,0.899163111086651,9.15,0,0,405,0
75,60,60.1867299841792,5.90587057863736,0.899163111086651,23.98,0,0,101,0
76,60,81.0832346695053,3.61054950302366,1.08042859605667,0,101,60000,0,1
76,60,81.0832346695053,3.61054950302366,1.08042859605667,1.44,0,0,656,0
76,60,81.0832346695053,3.61054950302366,1.08042859605667,4.16,0,0,752,0
76,60,81.0832346695053,3.61054950302366,1.08042859605667,8.5,0,0,575,0
76,60,81.0832346695053,3.61054950302366,1.08042859605667,14.09,0,0,306,0
77,60,64.7391591183664,4.48967817247871,1.13963164976296,0,101,60000,0,1
77,60,64.7391591183664,4.48967817247871,1.13963164976296,3.45,0,0,676,0
77,60,64.7391591183664,4.48967817247871,1.13963164976296,8.89,0,0,373,0
77,60,64.7391591183664,4.48967817247871,1.13963164976296,11.02,0,0,274,0
77,60,64.7391591183664,4.48967817247871,1.13963164976296,19.51,0,0,244,0
78,60,75.059066752644,2.9072874430092,0.667613265221963,0,101,60000,0,1
78,60,75.059066752644,2.9072874430092,0.667613265221963,5.82,0,0,624,0
78,60,75.059066752644,2.9072874430092,0.667613265221963,6.18,0,0,646,0
78,60,75.059066752644,2.9072874430092,0.667613265221963,14.97,0,0,313,0
78,60,75.059066752644,2.9072874430092,0.667613265221963,20.36,0,0,238,0
79,60,69.5179783044682,3.39008934098086,0.90355751586285,0,101,60000,0,1
79,60,69.5179783044682,3.39008934098086,0.90355751586285,0.96,0,0,583,0
79,60,69.5179783044682,3.39008934098086,0.90355751586285,5.77,0,0,877,0
79,60,69.5179783044682,3.39008934098086,0.90355751586285,9.07,0,0,431,0
79,60,69.5179783044682,3.39008934098086,0.90355751586285,21.12,0,0,445,0
80,60,50.1621245800846,3.86934360683602,1.78286582755001,0,101,60000,0,1
80,60,50.1621245800846,3.86934360683602,1.78286582755001,6.38,0,0,547,0
80,60,50.1621245800846,3.86934360683602,1.78286582755001,10.73,0,0,546,0
80,60,50.1621245800846,3.86934360683602,1.78286582755001,19.9,0,0,264,0
80,60,50.1621245800846,3.86934360683602,1.78286582755001,23.23,0,0,205,0
81,60,131.954332663293,5.3039753464336,0.841658446649342,0,101,60000,0,1
81,60,131.954332663293,5.3039753464336,0.841658446649342,4,0,0,374,0
81,60,131.954332663293,5.3039753464336,0.841658446649342,5.17,0,0,396,0
81,60,131.954332663293,5.3039753464336,0.841658446649342,6.94,0,0,338,0
81,60,131.954332663293,5.3039753464336,0.841658446649342,15.63,0,0,231,0
82,60,67.8024558933376,3.77829770310207,1.55578043607704,0,101,60000,0,1
82,60,67.8024558933376,3.77829770310207,1.55578043607704,9.03,0,0,334,0
82,60,67.8024558933376,3.77829770310207,1.55578043607704,12.34,0,0,520,0
82,60,67.8024558933376,3.77829770310207,1.55578043607704,14.48,0,0,343,0
82,60,67.8024558933376,3.77829770310207,1.55578043607704,18.17,0,0,543,0
83,60,81.4547161220525,4.63926455828972,1.01769254754795,0,101,60000,0,1
83,60,81.4547161220525,4.63926455828972,1.01769254754795,8.9,0,0,634,0
83,60,81.4547161220525,4.63926455828972,1.01769254754795,11.91,0,0,410,0
83,60,81.4547161220525,4.63926455828972,1.01769254754795,15.48,0,0,343,0
83,60,81.4547161220525,4.63926455828972,1.01769254754795,18.58,0,0,266,0
84,60,69.6156843047691,4.99442715412826,0.835560478758325,0,101,60000,0,1
84,60,69.6156843047691,4.99442715412826,0.835560478758325,8.6,0,0,544,0
84,60,69.6156843047691,4.99442715412826,0.835560478758325,11,0,0,497,0
84,60,69.6156843047691,4.99442715412826,0.835560478758325,13.87,0,0,341,0
84,60,69.6156843047691,4.99442715412826,0.835560478758325,21.23,0,0,185,0
85,60,66.6202764917636,3.84017977188893,1.2589425696291,0,101,60000,0,1
85,60,66.6202764917636,3.84017977188893,1.2589425696291,6.5,0,0,520,0
85,60,66.6202764917636,3.84017977188893,1.2589425696291,7.46,0,0,728,0
85,60,66.6202764917636,3.84017977188893,1.2589425696291,8.68,0,0,661,0
85,60,66.6202764917636,3.84017977188893,1.2589425696291,23.41,0,0,238,0
86,60,55.5986299292787,4.27808899959521,1.01631038930318,0,101,60000,0,1
86,60,55.5986299292787,4.27808899959521,1.01631038930318,2.01,0,0,708,0
86,60,55.5986299292787,4.27808899959521,1.01631038930318,6.67,0,0,671,0
86,60,55.5986299292787,4.27808899959521,1.01631038930318,15.91,0,0,355,0
86,60,55.5986299292787,4.27808899959521,1.01631038930318,20.15,0,0,254,0
87,60,67.1872389872887,3.05007418119607,0.580972896863939,0,101,60000,0,1
87,60,67.1872389872887,3.05007418119607,0.580972896863939,0.69,0,0,299,0
87,60,67.1872389872887,3.05007418119607,0.580972896863939,2.97,0,0,694,0
87,60,67.1872389872887,3.05007418119607,0.580972896863939,23,0,0,457,0
87,60,67.1872389872887,3.05007418119607,0.580972896863939,23.52,0,0,277,0
88,60,56.0220373404134,2.39023725586473,1.45966305642798,0,101,60000,0,1
88,60,56.0220373404134,2.39023725586473,1.45966305642798,6.43,0,0,580,0
88,60,56.0220373404134,2.39023725586473,1.45966305642798,7.27,0,0,838,0
88,60,56.0220373404134,2.39023725586473,1.45966305642798,11.11,0,0,581,0
88,60,56.0220373404134,2.39023725586473,1.45966305642798,15.15,0,0,672,0
89,60,46.4059549731764,3.05159499067797,0.725634258359288,0,101,60000,0,1
89,60,46.4059549731764,3.05159499067797,0.725634258359288,0.8,0,0,507,0
89,60,46.4059549731764,3.05159499067797,0.725634258359288,5.91,0,0,1178,0
89,60,46.4059549731764,3.05159499067797,0.725634258359288,16.86,0,0,490,0
89,60,46.4059549731764,3.05159499067797,0.725634258359288,20.79,0,0,562,0
90,60,74.7518015485031,3.89562266717622,0.560691542316848,0,101,60000,0,1
90,60,74.7518015485031,3.89562266717622,0.560691542316848,5.37,0,0,575,0
90,60,74.7518015485031,3.89562266717622,0.560691542316848,7.51,0,0,438,0
90,60,74.7518015485031,3.89562266717622,0.560691542316848,13.22,0,0,432,0
90,60,74.7518015485031,3.89562266717622,0.560691542316848,14.66,0,0,307,0
91,120,83.2646066682605,5.7767040663881,1.07514817563225,0,101,120000,0,1
91,120,83.2646066682605,5.7767040663881,1.07514817563225,1.11,0,0,1185,0
91,120,83.2646066682605,5.7767040663881,1.07514817563225,9.77,0,0,767,0
91,120,83.2646066682605,5.7767040663881,1.07514817563225,12.06,0,0,646,0
91,120,83.2646066682605,5.7767040663881,1.07514817563225,12.12,0,0,767,0
92,120,101.648939481899,3.85868741820066,1.62493183790522,0,101,120000,0,1
92,120,101.648939481899,3.85868741820066,1.62493183790522,10.48,0,0,1064,0
92,120,101.648939481899,3.85868741820066,1.62493183790522,11.27,0,0,675,0
92,120,101.648939481899,3.85868741820066,1.62493183790522,12.25,0,0,627,0
92,120,101.648939481899,3.85868741820066,1.62493183790522,13.55,0,0,668,0
93,120,85.5322122662457,3.64983506183846,1.12743834944485,0,101,120000,0,1
93,120,85.5322122662457,3.64983506183846,1.12743834944485,5.87,0,0,1214,0
93,120,85.5322122662457,3.64983506183846,1.12743834944485,10.22,0,0,1208,0
93,120,85.5322122662457,3.64983506183846,1.12743834944485,10.24,0,0,1052,0
93,120,85.5322122662457,3.64983506183846,1.12743834944485,19.58,0,0,696,0
94,120,46.1546596458157,2.35269294807413,0.510988101347383,0,101,120000,0,1
94,120,46.1546596458157,2.35269294807413,0.510988101347383,8.32,0,0,1513,0
94,120,46.1546596458157,2.35269294807413,0.510988101347383,9.22,0,0,2365,0
94,120,46.1546596458157,2.35269294807413,0.510988101347383,12.77,0,0,1560,0
94,120,46.1546596458157,2.35269294807413,0.510988101347383,16.87,0,0,1456,0
95,120,68.6105849292164,4.31300915515628,1.91195687486116,0,101,120000,0,1
95,120,68.6105849292164,4.31300915515628,1.91195687486116,7.87,0,0,981,0
95,120,68.6105849292164,4.31300915515628,1.91195687486116,12.09,0,0,808,0
95,120,68.6105849292164,4.31300915515628,1.91195687486116,17.46,0,0,627,0
95,120,68.6105849292164,4.31300915515628,1.91195687486116,19.02,0,0,583,0
96,120,80.4328279848289,3.02188538629451,1.33246332987312,0,101,120000,0,1
96,120,80.4328279848289,3.02188538629451,1.33246332987312,4.37,0,0,1644,0
96,120,80.4328279848289,3.02188538629451,1.33246332987312,12.96,0,0,1118,0
96,120,80.4328279848289,3.02188538629451,1.33246332987312,20.95,0,0,750,0
96,120,80.4328279848289,3.02188538629451,1.33246332987312,23.8,0,0,516,0
97,120,127.523430925975,3.72495711292952,0.73527013235867,0,101,120000,0,1
97,120,127.523430925975,3.72495711292952,0.73527013235867,2.35,0,0,849,0
97,120,127.523430925975,3.72495711292952,0.73527013235867,3.54,0,0,680,0
97,120,127.523430925975,3.72495711292952,0.73527013235867,5.14,0,0,1081,0
97,120,127.523430925975,3.72495711292952,0.73527013235867,16.77,0,0,631,0
98,120,50.3748088434357,3.73525008848124,0.992600656963921,0,101,120000,0,1
98,120,50.3748088434357,3.73525008848124,0.992600656963921,1.33,0,0,1411,0
98,120,50.3748088434357,3.73525008848124,0.992600656963921,2.02,0,0,1874,0
98,120,50.3748088434357,3.73525008848124,0.992600656963921,14.58,0,0,817,0
98,120,50.3748088434357,3.73525008848124,0.992600656963921,23.74,0,0,361,0
99,120,66.5393824288304,4.13302455606343,0.862603251504588,0,101,120000,0,1
99,120,66.5393824288304,4.13302455606343,0.862603251504588,7.36,0,0,1191,0
99,120,66.5393824288304,4.13302455606343,0.862603251504588,7.61,0,0,1173,0
99,120,66.5393824288304,4.13302455606343,0.862603251504588,16.88,0,0,754,0
99,120,66.5393824288304,4.13302455606343,0.862603251504588,17.09,0,0,574,0
100,120,106.209572742258,2.52115049774173,1.00375582271097,0,101,120000,0,1
100,120,106.209572742258,2.52115049774173,1.00375582271097,16.99,0,0,706,0
100,120,106.209572742258,2.52115049774173,1.00375582271097,18.45,0,0,552,0
100,120,106.209572742258,2.52115049774173,1.00375582271097,21.55,0,0,783,0
100,120,106.209572742258,2.52115049774173,1.00375582271097,22.94,0,0,725,0
101,120,31.2465904469662,2.39200786883143,1.2254653785878,0,101,120000,0,1
101,120,31.2465904469662,2.39200786883143,1.2254653785878,1.3,0,0,3285,0
101,120,31.2465904469662,2.39200786883143,1.2254653785878,9.3,0,0,1825,0
101,120,31.2465904469662,2.39200786883143,1.2254653785878,17.16,0,0,957,0
101,120,31.2465904469662,2.39200786883143,1.2254653785878,20.71,0,0,880,0
102,120,92.0713856816225,2.47200555140049,1.48445215691866,0,101,120000,0,1
102,120,92.0713856816225,2.47200555140049,1.48445215691866,5.71,0,0,1165,0
102,120,92.0713856816225,2.47200555140049,1.48445215691866,12.15,0,0,933,0
102,120,92.0713856816225,2.47200555140049,1.48445215691866,16.38,0,0,835,0
102,120,92.0713856816225,2.47200555140049,1.48445215691866,19.1,0,0,1038,0
103,120,54.5525344316276,3.7880614583971,0.830793427836711,0,101,120000,0,1
103,120,54.5525344316276,3.7880614583971,0.830793427836711,10.8,0,0,1498,0
103,120,54.5525344316276,3.7880614583971,0.830793427836711,15.17,0,0,930,0
103,120,54.5525344316276,3.7880614583971,0.830793427836711,18.07,0,0,560,0
103,120,54.5525344316276,3.7880614583971,0.830793427836711,22.18,0,0,504,0
104,120,67.8935559839051,2.94137114155336,0.8896263425153,0,101,120000,0,1
104,120,67.8935559839051,2.94137114155336,0.8896263425153,8.79,0,0,1090,0
104,120,67.8935559839051,2.94137114155336,0.8896263425153,9.74,0,0,1205,0
104,120,67.8935559839051,2.94137114155336,0.8896263425153,11.76,0,0,1553,0
104,120,67.8935559839051,2.94137114155336,0.8896263425153,20.35,0,0,794,0
105,120,75.1588533163131,4.55112289179296,1.4282195962847,0,101,120000,0,1
105,120,75.1588533163131,4.55112289179296,1.4282195962847,5.95,0,0,1590,0
105,120,75.1588533163131,4.55112289179296,1.4282195962847,12.9,0,0,709,0
105,120,75.1588533163131,4.55112289179296,1.4282195962847,17.88,0,0,593,0
105,120,75.1588533163131,4.55112289179296,1.4282195962847,22.66,0,0,371,0
106,120,86.5265211800983,2.3444995093671,1.17206782087808,0,101,120000,0,1
106,120,86.5265211800983,2.3444995093671,1.17206782087808,5.9,0,0,1038,0
106,120,86.5265211800983,2.3444995093671,1.17206782087808,7.69,0,0,925,0
106,120,86.5265211800983,2.3444995093671,1.17206782087808,12.97,0,0,1043,0
106,120,86.5265211800983,2.3444995093671,1.17206782087808,16.48,0,0,916,0
107,120,69.6275171347934,3.74134098923458,0.897268741223274,0,101,120000,0,1
107,120,69.6275171347934,3.74134098923458,0.897268741223274,0.7,0,0,807,0
107,120,69.6275171347934,3.74134098923458,0.897268741223274,6.73,0,0,1832,0
107,120,69.6275171347934,3.74134098923458,0.897268741223274,22.27,0,0,510,0
107,120,69.6275171347934,3.74134098923458,0.897268741223274,23.75,0,0,491,0
108,120,67.9626740974931,5.05427596262774,1.32411649962546,0,101,120000,0,1
108,120,67.9626740974931,5.05427596262774,1.32411649962546,15.48,0,0,514,0
108,120,67.9626740974931,5.05427596262774,1.32411649962546,20.28,0,0,393,0
108,120,67.9626740974931,5.05427596262774,1.32411649962546,21.3,0,0,524,0
108,120,67.9626740974931,5.05427596262774,1.32411649962546,22.01,0,0,362,0
109,120,68.2003887943184,1.60837084357497,0.823694036682115,0,101,120000,0,1
109,120,68.2003887943184,1.60837084357497,0.823694036682115,1.71,0,0,1414,0
109,120,68.2003887943184,1.60837084357497,0.823694036682115,2.6,0,0,1607,0
109,120,68.2003887943184,1.60837084357497,0.823694036682115,3.02,0,0,1939,0
109,120,68.2003887943184,1.60837084357497,0.823694036682115,9.46,0,0,1627,0
110,120,92.3269260936688,3.10103569811201,0.926042341317956,0,101,120000,0,1
110,120,92.3269260936688,3.10103569811201,0.926042341317956,1.67,0,0,1087,0
110,120,92.3269260936688,3.10103569811201,0.926042341317956,7.47,0,0,1238,0
110,120,92.3269260936688,3.10103569811201,0.926042341317956,21.06,0,0,722,0
110,120,92.3269260936688,3.10103569811201,0.926042341317956,23.44,0,0,816,0
111,120,60.6318357270869,3.39445537202138,0.813688804150692,0,101,120000,0,1
111,120,60.6318357270869,3.39445537202138,0.813688804150692,2.85,0,0,1556,0
111,120,60.6318357270869,3.39445537202138,0.813688804150692,3.33,0,0,2319,0
111,120,60.6318357270869,3.39445537202138,0.813688804150692,6.5,0,0,1052,0
111,120,60.6318357270869,3.39445537202138,0.813688804150692,8.18,0,0,1271,0
112,120,67.4003666185404,4.86810127955585,1.15452271348936,0,101,120000,0,1
112,120,67.4003666185404,4.86810127955585,1.15452271348936,5.39,0,0,1187,0
112,120,67.4003666185404,4.86810127955585,1.15452271348936,6.54,0,0,1258,0
112,120,67.4003666185404,4.86810127955585,1.15452271348936,20.33,0,0,579,0
112,120,67.4003666185404,4.86810127955585,1.15452271348936,23.05,0,0,452,0
113,120,89.8452018743815,3.60383140881647,1.51176868617995,0,101,120000,0,1
113,120,89.8452018743815,3.60383140881647,1.51176868617995,0.57,0,0,748,0
113,120,89.8452018743815,3.60383140881647,1.51176868617995,2.27,0,0,1458,0
113,120,89.8452018743815,3.60383140881647,1.51176868617995,5.86,0,0,1141,0
113,120,89.8452018743815,3.60383140881647,1.51176868617995,18.69,0,0,553,0
114,120,79.8713413534785,2.89168378369376,2.11046012377101,0,101,120000,0,1
114,120,79.8713413534785,2.89168378369376,2.11046012377101,9.97,0,0,739,0
114,120,79.8713413534785,2.89168378369376,2.11046012377101,10.2,0,0,1211,0
114,120,79.8713413534785,2.89168378369376,2.11046012377101,16.06,0,0,1032,0
114,120,79.8713413534785,2.89168378369376,2.11046012377101,16.83,0,0,761,0
115,120,79.391840679875,3.07213282238779,2.72823383533071,0,101,120000,0,1
115,120,79.391840679875,3.07213282238779,2.72823383533071,10.18,0,0,1045,0
115,120,79.391840679875,3.07213282238779,2.72823383533071,12.1,0,0,938,0
115,120,79.391840679875,3.07213282238779,2.72823383533071,17.36,0,0,712,0
115,120,79.391840679875,3.07213282238779,2.72823383533071,19.82,0,0,790,0
116,120,54.415415753536,4.14174989702754,0.719133063284492,0,101,120000,0,1
116,120,54.415415753536,4.14174989702754,0.719133063284492,1.99,0,0,1701,0
116,120,54.415415753536,4.14174989702754,0.719133063284492,2.34,0,0,2747,0
116,120,54.415415753536,4.14174989702754,0.719133063284492,8.86,0,0,1189,0
116,120,54.415415753536,4.14174989702754,0.719133063284492,20.34,0,0,496,0
117,120,57.4218710230802,4.22469987070817,1.23246498454527,0,101,120000,0,1
117,120,57.4218710230802,4.22469987070817,1.23246498454527,4.06,0,0,1958,0
117,120,57.4218710230802,4.22469987070817,1.23246498454527,6.65,0,0,1286,0
117,120,57.4218710230802,4.22469987070817,1.23246498454527,17.81,0,0,605,0
117,120,57.4218710230802,4.22469987070817,1.23246498454527,18.72,0,0,658,0
118,120,105.201916287311,2.60112262166612,0.993654879821865,0,101,120000,0,1
118,120,105.201916287311,2.60112262166612,0.993654879821865,3.89,0,0,1295,0
118,120,105.201916287311,2.60112262166612,0.993654879821865,14.61,0,0,881,0
118,120,105.201916287311,2.60112262166612,0.993654879821865,21.28,0,0,580,0
118,120,105.201916287311,2.60112262166612,0.993654879821865,23.36,0,0,823,0
119,120,65.19136924756,4.33216775995726,0.678170598543951,0,101,120000,0,1
119,120,65.19136924756,4.33216775995726,0.678170598543951,15.51,0,0,643,0
119,120,65.19136924756,4.33216775995726,0.678170598543951,18.52,0,0,597,0
119,120,65.19136924756,4.33216775995726,0.678170598543951,18.67,0,0,447,0
119,120,65.19136924756,4.33216775995726,0.678170598543951,20.57,0,0,530,0
120,120,70.9011857055627,5.12270166599285,1.09000249057831,0,101,120000,0,1
120,120,70.9011857055627,5.12270166599285,1.09000249057831,0.88,0,0,814,0
120,120,70.9011857055627,5.12270166599285,1.09000249057831,1.49,0,0,1059,0
120,120,70.9011857055627,5.12270166599285,1.09000249057831,12.34,0,0,716,0
120,120,70.9011857055627,5.12270166599285,1.09000249057831,21.53,0,0,320,0
