ID,DOSE,V,CL,KA,TIME,EVID,AMT,DV,EVIDNM
1,10,54.7554944438443,3.69062864649433,0.876071061484151,0,101,10000,0,1
1,10,54.7554944438443,3.69062864649433,0.876071061484151,3.74,0,0,144,0
1,10,54.7554944438443,3.69062864649433,0.876071061484151,5.75,0,0,90,0
1,10,54.7554944438443,3.69062864649433,0.876071061484151,8.03,0,0,129,0
1,10,54.7554944438443,3.69062864649433,0.876071061484151,16.88,0,0,58,0
2,10,82.8689106267768,2.28596284949159,0.843410752883968,0,101,10000,0,1
2,10,82.8689106267768,2.28596284949159,0.843410752883968,12.98,0,0,51,0
2,10,82.8689106267768,2.28596284949159,0.843410752883968,13.79,0,0,73,0
2,10,82.8689106267768,2.28596284949159,0.843410752883968,14.9,0,0,76,0
2,10,82.8689106267768,2.28596284949159,0.843410752883968,20.34,0,0,79,0
3,10,88.9845017343353,6.51728955631387,1.40604786209372,0,101,10000,0,1
3,10,88.9845017343353,6.51728955631387,1.40604786209372,11.43,0,0,67,0
3,10,88.9845017343353,6.51728955631387,1.40604786209372,12.85,0,0,41,0
3,10,88.9845017343353,6.51728955631387,1.40604786209372,20.87,0,0,22,0
3,10,88.9845017343353,6.51728955631387,1.40604786209372,23.13,0,0,23,0
4,10,83.8868654902504,3.62987099184545,1.55045433759406,0,101,10000,0,1
4,10,83.8868654902504,3.62987099184545,1.55045433759406,2.83,0,0,151,0
4,10,83.8868654902504,3.62987099184545,1.55045433759406,3.01,0,0,107,0
4,10,83.8868654902504,3.62987099184545,1.55045433759406,13.28,0,0,73,0
4,10,83.8868654902504,3.62987099184545,1.55045433759406,22.36,0,0,40,0
5,10,70.5410190165922,6.90095714172575,1.01110721321228,0,101,10000,0,1
5,10,70.5410190165922,6.90095714172575,1.01110721321228,0.79,0,0,85,0
5,10,70.5410190165922,6.90095714172575,1.01110721321228,6.69,0,0,85,0
5,10,70.5410190165922,6.90095714172575,1.01110721321228,11.66,0,0,51,0
5,10,70.5410190165922,6.90095714172575,1.01110721321228,14.24,0,0,31,0
6,10,40.8335952344976,5.06835692351293,0.83650829373153,0,101,10000,0,1
6,10,40.8335952344976,5.06835692351293,0.83650829373153,5.57,0,0,139,0
6,10,40.8335952344976,5.06835692351293,0.83650829373153,12.89,0,0,70,0
6,10,40.8335952344976,5.06835692351293,0.83650829373153,13.21,0,0,61,0
6,10,40.8335952344976,5.06835692351293,0.83650829373153,23.77,0,0,16,0
7,10,55.1373563914837,4.95291333219004,0.855192109096824,0,101,10000,0,1
7,10,55.1373563914837,4.95291333219004,0.855192109096824,0.01,0,0,2,0
7,10,55.1373563914837,4.95291333219004,0.855192109096824,10.04,0,0,64,0
7,10,55.1373563914837,4.95291333219004,0.855192109096824,17.61,0,0,50,0
7,10,55.1373563914837,4.95291333219004,0.855192109096824,18.96,0,0,32,0
8,10,66.3239117091232,3.13356543596379,0.897954971827247,0,101,10000,0,1
8,10,66.3239117091232,3.13356543596379,0.897954971827247,5.98,0,0,113,0
8,10,66.3239117091232,3.13356543596379,0.897954971827247,19.82,0,0,64,0
8,10,66.3239117091232,3.13356543596379,0.897954971827247,19.9,0,0,85,0
8,10,66.3239117091232,3.13356543596379,0.897954971827247,20.07,0,0,71,0
9,10,52.8593094016022,4.73184779051877,1.06440692899424,0,101,10000,0,1
9,10,52.8593094016022,4.73184779051877,1.06440692899424,3.88,0,0,121,0
9,10,52.8593094016022,4.73184779051877,1.06440692899424,15.02,0,0,60,0
9,10,52.8593094016022,4.73184779051877,1.06440692899424,15.89,0,0,45,0
9,10,52.8593094016022,4.73184779051877,1.06440692899424,22.57,0,0,24,0
10,10,54.7507796383643,2.56427147514261,0.620012916841747,0,101,10000,0,1
10,10,54.7507796383643,2.56427147514261,0.620012916841747,4.84,0,0,172,0
10,10,54.7507796383643,2.56427147514261,0.620012916841747,6.09,0,0,137,0
10,10,54.7507796383643,2.56427147514261,0.620012916841747,6.42,0,0,114,0
10,10,54.7507796383643,2.56427147514261,0.620012916841747,8.97,0,0,120,0
11,10,123.179188003076,3.20923156148164,1.2266420942714,0,101,10000,0,1
11,10,123.179188003076,3.20923156148164,1.2266420942714,0.53,0,0,34,0
11,10,123.179188003076,3.20923156148164,1.2266420942714,3.61,0,0,78,0
11,10,123.179188003076,3.20923156148164,1.2266420942714,19.65,0,0,40,0
11,10,123.179188003076,3.20923156148164,1.2266420942714,20.67,0,0,52,0
12,10,57.4376380566322,5.38845060142378,0.933780515220533,0,101,10000,0,1
12,10,57.4376380566322,5.38845060142378,0.933780515220533,11.11,0,0,87,0
12,10,57.4376380566322,5.38845060142378,0.933780515220533,11.59,0,0,98,0
12,10,57.4376380566322,5.38845060142378,0.933780515220533,13.72,0,0,54,0
12,10,57.4376380566322,5.38845060142378,0.933780515220533,19.61,0,0,30,0
13,10,113.104870920921,4.07231470791564,0.955116729477748,0,101,10000,0,1
13,10,113.104870920921,4.07231470791564,0.955116729477748,2.08,0,0,90,0
13,10,113.104870920921,4.07231470791564,0.955116729477748,3.13,0,0,90,0
13,10,113.104870920921,4.07231470791564,0.955116729477748,6.86,0,0,64,0
13,10,113.104870920921,4.07231470791564,0.955116729477748,22.9,0,0,51,0
14,10,77.7913801063346,5.44139754318462,1.50462132897089,0,101,10000,0,1
14,10,77.7913801063346,5.44139754318462,1.50462132897089,3.08,0,0,96,0
14,10,77.7913801063346,5.44139754318462,1.50462132897089,5.65,0,0,85,0
14,10,77.7913801063346,5.44139754318462,1.50462132897089,9.34,0,0,77,0
14,10,77.7913801063346,5.44139754318462,1.50462132897089,21.95,0,0,28,0
15,10,59.3950876277162,3.81466569062179,1.41352249415028,0,101,10000,0,1
15,10,59.3950876277162,3.81466569062179,1.41352249415028,6.4,0,0,89,0
15,10,59.3950876277162,3.81466569062179,1.41352249415028,10.16,0,0,92,0
15,10,59.3950876277162,3.81466569062179,1.41352249415028,12.49,0,0,74,0
15,10,59.3950876277162,3.81466569062179,1.41352249415028,21.84,0,0,34,0
16,10,61.164841745368,3.57561566340352,1.73110591712477,0,101,10000,0,1
16,10,61.164841745368,3.57561566340352,1.73110591712477,3.85,0,0,124,0
16,10,61.164841745368,3.57561566340352,1.73110591712477,5.58,0,0,89,0
16,10,61.164841745368,3.57561566340352,1.73110591712477,9.75,0,0,84,0
16,10,61.164841745368,3.57561566340352,1.73110591712477,15.67,0,0,85,0
17,10,74.3316950152499,2.44276918841926,0.773042499365385,0,101,10000,0,1
17,10,74.3316950152499,2.44276918841926,0.773042499365385,5.22,0,0,105,0
17,10,74.3316950152499,2.44276918841926,0.773042499365385,5.88,0,0,92,0
17,10,74.3316950152499,2.44276918841926,0.773042499365385,17.27,0,0,63,0
17,10,74.3316950152499,2.44276918841926,0.773042499365385,19.39,0,0,71,0
18,10,103.879816829553,2.86489441003549,1.77098513964059,0,101,10000,0,1
18,10,103.879816829553,2.86489441003549,1.77098513964059,10.74,0,0,76,0
18,10,103.879816829553,2.86489441003549,1.77098513964059,11.15,0,0,48,0
18,10,103.879816829553,2.86489441003549,1.77098513964059,18.76,0,0,43,0
18,10,103.879816829553,2.86489441003549,1.77098513964059,20.71,0,0,84,0
19,10,58.636344187502,4.07372688901261,0.724380186124541,0,101,10000,0,1
19,10,58.636344187502,4.07372688901261,0.724380186124541,4.79,0,0,158,0
19,10,58.636344187502,4.07372688901261,0.724380186124541,10.74,0,0,99,0
19,10,58.636344187502,4.07372688901261,0.724380186124541,22.74,0,0,37,0
19,10,58.636344187502,4.07372688901261,0.724380186124541,23,0,0,42,0
20,10,73.2167343055194,2.85203121893155,0.616769656086966,0,101,10000,0,1
20,10,73.2167343055194,2.85203121893155,0.616769656086966,5.37,0,0,141,0
20,10,73.2167343055194,2.85203121893155,0.616769656086966,8.95,0,0,124,0
20,10,73.2167343055194,2.85203121893155,0.616769656086966,12.34,0,0,74,0
20,10,73.2167343055194,2.85203121893155,0.616769656086966,21.16,0,0,57,0
21,10,87.9378038402945,3.57412791142847,1.35666582198489,0,101,10000,0,1
21,10,87.9378038402945,3.57412791142847,1.35666582198489,5.87,0,0,72,0
21,10,87.9378038402945,3.57412791142847,1.35666582198489,6.67,0,0,68,0
21,10,87.9378038402945,3.57412791142847,1.35666582198489,12.22,0,0,56,0
21,10,87.9378038402945,3.57412791142847,1.35666582198489,23.93,0,0,64,0
22,10,83.9432982997598,4.89107330864575,0.793428365411161,0,101,10000,0,1
22,10,83.9432982997598,4.89107330864575,0.793428365411161,0.56,0,0,37,0
22,10,83.9432982997598,4.89107330864575,0.793428365411161,2.6,0,0,98,0
22,10,83.9432982997598,4.89107330864575,0.793428365411161,16.79,0,0,57,0
22,10,83.9432982997598,4.89107330864575,0.793428365411161,22.03,0,0,32,0
23,10,57.9842143449127,5.91165966007946,0.73257654077426,0,101,10000,0,1
23,10,57.9842143449127,5.91165966007946,0.73257654077426,6.33,0,0,112,0
23,10,57.9842143449127,5.91165966007946,0.73257654077426,10.98,0,0,38,0
23,10,57.9842143449127,5.91165966007946,0.73257654077426,20.03,0,0,37,0
23,10,57.9842143449127,5.91165966007946,0.73257654077426,20.6,0,0,27,0
24,10,136.412894394508,3.72374069293289,1.44909247699817,0,101,10000,0,1
24,10,136.412894394508,3.72374069293289,1.44909247699817,9.4,0,0,66,0
24,10,136.412894394508,3.72374069293289,1.44909247699817,15.61,0,0,58,0
24,10,136.412894394508,3.72374069293289,1.44909247699817,17.71,0,0,47,0
24,10,136.412894394508,3.72374069293289,1.44909247699817,20.81,0,0,38,0
25,10,87.6299367220447,4.47430085092347,1.36552820758603,0,101,10000,0,1
25,10,87.6299367220447,4.47430085092347,1.36552820758603,1.43,0,0,88,0
25,10,87.6299367220447,4.47430085092347,1.36552820758603,1.74,0,0,109,0
25,10,87.6299367220447,4.47430085092347,1.36552820758603,13.83,0,0,58,0
25,10,87.6299367220447,4.47430085092347,1.36552820758603,19.06,0,0,42,0
26,10,69.2441192129199,6.90007656297898,0.644126729743444,0,101,10000,0,1
26,10,69.2441192129199,6.90007656297898,0.644126729743444,3.62,0,0,115,0
26,10,69.2441192129199,6.90007656297898,0.644126729743444,5.19,0,0,148,0
26,10,69.2441192129199,6.90007656297898,0.644126729743444,12.82,0,0,56,0
26,10,69.2441192129199,6.90007656297898,0.644126729743444,22.31,0,0,16,0
27,10,80.6142382984277,3.46485415235356,0.732298880797658,0,101,10000,0,1
27,10,80.6142382984277,3.46485415235356,0.732298880797658,14.36,0,0,57,0
27,10,80.6142382984277,3.46485415235356,0.732298880797658,21.48,0,0,52,0
27,10,80.6142382984277,3.46485415235356,0.732298880797658,21.8,0,0,41,0
27,10,80.6142382984277,3.46485415235356,0.732298880797658,22.72,0,0,51,0
28,10,73.6098647657865,3.00623364626401,0.792679387522609,0,101,10000,0,1
28,10,73.6098647657865,3.00623364626401,0.792679387522609,1.73,0,0,124,0
28,10,73.6098647657865,3.00623364626401,0.792679387522609,6.23,0,0,137,0
28,10,73.6098647657865,3.00623364626401,0.792679387522609,18.83,0,0,80,0
28,10,73.6098647657865,3.00623364626401,0.792679387522609,19.23,0,0,71,0
29,10,70.634578553323,5.58715521377595,0.718845235973441,0,101,10000,0,1
29,10,70.634578553323,5.58715521377595,0.718845235973441,9.12,0,0,79,0
29,10,70.634578553323,5.58715521377595,0.718845235973441,11.71,0,0,62,0
29,10,70.634578553323,5.58715521377595,0.718845235973441,12.93,0,0,78,0
29,10,70.634578553323,5.58715521377595,0.718845235973441,15.91,0,0,32,0
30,10,59.989247103715,4.25733217688537,1.02066604591267,0,101,10000,0,1
30,10,59.989247103715,4.25733217688537,1.02066604591267,1.31,0,0,65,0
30,10,59.989247103715,4.25733217688537,1.02066604591267,6.23,0,0,116,0
30,10,59.989247103715,4.25733217688537,1.02066604591267,17.78,0,0,33,0
30,10,59.989247103715,4.25733217688537,1.02066604591267,20.24,0,0,33,0
31,30,73.2590391251025,4.28709354359779,1.68858463379513,0,101,30000,0,1
31,30,73.2590391251025,4.28709354359779,1.68858463379513,7.99,0,0,265,0
31,30,73.2590391251025,4.28709354359779,1.68858463379513,12.58,0,0,233,0
31,30,73.2590391251025,4.28709354359779,1.68858463379513,23.01,0,0,88,0
31,30,73.2590391251025,4.28709354359779,1.68858463379513,23.57,0,0,100,0
32,30,80.9212451519578,3.21800103230711,0.973507641341033,0,101,30000,0,1
32,30,80.9212451519578,3.21800103230711,0.973507641341033,8.32,0,0,362,0
32,30,80.9212451519578,3.21800103230711,0.973507641341033,17.09,0,0,175,0
32,30,80.9212451519578,3.21800103230711,0.973507641341033,17.95,0,0,228,0
32,30,80.9212451519578,3.21800103230711,0.973507641341033,22.55,0,0,196,0
33,30,43.1459266065557,3.68434097278035,1.10633468527551,0,101,30000,0,1
33,30,43.1459266065557,3.68434097278035,1.10633468527551,1.6,0,0,688,0
33,30,43.1459266065557,3.68434097278035,1.10633468527551,1.65,0,0,415,0
33,30,43.1459266065557,3.68434097278035,1.10633468527551,17.39,0,0,133,0
33,30,43.1459266065557,3.68434097278035,1.10633468527551,21.98,0,0,132,0
34,30,67.9401216106938,4.37695858060671,0.912948051267792,0,101,30000,0,1
34,30,67.9401216106938,4.37695858060671,0.912948051267792,5.72,0,0,437,0
34,30,67.9401216106938,4.37695858060671,0.912948051267792,6.87,0,0,325,0
34,30,67.9401216106938,4.37695858060671,0.912948051267792,7.74,0,0,313,0
34,30,67.9401216106938,4.37695858060671,0.912948051267792,18.87,0,0,160,0
35,30,81.7890254667055,3.6697468203208,0.687227956991201,0,101,30000,0,1
35,30,81.7890254667055,3.6697468203208,0.687227956991201,3.96,0,0,300,0
35,30,81.7890254667055,3.6697468203208,0.687227956991201,6.87,0,0,195,0
35,30,81.7890254667055,3.6697468203208,0.687227956991201,12.88,0,0,204,0
35,30,81.7890254667055,3.6697468203208,0.687227956991201,21.17,0,0,177,0
36,30,54.3048342350619,3.51311383678728,1.95105497397434,0,101,30000,0,1
36,30,54.3048342350619,3.51311383678728,1.95105497397434,0.84,0,0,405,0
36,30,54.3048342350619,3.51311383678728,1.95105497397434,1.15,0,0,482,0
36,30,54.3048342350619,3.51311383678728,1.95105497397434,1.91,0,0,395,0
36,30,54.3048342350619,3.51311383678728,1.95105497397434,11.51,0,0,290,0
37,30,88.8378114133619,3.81801185384991,0.517521345237385,0,101,30000,0,1
37,30,88.8378114133619,3.81801185384991,0.517521345237385,1.11,0,0,215,0
37,30,88.8378114133619,3.81801185384991,0.517521345237385,18.16,0,0,179,0
37,30,88.8378114133619,3.81801185384991,0.517521345237385,19.89,0,0,167,0
37,30,88.8378114133619,3.81801185384991,0.517521345237385,22.67,0,0,155,0
38,30,103.347836316719,3.84888976815943,0.954494505578166,0,101,30000,0,1
38,30,103.347836316719,3.84888976815943,0.954494505578166,4.23,0,0,281,0
38,30,103.347836316719,3.84888976815943,0.954494505578166,9.26,0,0,148,0
38,30,103.347836316719,3.84888976815943,0.954494505578166,17.28,0,0,155,0
38,30,103.347836316719,3.84888976815943,0.954494505578166,19.44,0,0,126,0
39,30,63.4997063039819,4.56499741628818,0.793800842759482,0,101,30000,0,1
39,30,63.4997063039819,4.56499741628818,0.793800842759482,11.79,0,0,204,0
39,30,63.4997063039819,4.56499741628818,0.793800842759482,17.3,0,0,158,0
39,30,63.4997063039819,4.56499741628818,0.793800842759482,18.39,0,0,121,0
39,30,63.4997063039819,4.56499741628818,0.793800842759482,23.47,0,0,89,0
40,30,104.030040294961,3.15784370897772,1.00614861982571,0,101,30000,0,1
40,30,104.030040294961,3.15784370897772,1.00614861982571,13.25,0,0,188,0
40,30,104.030040294961,3.15784370897772,1.00614861982571,15.85,0,0,167,0
40,30,104.030040294961,3.15784370897772,1.00614861982571,18.97,0,0,209,0
40,30,104.030040294961,3.15784370897772,1.00614861982571,23.1,0,0,130,0
41,30,89.5823970720066,8.09428589602847,0.819128450708438,0,101,30000,0,1
41,30,89.5823970720066,8.09428589602847,0.819128450708438,16.97,0,0,87,0
41,30,89.5823970720066,8.09428589602847,0.819128450708438,19.27,0,0,66,0
41,30,89.5823970720066,8.09428589602847,0.819128450708438,21.58,0,0,47,0
41,30,89.5823970720066,8.09428589602847,0.819128450708438,21.65,0,0,38,0
42,30,42.1005537150023,3.90498034310607,0.825444884068541,0,101,30000,0,1
42,30,42.1005537150023,3.90498034310607,0.825444884068541,0.58,0,0,247,0
42,30,42.1005537150023,3.90498034310607,0.825444884068541,6.03,0,0,476,0
42,30,42.1005537150023,3.90498034310607,0.825444884068541,10.53,0,0,290,0
42,30,42.1005537150023,3.90498034310607,0.825444884068541,16.62,0,0,222,0
43,30,55.5157183570669,4.22335319381339,0.795032430754539,0,101,30000,0,1
43,30,55.5157183570669,4.22335319381339,0.795032430754539,0.12,0,0,47,0
43,30,55.5157183570669,4.22335319381339,0.795032430754539,4.79,0,0,468,0
43,30,55.5157183570669,4.22335319381339,0.795032430754539,9.72,0,0,219,0
43,30,55.5157183570669,4.22335319381339,0.795032430754539,20.38,0,0,159,0
44,30,114.441229838431,3.53986769478373,1.3453670299338,0,101,30000,0,1
44,30,114.441229838431,3.53986769478373,1.3453670299338,3.17,0,0,178,0
44,30,114.441229838431,3.53986769478373,1.3453670299338,15.57,0,0,168,0
44,30,114.441229838431,3.53986769478373,1.3453670299338,19.37,0,0,140,0
44,30,114.441229838431,3.53986769478373,1.3453670299338,21.99,0,0,126,0
45,30,90.8561612760712,3.87980678575005,0.632155296565672,0,101,30000,0,1
45,30,90.8561612760712,3.87980678575005,0.632155296565672,12.89,0,0,190,0
45,30,90.8561612760712,3.87980678575005,0.632155296565672,19.42,0,0,141,0
45,30,90.8561612760712,3.87980678575005,0.632155296565672,23.15,0,0,140,0
45,30,90.8561612760712,3.87980678575005,0.632155296565672,23.91,0,0,103,0
46,30,50.6372395954677,3.44615871174751,0.86251928857397,0,101,30000,0,1
46,30,50.6372395954677,3.44615871174751,0.86251928857397,0.29,0,0,95,0
46,30,50.6372395954677,3.44615871174751,0.86251928857397,1.99,0,0,528,0
46,30,50.6372395954677,3.44615871174751,0.86251928857397,7.77,0,0,459,0
46,30,50.6372395954677,3.44615871174751,0.86251928857397,17.8,0,0,118,0
47,30,96.7608229249039,2.81315198740046,1.28708216050885,0,101,30000,0,1
47,30,96.7608229249039,2.81315198740046,1.28708216050885,14.59,0,0,202,0
47,30,96.7608229249039,2.81315198740046,1.28708216050885,15.14,0,0,167,0
47,30,96.7608229249039,2.81315198740046,1.28708216050885,17.6,0,0,287,0
47,30,96.7608229249039,2.81315198740046,1.28708216050885,20.93,0,0,231,0
48,30,87.3773748081014,6.43962394621883,1.56263457947487,0,101,30000,0,1
48,30,87.3773748081014,6.43962394621883,1.56263457947487,1.09,0,0,179,0
48,30,87.3773748081014,6.43962394621883,1.56263457947487,1.32,0,0,274,0
48,30,87.3773748081014,6.43962394621883,1.56263457947487,2.2,0,0,184,0
48,30,87.3773748081014,6.43962394621883,1.56263457947487,15.86,0,0,114,0
49,30,49.5775932947411,4.24190300289553,0.704213073653024,0,101,30000,0,1
49,30,49.5775932947411,4.24190300289553,0.704213073653024,4.06,0,0,326,0
49,30,49.5775932947411,4.24190300289553,0.704213073653024,10.87,0,0,375,0
49,30,49.5775932947411,4.24190300289553,0.704213073653024,12.11,0,0,269,0
49,30,49.5775932947411,4.24190300289553,0.704213073653024,20.84,0,0,101,0
50,30,46.345679553669,4.80372986740239,1.20306861328314,0,101,30000,0,1
50,30,46.345679553669,4.80372986740239,1.20306861328314,7.09,0,0,283,0
50,30,46.345679553669,4.80372986740239,1.20306861328314,16.59,0,0,111,0
50,30,46.345679553669,4.80372986740239,1.20306861328314,18.12,0,0,101,0
50,30,46.345679553669,4.80372986740239,1.20306861328314,21.78,0,0,63,0
51,30,61.7098196222458,3.35510509206451,1.988430600515,0,101,30000,0,1
51,30,61.7098196222458,3.35510509206451,1.988430600515,3.99,0,0,409,0
51,30,61.7098196222458,3.35510509206451,1.988430600515,9.68,0,0,417,0
51,30,61.7098196222458,3.35510509206451,1.988430600515,16.92,0,0,137,0
51,30,61.7098196222458,3.35510509206451,1.988430600515,18.61,0,0,183,0
52,30,76.3618665629719,6.48349316228771,1.71920846154518,0,101,30000,0,1
52,30,76.3618665629719,6.48349316228771,1.71920846154518,1.01,0,0,238,0
52,30,76.3618665629719,6.48349316228771,1.71920846154518,6.43,0,0,300,0
52,30,76.3618665629719,6.48349316228771,1.71920846154518,8.49,0,0,160,0
52,30,76.3618665629719,6.48349316228771,1.71920846154518,11.48,0,0,135,0
53,30,53.6410069369336,4.69777033076111,1.1769523109673,0,101,30000,0,1
53,30,53.6410069369336,4.69777033076111,1.1769523109673,9.22,0,0,295,0
53,30,53.6410069369336,4.69777033076111,1.1769523109673,12.69,0,0,222,0
53,30,53.6410069369336,4.69777033076111,1.1769523109673,19.25,0,0,87,0
53,30,53.6410069369336,4.69777033076111,1.1769523109673,19.84,0,0,103,0
54,30,63.4772600633477,5.06321656809522,1.60384855621105,0,101,30000,0,1
54,30,63.4772600633477,5.06321656809522,1.60384855621105,6.29,0,0,233,0
54,30,63.4772600633477,5.06321656809522,1.60384855621105,7.31,0,0,259,0
54,30,63.4772600633477,5.06321656809522,1.60384855621105,11.48,0,0,192,0
54,30,63.4772600633477,5.06321656809522,1.60384855621105,18.17,0,0,100,0
55,30,69.171546745735,4.44341520621719,1.12932966889945,0,101,30000,0,1
55,30,69.171546745735,4.44341520621719,1.12932966889945,0.92,0,0,235,0
55,30,69.171546745735,4.44341520621719,1.12932966889945,4.17,0,0,314,0
55,30,69.171546745735,4.44341520621719,1.12932966889945,4.54,0,0,418,0
55,30,69.171546745735,4.44341520621719,1.12932966889945,5.92,0,0,328,0
56,30,79.285162664907,6.1737123996761,0.911268626394577,0,101,30000,0,1
56,30,79.285162664907,6.1737123996761,0.911268626394577,3.96,0,0,223,0
56,30,79.285162664907,6.1737123996761,0.911268626394577,8.8,0,0,217,0
56,30,79.285162664907,6.1737123996761,0.911268626394577,10.84,0,0,165,0
56,30,79.285162664907,6.1737123996761,0.911268626394577,12.03,0,0,184,0
57,30,101.192236507412,4.27326120063598,0.807133748753805,0,101,30000,0,1
57,30,101.192236507412,4.27326120063598,0.807133748753805,9.98,0,0,198,0
57,30,101.192236507412,4.27326120063598,0.807133748753805,19.65,0,0,156,0
57,30,101.192236507412,4.27326120063598,0.807133748753805,21.07,0,0,114,0
57,30,101.192236507412,4.27326120063598,0.807133748753805,22.45,0,0,114,0
58,30,95.8486219783838,2.56226267251627,1.84207800437268,0,101,30000,0,1
58,30,95.8486219783838,2.56226267251627,1.84207800437268,0.3,0,0,136,0
58,30,95.8486219783838,2.56226267251627,1.84207800437268,3.25,0,0,292,0
58,30,95.8486219783838,2.56226267251627,1.84207800437268,19.64,0,0,174,0
58,30,95.8486219783838,2.56226267251627,1.84207800437268,23.25,0,0,206,0
59,30,92.9693060542661,4.45238775773795,0.952731588573976,0,101,30000,0,1
59,30,92.9693060542661,4.45238775773795,0.952731588573976,0.79,0,0,143,0
59,30,92.9693060542661,4.45238775773795,0.952731588573976,5.76,0,0,156,0
59,30,92.9693060542661,4.45238775773795,0.952731588573976,10.23,0,0,208,0
59,30,92.9693060542661,4.45238775773795,0.952731588573976,16.93,0,0,135,0
60,30,65.3680672891921,5.08041777359653,0.964165912072504,0,101,30000,0,1
60,30,65.3680672891921,5.08041777359653,0.964165912072504,0.87,0,0,211,0
60,30,65.3680672891921,5.08041777359653,0.964165912072504,6.34,0,0,365,0
60,30,65.3680672891921,5.08041777359653,0.964165912072504,9.21,0,0,356,0
60,30,65.3680672891921,5.08041777359653,0.964165912072504,16.6,0,0,149,0
61,60,59.8951944519201,1.97062068324118,1.15028512654164,0,101,60000,0,1
61,60,59.8951944519201,1.97062068324118,1.15028512654164,2.91,0,0,605,0
61,60,59.8951944519201,1.97062068324118,1.15028512654164,2.97,0,0,658,0
61,60,59.8951944519201,1.97062068324118,1.15028512654164,12.68,0,0,825,0
61,60,59.8951944519201,1.97062068324118,1.15028512654164,17.27,0,0,655,0
62,60,46.9852928692189,3.53741816269779,1.20460780918327,0,101,60000,0,1
62,60,46.9852928692189,3.53741816269779,1.20460780918327,2.73,0,0,1248,0
62,60,46.9852928692189,3.53741816269779,1.20460780918327,5.42,0,0,1129,0
62,60,46.9852928692189,3.53741816269779,1.20460780918327,20.36,0,0,289,0
62,60,46.9852928692189,3.53741816269779,1.20460780918327,23.68,0,0,244,0
63,60,89.2593097309587,4.19230730004623,1.57602978377746,0,101,60000,0,1
63,60,89.2593097309587,4.19230730004623,1.57602978377746,8.54,0,0,473,0
63,60,89.2593097309587,4.19230730004623,1.57602978377746,12.77,0,0,309,0
63,60,89.2593097309587,4.19230730004623,1.57602978377746,17.97,0,0,270,0
63,60,89.2593097309587,4.19230730004623,1.57602978377746,20.89,0,0,334,0
64,60,58.5362604070172,4.86631365166573,0.882989658595165,0,101,60000,0,1
64,60,58.5362604070172,4.86631365166573,0.882989658595165,1.01,0,0,478,0
64,60,58.5362604070172,4.86631365166573,0.882989658595165,8.84,0,0,453,0
64,60,58.5362604070172,4.86631365166573,0.882989658595165,23.09,0,0,229,0
64,60,58.5362604070172,4.86631365166573,0.882989658595165,23.15,0,0,128,0
65,60,78.3403513843571,4.38225775300229,1.27031237598673,0,101,60000,0,1
65,60,78.3403513843571,4.38225775300229,1.27031237598673,1.92,0,0,571,0
65,60,78.3403513843571,4.38225775300229,1.27031237598673,7.44,0,0,638,0
65,60,78.3403513843571,4.38225775300229,1.27031237598673,8.7,0,0,494,0
65,60,78.3403513843571,4.38225775300229,1.27031237598673,12.41,0,0,531,0
66,60,47.4615883434854,3.84167494525806,1.28443309325819,0,101,60000,0,1
66,60,47.4615883434854,3.84167494525806,1.28443309325819,3.14,0,0,1033,0
66,60,47.4615883434854,3.84167494525806,1.28443309325819,3.31,0,0,1116,0
66,60,47.4615883434854,3.84167494525806,1.28443309325819,8.88,0,0,618,0
66,60,47.4615883434854,3.84167494525806,1.28443309325819,12.78,0,0,534,0
67,60,43.2565164794118,2.57598396511877,1.0251637377631,0,101,60000,0,1
67,60,43.2565164794118,2.57598396511877,1.0251637377631,3.82,0,0,1186,0
67,60,43.2565164794118,2.57598396511877,1.0251637377631,9.41,0,0,836,0
67,60,43.2565164794118,2.57598396511877,1.0251637377631,12.32,0,0,732,0
67,60,43.2565164794118,2.57598396511877,1.0251637377631,18.63,0,0,359,0
68,60,106.133578972774,3.35281523333783,0.884485011696045,0,101,60000,0,1
68,60,106.133578972774,3.35281523333783,0.884485011696045,2.82,0,0,471,0
68,60,106.133578972774,3.35281523333783,0.884485011696045,3.42,0,0,499,0
68,60,106.133578972774,3.35281523333783,0.884485011696045,8.83,0,0,435,0
68,60,106.133578972774,3.35281523333783,0.884485011696045,18.76,0,0,447,0
69,60,101.352790112745,4.86820636916732,1.78502810797398,0,101,60000,0,1
69,60,101.352790112745,4.86820636916732,1.78502810797398,2.1,0,0,514,0
69,60,101.352790112745,4.86820636916732,1.78502810797398,2.71,0,0,590,0
69,60,101.352790112745,4.86820636916732,1.78502810797398,8.55,0,0,668,0
69,60,101.352790112745,4.86820636916732,1.78502810797398,15.07,0,0,396,0
70,60,51.440773052098,4.97117533231413,1.16519278033938,0,101,60000,0,1
70,60,51.440773052098,4.97117533231413,1.16519278033938,3.25,0,0,974,0
70,60,51.440773052098,4.97117533231413,1.16519278033938,7.13,0,0,485,0
70,60,51.440773052098,4.97117533231413,1.16519278033938,7.35,0,0,688,0
70,60,51.440773052098,4.97117533231413,1.16519278033938,20.14,0,0,207,0
71,60,89.181390114494,2.52053612663599,0.965444106338411,0,101,60000,0,1
71,60,89.181390114494,2.52053612663599,0.965444106338411,4.09,0,0,861,0
71,60,89.181390114494,2.52053612663599,0.965444106338411,5.57,0,0,644,0
71,60,89.181390114494,2.52053612663599,0.965444106338411,13.83,0,0,572,0
71,60,89.181390114494,2.52053612663599,0.965444106338411,21.34,0,0,305,0
72,60,51.1308258750399,3.50469825739739,1.42826764872349,0,101,60000,0,1
72,60,51.1308258750399,3.50469825739739,1.42826764872349,5.8,0,0,1097,0
72,60,51.1308258750399,3.50469825739739,1.42826764872349,12.71,0,0,568,0
72,60,51.1308258750399,3.50469825739739,1.42826764872349,19.44,0,0,338,0
72,60,51.1308258750399,3.50469825739739,1.42826764872349,22.14,0,0,342,0
73,60,85.6793868773957,3.50567488497767,0.849087202598846,0,101,60000,0,1
73,60,85.6793868773957,3.50567488497767,0.849087202598846,2.71,0,0,494,0
73,60,85.6793868773957,3.50567488497767,0.849087202598846,9.5,0,0,513,0
73,60,85.6793868773957,3.50567488497767,0.849087202598846,16.1,0,0,454,0
73,60,85.6793868773957,3.50567488497767,0.849087202598846,19.21,0,0,325,0
74,60,116.374474597327,5.99135477584817,1.0395850363141,0,101,60000,0,1
74,60,116.374474597327,5.99135477584817,1.0395850363141,1.95,0,0,484,0
74,60,116.374474597327,5.99135477584817,1.0395850363141,3.73,0,0,449,0
74,60,116.374474597327,5.99135477584817,1.0395850363141,9.25,0,0,421,0
74,60,116.374474597327,5.99135477584817,1.0395850363141,19.96,0,0,255,0
75,60,78.8867997737673,3.44154670622007,0.67916751064696,0,101,60000,0,1
75,60,78.8867997737673,3.44154670622007,0.67916751064696,5.83,0,0,705,0
75,60,78.8867997737673,3.44154670622007,0.67916751064696,14.95,0,0,363,0
75,60,78.8867997737673,3.44154670622007,0.67916751064696,17.37,0,0,432,0
75,60,78.8867997737673,3.44154670622007,0.67916751064696,17.77,0,0,496,0
76,60,81.0832346695053,3.61054950302366,1.08042859605667,0,101,60000,0,1
76,60,81.0832346695053,3.61054950302366,1.08042859605667,1.44,0,0,656,0
76,60,81.0832346695053,3.61054950302366,1.08042859605667,4.16,0,0,752,0
76,60,81.0832346695053,3.61054950302366,1.08042859605667,8.5,0,0,575,0
76,60,81.0832346695053,3.61054950302366,1.08042859605667,14.09,0,0,306,0
77,60,80.7804684486461,4.57292089147659,1.01083851114931,0,101,60000,0,1
77,60,80.7804684486461,4.57292089147659,1.01083851114931,0.95,0,0,404,0
77,60,80.7804684486461,4.57292089147659,1.01083851114931,12.67,0,0,438,0
77,60,80.7804684486461,4.57292089147659,1.01083851114931,14.85,0,0,286,0
77,60,80.7804684486461,4.57292089147659,1.01083851114931,15.77,0,0,322,0
78,60,94.4294030764959,3.61951252230004,0.837673582678703,0,101,60000,0,1
78,60,94.4294030764959,3.61951252230004,0.837673582678703,4.49,0,0,737,0
78,60,94.4294030764959,3.61951252230004,0.837673582678703,8.76,0,0,627,0
78,60,94.4294030764959,3.61951252230004,0.837673582678703,12.84,0,0,370,0
78,60,94.4294030764959,3.61951252230004,0.837673582678703,16.88,0,0,248,0
79,60,116.374474597327,5.99135477584817,1.0395850363141,0,101,60000,0,1
79,60,116.374474597327,5.99135477584817,1.0395850363141,1.95,0,0,484,0
79,60,116.374474597327,5.99135477584817,1.0395850363141,3.73,0,0,449,0
79,60,116.374474597327,5.99135477584817,1.0395850363141,9.25,0,0,421,0
79,60,116.374474597327,5.99135477584817,1.0395850363141,19.96,0,0,255,0
80,60,73.9219532478461,2.99534673224707,1.27116972650778,0,101,60000,0,1
80,60,73.9219532478461,2.99534673224707,1.27116972650778,0.36,0,0,358,0
80,60,73.9219532478461,2.99534673224707,1.27116972650778,11.3,0,0,503,0
80,60,73.9219532478461,2.99534673224707,1.27116972650778,15.04,0,0,556,0
80,60,73.9219532478461,2.99534673224707,1.27116972650778,20.19,0,0,365,0
81,60,61.5673662157561,3.72792337122243,1.25937444223368,0,101,60000,0,1
81,60,61.5673662157561,3.72792337122243,1.25937444223368,2.48,0,0,1028,0
81,60,61.5673662157561,3.72792337122243,1.25937444223368,13.85,0,0,405,0
81,60,61.5673662157561,3.72792337122243,1.25937444223368,17,0,0,420,0
81,60,61.5673662157561,3.72792337122243,1.25937444223368,17.71,0,0,393,0
82,60,36.4873716451837,4.33940012534821,0.850469948921935,0,101,60000,0,1
82,60,36.4873716451837,4.33940012534821,0.850469948921935,6.91,0,0,686,0
82,60,36.4873716451837,4.33940012534821,0.850469948921935,11.51,0,0,330,0
82,60,36.4873716451837,4.33940012534821,0.850469948921935,19.67,0,0,206,0
82,60,36.4873716451837,4.33940012534821,0.850469948921935,23.41,0,0,116,0
83,60,76.7017020010936,5.70570731124673,1.41211989944475,0,101,60000,0,1
83,60,76.7017020010936,5.70570731124673,1.41211989944475,2.73,0,0,565,0
83,60,76.7017020010936,5.70570731124673,1.41211989944475,8.87,0,0,359,0
83,60,76.7017020010936,5.70570731124673,1.41211989944475,11.32,0,0,312,0
83,60,76.7017020010936,5.70570731124673,1.41211989944475,21.28,0,0,162,0
84,60,77.490319027358,3.84131653892033,1.08237955984556,0,101,60000,0,1
84,60,77.490319027358,3.84131653892033,1.08237955984556,3.57,0,0,643,0
84,60,77.490319027358,3.84131653892033,1.08237955984556,7,0,0,381,0
84,60,77.490319027358,3.84131653892033,1.08237955984556,10.7,0,0,435,0
84,60,77.490319027358,3.84131653892033,1.08237955984556,23.73,0,0,330,0
85,60,69.7987850937619,2.8749120077194,0.889724066914703,0,101,60000,0,1
85,60,69.7987850937619,2.8749120077194,0.889724066914703,2.81,0,0,663,0
85,60,69.7987850937619,2.8749120077194,0.889724066914703,5.52,0,0,892,0
85,60,69.7987850937619,2.8749120077194,0.889724066914703,8.09,0,0,862,0
85,60,69.7987850937619,2.8749120077194,0.889724066914703,18.08,0,0,325,0
86,60,78.2985198052589,4.5594209902057,0.860429310661174,0,101,60000,0,1
86,60,78.2985198052589,4.5594209902057,0.860429310661174,13.96,0,0,351,0
86,60,78.2985198052589,4.5594209902057,0.860429310661174,21.21,0,0,206,0
86,60,78.2985198052589,4.5594209902057,0.860429310661174,22.33,0,0,218,0
86,60,78.2985198052589,4.5594209902057,0.860429310661174,23.83,0,0,201,0
87,60,69.3423731850572,3.18943703267013,1.00567020907933,0,101,60000,0,1
87,60,69.3423731850572,3.18943703267013,1.00567020907933,3.58,0,0,623,0
87,60,69.3423731850572,3.18943703267013,1.00567020907933,10.97,0,0,528,0
87,60,69.3423731850572,3.18943703267013,1.00567020907933,14.85,0,0,545,0
87,60,69.3423731850572,3.18943703267013,1.00567020907933,16.13,0,0,435,0
88,60,97.6208331397672,5.14872650627026,0.72293679308403,0,101,60000,0,1
88,60,97.6208331397672,5.14872650627026,0.72293679308403,12.3,0,0,329,0
88,60,97.6208331397672,5.14872650627026,0.72293679308403,20.96,0,0,242,0
88,60,97.6208331397672,5.14872650627026,0.72293679308403,21.83,0,0,245,0
88,60,97.6208331397672,5.14872650627026,0.72293679308403,22.05,0,0,159,0
89,60,68.3233753471497,2.93987704057242,2.06679064763684,0,101,60000,0,1
89,60,68.3233753471497,2.93987704057242,2.06679064763684,0.72,0,0,678,0
89,60,68.3233753471497,2.93987704057242,2.06679064763684,2.62,0,0,746,0
89,60,68.3233753471497,2.93987704057242,2.06679064763684,3.41,0,0,507,0
89,60,68.3233753471497,2.93987704057242,2.06679064763684,13.7,0,0,617,0
90,60,117.080130239444,3.17764688560095,0.940022930924742,0,101,60000,0,1
90,60,117.080130239444,3.17764688560095,0.940022930924742,6.54,0,0,419,0
90,60,117.080130239444,3.17764688560095,0.940022930924742,9.37,0,0,512,0
90,60,117.080130239444,3.17764688560095,0.940022930924742,21.78,0,0,379,0
90,60,117.080130239444,3.17764688560095,0.940022930924742,23.29,0,0,385,0
91,120,69.0952231798693,4.9398082995281,0.734793819112598,0,101,120000,0,1
91,120,69.0952231798693,4.9398082995281,0.734793819112598,5.18,0,0,1082,0
91,120,69.0952231798693,4.9398082995281,0.734793819112598,5.49,0,0,1324,0
91,120,69.0952231798693,4.9398082995281,0.734793819112598,21.04,0,0,413,0
91,120,69.0952231798693,4.9398082995281,0.734793819112598,22.78,0,0,408,0
92,120,79.0492421153426,3.97069991708058,0.884400402444621,0,101,120000,0,1
92,120,79.0492421153426,3.97069991708058,0.884400402444621,9.43,0,0,894,0
92,120,79.0492421153426,3.97069991708058,0.884400402444621,12.07,0,0,1041,0
92,120,79.0492421153426,3.97069991708058,0.884400402444621,12.55,0,0,691,0
92,120,79.0492421153426,3.97069991708058,0.884400402444621,18.24,0,0,742,0
93,120,66.2734481157193,7.96769274174096,0.937708898927232,0,101,120000,0,1
93,120,66.2734481157193,7.96769274174096,0.937708898927232,7.21,0,0,1408,0
93,120,66.2734481157193,7.96769274174096,0.937708898927232,8.31,0,0,851,0
93,120,66.2734481157193,7.96769274174096,0.937708898927232,9.34,0,0,712,0
93,120,66.2734481157193,7.96769274174096,0.937708898927232,13.8,0,0,372,0
94,120,83.2471670701118,2.27351501876957,0.985772575649622,0,101,120000,0,1
94,120,83.2471670701118,2.27351501876957,0.985772575649622,8.34,0,0,1073,0
94,120,83.2471670701118,2.27351501876957,0.985772575649622,10.62,0,0,1177,0
94,120,83.2471670701118,2.27351501876957,0.985772575649622,15.59,0,0,917,0
94,120,83.2471670701118,2.27351501876957,0.985772575649622,16.99,0,0,828,0
95,120,70.819457487692,2.31464372381557,0.593076050407913,0,101,120000,0,1
95,120,70.819457487692,2.31464372381557,0.593076050407913,4.9,0,0,1406,0
95,120,70.819457487692,2.31464372381557,0.593076050407913,13.41,0,0,1027,0
95,120,70.819457487692,2.31464372381557,0.593076050407913,19.7,0,0,966,0
95,120,70.819457487692,2.31464372381557,0.593076050407913,22.3,0,0,879,0
96,120,66.4503778661776,4.3987027932867,1.00360315598742,0,101,120000,0,1
96,120,66.4503778661776,4.3987027932867,1.00360315598742,1.54,0,0,1169,0
96,120,66.4503778661776,4.3987027932867,1.00360315598742,3.02,0,0,1634,0
96,120,66.4503778661776,4.3987027932867,1.00360315598742,16,0,0,1041,0
96,120,66.4503778661776,4.3987027932867,1.00360315598742,20.22,0,0,553,0
97,120,53.5739941401416,3.42400807200476,0.725364293760136,0,101,120000,0,1
97,120,53.5739941401416,3.42400807200476,0.725364293760136,4.98,0,0,1761,0
97,120,53.5739941401416,3.42400807200476,0.725364293760136,14.15,0,0,718,0
97,120,53.5739941401416,3.42400807200476,0.725364293760136,14.86,0,0,874,0
97,120,53.5739941401416,3.42400807200476,0.725364293760136,20.54,0,0,637,0
98,120,61.7677831396035,3.85604644306514,0.556136419904907,0,101,120000,0,1
98,120,61.7677831396035,3.85604644306514,0.556136419904907,0.98,0,0,642,0
98,120,61.7677831396035,3.85604644306514,0.556136419904907,6.64,0,0,1521,0
98,120,61.7677831396035,3.85604644306514,0.556136419904907,10.63,0,0,1151,0
98,120,61.7677831396035,3.85604644306514,0.556136419904907,13.12,0,0,1383,0
99,120,74.6655089818426,4.72236871616406,1.7241953487887,0,101,120000,0,1
99,120,74.6655089818426,4.72236871616406,1.7241953487887,5.18,0,0,1291,0
99,120,74.6655089818426,4.72236871616406,1.7241953487887,8.9,0,0,586,0
99,120,74.6655089818426,4.72236871616406,1.7241953487887,14.86,0,0,950,0
99,120,74.6655089818426,4.72236871616406,1.7241953487887,19.02,0,0,402,0
100,120,82.4657731806068,3.23683613832398,2.28781174794451,0,101,120000,0,1
100,120,82.4657731806068,3.23683613832398,2.28781174794451,1.36,0,0,1738,0
100,120,82.4657731806068,3.23683613832398,2.28781174794451,4.01,0,0,1842,0
100,120,82.4657731806068,3.23683613832398,2.28781174794451,7.22,0,0,1154,0
100,120,82.4657731806068,3.23683613832398,2.28781174794451,21.2,0,0,567,0
101,120,57.7064749822226,3.00069597108953,1.70409392551499,0,101,120000,0,1
101,120,57.7064749822226,3.00069597108953,1.70409392551499,0.58,0,0,1338,0
101,120,57.7064749822226,3.00069597108953,1.70409392551499,1.07,0,0,1365,0
101,120,57.7064749822226,3.00069597108953,1.70409392551499,6.96,0,0,2000,0
101,120,57.7064749822226,3.00069597108953,1.70409392551499,13.23,0,0,933,0
102,120,70.0720160866953,4.28934145710476,1.13361565972173,0,101,120000,0,1
102,120,70.0720160866953,4.28934145710476,1.13361565972173,3.27,0,0,1560,0
102,120,70.0720160866953,4.28934145710476,1.13361565972173,8.98,0,0,724,0
102,120,70.0720160866953,4.28934145710476,1.13361565972173,16.46,0,0,611,0
102,120,70.0720160866953,4.28934145710476,1.13361565972173,22.38,0,0,393,0
103,120,49.2727438360335,6.58957235484471,1.09707442008884,0,101,120000,0,1
103,120,49.2727438360335,6.58957235484471,1.09707442008884,1.41,0,0,2045,0
103,120,49.2727438360335,6.58957235484471,1.09707442008884,3.19,0,0,1774,0
103,120,49.2727438360335,6.58957235484471,1.09707442008884,5.37,0,0,1210,0
103,120,49.2727438360335,6.58957235484471,1.09707442008884,20.73,0,0,158,0
104,120,57.4381364811839,3.60559794487241,1.19780198949554,0,101,120000,0,1
104,120,57.4381364811839,3.60559794487241,1.19780198949554,13.97,0,0,837,0
104,120,57.4381364811839,3.60559794487241,1.19780198949554,19.8,0,0,1147,0
104,120,57.4381364811839,3.60559794487241,1.19780198949554,20.03,0,0,550,0
104,120,57.4381364811839,3.60559794487241,1.19780198949554,22.11,0,0,626,0
105,120,96.5491357039311,2.7458083244564,0.758528793635694,0,101,120000,0,1
105,120,96.5491357039311,2.7458083244564,0.758528793635694,0.14,0,0,126,0
105,120,96.5491357039311,2.7458083244564,0.758528793635694,14.23,0,0,773,0
105,120,96.5491357039311,2.7458083244564,0.758528793635694,20.04,0,0,803,0
105,120,96.5491357039311,2.7458083244564,0.758528793635694,22.34,0,0,749,0
106,120,91.8845762663999,5.3007175824965,1.13754727271329,0,101,120000,0,1
106,120,91.8845762663999,5.3007175824965,1.13754727271329,8.42,0,0,911,0
106,120,91.8845762663999,5.3007175824965,1.13754727271329,9.62,0,0,1156,0
106,120,91.8845762663999,5.3007175824965,1.13754727271329,11.46,0,0,662,0
106,120,91.8845762663999,5.3007175824965,1.13754727271329,16.88,0,0,513,0
107,120,67.5204513355371,4.08337112404089,0.869881207496486,0,101,120000,0,1
107,120,67.5204513355371,4.08337112404089,0.869881207496486,1.63,0,0,1517,0
107,120,67.5204513355371,4.08337112404089,0.869881207496486,4.23,0,0,2361,0
107,120,67.5204513355371,4.08337112404089,0.869881207496486,13.26,0,0,601,0
107,120,67.5204513355371,4.08337112404089,0.869881207496486,17.43,0,0,817,0
108,120,97.6116796953851,5.29686724066571,0.956963940691238,0,101,120000,0,1
108,120,97.6116796953851,5.29686724066571,0.956963940691238,4.98,0,0,1231,0
108,120,97.6116796953851,5.29686724066571,0.956963940691238,11.85,0,0,393,0
108,120,97.6116796953851,5.29686724066571,0.956963940691238,12.89,0,0,641,0
108,120,97.6116796953851,5.29686724066571,0.956963940691238,18.1,0,0,629,0
109,120,88.8667144607936,5.38802730899803,1.21149494549254,0,101,120000,0,1
109,120,88.8667144607936,5.38802730899803,1.21149494549254,3.42,0,0,1173,0
109,120,88.8667144607936,5.38802730899803,1.21149494549254,8.07,0,0,769,0
109,120,88.8667144607936,5.38802730899803,1.21149494549254,14.14,0,0,702,0
109,120,88.8667144607936,5.38802730899803,1.21149494549254,18.44,0,0,389,0
110,120,74.1673302606714,5.31168679481634,1.08112005735188,0,101,120000,0,1
110,120,74.1673302606714,5.31168679481634,1.08112005735188,2.79,0,0,1875,0
110,120,74.1673302606714,5.31168679481634,1.08112005735188,9.17,0,0,1035,0
110,120,74.1673302606714,5.31168679481634,1.08112005735188,13.52,0,0,770,0
110,120,74.1673302606714,5.31168679481634,1.08112005735188,18.27,0,0,472,0
111,120,70.819457487692,2.31464372381557,0.593076050407913,0,101,120000,0,1
111,120,70.819457487692,2.31464372381557,0.593076050407913,4.9,0,0,1406,0
111,120,70.819457487692,2.31464372381557,0.593076050407913,13.41,0,0,1027,0
111,120,70.819457487692,2.31464372381557,0.593076050407913,19.7,0,0,966,0
111,120,70.819457487692,2.31464372381557,0.593076050407913,22.3,0,0,879,0
112,120,126.846598953319,3.38301581742302,0.882772017799712,0,101,120000,0,1
112,120,126.846598953319,3.38301581742302,0.882772017799712,5.44,0,0,749,0
112,120,126.846598953319,3.38301581742302,0.882772017799712,9.42,0,0,836,0
112,120,126.846598953319,3.38301581742302,0.882772017799712,10,0,0,1079,0
112,120,126.846598953319,3.38301581742302,0.882772017799712,14.07,0,0,747,0
113,120,75.2462778191541,2.92406188033062,0.984258401523469,0,101,120000,0,1
113,120,75.2462778191541,2.92406188033062,0.984258401523469,13.54,0,0,797,0
113,120,75.2462778191541,2.92406188033062,0.984258401523469,14.29,0,0,909,0
113,120,75.2462778191541,2.92406188033062,0.984258401523469,22.1,0,0,792,0
113,120,75.2462778191541,2.92406188033062,0.984258401523469,23.13,0,0,504,0
114,120,71.5464364920633,3.78006388214299,2.024145753667,0,101,120000,0,1
114,120,71.5464364920633,3.78006388214299,2.024145753667,13.52,0,0,1249,0
114,120,71.5464364920633,3.78006388214299,2.024145753667,16.17,0,0,791,0
114,120,71.5464364920633,3.78006388214299,2.024145753667,16.21,0,0,826,0
114,120,71.5464364920633,3.78006388214299,2.024145753667,23.3,0,0,640,0
115,120,50.4823595528072,3.40815838962295,0.961604025551755,0,101,120000,0,1
115,120,50.4823595528072,3.40815838962295,0.961604025551755,7.58,0,0,1788,0
115,120,50.4823595528072,3.40815838962295,0.961604025551755,9.59,0,0,1150,0
115,120,50.4823595528072,3.40815838962295,0.961604025551755,18.67,0,0,529,0
115,120,50.4823595528072,3.40815838962295,0.961604025551755,20.03,0,0,472,0
116,120,46.6717097026978,2.9587721265623,0.968926135721491,0,101,120000,0,1
116,120,46.6717097026978,2.9587721265623,0.968926135721491,4.26,0,0,2611,0
116,120,46.6717097026978,2.9587721265623,0.968926135721491,14.57,0,0,1053,0
116,120,46.6717097026978,2.9587721265623,0.968926135721491,15.06,0,0,1549,0
116,120,46.6717097026978,2.9587721265623,0.968926135721491,18.41,0,0,893,0
117,120,69.0952231798693,4.9398082995281,0.734793819112598,0,101,120000,0,1
117,120,69.0952231798693,4.9398082995281,0.734793819112598,5.18,0,0,1082,0
117,120,69.0952231798693,4.9398082995281,0.734793819112598,5.49,0,0,1324,0
117,120,69.0952231798693,4.9398082995281,0.734793819112598,21.04,0,0,413,0
117,120,69.0952231798693,4.9398082995281,0.734793819112598,22.78,0,0,408,0
118,120,49.9336455645615,5.04523869509128,0.676529426000218,0,101,120000,0,1
118,120,49.9336455645615,5.04523869509128,0.676529426000218,1.73,0,0,1661,0
118,120,49.9336455645615,5.04523869509128,0.676529426000218,3.21,0,0,2161,0
118,120,49.9336455645615,5.04523869509128,0.676529426000218,6.57,0,0,1451,0
118,120,49.9336455645615,5.04523869509128,0.676529426000218,8.42,0,0,1663,0
119,120,75.9396025172724,3.71368810395628,0.905630333205953,0,101,120000,0,1
119,120,75.9396025172724,3.71368810395628,0.905630333205953,2.61,0,0,1631,0
119,120,75.9396025172724,3.71368810395628,0.905630333205953,8.3,0,0,782,0
119,120,75.9396025172724,3.71368810395628,0.905630333205953,19.04,0,0,722,0
119,120,75.9396025172724,3.71368810395628,0.905630333205953,19.64,0,0,501,0
120,120,83.2646066682605,5.7767040663881,1.07514817563225,0,101,120000,0,1
120,120,83.2646066682605,5.7767040663881,1.07514817563225,1.11,0,0,1185,0
120,120,83.2646066682605,5.7767040663881,1.07514817563225,9.77,0,0,767,0
120,120,83.2646066682605,5.7767040663881,1.07514817563225,12.06,0,0,646,0
120,120,83.2646066682605,5.7767040663881,1.07514817563225,12.12,0,0,767,0
