ID,DOSE,V,CL,KA,TIME,EVID,AMT,DV,EVIDNM
1,10,102.853964899486,4.76665191022177,0.939265523374824,0,101,10000,0,1
1,10,102.853964899486,4.76665191022177,0.939265523374824,13.2,0,0,61,0
1,10,102.853964899486,4.76665191022177,0.939265523374824,22.01,0,0,37,0
1,10,102.853964899486,4.76665191022177,0.939265523374824,22.22,0,0,31,0
1,10,102.853964899486,4.76665191022177,0.939265523374824,23.71,0,0,30,0
2,10,107.465451373778,3.28431981077134,0.971027969542085,0,101,10000,0,1
2,10,107.465451373778,3.28431981077134,0.971027969542085,5.94,0,0,87,0
2,10,107.465451373778,3.28431981077134,0.971027969542085,10.81,0,0,78,0
2,10,107.465451373778,3.28431981077134,0.971027969542085,13.16,0,0,57,0
2,10,107.465451373778,3.28431981077134,0.971027969542085,17.38,0,0,51,0
3,10,64.5654913418207,3.98186110373348,1.06738628165382,0,101,10000,0,1
3,10,64.5654913418207,3.98186110373348,1.06738628165382,6.56,0,0,105,0
3,10,64.5654913418207,3.98186110373348,1.06738628165382,16.75,0,0,46,0
3,10,64.5654913418207,3.98186110373348,1.06738628165382,22.38,0,0,37,0
3,10,64.5654913418207,3.98186110373348,1.06738628165382,22.86,0,0,59,0
4,10,63.9713423145448,2.51871218372789,1.00989330153432,0,101,10000,0,1
4,10,63.9713423145448,2.51871218372789,1.00989330153432,5.33,0,0,131,0
4,10,63.9713423145448,2.51871218372789,1.00989330153432,5.46,0,0,123,0
4,10,63.9713423145448,2.51871218372789,1.00989330153432,17.27,0,0,63,0
4,10,63.9713423145448,2.51871218372789,1.00989330153432,23.99,0,0,81,0
5,10,89.4365530644228,5.90551513572234,1.07427240878818,0,101,10000,0,1
5,10,89.4365530644228,5.90551513572234,1.07427240878818,3.4,0,0,106,0
5,10,89.4365530644228,5.90551513572234,1.07427240878818,8.75,0,0,65,0
5,10,89.4365530644228,5.90551513572234,1.07427240878818,14.46,0,0,34,0
5,10,89.4365530644228,5.90551513572234,1.07427240878818,15.98,0,0,41,0
6,10,96.3130285299378,2.68017341350678,1.30658320565263,0,101,10000,0,1
6,10,96.3130285299378,2.68017341350678,1.30658320565263,7.02,0,0,93,0
6,10,96.3130285299378,2.68017341350678,1.30658320565263,9.11,0,0,80,0
6,10,96.3130285299378,2.68017341350678,1.30658320565263,12.97,0,0,71,0
6,10,96.3130285299378,2.68017341350678,1.30658320565263,16.8,0,0,57,0
7,10,61.9531683475386,3.27792321657881,0.895487699303612,0,101,10000,0,1
7,10,61.9531683475386,3.27792321657881,0.895487699303612,0.35,0,0,28,0
7,10,61.9531683475386,3.27792321657881,0.895487699303612,10.1,0,0,71,0
7,10,61.9531683475386,3.27792321657881,0.895487699303612,14.81,0,0,56,0
7,10,61.9531683475386,3.27792321657881,0.895487699303612,16.25,0,0,62,0
8,10,73.9168852232645,5.12920691431358,1.61835592477304,0,101,10000,0,1
8,10,73.9168852232645,5.12920691431358,1.61835592477304,5.17,0,0,111,0
8,10,73.9168852232645,5.12920691431358,1.61835592477304,11.13,0,0,69,0
8,10,73.9168852232645,5.12920691431358,1.61835592477304,21.02,0,0,31,0
8,10,73.9168852232645,5.12920691431358,1.61835592477304,22.27,0,0,41,0
9,10,93.169265685513,3.26604151172249,1.03142945853412,0,101,10000,0,1
9,10,93.169265685513,3.26604151172249,1.03142945853412,1.41,0,0,67,0
9,10,93.169265685513,3.26604151172249,1.03142945853412,2.47,0,0,153,0
9,10,93.169265685513,3.26604151172249,1.03142945853412,3.48,0,0,96,0
9,10,93.169265685513,3.26604151172249,1.03142945853412,12.8,0,0,76,0
10,10,103.567336664554,5.3952379496466,0.941991562975434,0,101,10000,0,1
10,10,103.567336664554,5.3952379496466,0.941991562975434,6.07,0,0,71,0
10,10,103.567336664554,5.3952379496466,0.941991562975434,6.19,0,0,112,0
10,10,103.567336664554,5.3952379496466,0.941991562975434,9.41,0,0,65,0
10,10,103.567336664554,5.3952379496466,0.941991562975434,22.59,0,0,38,0
11,10,56.8090989283148,4.17428124781389,0.924630523620954,0,101,10000,0,1
11,10,56.8090989283148,4.17428124781389,0.924630523620954,3.86,0,0,151,0
11,10,56.8090989283148,4.17428124781389,0.924630523620954,7.53,0,0,79,0
11,10,56.8090989283148,4.17428124781389,0.924630523620954,9.2,0,0,150,0
11,10,56.8090989283148,4.17428124781389,0.924630523620954,9.55,0,0,84,0
12,10,74.1372506344342,7.27962410904961,1.33919655437808,0,101,10000,0,1
12,10,74.1372506344342,7.27962410904961,1.33919655437808,2.53,0,0,94,0
12,10,74.1372506344342,7.27962410904961,1.33919655437808,6.54,0,0,66,0
12,10,74.1372506344342,7.27962410904961,1.33919655437808,15.27,0,0,43,0
12,10,74.1372506344342,7.27962410904961,1.33919655437808,17.87,0,0,31,0
13,10,113.807015522921,2.41726354246338,0.821608254144481,0,101,10000,0,1
13,10,113.807015522921,2.41726354246338,0.821608254144481,8.82,0,0,100,0
13,10,113.807015522921,2.41726354246338,0.821608254144481,11.32,0,0,55,0
13,10,113.807015522921,2.41726354246338,0.821608254144481,18.16,0,0,71,0
13,10,113.807015522921,2.41726354246338,0.821608254144481,23.08,0,0,47,0
14,10,61.4521149157571,4.85028018106792,1.46369660988559,0,101,10000,0,1
14,10,61.4521149157571,4.85028018106792,1.46369660988559,0.39,0,0,52,0
14,10,61.4521149157571,4.85028018106792,1.46369660988559,7.33,0,0,120,0
14,10,61.4521149157571,4.85028018106792,1.46369660988559,13.35,0,0,74,0
14,10,61.4521149157571,4.85028018106792,1.46369660988559,15.52,0,0,54,0
15,10,70.080942482393,3.53626963316741,0.582521848755875,0,101,10000,0,1
15,10,70.080942482393,3.53626963316741,0.582521848755875,3.07,0,0,133,0
15,10,70.080942482393,3.53626963316741,0.582521848755875,20.62,0,0,50,0
15,10,70.080942482393,3.53626963316741,0.582521848755875,21.01,0,0,62,0
15,10,70.080942482393,3.53626963316741,0.582521848755875,22.39,0,0,55,0
16,10,83.5968072298173,4.0069973774193,0.673421258425093,0,101,10000,0,1
16,10,83.5968072298173,4.0069973774193,0.673421258425093,7.4,0,0,72,0
16,10,83.5968072298173,4.0069973774193,0.673421258425093,8.16,0,0,91,0
16,10,83.5968072298173,4.0069973774193,0.673421258425093,20.37,0,0,41,0
16,10,83.5968072298173,4.0069973774193,0.673421258425093,23.56,0,0,58,0
17,10,34.635248055224,3.20748165653032,1.36476543948606,0,101,10000,0,1
17,10,34.635248055224,3.20748165653032,1.36476543948606,3.78,0,0,148,0
17,10,34.635248055224,3.20748165653032,1.36476543948606,5.45,0,0,219,0
17,10,34.635248055224,3.20748165653032,1.36476543948606,6.56,0,0,155,0
17,10,34.635248055224,3.20748165653032,1.36476543948606,8.51,0,0,144,0
18,10,65.2131653876606,5.58406309927705,1.2341592627653,0,101,10000,0,1
18,10,65.2131653876606,5.58406309927705,1.2341592627653,1.55,0,0,119,0
18,10,65.2131653876606,5.58406309927705,1.2341592627653,5.93,0,0,146,0
18,10,65.2131653876606,5.58406309927705,1.2341592627653,12.87,0,0,49,0
18,10,65.2131653876606,5.58406309927705,1.2341592627653,21.02,0,0,34,0
19,10,85.1130160962073,2.41944083573868,0.633231610811207,0,101,10000,0,1
19,10,85.1130160962073,2.41944083573868,0.633231610811207,2.18,0,0,91,0
19,10,85.1130160962073,2.41944083573868,0.633231610811207,3.03,0,0,94,0
19,10,85.1130160962073,2.41944083573868,0.633231610811207,7.71,0,0,127,0
19,10,85.1130160962073,2.41944083573868,0.633231610811207,19.13,0,0,63,0
20,10,94.3260754071319,5.61646456439838,1.75562590955694,0,101,10000,0,1
20,10,94.3260754071319,5.61646456439838,1.75562590955694,6.41,0,0,70,0
20,10,94.3260754071319,5.61646456439838,1.75562590955694,8.25,0,0,71,0
20,10,94.3260754071319,5.61646456439838,1.75562590955694,9.85,0,0,43,0
20,10,94.3260754071319,5.61646456439838,1.75562590955694,13.72,0,0,48,0
21,10,67.3107219498151,4.65830511021816,1.03906111409174,0,101,10000,0,1
21,10,67.3107219498151,4.65830511021816,1.03906111409174,3.06,0,0,112,0
21,10,67.3107219498151,4.65830511021816,1.03906111409174,5.74,0,0,103,0
21,10,67.3107219498151,4.65830511021816,1.03906111409174,16.98,0,0,52,0
21,10,67.3107219498151,4.65830511021816,1.03906111409174,22.23,0,0,43,0
22,10,72.2890635341565,5.58682582536137,1.00284670300969,0,101,10000,0,1
22,10,72.2890635341565,5.58682582536137,1.00284670300969,1.52,0,0,85,0
22,10,72.2890635341565,5.58682582536137,1.00284670300969,4.18,0,0,97,0
22,10,72.2890635341565,5.58682582536137,1.00284670300969,7.89,0,0,72,0
22,10,72.2890635341565,5.58682582536137,1.00284670300969,23.01,0,0,18,0
23,10,105.589371416463,5.44340913554219,0.698777432860287,0,101,10000,0,1
23,10,105.589371416463,5.44340913554219,0.698777432860287,2.56,0,0,78,0
23,10,105.589371416463,5.44340913554219,0.698777432860287,5.77,0,0,80,0
23,10,105.589371416463,5.44340913554219,0.698777432860287,19,0,0,50,0
23,10,105.589371416463,5.44340913554219,0.698777432860287,20.71,0,0,43,0
24,10,87.373499179637,1.5404948667437,0.875633074790336,0,101,10000,0,1
24,10,87.373499179637,1.5404948667437,0.875633074790336,0.5,0,0,46,0
24,10,87.373499179637,1.5404948667437,0.875633074790336,6.76,0,0,121,0
24,10,87.373499179637,1.5404948667437,0.875633074790336,9.12,0,0,83,0
24,10,87.373499179637,1.5404948667437,0.875633074790336,19.12,0,0,95,0
25,10,52.5003886373405,3.05490098617671,1.08958864225309,0,101,10000,0,1
25,10,52.5003886373405,3.05490098617671,1.08958864225309,7.08,0,0,100,0
25,10,52.5003886373405,3.05490098617671,1.08958864225309,8.94,0,0,88,0
25,10,52.5003886373405,3.05490098617671,1.08958864225309,11.21,0,0,83,0
25,10,52.5003886373405,3.05490098617671,1.08958864225309,12.59,0,0,115,0
26,10,82.0145009718594,3.81234443139017,1.42068487236479,0,101,10000,0,1
26,10,82.0145009718594,3.81234443139017,1.42068487236479,3.03,0,0,125,0
26,10,82.0145009718594,3.81234443139017,1.42068487236479,12.22,0,0,77,0
26,10,82.0145009718594,3.81234443139017,1.42068487236479,12.72,0,0,89,0
26,10,82.0145009718594,3.81234443139017,1.42068487236479,20,0,0,72,0
27,10,113.685911693153,6.22778278063489,1.26882173352304,0,101,10000,0,1
27,10,113.685911693153,6.22778278063489,1.26882173352304,1.9,0,0,83,0
27,10,113.685911693153,6.22778278063489,1.26882173352304,5,0,0,62,0
27,10,113.685911693153,6.22778278063489,1.26882173352304,6.95,0,0,85,0
27,10,113.685911693153,6.22778278063489,1.26882173352304,9.11,0,0,60,0
28,10,61.6023187744218,6.37884530935155,0.696643117805767,0,101,10000,0,1
28,10,61.6023187744218,6.37884530935155,0.696643117805767,9.41,0,0,44,0
28,10,61.6023187744218,6.37884530935155,0.696643117805767,14.33,0,0,45,0
28,10,61.6023187744218,6.37884530935155,0.696643117805767,14.85,0,0,33,0
28,10,61.6023187744218,6.37884530935155,0.696643117805767,15.73,0,0,31,0
29,10,72.4826281324825,6.76972423485068,0.707248557868001,0,101,10000,0,1
29,10,72.4826281324825,6.76972423485068,0.707248557868001,3.85,0,0,111,0
29,10,72.4826281324825,6.76972423485068,0.707248557868001,5,0,0,121,0
29,10,72.4826281324825,6.76972423485068,0.707248557868001,17.7,0,0,30,0
29,10,72.4826281324825,6.76972423485068,0.707248557868001,23.78,0,0,15,0
30,10,72.4725647251231,3.14705487844787,0.963897117463505,0,101,10000,0,1
30,10,72.4725647251231,3.14705487844787,0.963897117463505,0.82,0,0,80,0
30,10,72.4725647251231,3.14705487844787,0.963897117463505,3.32,0,0,135,0
30,10,72.4725647251231,3.14705487844787,0.963897117463505,20.54,0,0,60,0
30,10,72.4725647251231,3.14705487844787,0.963897117463505,23.91,0,0,47,0
31,30,79.8855549460883,3.46024467050925,0.838929932649508,0,101,30000,0,1
31,30,79.8855549460883,3.46024467050925,0.838929932649508,1.43,0,0,314,0
31,30,79.8855549460883,3.46024467050925,0.838929932649508,9.07,0,0,196,0
31,30,79.8855549460883,3.46024467050925,0.838929932649508,23.12,0,0,178,0
31,30,79.8855549460883,3.46024467050925,0.838929932649508,23.46,0,0,163,0
32,30,109.161347711533,4.68156522693087,0.8222020063439,0,101,30000,0,1
32,30,109.161347711533,4.68156522693087,0.8222020063439,16.65,0,0,108,0
32,30,109.161347711533,4.68156522693087,0.8222020063439,19.5,0,0,95,0
32,30,109.161347711533,4.68156522693087,0.8222020063439,21.59,0,0,94,0
32,30,109.161347711533,4.68156522693087,0.8222020063439,22.68,0,0,142,0
33,30,78.926858925225,3.07182353408834,0.876182964946018,0,101,30000,0,1
33,30,78.926858925225,3.07182353408834,0.876182964946018,4.45,0,0,437,0
33,30,78.926858925225,3.07182353408834,0.876182964946018,7.49,0,0,444,0
33,30,78.926858925225,3.07182353408834,0.876182964946018,16.61,0,0,253,0
33,30,78.926858925225,3.07182353408834,0.876182964946018,18.34,0,0,125,0
34,30,89.9893921076643,4.16813762291076,1.97073610825313,0,101,30000,0,1
34,30,89.9893921076643,4.16813762291076,1.97073610825313,0.4,0,0,174,0
34,30,89.9893921076643,4.16813762291076,1.97073610825313,12.08,0,0,201,0
34,30,89.9893921076643,4.16813762291076,1.97073610825313,13.91,0,0,187,0
34,30,89.9893921076643,4.16813762291076,1.97073610825313,18.57,0,0,165,0
35,30,93.4609191598203,2.8826739999578,1.06851651847677,0,101,30000,0,1
35,30,93.4609191598203,2.8826739999578,1.06851651847677,5.09,0,0,264,0
35,30,93.4609191598203,2.8826739999578,1.06851651847677,10.13,0,0,299,0
35,30,93.4609191598203,2.8826739999578,1.06851651847677,13.3,0,0,241,0
35,30,93.4609191598203,2.8826739999578,1.06851651847677,16.16,0,0,154,0
36,30,66.8583941547003,3.55212213208599,1.41314923039676,0,101,30000,0,1
36,30,66.8583941547003,3.55212213208599,1.41314923039676,1.49,0,0,327,0
36,30,66.8583941547003,3.55212213208599,1.41314923039676,1.91,0,0,626,0
36,30,66.8583941547003,3.55212213208599,1.41314923039676,2.99,0,0,386,0
36,30,66.8583941547003,3.55212213208599,1.41314923039676,21.68,0,0,146,0
37,30,86.2351265915074,3.96451868941277,1.33704348331069,0,101,30000,0,1
37,30,86.2351265915074,3.96451868941277,1.33704348331069,10.17,0,0,222,0
37,30,86.2351265915074,3.96451868941277,1.33704348331069,13.76,0,0,172,0
37,30,86.2351265915074,3.96451868941277,1.33704348331069,19.16,0,0,199,0
37,30,86.2351265915074,3.96451868941277,1.33704348331069,21.43,0,0,148,0
38,30,100.671026324552,6.61448753004721,0.606675624144939,0,101,30000,0,1
38,30,100.671026324552,6.61448753004721,0.606675624144939,1.71,0,0,178,0
38,30,100.671026324552,6.61448753004721,0.606675624144939,7.25,0,0,181,0
38,30,100.671026324552,6.61448753004721,0.606675624144939,11.63,0,0,139,0
38,30,100.671026324552,6.61448753004721,0.606675624144939,19.51,0,0,77,0
39,30,62.9424525048854,3.72294747631082,1.25005539774781,0,101,30000,0,1
39,30,62.9424525048854,3.72294747631082,1.25005539774781,8.51,0,0,285,0
39,30,62.9424525048854,3.72294747631082,1.25005539774781,10.13,0,0,263,0
39,30,62.9424525048854,3.72294747631082,1.25005539774781,13.25,0,0,255,0
39,30,62.9424525048854,3.72294747631082,1.25005539774781,16.31,0,0,190,0
40,30,63.369056064067,4.50931532498901,1.35131981553032,0,101,30000,0,1
40,30,63.369056064067,4.50931532498901,1.35131981553032,6.06,0,0,332,0
40,30,63.369056064067,4.50931532498901,1.35131981553032,7.04,0,0,249,0
40,30,63.369056064067,4.50931532498901,1.35131981553032,15.1,0,0,179,0
40,30,63.369056064067,4.50931532498901,1.35131981553032,22.42,0,0,95,0
41,30,64.2295108844958,4.54426771186682,0.976185210928994,0,101,30000,0,1
41,30,64.2295108844958,4.54426771186682,0.976185210928994,1.28,0,0,306,0
41,30,64.2295108844958,4.54426771186682,0.976185210928994,13.17,0,0,191,0
41,30,64.2295108844958,4.54426771186682,0.976185210928994,18.79,0,0,116,0
41,30,64.2295108844958,4.54426771186682,0.976185210928994,22.91,0,0,126,0
42,30,98.5128952765125,3.4566817444508,0.980467127366425,0,101,30000,0,1
42,30,98.5128952765125,3.4566817444508,0.980467127366425,8.02,0,0,237,0
42,30,98.5128952765125,3.4566817444508,0.980467127366425,8.92,0,0,214,0
42,30,98.5128952765125,3.4566817444508,0.980467127366425,9.26,0,0,185,0
42,30,98.5128952765125,3.4566817444508,0.980467127366425,14.77,0,0,182,0
43,30,47.9599343397999,4.5424296064033,0.979507975743087,0,101,30000,0,1
43,30,47.9599343397999,4.5424296064033,0.979507975743087,12.48,0,0,259,0
43,30,47.9599343397999,4.5424296064033,0.979507975743087,13.02,0,0,198,0
43,30,47.9599343397999,4.5424296064033,0.979507975743087,13.7,0,0,193,0
43,30,47.9599343397999,4.5424296064033,0.979507975743087,23.63,0,0,91,0
44,30,42.313043343657,3.49831656007996,0.943542697545927,0,101,30000,0,1
44,30,42.313043343657,3.49831656007996,0.943542697545927,2.66,0,0,693,0
44,30,42.313043343657,3.49831656007996,0.943542697545927,9.47,0,0,576,0
44,30,42.313043343657,3.49831656007996,0.943542697545927,9.95,0,0,383,0
44,30,42.313043343657,3.49831656007996,0.943542697545927,19.53,0,0,154,0
45,30,82.2145130189464,5.4167128007604,1.07202261605648,0,101,30000,0,1
45,30,82.2145130189464,5.4167128007604,1.07202261605648,0.11,0,0,37,0
45,30,82.2145130189464,5.4167128007604,1.07202261605648,6.03,0,0,331,0
45,30,82.2145130189464,5.4167128007604,1.07202261605648,10.03,0,0,189,0
45,30,82.2145130189464,5.4167128007604,1.07202261605648,10.08,0,0,167,0
46,30,92.1111433055676,3.92454643549237,0.765926348490527,0,101,30000,0,1
46,30,92.1111433055676,3.92454643549237,0.765926348490527,11.61,0,0,238,0
46,30,92.1111433055676,3.92454643549237,0.765926348490527,12.39,0,0,203,0
46,30,92.1111433055676,3.92454643549237,0.765926348490527,16.12,0,0,162,0
46,30,92.1111433055676,3.92454643549237,0.765926348490527,16.17,0,0,174,0
47,30,59.5740271972973,3.15598415466551,1.59865228914633,0,101,30000,0,1
47,30,59.5740271972973,3.15598415466551,1.59865228914633,3.25,0,0,412,0
47,30,59.5740271972973,3.15598415466551,1.59865228914633,10.69,0,0,322,0
47,30,59.5740271972973,3.15598415466551,1.59865228914633,12.66,0,0,362,0
47,30,59.5740271972973,3.15598415466551,1.59865228914633,22.37,0,0,122,0
48,30,56.5801276808849,3.53211727386886,1.04832916464918,0,101,30000,0,1
48,30,56.5801276808849,3.53211727386886,1.04832916464918,8.18,0,0,385,0
48,30,56.5801276808849,3.53211727386886,1.04832916464918,10.08,0,0,257,0
48,30,56.5801276808849,3.53211727386886,1.04832916464918,19.06,0,0,160,0
48,30,56.5801276808849,3.53211727386886,1.04832916464918,23.24,0,0,102,0
49,30,75.6847254988732,5.969188740628,0.900742882654411,0,101,30000,0,1
49,30,75.6847254988732,5.969188740628,0.900742882654411,2.53,0,0,354,0
49,30,75.6847254988732,5.969188740628,0.900742882654411,5.73,0,0,223,0
49,30,75.6847254988732,5.969188740628,0.900742882654411,8.19,0,0,273,0
49,30,75.6847254988732,5.969188740628,0.900742882654411,16.15,0,0,145,0
50,30,100.891428465735,4.14537994739258,0.70468321823505,0,101,30000,0,1
50,30,100.891428465735,4.14537994739258,0.70468321823505,3.59,0,0,185,0
50,30,100.891428465735,4.14537994739258,0.70468321823505,4.07,0,0,219,0
50,30,100.891428465735,4.14537994739258,0.70468321823505,4.83,0,0,304,0
50,30,100.891428465735,4.14537994739258,0.70468321823505,9.36,0,0,178,0
51,30,43.6445493857036,3.65441777089403,1.00853825899112,0,101,30000,0,1
51,30,43.6445493857036,3.65441777089403,1.00853825899112,9.71,0,0,315,0
51,30,43.6445493857036,3.65441777089403,1.00853825899112,10.73,0,0,202,0
51,30,43.6445493857036,3.65441777089403,1.00853825899112,19.31,0,0,151,0
51,30,43.6445493857036,3.65441777089403,1.00853825899112,20.75,0,0,134,0
52,30,64.7977958835126,4.24695392707946,1.28259846326534,0,101,30000,0,1
52,30,64.7977958835126,4.24695392707946,1.28259846326534,0.44,0,0,235,0
52,30,64.7977958835126,4.24695392707946,1.28259846326534,0.75,0,0,484,0
52,30,64.7977958835126,4.24695392707946,1.28259846326534,2.64,0,0,261,0
52,30,64.7977958835126,4.24695392707946,1.28259846326534,6.66,0,0,329,0
53,30,61.2229390956508,2.75973157378089,1.34268757622761,0,101,30000,0,1
53,30,61.2229390956508,2.75973157378089,1.34268757622761,1.69,0,0,392,0
53,30,61.2229390956508,2.75973157378089,1.34268757622761,9.24,0,0,262,0
53,30,61.2229390956508,2.75973157378089,1.34268757622761,22.83,0,0,169,0
53,30,61.2229390956508,2.75973157378089,1.34268757622761,23.98,0,0,204,0
54,30,74.8737861043989,2.69017782045718,0.91561083774755,0,101,30000,0,1
54,30,74.8737861043989,2.69017782045718,0.91561083774755,6.02,0,0,287,0
54,30,74.8737861043989,2.69017782045718,0.91561083774755,6.7,0,0,384,0
54,30,74.8737861043989,2.69017782045718,0.91561083774755,7.15,0,0,342,0
54,30,74.8737861043989,2.69017782045718,0.91561083774755,13.07,0,0,191,0
55,30,79.3402465710205,6.03621122116017,0.765088893398127,0,101,30000,0,1
55,30,79.3402465710205,6.03621122116017,0.765088893398127,3.91,0,0,385,0
55,30,79.3402465710205,6.03621122116017,0.765088893398127,7.05,0,0,379,0
55,30,79.3402465710205,6.03621122116017,0.765088893398127,10.99,0,0,227,0
55,30,79.3402465710205,6.03621122116017,0.765088893398127,13.62,0,0,159,0
56,30,54.0888775853742,3.43804685626999,1.41160900768396,0,101,30000,0,1
56,30,54.0888775853742,3.43804685626999,1.41160900768396,2.82,0,0,487,0
56,30,54.0888775853742,3.43804685626999,1.41160900768396,3.93,0,0,359,0
56,30,54.0888775853742,3.43804685626999,1.41160900768396,9.85,0,0,224,0
56,30,54.0888775853742,3.43804685626999,1.41160900768396,19.49,0,0,183,0
57,30,122.17693004437,5.01350680149267,0.581968624133415,0,101,30000,0,1
57,30,122.17693004437,5.01350680149267,0.581968624133415,0.69,0,0,68,0
57,30,122.17693004437,5.01350680149267,0.581968624133415,6.56,0,0,157,0
57,30,122.17693004437,5.01350680149267,0.581968624133415,11.45,0,0,184,0
57,30,122.17693004437,5.01350680149267,0.581968624133415,15.23,0,0,133,0
58,30,80.4798979654314,3.13043479061675,1.36457694324267,0,101,30000,0,1
58,30,80.4798979654314,3.13043479061675,1.36457694324267,4.62,0,0,349,0
58,30,80.4798979654314,3.13043479061675,1.36457694324267,8.28,0,0,293,0
58,30,80.4798979654314,3.13043479061675,1.36457694324267,10.78,0,0,279,0
58,30,80.4798979654314,3.13043479061675,1.36457694324267,23.16,0,0,176,0
59,30,71.2351767267252,3.2241015222721,0.777519822769455,0,101,30000,0,1
59,30,71.2351767267252,3.2241015222721,0.777519822769455,1.55,0,0,248,0
59,30,71.2351767267252,3.2241015222721,0.777519822769455,1.81,0,0,459,0
59,30,71.2351767267252,3.2241015222721,0.777519822769455,9.34,0,0,279,0
59,30,71.2351767267252,3.2241015222721,0.777519822769455,15.16,0,0,161,0
60,30,54.1831224049025,3.57516842528416,0.831909547742557,0,101,30000,0,1
60,30,54.1831224049025,3.57516842528416,0.831909547742557,8.4,0,0,447,0
60,30,54.1831224049025,3.57516842528416,0.831909547742557,9.77,0,0,264,0
60,30,54.1831224049025,3.57516842528416,0.831909547742557,13.36,0,0,263,0
60,30,54.1831224049025,3.57516842528416,0.831909547742557,13.66,0,0,384,0
61,60,53.7604096771263,5.68166878039748,1.56923931692568,0,101,60000,0,1
61,60,53.7604096771263,5.68166878039748,1.56923931692568,2.44,0,0,1104,0
61,60,53.7604096771263,5.68166878039748,1.56923931692568,16.04,0,0,226,0
61,60,53.7604096771263,5.68166878039748,1.56923931692568,16.22,0,0,361,0
61,60,53.7604096771263,5.68166878039748,1.56923931692568,18.57,0,0,191,0
62,60,77.0325213759795,3.55215724159623,0.834905906147304,0,101,60000,0,1
62,60,77.0325213759795,3.55215724159623,0.834905906147304,5.21,0,0,463,0
62,60,77.0325213759795,3.55215724159623,0.834905906147304,11.73,0,0,364,0
62,60,77.0325213759795,3.55215724159623,0.834905906147304,16.88,0,0,427,0
62,60,77.0325213759795,3.55215724159623,0.834905906147304,20.95,0,0,281,0
63,60,56.6538587313653,6.11240821049312,0.596039524604483,0,101,60000,0,1
63,60,56.6538587313653,6.11240821049312,0.596039524604483,4.94,0,0,972,0
63,60,56.6538587313653,6.11240821049312,0.596039524604483,6.56,0,0,585,0
63,60,56.6538587313653,6.11240821049312,0.596039524604483,14.85,0,0,246,0
63,60,56.6538587313653,6.11240821049312,0.596039524604483,18.34,0,0,236,0
64,60,78.1787397841685,5.48932613398244,0.749184229484951,0,101,60000,0,1
64,60,78.1787397841685,5.48932613398244,0.749184229484951,5.61,0,0,512,0
64,60,78.1787397841685,5.48932613398244,0.749184229484951,7.17,0,0,543,0
64,60,78.1787397841685,5.48932613398244,0.749184229484951,9.45,0,0,514,0
64,60,78.1787397841685,5.48932613398244,0.749184229484951,10.76,0,0,514,0
65,60,77.7244928484461,5.36472698989121,0.835730884198191,0,101,60000,0,1
65,60,77.7244928484461,5.36472698989121,0.835730884198191,2.62,0,0,486,0
65,60,77.7244928484461,5.36472698989121,0.835730884198191,3.95,0,0,465,0
65,60,77.7244928484461,5.36472698989121,0.835730884198191,10.41,0,0,339,0
65,60,77.7244928484461,5.36472698989121,0.835730884198191,18.09,0,0,325,0
66,60,71.1403315465939,2.65536424241553,1.54629594865878,0,101,60000,0,1
66,60,71.1403315465939,2.65536424241553,1.54629594865878,13.03,0,0,435,0
66,60,71.1403315465939,2.65536424241553,1.54629594865878,15.47,0,0,467,0
66,60,71.1403315465939,2.65536424241553,1.54629594865878,17.39,0,0,455,0
66,60,71.1403315465939,2.65536424241553,1.54629594865878,23.71,0,0,297,0
67,60,96.0813557465127,3.42099455247473,1.22917939222214,0,101,60000,0,1
67,60,96.0813557465127,3.42099455247473,1.22917939222214,6.49,0,0,567,0
67,60,96.0813557465127,3.42099455247473,1.22917939222214,8.65,0,0,384,0
67,60,96.0813557465127,3.42099455247473,1.22917939222214,17.71,0,0,292,0
67,60,96.0813557465127,3.42099455247473,1.22917939222214,19.52,0,0,314,0
68,60,89.1529129085791,5.64771727400053,0.65913283295468,0,101,60000,0,1
68,60,89.1529129085791,5.64771727400053,0.65913283295468,4.44,0,0,677,0
68,60,89.1529129085791,5.64771727400053,0.65913283295468,8.55,0,0,392,0
68,60,89.1529129085791,5.64771727400053,0.65913283295468,13.57,0,0,354,0
68,60,89.1529129085791,5.64771727400053,0.65913283295468,17.16,0,0,246,0
69,60,62.974371258632,2.00639048103669,0.80144046668027,0,101,60000,0,1
69,60,62.974371258632,2.00639048103669,0.80144046668027,0.96,0,0,445,0
69,60,62.974371258632,2.00639048103669,0.80144046668027,6.12,0,0,827,0
69,60,62.974371258632,2.00639048103669,0.80144046668027,6.2,0,0,809,0
69,60,62.974371258632,2.00639048103669,0.80144046668027,16.54,0,0,698,0
70,60,76.2450542717852,2.50823806063111,0.965925938923573,0,101,60000,0,1
70,60,76.2450542717852,2.50823806063111,0.965925938923573,0.98,0,0,394,0
70,60,76.2450542717852,2.50823806063111,0.965925938923573,6.22,0,0,778,0
70,60,76.2450542717852,2.50823806063111,0.965925938923573,8.37,0,0,702,0
70,60,76.2450542717852,2.50823806063111,0.965925938923573,19.72,0,0,385,0
71,60,41.226952996756,4.07302585664593,1.05261681090267,0,101,60000,0,1
71,60,41.226952996756,4.07302585664593,1.05261681090267,2.94,0,0,1175,0
71,60,41.226952996756,4.07302585664593,1.05261681090267,4,0,0,1737,0
71,60,41.226952996756,4.07302585664593,1.05261681090267,19.61,0,0,239,0
71,60,41.226952996756,4.07302585664593,1.05261681090267,23.03,0,0,197,0
72,60,38.6821523265049,5.27309908948243,1.22697055651529,0,101,60000,0,1
72,60,38.6821523265049,5.27309908948243,1.22697055651529,9.15,0,0,364,0
72,60,38.6821523265049,5.27309908948243,1.22697055651529,11.67,0,0,413,0
72,60,38.6821523265049,5.27309908948243,1.22697055651529,17.51,0,0,116,0
72,60,38.6821523265049,5.27309908948243,1.22697055651529,20.12,0,0,89,0
73,60,89.3066188960639,2.33544038641851,2.02993669019917,0,101,60000,0,1
73,60,89.3066188960639,2.33544038641851,2.02993669019917,6.83,0,0,500,0
73,60,89.3066188960639,2.33544038641851,2.02993669019917,9.71,0,0,459,0
73,60,89.3066188960639,2.33544038641851,2.02993669019917,18.79,0,0,471,0
73,60,89.3066188960639,2.33544038641851,2.02993669019917,19.63,0,0,468,0
74,60,49.0769541110912,3.21342090868778,0.90788637188311,0,101,60000,0,1
74,60,49.0769541110912,3.21342090868778,0.90788637188311,3.11,0,0,1040,0
74,60,49.0769541110912,3.21342090868778,0.90788637188311,13.62,0,0,586,0
74,60,49.0769541110912,3.21342090868778,0.90788637188311,20.38,0,0,409,0
74,60,49.0769541110912,3.21342090868778,0.90788637188311,21.05,0,0,417,0
75,60,74.5399369583729,2.97677100703028,0.598045374812554,0,101,60000,0,1
75,60,74.5399369583729,2.97677100703028,0.598045374812554,13.02,0,0,450,0
75,60,74.5399369583729,2.97677100703028,0.598045374812554,13.64,0,0,600,0
75,60,74.5399369583729,2.97677100703028,0.598045374812554,16.83,0,0,450,0
75,60,74.5399369583729,2.97677100703028,0.598045374812554,20.41,0,0,330,0
76,60,57.8125169496603,3.20948384042163,1.02739390070514,0,101,60000,0,1
76,60,57.8125169496603,3.20948384042163,1.02739390070514,0.96,0,0,599,0
76,60,57.8125169496603,3.20948384042163,1.02739390070514,3.48,0,0,992,0
76,60,57.8125169496603,3.20948384042163,1.02739390070514,6.2,0,0,668,0
76,60,57.8125169496603,3.20948384042163,1.02739390070514,23.13,0,0,243,0
77,60,65.9126523193599,3.45183563129307,0.951292981855673,0,101,60000,0,1
77,60,65.9126523193599,3.45183563129307,0.951292981855673,14.65,0,0,302,0
77,60,65.9126523193599,3.45183563129307,0.951292981855673,14.83,0,0,639,0
77,60,65.9126523193599,3.45183563129307,0.951292981855673,18.85,0,0,360,0
77,60,65.9126523193599,3.45183563129307,0.951292981855673,20.46,0,0,540,0
78,60,59.3989690294542,9.46095027898287,0.640956138199595,0,101,60000,0,1
78,60,59.3989690294542,9.46095027898287,0.640956138199595,6.81,0,0,366,0
78,60,59.3989690294542,9.46095027898287,0.640956138199595,7.79,0,0,374,0
78,60,59.3989690294542,9.46095027898287,0.640956138199595,11.79,0,0,192,0
78,60,59.3989690294542,9.46095027898287,0.640956138199595,12.51,0,0,147,0
79,60,49.9531838281089,3.59693938481888,1.01069642615142,0,101,60000,0,1
79,60,49.9531838281089,3.59693938481888,1.01069642615142,19.88,0,0,324,0
79,60,49.9531838281089,3.59693938481888,1.01069642615142,20.56,0,0,290,0
79,60,49.9531838281089,3.59693938481888,1.01069642615142,22.41,0,0,274,0
79,60,49.9531838281089,3.59693938481888,1.01069642615142,23.61,0,0,291,0
80,60,53.3742401804023,6.058760703786,0.95885546171317,0,101,60000,0,1
80,60,53.3742401804023,6.058760703786,0.95885546171317,2.57,0,0,1135,0
80,60,53.3742401804023,6.058760703786,0.95885546171317,10.38,0,0,571,0
80,60,53.3742401804023,6.058760703786,0.95885546171317,15.28,0,0,190,0
80,60,53.3742401804023,6.058760703786,0.95885546171317,20.87,0,0,162,0
81,60,72.8190207593733,3.38075594801552,1.1409169035466,0,101,60000,0,1
81,60,72.8190207593733,3.38075594801552,1.1409169035466,3.08,0,0,681,0
81,60,72.8190207593733,3.38075594801552,1.1409169035466,5.32,0,0,768,0
81,60,72.8190207593733,3.38075594801552,1.1409169035466,13.8,0,0,465,0
81,60,72.8190207593733,3.38075594801552,1.1409169035466,14.67,0,0,502,0
82,60,70.5693296875191,5.14379934202723,1.23425365516636,0,101,60000,0,1
82,60,70.5693296875191,5.14379934202723,1.23425365516636,0.16,0,0,133,0
82,60,70.5693296875191,5.14379934202723,1.23425365516636,11.9,0,0,319,0
82,60,70.5693296875191,5.14379934202723,1.23425365516636,16.16,0,0,342,0
82,60,70.5693296875191,5.14379934202723,1.23425365516636,19.86,0,0,222,0
83,60,94.7868192889573,3.98256399124611,1.12499101590843,0,101,60000,0,1
83,60,94.7868192889573,3.98256399124611,1.12499101590843,11.27,0,0,410,0
83,60,94.7868192889573,3.98256399124611,1.12499101590843,15.02,0,0,293,0
83,60,94.7868192889573,3.98256399124611,1.12499101590843,17.76,0,0,240,0
83,60,94.7868192889573,3.98256399124611,1.12499101590843,22.73,0,0,189,0
84,60,54.05117483783,3.65575391900372,1.02116846362081,0,101,60000,0,1
84,60,54.05117483783,3.65575391900372,1.02116846362081,2.52,0,0,870,0
84,60,54.05117483783,3.65575391900372,1.02116846362081,2.66,0,0,1119,0
84,60,54.05117483783,3.65575391900372,1.02116846362081,18.16,0,0,336,0
84,60,54.05117483783,3.65575391900372,1.02116846362081,22.14,0,0,372,0
85,60,46.83898310628,4.22586502283071,0.79890882210408,0,101,60000,0,1
85,60,46.83898310628,4.22586502283071,0.79890882210408,3.01,0,0,871,0
85,60,46.83898310628,4.22586502283071,0.79890882210408,17.23,0,0,281,0
85,60,46.83898310628,4.22586502283071,0.79890882210408,18.58,0,0,332,0
85,60,46.83898310628,4.22586502283071,0.79890882210408,21.16,0,0,265,0
86,60,60.8544626714434,3.79673248576134,1.32654784017553,0,101,60000,0,1
86,60,60.8544626714434,3.79673248576134,1.32654784017553,4.41,0,0,863,0
86,60,60.8544626714434,3.79673248576134,1.32654784017553,7.8,0,0,610,0
86,60,60.8544626714434,3.79673248576134,1.32654784017553,14.06,0,0,476,0
86,60,60.8544626714434,3.79673248576134,1.32654784017553,15.65,0,0,407,0
87,60,45.6708176595907,3.40460875931535,0.800126004773267,0,101,60000,0,1
87,60,45.6708176595907,3.40460875931535,0.800126004773267,4.5,0,0,858,0
87,60,45.6708176595907,3.40460875931535,0.800126004773267,5.59,0,0,826,0
87,60,45.6708176595907,3.40460875931535,0.800126004773267,12.62,0,0,508,0
87,60,45.6708176595907,3.40460875931535,0.800126004773267,15.85,0,0,391,0
88,60,90.27349880404,6.26241019797516,0.827054684101692,0,101,60000,0,1
88,60,90.27349880404,6.26241019797516,0.827054684101692,2.84,0,0,505,0
88,60,90.27349880404,6.26241019797516,0.827054684101692,7.07,0,0,399,0
88,60,90.27349880404,6.26241019797516,0.827054684101692,8.11,0,0,377,0
88,60,90.27349880404,6.26241019797516,0.827054684101692,17.84,0,0,183,0
89,60,65.7548746096385,7.05273014442881,0.880306902285082,0,101,60000,0,1
89,60,65.7548746096385,7.05273014442881,0.880306902285082,7.32,0,0,737,0
89,60,65.7548746096385,7.05273014442881,0.880306902285082,15.05,0,0,226,0
89,60,65.7548746096385,7.05273014442881,0.880306902285082,17.32,0,0,136,0
89,60,65.7548746096385,7.05273014442881,0.880306902285082,20.57,0,0,76,0
90,60,98.4088881201063,2.31375536887659,1.50224305150074,0,101,60000,0,1
90,60,98.4088881201063,2.31375536887659,1.50224305150074,5.14,0,0,535,0
90,60,98.4088881201063,2.31375536887659,1.50224305150074,8.49,0,0,480,0
90,60,98.4088881201063,2.31375536887659,1.50224305150074,9.64,0,0,484,0
90,60,98.4088881201063,2.31375536887659,1.50224305150074,23.06,0,0,396,0
91,120,64.1584549197546,3.1290168297794,1.01862197757502,0,101,120000,0,1
91,120,64.1584549197546,3.1290168297794,1.01862197757502,0.17,0,0,429,0
91,120,64.1584549197546,3.1290168297794,1.01862197757502,11.56,0,0,981,0
91,120,64.1584549197546,3.1290168297794,1.01862197757502,15.93,0,0,1073,0
91,120,64.1584549197546,3.1290168297794,1.01862197757502,18.46,0,0,591,0
92,120,67.1251755006715,4.69234232936641,1.28097666522641,0,101,120000,0,1
92,120,67.1251755006715,4.69234232936641,1.28097666522641,2.57,0,0,1351,0
92,120,67.1251755006715,4.69234232936641,1.28097666522641,3.8,0,0,1293,0
92,120,67.1251755006715,4.69234232936641,1.28097666522641,19.1,0,0,416,0
92,120,67.1251755006715,4.69234232936641,1.28097666522641,22.91,0,0,352,0
93,120,107.754593823742,3.34355307642057,1.17837515926196,0,101,120000,0,1
93,120,107.754593823742,3.34355307642057,1.17837515926196,8.36,0,0,1053,0
93,120,107.754593823742,3.34355307642057,1.17837515926196,10.46,0,0,1176,0
93,120,107.754593823742,3.34355307642057,1.17837515926196,16.65,0,0,634,0
93,120,107.754593823742,3.34355307642057,1.17837515926196,23.91,0,0,776,0
94,120,92.496210695566,4.47062948158236,0.694707101641852,0,101,120000,0,1
94,120,92.496210695566,4.47062948158236,0.694707101641852,10.96,0,0,886,0
94,120,92.496210695566,4.47062948158236,0.694707101641852,14.88,0,0,663,0
94,120,92.496210695566,4.47062948158236,0.694707101641852,18.73,0,0,533,0
94,120,92.496210695566,4.47062948158236,0.694707101641852,22.67,0,0,483,0
95,120,45.1933025380777,6.96021796604107,0.721214237963328,0,101,120000,0,1
95,120,45.1933025380777,6.96021796604107,0.721214237963328,6.49,0,0,1416,0
95,120,45.1933025380777,6.96021796604107,0.721214237963328,10.67,0,0,535,0
95,120,45.1933025380777,6.96021796604107,0.721214237963328,11.47,0,0,412,0
95,120,45.1933025380777,6.96021796604107,0.721214237963328,23.27,0,0,81,0
96,120,85.4839888256298,3.37563705571801,0.77793559210459,0,101,120000,0,1
96,120,85.4839888256298,3.37563705571801,0.77793559210459,5.5,0,0,1152,0
96,120,85.4839888256298,3.37563705571801,0.77793559210459,9.61,0,0,927,0
96,120,85.4839888256298,3.37563705571801,0.77793559210459,12.94,0,0,948,0
96,120,85.4839888256298,3.37563705571801,0.77793559210459,21.62,0,0,570,0
97,120,56.2902557965035,4.31738584812449,0.939843086948472,0,101,120000,0,1
97,120,56.2902557965035,4.31738584812449,0.939843086948472,6.57,0,0,1129,0
97,120,56.2902557965035,4.31738584812449,0.939843086948472,7.13,0,0,1747,0
97,120,56.2902557965035,4.31738584812449,0.939843086948472,12.9,0,0,981,0
97,120,56.2902557965035,4.31738584812449,0.939843086948472,23.91,0,0,428,0
98,120,72.3988020156653,2.66206644251767,0.891504411918938,0,101,120000,0,1
98,120,72.3988020156653,2.66206644251767,0.891504411918938,5.13,0,0,1499,0
98,120,72.3988020156653,2.66206644251767,0.891504411918938,18.01,0,0,1254,0
98,120,72.3988020156653,2.66206644251767,0.891504411918938,18.33,0,0,763,0
98,120,72.3988020156653,2.66206644251767,0.891504411918938,19.21,0,0,867,0
99,120,146.43231527736,3.45276748201209,1.26223093501554,0,101,120000,0,1
99,120,146.43231527736,3.45276748201209,1.26223093501554,0.05,0,0,40,0
99,120,146.43231527736,3.45276748201209,1.26223093501554,5,0,0,594,0
99,120,146.43231527736,3.45276748201209,1.26223093501554,8.29,0,0,545,0
99,120,146.43231527736,3.45276748201209,1.26223093501554,15.41,0,0,623,0
100,120,109.188255630699,4.42634548161619,1.21206250390273,0,101,120000,0,1
100,120,109.188255630699,4.42634548161619,1.21206250390273,1.26,0,0,773,0
100,120,109.188255630699,4.42634548161619,1.21206250390273,6.37,0,0,975,0
100,120,109.188255630699,4.42634548161619,1.21206250390273,11.24,0,0,645,0
100,120,109.188255630699,4.42634548161619,1.21206250390273,22.33,0,0,463,0
101,120,54.9335252094545,5.44065322023163,1.07660897611481,0,101,120000,0,1
101,120,54.9335252094545,5.44065322023163,1.07660897611481,11.06,0,0,833,0
101,120,54.9335252094545,5.44065322023163,1.07660897611481,18.79,0,0,413,0
101,120,54.9335252094545,5.44065322023163,1.07660897611481,20.1,0,0,390,0
101,120,54.9335252094545,5.44065322023163,1.07660897611481,20.44,0,0,372,0
102,120,37.0799759252321,3.1487550518353,0.879701607260474,0,101,120000,0,1
102,120,37.0799759252321,3.1487550518353,0.879701607260474,2.47,0,0,2323,0
102,120,37.0799759252321,3.1487550518353,0.879701607260474,3.98,0,0,2920,0
102,120,37.0799759252321,3.1487550518353,0.879701607260474,4.45,0,0,2051,0
102,120,37.0799759252321,3.1487550518353,0.879701607260474,16.57,0,0,1119,0
103,120,59.6278756806002,3.68621416244003,1.50478707570406,0,101,120000,0,1
103,120,59.6278756806002,3.68621416244003,1.50478707570406,11.21,0,0,849,0
103,120,59.6278756806002,3.68621416244003,1.50478707570406,18.73,0,0,566,0
103,120,59.6278756806002,3.68621416244003,1.50478707570406,19.11,0,0,788,0
103,120,59.6278756806002,3.68621416244003,1.50478707570406,20.04,0,0,663,0
104,120,69.6685457977953,6.1378545379837,0.857184168596509,0,101,120000,0,1
104,120,69.6685457977953,6.1378545379837,0.857184168596509,15.07,0,0,577,0
104,120,69.6685457977953,6.1378545379837,0.857184168596509,16.1,0,0,587,0
104,120,69.6685457977953,6.1378545379837,0.857184168596509,19.29,0,0,243,0
104,120,69.6685457977953,6.1378545379837,0.857184168596509,20.02,0,0,415,0
105,120,46.2573998162774,2.41585073275212,1.03070321885584,0,101,120000,0,1
105,120,46.2573998162774,2.41585073275212,1.03070321885584,5.51,0,0,1999,0
105,120,46.2573998162774,2.41585073275212,1.03070321885584,5.98,0,0,2053,0
105,120,46.2573998162774,2.41585073275212,1.03070321885584,15.78,0,0,1506,0
105,120,46.2573998162774,2.41585073275212,1.03070321885584,20.02,0,0,856,0
106,120,144.811208693156,5.60012028639379,0.664672853647724,0,101,120000,0,1
106,120,144.811208693156,5.60012028639379,0.664672853647724,1.33,0,0,541,0
106,120,144.811208693156,5.60012028639379,0.664672853647724,3.21,0,0,739,0
106,120,144.811208693156,5.60012028639379,0.664672853647724,5.8,0,0,496,0
106,120,144.811208693156,5.60012028639379,0.664672853647724,17.47,0,0,593,0
107,120,91.806029698137,4.61927974516561,0.670556298550069,0,101,120000,0,1
107,120,91.806029698137,4.61927974516561,0.670556298550069,0.55,0,0,418,0
107,120,91.806029698137,4.61927974516561,0.670556298550069,6.75,0,0,920,0
107,120,91.806029698137,4.61927974516561,0.670556298550069,12.13,0,0,776,0
107,120,91.806029698137,4.61927974516561,0.670556298550069,20.66,0,0,555,0
108,120,56.7762001854381,4.36017969771685,0.935970596534016,0,101,120000,0,1
108,120,56.7762001854381,4.36017969771685,0.935970596534016,1.24,0,0,1134,0
108,120,56.7762001854381,4.36017969771685,0.935970596534016,4.22,0,0,1344,0
108,120,56.7762001854381,4.36017969771685,0.935970596534016,15.68,0,0,514,0
108,120,56.7762001854381,4.36017969771685,0.935970596534016,19.14,0,0,459,0
109,120,90.13132345599,3.21066044903405,0.850155094702045,0,101,120000,0,1
109,120,90.13132345599,3.21066044903405,0.850155094702045,4.6,0,0,1478,0
109,120,90.13132345599,3.21066044903405,0.850155094702045,7.34,0,0,1675,0
109,120,90.13132345599,3.21066044903405,0.850155094702045,21.55,0,0,659,0
109,120,90.13132345599,3.21066044903405,0.850155094702045,23.1,0,0,749,0
110,120,71.9491367546099,2.78773655191165,1.15369645433268,0,101,120000,0,1
110,120,71.9491367546099,2.78773655191165,1.15369645433268,8.5,0,0,1132,0
110,120,71.9491367546099,2.78773655191165,1.15369645433268,10.93,0,0,1465,0
110,120,71.9491367546099,2.78773655191165,1.15369645433268,12.28,0,0,1573,0
110,120,71.9491367546099,2.78773655191165,1.15369645433268,21.85,0,0,946,0
111,120,51.6710820656853,2.22790649845049,1.05745311066039,0,101,120000,0,1
111,120,51.6710820656853,2.22790649845049,1.05745311066039,4.44,0,0,1476,0
111,120,51.6710820656853,2.22790649845049,1.05745311066039,15.27,0,0,1566,0
111,120,51.6710820656853,2.22790649845049,1.05745311066039,15.68,0,0,1446,0
111,120,51.6710820656853,2.22790649845049,1.05745311066039,22.91,0,0,1059,0
112,120,77.1088982065047,5.9572631673981,1.65582772505338,0,101,120000,0,1
112,120,77.1088982065047,5.9572631673981,1.65582772505338,7.47,0,0,582,0
112,120,77.1088982065047,5.9572631673981,1.65582772505338,8.89,0,0,1042,0
112,120,77.1088982065047,5.9572631673981,1.65582772505338,17.04,0,0,432,0
112,120,77.1088982065047,5.9572631673981,1.65582772505338,18.33,0,0,357,0
113,120,75.1900543719845,2.6382278095187,1.06952139654086,0,101,120000,0,1
113,120,75.1900543719845,2.6382278095187,1.06952139654086,0.14,0,0,188,0
113,120,75.1900543719845,2.6382278095187,1.06952139654086,3.71,0,0,1407,0
113,120,75.1900543719845,2.6382278095187,1.06952139654086,14.17,0,0,1235,0
113,120,75.1900543719845,2.6382278095187,1.06952139654086,16.49,0,0,1168,0
114,120,103.0271335955,3.80964909391045,1.67635899093215,0,101,120000,0,1
114,120,103.0271335955,3.80964909391045,1.67635899093215,11.49,0,0,909,0
114,120,103.0271335955,3.80964909391045,1.67635899093215,15.78,0,0,726,0
114,120,103.0271335955,3.80964909391045,1.67635899093215,20.84,0,0,454,0
114,120,103.0271335955,3.80964909391045,1.67635899093215,22.53,0,0,465,0
115,120,84.0051802096225,3.77907576490113,1.37455176702075,0,101,120000,0,1
115,120,84.0051802096225,3.77907576490113,1.37455176702075,4.28,0,0,1651,0
115,120,84.0051802096225,3.77907576490113,1.37455176702075,9.73,0,0,799,0
115,120,84.0051802096225,3.77907576490113,1.37455176702075,12.69,0,0,822,0
115,120,84.0051802096225,3.77907576490113,1.37455176702075,23.37,0,0,415,0
116,120,92.5104808472049,4.73216024916946,0.837794567055679,0,101,120000,0,1
116,120,92.5104808472049,4.73216024916946,0.837794567055679,3.44,0,0,962,0
116,120,92.5104808472049,4.73216024916946,0.837794567055679,10.81,0,0,779,0
116,120,92.5104808472049,4.73216024916946,0.837794567055679,15.56,0,0,586,0
116,120,92.5104808472049,4.73216024916946,0.837794567055679,20.93,0,0,437,0
117,120,82.599166346582,3.06322187135308,0.997892169429207,0,101,120000,0,1
117,120,82.599166346582,3.06322187135308,0.997892169429207,0.14,0,0,168,0
117,120,82.599166346582,3.06322187135308,0.997892169429207,1.48,0,0,1230,0
117,120,82.599166346582,3.06322187135308,0.997892169429207,13.87,0,0,633,0
117,120,82.599166346582,3.06322187135308,0.997892169429207,15.85,0,0,714,0
118,120,90.6883642853579,3.55421079263439,0.648853064587122,0,101,120000,0,1
118,120,90.6883642853579,3.55421079263439,0.648853064587122,3.62,0,0,1160,0
118,120,90.6883642853579,3.55421079263439,0.648853064587122,11.85,0,0,913,0
118,120,90.6883642853579,3.55421079263439,0.648853064587122,16.6,0,0,782,0
118,120,90.6883642853579,3.55421079263439,0.648853064587122,19.25,0,0,671,0
119,120,53.0654815177229,3.25438912667529,1.81847171918077,0,101,120000,0,1
119,120,53.0654815177229,3.25438912667529,1.81847171918077,4.22,0,0,1920,0
119,120,53.0654815177229,3.25438912667529,1.81847171918077,9.44,0,0,1273,0
119,120,53.0654815177229,3.25438912667529,1.81847171918077,11.16,0,0,1128,0
119,120,53.0654815177229,3.25438912667529,1.81847171918077,15.48,0,0,952,0
120,120,68.8034257785221,2.66097864997931,1.88651243092953,0,101,120000,0,1
120,120,68.8034257785221,2.66097864997931,1.88651243092953,3.18,0,0,1733,0
120,120,68.8034257785221,2.66097864997931,1.88651243092953,4.03,0,0,1324,0
120,120,68.8034257785221,2.66097864997931,1.88651243092953,8.35,0,0,1190,0
120,120,68.8034257785221,2.66097864997931,1.88651243092953,19.69,0,0,721,0
