ID,DOSE,V,CL,KA,TIME,EVID,AMT,DV,EVIDNM
1,10,46.5776506577744,7.13345377489923,1.30487551001001,0,101,10000,0,1
1,10,46.5776506577744,7.13345377489923,1.30487551001001,10.99,0,0,52,0
1,10,46.5776506577744,7.13345377489923,1.30487551001001,13.87,0,0,23,0
1,10,46.5776506577744,7.13345377489923,1.30487551001001,18.89,0,0,16,0
1,10,46.5776506577744,7.13345377489923,1.30487551001001,22.26,0,0,7,0
2,10,37.300028939479,2.53660267374916,1.04615689279845,0,101,10000,0,1
2,10,37.300028939479,2.53660267374916,1.04615689279845,2.72,0,0,236,0
2,10,37.300028939479,2.53660267374916,1.04615689279845,5.47,0,0,208,0
2,10,37.300028939479,2.53660267374916,1.04615689279845,12.35,0,0,102,0
2,10,37.300028939479,2.53660267374916,1.04615689279845,18.09,0,0,134,0
3,10,63.2600227116163,6.65409695772977,0.868039397945056,0,101,10000,0,1
3,10,63.2600227116163,6.65409695772977,0.868039397945056,0.41,0,0,46,0
3,10,63.2600227116163,6.65409695772977,0.868039397945056,4.28,0,0,104,0
3,10,63.2600227116163,6.65409695772977,0.868039397945056,5.29,0,0,135,0
3,10,63.2600227116163,6.65409695772977,0.868039397945056,18.65,0,0,30,0
4,10,60.3384410798861,4.12990875869115,1.14629711733194,0,101,10000,0,1
4,10,60.3384410798861,4.12990875869115,1.14629711733194,5.02,0,0,101,0
4,10,60.3384410798861,4.12990875869115,1.14629711733194,15.6,0,0,62,0
4,10,60.3384410798861,4.12990875869115,1.14629711733194,21.88,0,0,39,0
4,10,60.3384410798861,4.12990875869115,1.14629711733194,23.25,0,0,39,0
5,10,61.1653736250563,4.56019830730844,1.30735581342929,0,101,10000,0,1
5,10,61.1653736250563,4.56019830730844,1.30735581342929,3.93,0,0,107,0
5,10,61.1653736250563,4.56019830730844,1.30735581342929,4.99,0,0,97,0
5,10,61.1653736250563,4.56019830730844,1.30735581342929,19.92,0,0,35,0
5,10,61.1653736250563,4.56019830730844,1.30735581342929,23.85,0,0,26,0
6,10,55.282166250777,5.71700360006606,1.00547762301573,0,101,10000,0,1
6,10,55.282166250777,5.71700360006606,1.00547762301573,0.29,0,0,50,0
6,10,55.282166250777,5.71700360006606,1.00547762301573,6.37,0,0,137,0
6,10,55.282166250777,5.71700360006606,1.00547762301573,8.01,0,0,101,0
6,10,55.282166250777,5.71700360006606,1.00547762301573,17.71,0,0,28,0
7,10,83.0400191746286,4.09821992409991,0.601020620085125,0,101,10000,0,1
7,10,83.0400191746286,4.09821992409991,0.601020620085125,8.22,0,0,80,0
7,10,83.0400191746286,4.09821992409991,0.601020620085125,10.26,0,0,53,0
7,10,83.0400191746286,4.09821992409991,0.601020620085125,13.26,0,0,82,0
7,10,83.0400191746286,4.09821992409991,0.601020620085125,18.32,0,0,40,0
8,10,63.1657088612066,2.53846125303214,0.781411273361957,0,101,10000,0,1
8,10,63.1657088612066,2.53846125303214,0.781411273361957,0.45,0,0,36,0
8,10,63.1657088612066,2.53846125303214,0.781411273361957,5.71,0,0,148,0
8,10,63.1657088612066,2.53846125303214,0.781411273361957,14.7,0,0,103,0
8,10,63.1657088612066,2.53846125303214,0.781411273361957,15.06,0,0,80,0
9,10,48.9298702131418,3.92532139857961,1.35874149804042,0,101,10000,0,1
9,10,48.9298702131418,3.92532139857961,1.35874149804042,6.36,0,0,183,0
9,10,48.9298702131418,3.92532139857961,1.35874149804042,9.36,0,0,115,0
9,10,48.9298702131418,3.92532139857961,1.35874149804042,11.8,0,0,61,0
9,10,48.9298702131418,3.92532139857961,1.35874149804042,12.73,0,0,58,0
10,10,103.370745926963,3.03330587246858,0.799260598325317,0,101,10000,0,1
10,10,103.370745926963,3.03330587246858,0.799260598325317,10.24,0,0,72,0
10,10,103.370745926963,3.03330587246858,0.799260598325317,11.48,0,0,80,0
10,10,103.370745926963,3.03330587246858,0.799260598325317,22.26,0,0,70,0
10,10,103.370745926963,3.03330587246858,0.799260598325317,23.61,0,0,54,0
11,10,95.7682723330853,3.38320934441597,1.18026313475907,0,101,10000,0,1
11,10,95.7682723330853,3.38320934441597,1.18026313475907,7.23,0,0,90,0
11,10,95.7682723330853,3.38320934441597,1.18026313475907,11.4,0,0,52,0
11,10,95.7682723330853,3.38320934441597,1.18026313475907,15.07,0,0,69,0
11,10,95.7682723330853,3.38320934441597,1.18026313475907,22.07,0,0,67,0
12,10,48.5089490190559,4.23706642644591,1.73035014993212,0,101,10000,0,1
12,10,48.5089490190559,4.23706642644591,1.73035014993212,2.89,0,0,154,0
12,10,48.5089490190559,4.23706642644591,1.73035014993212,7.19,0,0,140,0
12,10,48.5089490190559,4.23706642644591,1.73035014993212,9.22,0,0,107,0
12,10,48.5089490190559,4.23706642644591,1.73035014993212,21.69,0,0,30,0
13,10,71.8539436244974,7.69991513555953,1.21638563239397,0,101,10000,0,1
13,10,71.8539436244974,7.69991513555953,1.21638563239397,11.72,0,0,37,0
13,10,71.8539436244974,7.69991513555953,1.21638563239397,17.5,0,0,26,0
13,10,71.8539436244974,7.69991513555953,1.21638563239397,19.97,0,0,18,0
13,10,71.8539436244974,7.69991513555953,1.21638563239397,21.97,0,0,12,0
14,10,55.282166250777,5.71700360006606,1.00547762301573,0,101,10000,0,1
14,10,55.282166250777,5.71700360006606,1.00547762301573,0.29,0,0,50,0
14,10,55.282166250777,5.71700360006606,1.00547762301573,6.37,0,0,137,0
14,10,55.282166250777,5.71700360006606,1.00547762301573,8.01,0,0,101,0
14,10,55.282166250777,5.71700360006606,1.00547762301573,17.71,0,0,28,0
15,10,50.2602346064277,2.80205716500494,0.772542159112979,0,101,10000,0,1
15,10,50.2602346064277,2.80205716500494,0.772542159112979,4.99,0,0,186,0
15,10,50.2602346064277,2.80205716500494,0.772542159112979,5.34,0,0,213,0
15,10,50.2602346064277,2.80205716500494,0.772542159112979,7.77,0,0,138,0
15,10,50.2602346064277,2.80205716500494,0.772542159112979,12.08,0,0,131,0
16,10,72.337398100334,3.37952529255825,0.853130974813019,0,101,10000,0,1
16,10,72.337398100334,3.37952529255825,0.853130974813019,0.52,0,0,51,0
16,10,72.337398100334,3.37952529255825,0.853130974813019,12.02,0,0,102,0
16,10,72.337398100334,3.37952529255825,0.853130974813019,16.56,0,0,57,0
16,10,72.337398100334,3.37952529255825,0.853130974813019,20.91,0,0,56,0
17,10,93.3596853656461,3.0584876745683,0.882717710911501,0,101,10000,0,1
17,10,93.3596853656461,3.0584876745683,0.882717710911501,0.38,0,0,32,0
17,10,93.3596853656461,3.0584876745683,0.882717710911501,1.42,0,0,89,0
17,10,93.3596853656461,3.0584876745683,0.882717710911501,2.47,0,0,115,0
17,10,93.3596853656461,3.0584876745683,0.882717710911501,13.23,0,0,60,0
18,10,64.1749445359195,2.99011914687214,0.978140510718525,0,101,10000,0,1
18,10,64.1749445359195,2.99011914687214,0.978140510718525,1.11,0,0,68,0
18,10,64.1749445359195,2.99011914687214,0.978140510718525,2.91,0,0,182,0
18,10,64.1749445359195,2.99011914687214,0.978140510718525,4.33,0,0,86,0
18,10,64.1749445359195,2.99011914687214,0.978140510718525,22.32,0,0,73,0
19,10,61.8753986212638,2.94756117121066,0.954818169299391,0,101,10000,0,1
19,10,61.8753986212638,2.94756117121066,0.954818169299391,1.3,0,0,93,0
19,10,61.8753986212638,2.94756117121066,0.954818169299391,4.8,0,0,155,0
19,10,61.8753986212638,2.94756117121066,0.954818169299391,8.37,0,0,185,0
19,10,61.8753986212638,2.94756117121066,0.954818169299391,14.47,0,0,60,0
20,10,73.4044223442303,2.84240043638342,0.700991308606307,0,101,10000,0,1
20,10,73.4044223442303,2.84240043638342,0.700991308606307,0.49,0,0,26,0
20,10,73.4044223442303,2.84240043638342,0.700991308606307,6.52,0,0,141,0
20,10,73.4044223442303,2.84240043638342,0.700991308606307,8.61,0,0,89,0
20,10,73.4044223442303,2.84240043638342,0.700991308606307,8.73,0,0,109,0
21,10,47.6077447412423,4.13599666146474,0.734347711464087,0,101,10000,0,1
21,10,47.6077447412423,4.13599666146474,0.734347711464087,1.2,0,0,109,0
21,10,47.6077447412423,4.13599666146474,0.734347711464087,10.23,0,0,78,0
21,10,47.6077447412423,4.13599666146474,0.734347711464087,12.19,0,0,136,0
21,10,47.6077447412423,4.13599666146474,0.734347711464087,14.22,0,0,49,0
22,10,126.687501927891,6.28709604843641,1.35637781544133,0,101,10000,0,1
22,10,126.687501927891,6.28709604843641,1.35637781544133,0.85,0,0,51,0
22,10,126.687501927891,6.28709604843641,1.35637781544133,5.64,0,0,75,0
22,10,126.687501927891,6.28709604843641,1.35637781544133,6.95,0,0,65,0
22,10,126.687501927891,6.28709604843641,1.35637781544133,13.92,0,0,58,0
23,10,92.2684317333902,5.27449586270712,0.559150106489141,0,101,10000,0,1
23,10,92.2684317333902,5.27449586270712,0.559150106489141,2.97,0,0,85,0
23,10,92.2684317333902,5.27449586270712,0.559150106489141,4.7,0,0,101,0
23,10,92.2684317333902,5.27449586270712,0.559150106489141,20.54,0,0,33,0
23,10,92.2684317333902,5.27449586270712,0.559150106489141,21.53,0,0,35,0
24,10,72.0388755302129,4.65702102639381,1.37420522987016,0,101,10000,0,1
24,10,72.0388755302129,4.65702102639381,1.37420522987016,0.28,0,0,56,0
24,10,72.0388755302129,4.65702102639381,1.37420522987016,5.26,0,0,97,0
24,10,72.0388755302129,4.65702102639381,1.37420522987016,8.06,0,0,100,0
24,10,72.0388755302129,4.65702102639381,1.37420522987016,15.6,0,0,49,0
25,10,62.9700591641756,3.06611576071232,0.88620686803562,0,101,10000,0,1
25,10,62.9700591641756,3.06611576071232,0.88620686803562,6.13,0,0,139,0
25,10,62.9700591641756,3.06611576071232,0.88620686803562,14.42,0,0,64,0
25,10,62.9700591641756,3.06611576071232,0.88620686803562,18.63,0,0,60,0
25,10,62.9700591641756,3.06611576071232,0.88620686803562,23.82,0,0,35,0
26,10,60.4983569346608,3.72624751716684,1.18702171165816,0,101,10000,0,1
26,10,60.4983569346608,3.72624751716684,1.18702171165816,1.46,0,0,130,0
26,10,60.4983569346608,3.72624751716684,1.18702171165816,5.11,0,0,133,0
26,10,60.4983569346608,3.72624751716684,1.18702171165816,14.73,0,0,99,0
26,10,60.4983569346608,3.72624751716684,1.18702171165816,18.44,0,0,68,0
27,10,68.3103114025763,4.02395223249017,2.0873529666106,0,101,10000,0,1
27,10,68.3103114025763,4.02395223249017,2.0873529666106,8.35,0,0,83,0
27,10,68.3103114025763,4.02395223249017,2.0873529666106,15.52,0,0,63,0
27,10,68.3103114025763,4.02395223249017,2.0873529666106,22.78,0,0,47,0
27,10,68.3103114025763,4.02395223249017,2.0873529666106,22.84,0,0,48,0
28,10,70.8963775244784,4.88153952127691,1.80535511146775,0,101,10000,0,1
28,10,70.8963775244784,4.88153952127691,1.80535511146775,1.4,0,0,126,0
28,10,70.8963775244784,4.88153952127691,1.80535511146775,14.37,0,0,55,0
28,10,70.8963775244784,4.88153952127691,1.80535511146775,18.74,0,0,35,0
28,10,70.8963775244784,4.88153952127691,1.80535511146775,22.68,0,0,25,0
29,10,57.3876327364972,6.47215737825261,0.828161215104432,0,101,10000,0,1
29,10,57.3876327364972,6.47215737825261,0.828161215104432,10.08,0,0,60,0
29,10,57.3876327364972,6.47215737825261,0.828161215104432,18.61,0,0,27,0
29,10,57.3876327364972,6.47215737825261,0.828161215104432,19.46,0,0,23,0
29,10,57.3876327364972,6.47215737825261,0.828161215104432,23.18,0,0,16,0
30,10,48.7405551088452,4.98586205930696,0.87313494808752,0,101,10000,0,1
30,10,48.7405551088452,4.98586205930696,0.87313494808752,4.45,0,0,219,0
30,10,48.7405551088452,4.98586205930696,0.87313494808752,6.05,0,0,102,0
30,10,48.7405551088452,4.98586205930696,0.87313494808752,14.33,0,0,70,0
30,10,48.7405551088452,4.98586205930696,0.87313494808752,16.51,0,0,44,0
31,30,114.044207768517,3.03945479069179,0.706548299537408,0,101,30000,0,1
31,30,114.044207768517,3.03945479069179,0.706548299537408,7.33,0,0,159,0
31,30,114.044207768517,3.03945479069179,0.706548299537408,14.55,0,0,193,0
31,30,114.044207768517,3.03945479069179,0.706548299537408,14.58,0,0,191,0
31,30,114.044207768517,3.03945479069179,0.706548299537408,22.03,0,0,169,0
32,30,34.6188623584828,3.74131997312939,1.83197487149568,0,101,30000,0,1
32,30,34.6188623584828,3.74131997312939,1.83197487149568,4.16,0,0,499,0
32,30,34.6188623584828,3.74131997312939,1.83197487149568,7.64,0,0,310,0
32,30,34.6188623584828,3.74131997312939,1.83197487149568,14.55,0,0,209,0
32,30,34.6188623584828,3.74131997312939,1.83197487149568,17.43,0,0,164,0
33,30,56.136954337236,4.39920047284564,0.611283435039422,0,101,30000,0,1
33,30,56.136954337236,4.39920047284564,0.611283435039422,6.66,0,0,330,0
33,30,56.136954337236,4.39920047284564,0.611283435039422,12.58,0,0,168,0
33,30,56.136954337236,4.39920047284564,0.611283435039422,16.44,0,0,168,0
33,30,56.136954337236,4.39920047284564,0.611283435039422,20.61,0,0,119,0
34,30,68.9794596302675,3.0743476761246,0.828108913836255,0,101,30000,0,1
34,30,68.9794596302675,3.0743476761246,0.828108913836255,4.67,0,0,315,0
34,30,68.9794596302675,3.0743476761246,0.828108913836255,6.93,0,0,333,0
34,30,68.9794596302675,3.0743476761246,0.828108913836255,8.49,0,0,563,0
34,30,68.9794596302675,3.0743476761246,0.828108913836255,10.65,0,0,228,0
35,30,92.7194081944156,2.24502924379759,0.819670368117206,0,101,30000,0,1
35,30,92.7194081944156,2.24502924379759,0.819670368117206,10.15,0,0,218,0
35,30,92.7194081944156,2.24502924379759,0.819670368117206,11.3,0,0,221,0
35,30,92.7194081944156,2.24502924379759,0.819670368117206,15.2,0,0,160,0
35,30,92.7194081944156,2.24502924379759,0.819670368117206,21.04,0,0,181,0
36,30,67.9989542924659,3.03858311342929,1.11830372836012,0,101,30000,0,1
36,30,67.9989542924659,3.03858311342929,1.11830372836012,0.65,0,0,238,0
36,30,67.9989542924659,3.03858311342929,1.11830372836012,13.92,0,0,267,0
36,30,67.9989542924659,3.03858311342929,1.11830372836012,18.89,0,0,200,0
36,30,67.9989542924659,3.03858311342929,1.11830372836012,23.03,0,0,155,0
37,30,109.391385224453,4.84237778753078,0.756459452035044,0,101,30000,0,1
37,30,109.391385224453,4.84237778753078,0.756459452035044,5.78,0,0,198,0
37,30,109.391385224453,4.84237778753078,0.756459452035044,15.21,0,0,187,0
37,30,109.391385224453,4.84237778753078,0.756459452035044,16.93,0,0,111,0
37,30,109.391385224453,4.84237778753078,0.756459452035044,22.78,0,0,83,0
38,30,74.6939065433454,3.43241944528372,0.911868178173482,0,101,30000,0,1
38,30,74.6939065433454,3.43241944528372,0.911868178173482,4.15,0,0,415,0
38,30,74.6939065433454,3.43241944528372,0.911868178173482,13.21,0,0,166,0
38,30,74.6939065433454,3.43241944528372,0.911868178173482,15.48,0,0,270,0
38,30,74.6939065433454,3.43241944528372,0.911868178173482,20.75,0,0,142,0
39,30,70.8353521072119,3.8503158720151,0.950259038397458,0,101,30000,0,1
39,30,70.8353521072119,3.8503158720151,0.950259038397458,3.74,0,0,353,0
39,30,70.8353521072119,3.8503158720151,0.950259038397458,9.66,0,0,247,0
39,30,70.8353521072119,3.8503158720151,0.950259038397458,11.3,0,0,244,0
39,30,70.8353521072119,3.8503158720151,0.950259038397458,14.19,0,0,203,0
40,30,98.7231433106929,2.78818430636022,1.2714421834817,0,101,30000,0,1
40,30,98.7231433106929,2.78818430636022,1.2714421834817,7.27,0,0,266,0
40,30,98.7231433106929,2.78818430636022,1.2714421834817,8.63,0,0,189,0
40,30,98.7231433106929,2.78818430636022,1.2714421834817,11.69,0,0,190,0
40,30,98.7231433106929,2.78818430636022,1.2714421834817,20.72,0,0,180,0
41,30,66.792875784406,4.38617817799477,0.707578743600537,0,101,30000,0,1
41,30,66.792875784406,4.38617817799477,0.707578743600537,5.37,0,0,343,0
41,30,66.792875784406,4.38617817799477,0.707578743600537,18.6,0,0,94,0
41,30,66.792875784406,4.38617817799477,0.707578743600537,20.96,0,0,125,0
41,30,66.792875784406,4.38617817799477,0.707578743600537,21.74,0,0,82,0
42,30,58.0714788079497,4.86916537753924,0.607196195241335,0,101,30000,0,1
42,30,58.0714788079497,4.86916537753924,0.607196195241335,5.11,0,0,369,0
42,30,58.0714788079497,4.86916537753924,0.607196195241335,10.44,0,0,189,0
42,30,58.0714788079497,4.86916537753924,0.607196195241335,14.02,0,0,151,0
42,30,58.0714788079497,4.86916537753924,0.607196195241335,18.5,0,0,113,0
43,30,60.808965938352,4.77531992887134,1.21280720919655,0,101,30000,0,1
43,30,60.808965938352,4.77531992887134,1.21280720919655,2.2,0,0,359,0
43,30,60.808965938352,4.77531992887134,1.21280720919655,15.69,0,0,190,0
43,30,60.808965938352,4.77531992887134,1.21280720919655,20.65,0,0,82,0
43,30,60.808965938352,4.77531992887134,1.21280720919655,23.74,0,0,126,0
44,30,70.7757014403175,4.50671101886284,1.0987794782171,0,101,30000,0,1
44,30,70.7757014403175,4.50671101886284,1.0987794782171,0.93,0,0,281,0
44,30,70.7757014403175,4.50671101886284,1.0987794782171,3.36,0,0,325,0
44,30,70.7757014403175,4.50671101886284,1.0987794782171,20.68,0,0,90,0
44,30,70.7757014403175,4.50671101886284,1.0987794782171,22.76,0,0,95,0
45,30,83.8370828684449,2.91421886888659,1.10903522762293,0,101,30000,0,1
45,30,83.8370828684449,2.91421886888659,1.10903522762293,1.75,0,0,296,0
45,30,83.8370828684449,2.91421886888659,1.10903522762293,7.8,0,0,214,0
45,30,83.8370828684449,2.91421886888659,1.10903522762293,21.51,0,0,202,0
45,30,83.8370828684449,2.91421886888659,1.10903522762293,21.61,0,0,175,0
46,30,79.8948639542878,2.93742862344385,1.0104337553849,0,101,30000,0,1
46,30,79.8948639542878,2.93742862344385,1.0104337553849,1.07,0,0,249,0
46,30,79.8948639542878,2.93742862344385,1.0104337553849,12.03,0,0,212,0
46,30,79.8948639542878,2.93742862344385,1.0104337553849,19.56,0,0,151,0
46,30,79.8948639542878,2.93742862344385,1.0104337553849,23.4,0,0,153,0
47,30,61.5821834620177,3.83386919256515,1.6071308864913,0,101,30000,0,1
47,30,61.5821834620177,3.83386919256515,1.6071308864913,14.71,0,0,166,0
47,30,61.5821834620177,3.83386919256515,1.6071308864913,16.16,0,0,199,0
47,30,61.5821834620177,3.83386919256515,1.6071308864913,17.25,0,0,174,0
47,30,61.5821834620177,3.83386919256515,1.6071308864913,22.56,0,0,166,0
48,30,58.3851242274412,3.33823772450027,1.06499732338728,0,101,30000,0,1
48,30,58.3851242274412,3.33823772450027,1.06499732338728,1.25,0,0,309,0
48,30,58.3851242274412,3.33823772450027,1.06499732338728,17.62,0,0,174,0
48,30,58.3851242274412,3.33823772450027,1.06499732338728,20.28,0,0,168,0
48,30,58.3851242274412,3.33823772450027,1.06499732338728,23.6,0,0,139,0
49,30,79.3576794616344,2.60393308709784,0.866283325590047,0,101,30000,0,1
49,30,79.3576794616344,2.60393308709784,0.866283325590047,4.54,0,0,384,0
49,30,79.3576794616344,2.60393308709784,0.866283325590047,12.12,0,0,252,0
49,30,79.3576794616344,2.60393308709784,0.866283325590047,13.52,0,0,384,0
49,30,79.3576794616344,2.60393308709784,0.866283325590047,16.38,0,0,226,0
50,30,101.379752516631,4.68143482301436,0.780652061238322,0,101,30000,0,1
50,30,101.379752516631,4.68143482301436,0.780652061238322,5.51,0,0,208,0
50,30,101.379752516631,4.68143482301436,0.780652061238322,7.7,0,0,187,0
50,30,101.379752516631,4.68143482301436,0.780652061238322,10.4,0,0,252,0
50,30,101.379752516631,4.68143482301436,0.780652061238322,21.42,0,0,141,0
51,30,64.2203464383971,5.19458469086969,1.09464689328757,0,101,30000,0,1
51,30,64.2203464383971,5.19458469086969,1.09464689328757,14.7,0,0,187,0
51,30,64.2203464383971,5.19458469086969,1.09464689328757,18,0,0,156,0
51,30,64.2203464383971,5.19458469086969,1.09464689328757,18.52,0,0,94,0
51,30,64.2203464383971,5.19458469086969,1.09464689328757,22.01,0,0,79,0
52,30,121.552084837369,3.54181171178508,0.973549959375055,0,101,30000,0,1
52,30,121.552084837369,3.54181171178508,0.973549959375055,6,0,0,207,0
52,30,121.552084837369,3.54181171178508,0.973549959375055,15.12,0,0,220,0
52,30,121.552084837369,3.54181171178508,0.973549959375055,18.56,0,0,134,0
52,30,121.552084837369,3.54181171178508,0.973549959375055,21.57,0,0,120,0
53,30,43.8228175892444,3.80840001324318,1.00265666770232,0,101,30000,0,1
53,30,43.8228175892444,3.80840001324318,1.00265666770232,6.86,0,0,328,0
53,30,43.8228175892444,3.80840001324318,1.00265666770232,14.63,0,0,245,0
53,30,43.8228175892444,3.80840001324318,1.00265666770232,23.39,0,0,96,0
53,30,43.8228175892444,3.80840001324318,1.00265666770232,23.97,0,0,84,0
54,30,96.0171619704947,3.2739092287531,1.31683739211145,0,101,30000,0,1
54,30,96.0171619704947,3.2739092287531,1.31683739211145,10.67,0,0,189,0
54,30,96.0171619704947,3.2739092287531,1.31683739211145,15.03,0,0,220,0
54,30,96.0171619704947,3.2739092287531,1.31683739211145,22.65,0,0,132,0
54,30,96.0171619704947,3.2739092287531,1.31683739211145,23.93,0,0,85,0
55,30,67.2577657553417,4.18134991317392,1.13029772883955,0,101,30000,0,1
55,30,67.2577657553417,4.18134991317392,1.13029772883955,3.13,0,0,400,0
55,30,67.2577657553417,4.18134991317392,1.13029772883955,5.82,0,0,270,0
55,30,67.2577657553417,4.18134991317392,1.13029772883955,12.76,0,0,186,0
55,30,67.2577657553417,4.18134991317392,1.13029772883955,22.31,0,0,113,0
56,30,92.6021249559851,3.89847099655984,1.03792874967581,0,101,30000,0,1
56,30,92.6021249559851,3.89847099655984,1.03792874967581,8.16,0,0,220,0
56,30,92.6021249559851,3.89847099655984,1.03792874967581,12.35,0,0,286,0
56,30,92.6021249559851,3.89847099655984,1.03792874967581,17.44,0,0,147,0
56,30,92.6021249559851,3.89847099655984,1.03792874967581,17.95,0,0,132,0
57,30,101.379752516631,4.68143482301436,0.780652061238322,0,101,30000,0,1
57,30,101.379752516631,4.68143482301436,0.780652061238322,5.51,0,0,208,0
57,30,101.379752516631,4.68143482301436,0.780652061238322,7.7,0,0,187,0
57,30,101.379752516631,4.68143482301436,0.780652061238322,10.4,0,0,252,0
57,30,101.379752516631,4.68143482301436,0.780652061238322,21.42,0,0,141,0
58,30,88.5517914214318,3.87523724760907,0.791533631833288,0,101,30000,0,1
58,30,88.5517914214318,3.87523724760907,0.791533631833288,5.91,0,0,233,0
58,30,88.5517914214318,3.87523724760907,0.791533631833288,6.17,0,0,332,0
58,30,88.5517914214318,3.87523724760907,0.791533631833288,7,0,0,247,0
58,30,88.5517914214318,3.87523724760907,0.791533631833288,10.86,0,0,242,0
59,30,50.6372395954677,3.44615871174751,0.86251928857397,0,101,30000,0,1
59,30,50.6372395954677,3.44615871174751,0.86251928857397,0.29,0,0,95,0
59,30,50.6372395954677,3.44615871174751,0.86251928857397,1.99,0,0,528,0
59,30,50.6372395954677,3.44615871174751,0.86251928857397,7.77,0,0,459,0
59,30,50.6372395954677,3.44615871174751,0.86251928857397,17.8,0,0,118,0
60,30,81.8974641554695,3.3690447069366,1.14572208358716,0,101,30000,0,1
60,30,81.8974641554695,3.3690447069366,1.14572208358716,3.03,0,0,369,0
60,30,81.8974641554695,3.3690447069366,1.14572208358716,11.86,0,0,252,0
60,30,81.8974641554695,3.3690447069366,1.14572208358716,16.15,0,0,201,0
60,30,81.8974641554695,3.3690447069366,1.14572208358716,23.05,0,0,127,0
61,60,95.7981945886305,4.07054589892163,1.2108656302313,0,101,60000,0,1
61,60,95.7981945886305,4.07054589892163,1.2108656302313,1.47,0,0,523,0
61,60,95.7981945886305,4.07054589892163,1.2108656302313,3.05,0,0,584,0
61,60,95.7981945886305,4.07054589892163,1.2108656302313,16.47,0,0,342,0
61,60,95.7981945886305,4.07054589892163,1.2108656302313,23.69,0,0,140,0
62,60,91.2475386023506,2.38862926404053,0.879556414773715,0,101,60000,0,1
62,60,91.2475386023506,2.38862926404053,0.879556414773715,9.65,0,0,492,0
62,60,91.2475386023506,2.38862926404053,0.879556414773715,12.51,0,0,449,0
62,60,91.2475386023506,2.38862926404053,0.879556414773715,20.2,0,0,453,0
62,60,91.2475386023506,2.38862926404053,0.879556414773715,20.73,0,0,301,0
63,60,118.720439369504,4.83467026024611,0.971075319957787,0,101,60000,0,1
63,60,118.720439369504,4.83467026024611,0.971075319957787,6.16,0,0,273,0
63,60,118.720439369504,4.83467026024611,0.971075319957787,7.82,0,0,314,0
63,60,118.720439369504,4.83467026024611,0.971075319957787,9.25,0,0,432,0
63,60,118.720439369504,4.83467026024611,0.971075319957787,17.74,0,0,333,0
64,60,31.1971437737409,4.55129000980082,1.4687267292144,0,101,60000,0,1
64,60,31.1971437737409,4.55129000980082,1.4687267292144,7.24,0,0,1031,0
64,60,31.1971437737409,4.55129000980082,1.4687267292144,16.92,0,0,150,0
64,60,31.1971437737409,4.55129000980082,1.4687267292144,17.88,0,0,160,0
64,60,31.1971437737409,4.55129000980082,1.4687267292144,21.86,0,0,63,0
65,60,64.850874662098,7.43136031985674,0.729482515123245,0,101,60000,0,1
65,60,64.850874662098,7.43136031985674,0.729482515123245,0.97,0,0,431,0
65,60,64.850874662098,7.43136031985674,0.729482515123245,11.17,0,0,310,0
65,60,64.850874662098,7.43136031985674,0.729482515123245,21.53,0,0,144,0
65,60,64.850874662098,7.43136031985674,0.729482515123245,23.63,0,0,66,0
66,60,89.6780110061452,2.63582819187767,1.13835037003958,0,101,60000,0,1
66,60,89.6780110061452,2.63582819187767,1.13835037003958,0.28,0,0,231,0
66,60,89.6780110061452,2.63582819187767,1.13835037003958,7.05,0,0,654,0
66,60,89.6780110061452,2.63582819187767,1.13835037003958,17.55,0,0,394,0
66,60,89.6780110061452,2.63582819187767,1.13835037003958,18.75,0,0,330,0
67,60,102.713383507662,2.64893492808363,1.38258593142237,0,101,60000,0,1
67,60,102.713383507662,2.64893492808363,1.38258593142237,9.03,0,0,370,0
67,60,102.713383507662,2.64893492808363,1.38258593142237,12.5,0,0,491,0
67,60,102.713383507662,2.64893492808363,1.38258593142237,16.67,0,0,351,0
67,60,102.713383507662,2.64893492808363,1.38258593142237,23.03,0,0,367,0
68,60,80.6929459661898,9.0757099101844,0.99861814464749,0,101,60000,0,1
68,60,80.6929459661898,9.0757099101844,0.99861814464749,11.19,0,0,204,0
68,60,80.6929459661898,9.0757099101844,0.99861814464749,11.69,0,0,204,0
68,60,80.6929459661898,9.0757099101844,0.99861814464749,20.22,0,0,77,0
69,60,115.610581045619,4.65258566108314,1.35811001931759,0,101,60000,0,1
69,60,115.610581045619,4.65258566108314,1.35811001931759,6.66,0,0,414,0
69,60,115.610581045619,4.65258566108314,1.35811001931759,11.69,0,0,299,0
69,60,115.610581045619,4.65258566108314,1.35811001931759,20.18,0,0,205,0
69,60,115.610581045619,4.65258566108314,1.35811001931759,20.51,0,0,202,0
70,60,61.921832438516,2.96306888097737,0.864274211541433,0,101,60000,0,1
70,60,61.921832438516,2.96306888097737,0.864274211541433,4.1,0,0,684,0
70,60,61.921832438516,2.96306888097737,0.864274211541433,10.45,0,0,634,0
70,60,61.921832438516,2.96306888097737,0.864274211541433,11.2,0,0,632,0
70,60,61.921832438516,2.96306888097737,0.864274211541433,14.85,0,0,460,0
71,60,46.602320444879,4.69854729559897,1.20667293288379,0,101,60000,0,1
71,60,46.602320444879,4.69854729559897,1.20667293288379,1.79,0,0,1475,0
71,60,46.602320444879,4.69854729559897,1.20667293288379,12.25,0,0,311,0
71,60,46.602320444879,4.69854729559897,1.20667293288379,20.25,0,0,211,0
71,60,46.602320444879,4.69854729559897,1.20667293288379,22.41,0,0,123,0
72,60,60.9305903758864,4.71428619235249,0.765125398342094,0,101,60000,0,1
72,60,60.9305903758864,4.71428619235249,0.765125398342094,2.85,0,0,846,0
72,60,60.9305903758864,4.71428619235249,0.765125398342094,14.45,0,0,291,0
72,60,60.9305903758864,4.71428619235249,0.765125398342094,17.37,0,0,236,0
72,60,60.9305903758864,4.71428619235249,0.765125398342094,22.99,0,0,186,0
73,60,56.1517673277898,3.04724565352823,1.2360490738089,0,101,60000,0,1
73,60,56.1517673277898,3.04724565352823,1.2360490738089,3.73,0,0,904,0
73,60,56.1517673277898,3.04724565352823,1.2360490738089,6.69,0,0,1367,0
73,60,56.1517673277898,3.04724565352823,1.2360490738089,13.05,0,0,572,0
73,60,56.1517673277898,3.04724565352823,1.2360490738089,21.64,0,0,304,0
74,60,52.498572655877,4.95934906136778,1.06082269010436,0,101,60000,0,1
74,60,52.498572655877,4.95934906136778,1.06082269010436,0.9,0,0,598,0
74,60,52.498572655877,4.95934906136778,1.06082269010436,4.17,0,0,741,0
74,60,52.498572655877,4.95934906136778,1.06082269010436,6.75,0,0,803,0
74,60,52.498572655877,4.95934906136778,1.06082269010436,20.2,0,0,199,0
75,60,79.7013772803699,4.51360501078916,0.675001757731023,0,101,60000,0,1
75,60,79.7013772803699,4.51360501078916,0.675001757731023,6.15,0,0,512,0
75,60,79.7013772803699,4.51360501078916,0.675001757731023,7.89,0,0,644,0
75,60,79.7013772803699,4.51360501078916,0.675001757731023,12.19,0,0,364,0
75,60,79.7013772803699,4.51360501078916,0.675001757731023,14.65,0,0,359,0
76,60,100.424659122231,2.96983600760767,0.794544865957834,0,101,60000,0,1
76,60,100.424659122231,2.96983600760767,0.794544865957834,0.56,0,0,214,0
76,60,100.424659122231,2.96983600760767,0.794544865957834,9.64,0,0,473,0
76,60,100.424659122231,2.96983600760767,0.794544865957834,10.49,0,0,389,0
76,60,100.424659122231,2.96983600760767,0.794544865957834,12.34,0,0,611,0
77,60,48.8507478320399,3.91073476228521,0.99080994027737,0,101,60000,0,1
77,60,48.8507478320399,3.91073476228521,0.99080994027737,4.35,0,0,1141,0
77,60,48.8507478320399,3.91073476228521,0.99080994027737,12.65,0,0,639,0
77,60,48.8507478320399,3.91073476228521,0.99080994027737,18.27,0,0,467,0
77,60,48.8507478320399,3.91073476228521,0.99080994027737,22.51,0,0,200,0
78,60,45.6375701285939,9.14055488290745,0.645767081307864,0,101,60000,0,1
78,60,45.6375701285939,9.14055488290745,0.645767081307864,2.55,0,0,756,0
78,60,45.6375701285939,9.14055488290745,0.645767081307864,12.39,0,0,204,0
78,60,45.6375701285939,9.14055488290745,0.645767081307864,16.53,0,0,56,0
78,60,45.6375701285939,9.14055488290745,0.645767081307864,16.8,0,0,80,0
79,60,64.9610864118788,3.91205316775612,1.60457569727506,0,101,60000,0,1
79,60,64.9610864118788,3.91205316775612,1.60457569727506,1.94,0,0,826,0
79,60,64.9610864118788,3.91205316775612,1.60457569727506,3.38,0,0,756,0
79,60,64.9610864118788,3.91205316775612,1.60457569727506,13.46,0,0,462,0
79,60,64.9610864118788,3.91205316775612,1.60457569727506,14.34,0,0,314,0
80,60,93.8585512781269,2.98483081617689,1.00160867626658,0,101,60000,0,1
80,60,93.8585512781269,2.98483081617689,1.00160867626658,5.88,0,0,685,0
80,60,93.8585512781269,2.98483081617689,1.00160867626658,13.4,0,0,534,0
80,60,93.8585512781269,2.98483081617689,1.00160867626658,14.16,0,0,405,0
80,60,93.8585512781269,2.98483081617689,1.00160867626658,16.9,0,0,446,0
81,60,75.0149556944057,3.7912085747563,1.2009962751434,0,101,60000,0,1
81,60,75.0149556944057,3.7912085747563,1.2009962751434,2.56,0,0,531,0
81,60,75.0149556944057,3.7912085747563,1.2009962751434,7.78,0,0,650,0
81,60,75.0149556944057,3.7912085747563,1.2009962751434,11.64,0,0,375,0
81,60,75.0149556944057,3.7912085747563,1.2009962751434,13.12,0,0,482,0
82,60,122.216551554974,2.68010891845128,1.20466696552497,0,101,60000,0,1
82,60,122.216551554974,2.68010891845128,1.20466696552497,0.53,0,0,240,0
82,60,122.216551554974,2.68010891845128,1.20466696552497,4.65,0,0,422,0
82,60,122.216551554974,2.68010891845128,1.20466696552497,11.69,0,0,340,0
82,60,122.216551554974,2.68010891845128,1.20466696552497,15.25,0,0,355,0
83,60,44.6579081078117,4.25244948008919,1.45281566579892,0,101,60000,0,1
83,60,44.6579081078117,4.25244948008919,1.45281566579892,3.81,0,0,1540,0
83,60,44.6579081078117,4.25244948008919,1.45281566579892,12.39,0,0,392,0
83,60,44.6579081078117,4.25244948008919,1.45281566579892,15.9,0,0,307,0
83,60,44.6579081078117,4.25244948008919,1.45281566579892,17.06,0,0,226,0
84,60,55.2731334075091,3.37845685099467,0.667239990759512,0,101,60000,0,1
84,60,55.2731334075091,3.37845685099467,0.667239990759512,3.52,0,0,938,0
84,60,55.2731334075091,3.37845685099467,0.667239990759512,4.39,0,0,944,0
84,60,55.2731334075091,3.37845685099467,0.667239990759512,5.82,0,0,713,0
84,60,55.2731334075091,3.37845685099467,0.667239990759512,22.66,0,0,242,0
85,60,67.5702239911246,6.07843702216769,1.95262326324122,0,101,60000,0,1
85,60,67.5702239911246,6.07843702216769,1.95262326324122,0.49,0,0,583,0
85,60,67.5702239911246,6.07843702216769,1.95262326324122,1.62,0,0,609,0
85,60,67.5702239911246,6.07843702216769,1.95262326324122,3.44,0,0,587,0
85,60,67.5702239911246,6.07843702216769,1.95262326324122,21.54,0,0,107,0
86,60,101.811698600069,3.77169328033149,1.19787849690352,0,101,60000,0,1
86,60,101.811698600069,3.77169328033149,1.19787849690352,7.1,0,0,375,0
86,60,101.811698600069,3.77169328033149,1.19787849690352,9.64,0,0,338,0
86,60,101.811698600069,3.77169328033149,1.19787849690352,12.09,0,0,458,0
86,60,101.811698600069,3.77169328033149,1.19787849690352,20.45,0,0,225,0
87,60,64.9174610980729,3.40599660512718,0.703033049126601,0,101,60000,0,1
87,60,64.9174610980729,3.40599660512718,0.703033049126601,0.84,0,0,398,0
87,60,64.9174610980729,3.40599660512718,0.703033049126601,13.91,0,0,392,0
87,60,64.9174610980729,3.40599660512718,0.703033049126601,15.51,0,0,429,0
87,60,64.9174610980729,3.40599660512718,0.703033049126601,18.64,0,0,361,0
88,60,104.709636599595,5.72115035031265,1.63960968430891,0,101,60000,0,1
88,60,104.709636599595,5.72115035031265,1.63960968430891,5.23,0,0,476,0
88,60,104.709636599595,5.72115035031265,1.63960968430891,8.73,0,0,450,0
88,60,104.709636599595,5.72115035031265,1.63960968430891,11.28,0,0,390,0
88,60,104.709636599595,5.72115035031265,1.63960968430891,22.46,0,0,182,0
89,60,78.0794899210521,3.29715317691233,1.64989217581984,0,101,60000,0,1
89,60,78.0794899210521,3.29715317691233,1.64989217581984,3.59,0,0,740,0
89,60,78.0794899210521,3.29715317691233,1.64989217581984,18.63,0,0,378,0
89,60,78.0794899210521,3.29715317691233,1.64989217581984,21.04,0,0,234,0
89,60,78.0794899210521,3.29715317691233,1.64989217581984,21.34,0,0,285,0
90,60,53.7963728319027,2.29978955738008,1.19890963883083,0,101,60000,0,1
90,60,53.7963728319027,2.29978955738008,1.19890963883083,13.57,0,0,717,0
90,60,53.7963728319027,2.29978955738008,1.19890963883083,13.62,0,0,862,0
90,60,53.7963728319027,2.29978955738008,1.19890963883083,16.52,0,0,599,0
90,60,53.7963728319027,2.29978955738008,1.19890963883083,22.24,0,0,547,0
91,120,90.8077648270714,3.32739487002278,0.911348575981723,0,101,120000,0,1
91,120,90.8077648270714,3.32739487002278,0.911348575981723,6.32,0,0,832,0
91,120,90.8077648270714,3.32739487002278,0.911348575981723,11.08,0,0,820,0
91,120,90.8077648270714,3.32739487002278,0.911348575981723,19.09,0,0,1145,0
91,120,90.8077648270714,3.32739487002278,0.911348575981723,19.33,0,0,573,0
92,120,46.2856640107795,4.56631162320245,0.892076602964351,0,101,120000,0,1
92,120,46.2856640107795,4.56631162320245,0.892076602964351,8.01,0,0,1369,0
92,120,46.2856640107795,4.56631162320245,0.892076602964351,11.83,0,0,1198,0
92,120,46.2856640107795,4.56631162320245,0.892076602964351,17.62,0,0,686,0
92,120,46.2856640107795,4.56631162320245,0.892076602964351,19.89,0,0,595,0
93,120,84.6106470321747,5.61619249967866,0.642257818954787,0,101,120000,0,1
93,120,84.6106470321747,5.61619249967866,0.642257818954787,5.31,0,0,1168,0
93,120,84.6106470321747,5.61619249967866,0.642257818954787,13.55,0,0,650,0
93,120,84.6106470321747,5.61619249967866,0.642257818954787,16.78,0,0,480,0
93,120,84.6106470321747,5.61619249967866,0.642257818954787,17.36,0,0,499,0
94,120,49.8787535767627,3.40402566199164,2.25106721297162,0,101,120000,0,1
94,120,49.8787535767627,3.40402566199164,2.25106721297162,7.74,0,0,1269,0
94,120,49.8787535767627,3.40402566199164,2.25106721297162,18.59,0,0,745,0
94,120,49.8787535767627,3.40402566199164,2.25106721297162,20.07,0,0,839,0
94,120,49.8787535767627,3.40402566199164,2.25106721297162,20.31,0,0,718,0
95,120,65.6985574180822,3.86318193239209,1.29232114504081,0,101,120000,0,1
95,120,65.6985574180822,3.86318193239209,1.29232114504081,1.72,0,0,1817,0
95,120,65.6985574180822,3.86318193239209,1.29232114504081,6.51,0,0,1596,0
95,120,65.6985574180822,3.86318193239209,1.29232114504081,9.39,0,0,1231,0
95,120,65.6985574180822,3.86318193239209,1.29232114504081,22.87,0,0,576,0
96,120,62.8332485080482,4.22417348678222,0.93385672896152,0,101,120000,0,1
96,120,62.8332485080482,4.22417348678222,0.93385672896152,5.59,0,0,1313,0
96,120,62.8332485080482,4.22417348678222,0.93385672896152,9.49,0,0,1011,0
96,120,62.8332485080482,4.22417348678222,0.93385672896152,16.3,0,0,729,0
96,120,62.8332485080482,4.22417348678222,0.93385672896152,23.58,0,0,344,0
97,120,30.2745980825231,5.88531879931062,0.998233423998828,0,101,120000,0,1
97,120,30.2745980825231,5.88531879931062,0.998233423998828,2.91,0,0,3124,0
97,120,30.2745980825231,5.88531879931062,0.998233423998828,7.11,0,0,1077,0
97,120,30.2745980825231,5.88531879931062,0.998233423998828,18.74,0,0,133,0
97,120,30.2745980825231,5.88531879931062,0.998233423998828,20.45,0,0,54,0
98,120,87.2856081478942,2.72308034220517,0.683618884687607,0,101,120000,0,1
98,120,87.2856081478942,2.72308034220517,0.683618884687607,5.21,0,0,887,0
98,120,87.2856081478942,2.72308034220517,0.683618884687607,16.7,0,0,1015,0
98,120,87.2856081478942,2.72308034220517,0.683618884687607,20.23,0,0,757,0
98,120,87.2856081478942,2.72308034220517,0.683618884687607,21.96,0,0,553,0
99,120,50.7704464268293,3.80266550964657,1.26789490043818,0,101,120000,0,1
99,120,50.7704464268293,3.80266550964657,1.26789490043818,5.76,0,0,1585,0
99,120,50.7704464268293,3.80266550964657,1.26789490043818,16.05,0,0,573,0
99,120,50.7704464268293,3.80266550964657,1.26789490043818,22.93,0,0,475,0
99,120,50.7704464268293,3.80266550964657,1.26789490043818,23.3,0,0,410,0
100,120,67.3845177676644,2.92147363518301,0.709561188916843,0,101,120000,0,1
100,120,67.3845177676644,2.92147363518301,0.709561188916843,10.94,0,0,974,0
100,120,67.3845177676644,2.92147363518301,0.709561188916843,18.59,0,0,629,0
100,120,67.3845177676644,2.92147363518301,0.709561188916843,20.67,0,0,789,0
100,120,67.3845177676644,2.92147363518301,0.709561188916843,22.16,0,0,741,0
101,120,64.1717045884461,6.15666400659087,1.89962220082573,0,101,120000,0,1
101,120,64.1717045884461,6.15666400659087,1.89962220082573,2.71,0,0,1649,0
101,120,64.1717045884461,6.15666400659087,1.89962220082573,9.45,0,0,687,0
101,120,64.1717045884461,6.15666400659087,1.89962220082573,22.31,0,0,235,0
101,120,64.1717045884461,6.15666400659087,1.89962220082573,23.62,0,0,275,0
102,120,47.952798600006,4.68626110703269,0.912549973663049,0,101,120000,0,1
102,120,47.952798600006,4.68626110703269,0.912549973663049,2.78,0,0,1809,0
102,120,47.952798600006,4.68626110703269,0.912549973663049,5.53,0,0,2247,0
102,120,47.952798600006,4.68626110703269,0.912549973663049,9.47,0,0,832,0
102,120,47.952798600006,4.68626110703269,0.912549973663049,14.65,0,0,580,0
103,120,57.1861834485699,4.5541294305573,1.16905892881925,0,101,120000,0,1
103,120,57.1861834485699,4.5541294305573,1.16905892881925,6.59,0,0,1635,0
103,120,57.1861834485699,4.5541294305573,1.16905892881925,10.16,0,0,901,0
103,120,57.1861834485699,4.5541294305573,1.16905892881925,14.48,0,0,901,0
103,120,57.1861834485699,4.5541294305573,1.16905892881925,19.03,0,0,600,0
104,120,91.5240803237696,3.85865572224815,1.03227867854913,0,101,120000,0,1
104,120,91.5240803237696,3.85865572224815,1.03227867854913,0.11,0,0,125,0
104,120,91.5240803237696,3.85865572224815,1.03227867854913,11.83,0,0,784,0
104,120,91.5240803237696,3.85865572224815,1.03227867854913,13.83,0,0,567,0
104,120,91.5240803237696,3.85865572224815,1.03227867854913,20.9,0,0,578,0
105,120,68.0230996574708,4.74159306447078,0.87556820888422,0,101,120000,0,1
105,120,68.0230996574708,4.74159306447078,0.87556820888422,1.81,0,0,1327,0
105,120,68.0230996574708,4.74159306447078,0.87556820888422,19.01,0,0,452,0
105,120,68.0230996574708,4.74159306447078,0.87556820888422,21.58,0,0,583,0
105,120,68.0230996574708,4.74159306447078,0.87556820888422,22.73,0,0,476,0
106,120,78.7660615552897,3.69754479699741,0.969934494391362,0,101,120000,0,1
106,120,78.7660615552897,3.69754479699741,0.969934494391362,7.78,0,0,826,0
106,120,78.7660615552897,3.69754479699741,0.969934494391362,13.89,0,0,688,0
106,120,78.7660615552897,3.69754479699741,0.969934494391362,17.83,0,0,587,0
106,120,78.7660615552897,3.69754479699741,0.969934494391362,19.61,0,0,651,0
107,120,50.930871402002,4.4427384592315,0.889609676470499,0,101,120000,0,1
107,120,50.930871402002,4.4427384592315,0.889609676470499,2.9,0,0,1902,0
107,120,50.930871402002,4.4427384592315,0.889609676470499,6.73,0,0,1257,0
107,120,50.930871402002,4.4427384592315,0.889609676470499,22.81,0,0,358,0
107,120,50.930871402002,4.4427384592315,0.889609676470499,23.74,0,0,462,0
108,120,71.0720551213002,4.17407499983952,0.935517664664602,0,101,120000,0,1
108,120,71.0720551213002,4.17407499983952,0.935517664664602,2.81,0,0,1867,0
108,120,71.0720551213002,4.17407499983952,0.935517664664602,4.58,0,0,1871,0
108,120,71.0720551213002,4.17407499983952,0.935517664664602,10.84,0,0,1220,0
108,120,71.0720551213002,4.17407499983952,0.935517664664602,21.77,0,0,513,0
109,120,64.0110754534409,2.79009434973893,0.951368252240585,0,101,120000,0,1
109,120,64.0110754534409,2.79009434973893,0.951368252240585,0.11,0,0,161,0
109,120,64.0110754534409,2.79009434973893,0.951368252240585,4.47,0,0,1282,0
109,120,64.0110754534409,2.79009434973893,0.951368252240585,20.39,0,0,1083,0
109,120,64.0110754534409,2.79009434973893,0.951368252240585,21.4,0,0,898,0
110,120,65.2504779475452,4.27713716217494,0.92708889148779,0,101,120000,0,1
110,120,65.2504779475452,4.27713716217494,0.92708889148779,1.97,0,0,1455,0
110,120,65.2504779475452,4.27713716217494,0.92708889148779,5.06,0,0,1041,0
110,120,65.2504779475452,4.27713716217494,0.92708889148779,11.7,0,0,838,0
110,120,65.2504779475452,4.27713716217494,0.92708889148779,18.75,0,0,469,0
111,120,65.7665794992381,4.23445493771623,1.50031073236758,0,101,120000,0,1
111,120,65.7665794992381,4.23445493771623,1.50031073236758,7.69,0,0,1132,0
111,120,65.7665794992381,4.23445493771623,1.50031073236758,7.98,0,0,1258,0
111,120,65.7665794992381,4.23445493771623,1.50031073236758,9.99,0,0,879,0
111,120,65.7665794992381,4.23445493771623,1.50031073236758,17.96,0,0,530,0
112,120,68.5186388993027,4.35132324784776,1.32091773859777,0,101,120000,0,1
112,120,68.5186388993027,4.35132324784776,1.32091773859777,9.16,0,0,950,0
112,120,68.5186388993027,4.35132324784776,1.32091773859777,11.35,0,0,705,0
112,120,68.5186388993027,4.35132324784776,1.32091773859777,19.89,0,0,631,0
112,120,68.5186388993027,4.35132324784776,1.32091773859777,20.59,0,0,717,0
113,120,82.1234055995228,5.08264795024477,1.20363007658708,0,101,120000,0,1
113,120,82.1234055995228,5.08264795024477,1.20363007658708,2.82,0,0,1223,0
113,120,82.1234055995228,5.08264795024477,1.20363007658708,10.68,0,0,714,0
113,120,82.1234055995228,5.08264795024477,1.20363007658708,15.05,0,0,708,0
113,120,82.1234055995228,5.08264795024477,1.20363007658708,16.8,0,0,427,0
114,120,70.5927917833586,2.27070942605919,0.91303628412291,0,101,120000,0,1
114,120,70.5927917833586,2.27070942605919,0.91303628412291,10.59,0,0,1502,0
114,120,70.5927917833586,2.27070942605919,0.91303628412291,17.33,0,0,1435,0
114,120,70.5927917833586,2.27070942605919,0.91303628412291,21.1,0,0,1427,0
114,120,70.5927917833586,2.27070942605919,0.91303628412291,23.16,0,0,1139,0
115,120,64.4201690470983,7.34387845224749,0.981516021359329,0,101,120000,0,1
115,120,64.4201690470983,7.34387845224749,0.981516021359329,6.39,0,0,1478,0
115,120,64.4201690470983,7.34387845224749,0.981516021359329,7.52,0,0,838,0
115,120,64.4201690470983,7.34387845224749,0.981516021359329,7.98,0,0,713,0
115,120,64.4201690470983,7.34387845224749,0.981516021359329,21.17,0,0,249,0
116,120,68.3065050083211,3.63215163362726,0.822178094703604,0,101,120000,0,1
116,120,68.3065050083211,3.63215163362726,0.822178094703604,7.19,0,0,1169,0
116,120,68.3065050083211,3.63215163362726,0.822178094703604,7.41,0,0,1353,0
116,120,68.3065050083211,3.63215163362726,0.822178094703604,10.94,0,0,1617,0
116,120,68.3065050083211,3.63215163362726,0.822178094703604,11.84,0,0,812,0
117,120,74.7028014541467,2.97339691851683,1.5568049478198,0,101,120000,0,1
117,120,74.7028014541467,2.97339691851683,1.5568049478198,0.54,0,0,793,0
117,120,74.7028014541467,2.97339691851683,1.5568049478198,3.33,0,0,1833,0
117,120,74.7028014541467,2.97339691851683,1.5568049478198,6.62,0,0,831,0
117,120,74.7028014541467,2.97339691851683,1.5568049478198,18.35,0,0,883,0
118,120,63.443858265558,2.19539672394827,0.690372468915072,0,101,120000,0,1
118,120,63.443858265558,2.19539672394827,0.690372468915072,8.8,0,0,1059,0
118,120,63.443858265558,2.19539672394827,0.690372468915072,13.67,0,0,1267,0
118,120,63.443858265558,2.19539672394827,0.690372468915072,16.08,0,0,1052,0
118,120,63.443858265558,2.19539672394827,0.690372468915072,17.82,0,0,1543,0
119,120,69.4695377418648,6.5056181201763,0.689033158806062,0,101,120000,0,1
119,120,69.4695377418648,6.5056181201763,0.689033158806062,5.61,0,0,1359,0
119,120,69.4695377418648,6.5056181201763,0.689033158806062,6.02,0,0,937,0
119,120,69.4695377418648,6.5056181201763,0.689033158806062,8.74,0,0,842,0
119,120,69.4695377418648,6.5056181201763,0.689033158806062,22.37,0,0,204,0
120,120,71.889525367523,7.67983989100469,0.913528529012739,0,101,120000,0,1
120,120,71.889525367523,7.67983989100469,0.913528529012739,7.75,0,0,615,0
120,120,71.889525367523,7.67983989100469,0.913528529012739,9.16,0,0,932,0
120,120,71.889525367523,7.67983989100469,0.913528529012739,10.89,0,0,685,0
120,120,71.889525367523,7.67983989100469,0.913528529012739,18.59,0,0,360,0
