ID,DOSE,V,CL,KA,TIME,EVID,AMT,DV,EVIDNM
1,10,74.4268367237299,2.53375576282092,1.37947537056127,0,101,10000,0,1
1,10,74.4268367237299,2.53375576282092,1.37947537056127,7.98,0,0,120,0
1,10,74.4268367237299,2.53375576282092,1.37947537056127,12.48,0,0,105,0
1,10,74.4268367237299,2.53375576282092,1.37947537056127,16.62,0,0,87,0
1,10,74.4268367237299,2.53375576282092,1.37947537056127,18.49,0,0,97,0
2,10,65.7307727256812,3.08267479130219,0.848496419742311,0,101,10000,0,1
2,10,65.7307727256812,3.08267479130219,0.848496419742311,5.15,0,0,78,0
2,10,65.7307727256812,3.08267479130219,0.848496419742311,7.01,0,0,99,0
2,10,65.7307727256812,3.08267479130219,0.848496419742311,18.75,0,0,66,0
2,10,65.7307727256812,3.08267479130219,0.848496419742311,23.57,0,0,49,0
3,10,52.3388431826599,4.35106017111809,0.775349351884657,0,101,10000,0,1
3,10,52.3388431826599,4.35106017111809,0.775349351884657,6.19,0,0,127,0
3,10,52.3388431826599,4.35106017111809,0.775349351884657,6.29,0,0,152,0
3,10,52.3388431826599,4.35106017111809,0.775349351884657,11.49,0,0,84,0
3,10,52.3388431826599,4.35106017111809,0.775349351884657,22.85,0,0,37,0
4,10,93.9559572015404,3.66342066254104,0.800607047135001,0,101,10000,0,1
4,10,93.9559572015404,3.66342066254104,0.800607047135001,0.41,0,0,33,0
4,10,93.9559572015404,3.66342066254104,0.800607047135001,6.44,0,0,95,0
4,10,93.9559572015404,3.66342066254104,0.800607047135001,13.67,0,0,65,0
4,10,93.9559572015404,3.66342066254104,0.800607047135001,17.51,0,0,46,0
5,10,90.7977598148083,4.2937069699058,0.581683986656718,0,101,10000,0,1
5,10,90.7977598148083,4.2937069699058,0.581683986656718,4.46,0,0,113,0
5,10,90.7977598148083,4.2937069699058,0.581683986656718,7.6,0,0,64,0
5,10,90.7977598148083,4.2937069699058,0.581683986656718,18.59,0,0,56,0
5,10,90.7977598148083,4.2937069699058,0.581683986656718,23.33,0,0,44,0
6,10,80.9536248016183,3.6528777435142,0.827190344984032,0,101,10000,0,1
6,10,80.9536248016183,3.6528777435142,0.827190344984032,1.17,0,0,104,0
6,10,80.9536248016183,3.6528777435142,0.827190344984032,5.15,0,0,78,0
6,10,80.9536248016183,3.6528777435142,0.827190344984032,13.49,0,0,88,0
6,10,80.9536248016183,3.6528777435142,0.827190344984032,15.13,0,0,64,0
7,10,43.453535728315,6.36082120408389,1.13605113833212,0,101,10000,0,1
7,10,43.453535728315,6.36082120408389,1.13605113833212,1.96,0,0,186,0
7,10,43.453535728315,6.36082120408389,1.13605113833212,8.49,0,0,68,0
7,10,43.453535728315,6.36082120408389,1.13605113833212,19.89,0,0,14,0
7,10,43.453535728315,6.36082120408389,1.13605113833212,23.33,0,0,9,0
8,10,56.1197153584412,4.97255776186967,1.50741139771252,0,101,10000,0,1
8,10,56.1197153584412,4.97255776186967,1.50741139771252,8.43,0,0,53,0
8,10,56.1197153584412,4.97255776186967,1.50741139771252,14.85,0,0,48,0
8,10,56.1197153584412,4.97255776186967,1.50741139771252,16.32,0,0,43,0
8,10,56.1197153584412,4.97255776186967,1.50741139771252,18.78,0,0,40,0
9,10,48.6353462751861,3.09749733022719,1.08850417092325,0,101,10000,0,1
9,10,48.6353462751861,3.09749733022719,1.08850417092325,7.46,0,0,130,0
9,10,48.6353462751861,3.09749733022719,1.08850417092325,11.91,0,0,71,0
9,10,48.6353462751861,3.09749733022719,1.08850417092325,14.55,0,0,113,0
9,10,48.6353462751861,3.09749733022719,1.08850417092325,14.98,0,0,104,0
10,10,67.7751893730993,3.04329511086729,1.76069259916756,0,101,10000,0,1
10,10,67.7751893730993,3.04329511086729,1.76069259916756,10.59,0,0,82,0
10,10,67.7751893730993,3.04329511086729,1.76069259916756,15.86,0,0,62,0
10,10,67.7751893730993,3.04329511086729,1.76069259916756,16.37,0,0,114,0
10,10,67.7751893730993,3.04329511086729,1.76069259916756,21.84,0,0,48,0
11,10,42.8948428154824,5.35954943003538,2.3011306300792,0,101,10000,0,1
11,10,42.8948428154824,5.35954943003538,2.3011306300792,5.28,0,0,124,0
11,10,42.8948428154824,5.35954943003538,2.3011306300792,5.47,0,0,82,0
11,10,42.8948428154824,5.35954943003538,2.3011306300792,5.74,0,0,137,0
11,10,42.8948428154824,5.35954943003538,2.3011306300792,19.55,0,0,27,0
12,10,81.3507696515776,2.38519218646451,1.00360368874496,0,101,10000,0,1
12,10,81.3507696515776,2.38519218646451,1.00360368874496,10.54,0,0,85,0
12,10,81.3507696515776,2.38519218646451,1.00360368874496,13.36,0,0,114,0
12,10,81.3507696515776,2.38519218646451,1.00360368874496,17.01,0,0,109,0
12,10,81.3507696515776,2.38519218646451,1.00360368874496,23.88,0,0,63,0
13,10,50.8510391978743,3.0857729462994,0.852566046662504,0,101,10000,0,1
13,10,50.8510391978743,3.0857729462994,0.852566046662504,14.97,0,0,76,0
13,10,50.8510391978743,3.0857729462994,0.852566046662504,19.56,0,0,39,0
13,10,50.8510391978743,3.0857729462994,0.852566046662504,21.24,0,0,65,0
13,10,50.8510391978743,3.0857729462994,0.852566046662504,22.38,0,0,53,0
14,10,39.0390378663335,4.63100950293605,1.17334965362381,0,101,10000,0,1
14,10,39.0390378663335,4.63100950293605,1.17334965362381,0.9,0,0,127,0
14,10,39.0390378663335,4.63100950293605,1.17334965362381,2.7,0,0,138,0
14,10,39.0390378663335,4.63100950293605,1.17334965362381,14.82,0,0,49,0
14,10,39.0390378663335,4.63100950293605,1.17334965362381,18.53,0,0,28,0
15,10,54.7507796383643,2.56427147514261,0.620012916841747,0,101,10000,0,1
15,10,54.7507796383643,2.56427147514261,0.620012916841747,4.84,0,0,172,0
15,10,54.7507796383643,2.56427147514261,0.620012916841747,6.09,0,0,137,0
15,10,54.7507796383643,2.56427147514261,0.620012916841747,6.42,0,0,114,0
15,10,54.7507796383643,2.56427147514261,0.620012916841747,8.97,0,0,120,0
16,10,66.3347780130498,6.19665586951219,1.45804325942098,0,101,10000,0,1
16,10,66.3347780130498,6.19665586951219,1.45804325942098,0.92,0,0,112,0
16,10,66.3347780130498,6.19665586951219,1.45804325942098,7.9,0,0,75,0
16,10,66.3347780130498,6.19665586951219,1.45804325942098,18.92,0,0,27,0
16,10,66.3347780130498,6.19665586951219,1.45804325942098,22.78,0,0,16,0
17,10,80.0547297486485,4.6828140268449,1.29766424873606,0,101,10000,0,1
17,10,80.0547297486485,4.6828140268449,1.29766424873606,2.85,0,0,128,0
17,10,80.0547297486485,4.6828140268449,1.29766424873606,13.47,0,0,44,0
17,10,80.0547297486485,4.6828140268449,1.29766424873606,23.04,0,0,36,0
17,10,80.0547297486485,4.6828140268449,1.29766424873606,23.66,0,0,35,0
18,10,98.4705829659256,3.87513682266226,1.31140250562049,0,101,10000,0,1
18,10,98.4705829659256,3.87513682266226,1.31140250562049,0.28,0,0,27,0
18,10,98.4705829659256,3.87513682266226,1.31140250562049,9.34,0,0,93,0
18,10,98.4705829659256,3.87513682266226,1.31140250562049,23.11,0,0,29,0
18,10,98.4705829659256,3.87513682266226,1.31140250562049,23.37,0,0,44,0
19,10,47.1159608894427,4.34235258359898,0.725515492198137,0,101,10000,0,1
19,10,47.1159608894427,4.34235258359898,0.725515492198137,5.46,0,0,148,0
19,10,47.1159608894427,4.34235258359898,0.725515492198137,10.16,0,0,113,0
19,10,47.1159608894427,4.34235258359898,0.725515492198137,17.46,0,0,52,0
19,10,47.1159608894427,4.34235258359898,0.725515492198137,21.45,0,0,30,0
20,10,65.3468192950273,4.10100554298332,1.21153093559071,0,101,10000,0,1
20,10,65.3468192950273,4.10100554298332,1.21153093559071,2.59,0,0,233,0
20,10,65.3468192950273,4.10100554298332,1.21153093559071,3.97,0,0,107,0
20,10,65.3468192950273,4.10100554298332,1.21153093559071,9.09,0,0,77,0
20,10,65.3468192950273,4.10100554298332,1.21153093559071,14.34,0,0,77,0
21,10,71.9519120177629,3.09357810151653,0.823322594896432,0,101,10000,0,1
21,10,71.9519120177629,3.09357810151653,0.823322594896432,4.25,0,0,117,0
21,10,71.9519120177629,3.09357810151653,0.823322594896432,22.38,0,0,64,0
21,10,71.9519120177629,3.09357810151653,0.823322594896432,23.1,0,0,76,0
21,10,71.9519120177629,3.09357810151653,0.823322594896432,23.21,0,0,40,0
22,10,71.8390126805279,3.45062558097588,0.771844811364541,0,101,10000,0,1
22,10,71.8390126805279,3.45062558097588,0.771844811364541,0.72,0,0,60,0
22,10,71.8390126805279,3.45062558097588,0.771844811364541,12.43,0,0,87,0
22,10,71.8390126805279,3.45062558097588,0.771844811364541,13.08,0,0,74,0
22,10,71.8390126805279,3.45062558097588,0.771844811364541,20.56,0,0,70,0
23,10,59.5601861331961,4.89252729946476,1.04554750368929,0,101,10000,0,1
23,10,59.5601861331961,4.89252729946476,1.04554750368929,4.4,0,0,177,0
23,10,59.5601861331961,4.89252729946476,1.04554750368929,4.76,0,0,132,0
23,10,59.5601861331961,4.89252729946476,1.04554750368929,10.35,0,0,83,0
23,10,59.5601861331961,4.89252729946476,1.04554750368929,16.34,0,0,32,0
24,10,64.6894741505221,4.18335350496867,1.21924204064216,0,101,10000,0,1
24,10,64.6894741505221,4.18335350496867,1.21924204064216,6.28,0,0,86,0
24,10,64.6894741505221,4.18335350496867,1.21924204064216,7.79,0,0,67,0
24,10,64.6894741505221,4.18335350496867,1.21924204064216,11.05,0,0,65,0
24,10,64.6894741505221,4.18335350496867,1.21924204064216,16.46,0,0,51,0
25,10,45.9897396235976,4.55781891214945,1.2404040328329,0,101,10000,0,1
25,10,45.9897396235976,4.55781891214945,1.2404040328329,0.39,0,0,118,0
25,10,45.9897396235976,4.55781891214945,1.2404040328329,8.59,0,0,95,0
25,10,45.9897396235976,4.55781891214945,1.2404040328329,11.87,0,0,74,0
25,10,45.9897396235976,4.55781891214945,1.2404040328329,21.9,0,0,29,0
26,10,101.048796653318,5.75938471583391,1.01770377751481,0,101,10000,0,1
26,10,101.048796653318,5.75938471583391,1.01770377751481,0.56,0,0,52,0
26,10,101.048796653318,5.75938471583391,1.01770377751481,19.26,0,0,33,0
26,10,101.048796653318,5.75938471583391,1.01770377751481,19.81,0,0,30,0
26,10,101.048796653318,5.75938471583391,1.01770377751481,19.82,0,0,26,0
27,10,64.6549525587796,6.33465104661809,0.633064724239672,0,101,10000,0,1
27,10,64.6549525587796,6.33465104661809,0.633064724239672,5.79,0,0,86,0
27,10,64.6549525587796,6.33465104661809,0.633064724239672,10.88,0,0,44,0
27,10,64.6549525587796,6.33465104661809,0.633064724239672,15.12,0,0,53,0
27,10,64.6549525587796,6.33465104661809,0.633064724239672,22.42,0,0,22,0
28,10,68.6319602410535,3.12976370479058,1.44048753695703,0,101,10000,0,1
28,10,68.6319602410535,3.12976370479058,1.44048753695703,14.29,0,0,61,0
28,10,68.6319602410535,3.12976370479058,1.44048753695703,16.58,0,0,54,0
28,10,68.6319602410535,3.12976370479058,1.44048753695703,17.32,0,0,60,0
28,10,68.6319602410535,3.12976370479058,1.44048753695703,20.47,0,0,48,0
29,10,130.301214243302,4.63549485995077,0.988550203273863,0,101,10000,0,1
29,10,130.301214243302,4.63549485995077,0.988550203273863,8.37,0,0,63,0
29,10,130.301214243302,4.63549485995077,0.988550203273863,9.48,0,0,50,0
29,10,130.301214243302,4.63549485995077,0.988550203273863,14.96,0,0,41,0
29,10,130.301214243302,4.63549485995077,0.988550203273863,16.65,0,0,43,0
30,10,59.0557800965262,3.26251861195581,0.614136455754303,0,101,10000,0,1
30,10,59.0557800965262,3.26251861195581,0.614136455754303,3.1,0,0,156,0
30,10,59.0557800965262,3.26251861195581,0.614136455754303,4.11,0,0,153,0
30,10,59.0557800965262,3.26251861195581,0.614136455754303,7.66,0,0,105,0
30,10,59.0557800965262,3.26251861195581,0.614136455754303,16.96,0,0,75,0
31,30,88.0865097399715,3.92148017458478,1.4613466705614,0,101,30000,0,1
31,30,88.0865097399715,3.92148017458478,1.4613466705614,9,0,0,274,0
31,30,88.0865097399715,3.92148017458478,1.4613466705614,11.48,0,0,288,0
31,30,88.0865097399715,3.92148017458478,1.4613466705614,13.53,0,0,222,0
31,30,88.0865097399715,3.92148017458478,1.4613466705614,16.46,0,0,146,0
32,30,62.3472192422924,6.10727418275784,1.55651709635348,0,101,30000,0,1
32,30,62.3472192422924,6.10727418275784,1.55651709635348,8.49,0,0,313,0
32,30,62.3472192422924,6.10727418275784,1.55651709635348,9.03,0,0,191,0
32,30,62.3472192422924,6.10727418275784,1.55651709635348,17.74,0,0,91,0
32,30,62.3472192422924,6.10727418275784,1.55651709635348,19.92,0,0,79,0
33,30,62.5167992660979,6.49876866539409,1.44046641400888,0,101,30000,0,1
33,30,62.5167992660979,6.49876866539409,1.44046641400888,2.58,0,0,377,0
33,30,62.5167992660979,6.49876866539409,1.44046641400888,5.98,0,0,287,0
33,30,62.5167992660979,6.49876866539409,1.44046641400888,14.78,0,0,98,0
33,30,62.5167992660979,6.49876866539409,1.44046641400888,16.4,0,0,82,0
34,30,83.6367803508704,3.99561605897882,1.21548555934872,0,101,30000,0,1
34,30,83.6367803508704,3.99561605897882,1.21548555934872,3.37,0,0,278,0
34,30,83.6367803508704,3.99561605897882,1.21548555934872,10.28,0,0,397,0
34,30,83.6367803508704,3.99561605897882,1.21548555934872,10.84,0,0,185,0
34,30,83.6367803508704,3.99561605897882,1.21548555934872,15.23,0,0,174,0
35,30,78.3996002118808,3.38506766862149,1.30962755021977,0,101,30000,0,1
35,30,78.3996002118808,3.38506766862149,1.30962755021977,9.36,0,0,203,0
35,30,78.3996002118808,3.38506766862149,1.30962755021977,11.32,0,0,247,0
35,30,78.3996002118808,3.38506766862149,1.30962755021977,11.88,0,0,185,0
35,30,78.3996002118808,3.38506766862149,1.30962755021977,22.46,0,0,151,0
36,30,68.3966378688603,3.31521794027915,1.1026395151742,0,101,30000,0,1
36,30,68.3966378688603,3.31521794027915,1.1026395151742,2.79,0,0,425,0
36,30,68.3966378688603,3.31521794027915,1.1026395151742,20.86,0,0,131,0
36,30,68.3966378688603,3.31521794027915,1.1026395151742,21.43,0,0,182,0
36,30,68.3966378688603,3.31521794027915,1.1026395151742,23.1,0,0,136,0
37,30,77.4673913050908,3.10699562488137,0.942795248538651,0,101,30000,0,1
37,30,77.4673913050908,3.10699562488137,0.942795248538651,1.13,0,0,277,0
37,30,77.4673913050908,3.10699562488137,0.942795248538651,1.9,0,0,291,0
37,30,77.4673913050908,3.10699562488137,0.942795248538651,16.38,0,0,287,0
37,30,77.4673913050908,3.10699562488137,0.942795248538651,17.98,0,0,207,0
38,30,60.9864452601483,2.57832061848234,1.19079424208553,0,101,30000,0,1
38,30,60.9864452601483,2.57832061848234,1.19079424208553,2.17,0,0,531,0
38,30,60.9864452601483,2.57832061848234,1.19079424208553,3.05,0,0,299,0
38,30,60.9864452601483,2.57832061848234,1.19079424208553,9.86,0,0,214,0
38,30,60.9864452601483,2.57832061848234,1.19079424208553,23.92,0,0,244,0
39,30,49.9121973112164,3.96319936033107,1.01799373654962,0,101,30000,0,1
39,30,49.9121973112164,3.96319936033107,1.01799373654962,12.63,0,0,312,0
39,30,49.9121973112164,3.96319936033107,1.01799373654962,17.44,0,0,196,0
39,30,49.9121973112164,3.96319936033107,1.01799373654962,18.03,0,0,115,0
39,30,49.9121973112164,3.96319936033107,1.01799373654962,22.6,0,0,101,0
40,30,41.6589884172816,4.04108907797586,0.894065315774375,0,101,30000,0,1
40,30,41.6589884172816,4.04108907797586,0.894065315774375,1.03,0,0,491,0
40,30,41.6589884172816,4.04108907797586,0.894065315774375,13,0,0,209,0
40,30,41.6589884172816,4.04108907797586,0.894065315774375,18.21,0,0,116,0
40,30,41.6589884172816,4.04108907797586,0.894065315774375,21.17,0,0,98,0
41,30,76.4753940237828,3.45834239573507,1.02814383025449,0,101,30000,0,1
41,30,76.4753940237828,3.45834239573507,1.02814383025449,3.46,0,0,312,0
41,30,76.4753940237828,3.45834239573507,1.02814383025449,7.57,0,0,234,0
41,30,76.4753940237828,3.45834239573507,1.02814383025449,15.73,0,0,254,0
41,30,76.4753940237828,3.45834239573507,1.02814383025449,20.94,0,0,181,0
42,30,104.127582553895,5.03950761197156,0.63893465913742,0,101,30000,0,1
42,30,104.127582553895,5.03950761197156,0.63893465913742,1.63,0,0,170,0
42,30,104.127582553895,5.03950761197156,0.63893465913742,8.53,0,0,225,0
42,30,104.127582553895,5.03950761197156,0.63893465913742,11.04,0,0,223,0
42,30,104.127582553895,5.03950761197156,0.63893465913742,23.4,0,0,101,0
43,30,76.9805945009894,5.39323407773006,1.05053045497379,0,101,30000,0,1
43,30,76.9805945009894,5.39323407773006,1.05053045497379,4.45,0,0,343,0
43,30,76.9805945009894,5.39323407773006,1.05053045497379,12.25,0,0,200,0
43,30,76.9805945009894,5.39323407773006,1.05053045497379,13.71,0,0,185,0
43,30,76.9805945009894,5.39323407773006,1.05053045497379,18.3,0,0,97,0
44,30,65.041548061862,4.09530298463393,0.822693159566834,0,101,30000,0,1
44,30,65.041548061862,4.09530298463393,0.822693159566834,11.04,0,0,297,0
44,30,65.041548061862,4.09530298463393,0.822693159566834,20.83,0,0,99,0
44,30,65.041548061862,4.09530298463393,0.822693159566834,23.53,0,0,146,0
44,30,65.041548061862,4.09530298463393,0.822693159566834,23.61,0,0,125,0
45,30,44.2237746640683,5.00005277529665,0.68022306496453,0,101,30000,0,1
45,30,44.2237746640683,5.00005277529665,0.68022306496453,7.15,0,0,367,0
45,30,44.2237746640683,5.00005277529665,0.68022306496453,10.48,0,0,259,0
45,30,44.2237746640683,5.00005277529665,0.68022306496453,13.41,0,0,135,0
45,30,44.2237746640683,5.00005277529665,0.68022306496453,15.39,0,0,118,0
46,30,99.9336105123846,5.23041363971015,0.972943977192542,0,101,30000,0,1
46,30,99.9336105123846,5.23041363971015,0.972943977192542,10.67,0,0,208,0
46,30,99.9336105123846,5.23041363971015,0.972943977192542,17.84,0,0,126,0
46,30,99.9336105123846,5.23041363971015,0.972943977192542,21.05,0,0,99,0
46,30,99.9336105123846,5.23041363971015,0.972943977192542,22.92,0,0,65,0
47,30,57.7506910042341,4.69800920868561,1.57492329506384,0,101,30000,0,1
47,30,57.7506910042341,4.69800920868561,1.57492329506384,2.76,0,0,468,0
47,30,57.7506910042341,4.69800920868561,1.57492329506384,19.22,0,0,148,0
47,30,57.7506910042341,4.69800920868561,1.57492329506384,19.28,0,0,192,0
47,30,57.7506910042341,4.69800920868561,1.57492329506384,19.42,0,0,115,0
48,30,51.8605838667393,4.28544242886746,0.996399133362968,0,101,30000,0,1
48,30,51.8605838667393,4.28544242886746,0.996399133362968,0.17,0,0,91,0
48,30,51.8605838667393,4.28544242886746,0.996399133362968,0.35,0,0,154,0
48,30,51.8605838667393,4.28544242886746,0.996399133362968,15.55,0,0,175,0
48,30,51.8605838667393,4.28544242886746,0.996399133362968,19.81,0,0,127,0
49,30,81.8152708808832,2.97605804754186,0.86933360997873,0,101,30000,0,1
49,30,81.8152708808832,2.97605804754186,0.86933360997873,1.35,0,0,263,0
49,30,81.8152708808832,2.97605804754186,0.86933360997873,13.44,0,0,201,0
49,30,81.8152708808832,2.97605804754186,0.86933360997873,20.47,0,0,255,0
49,30,81.8152708808832,2.97605804754186,0.86933360997873,22.23,0,0,146,0
50,30,87.2160082164284,5.91771659666664,0.492615712846256,0,101,30000,0,1
50,30,87.2160082164284,5.91771659666664,0.492615712846256,7.17,0,0,197,0
50,30,87.2160082164284,5.91771659666664,0.492615712846256,10.65,0,0,140,0
50,30,87.2160082164284,5.91771659666664,0.492615712846256,11.22,0,0,200,0
50,30,87.2160082164284,5.91771659666664,0.492615712846256,15.2,0,0,126,0
51,30,61.10157009409,4.13427735632736,0.555579353485776,0,101,30000,0,1
51,30,61.10157009409,4.13427735632736,0.555579353485776,5.74,0,0,475,0
51,30,61.10157009409,4.13427735632736,0.555579353485776,10.61,0,0,340,0
51,30,61.10157009409,4.13427735632736,0.555579353485776,11.73,0,0,268,0
51,30,61.10157009409,4.13427735632736,0.555579353485776,16.2,0,0,166,0
52,30,44.8682313905076,2.66131426094546,1.07282904332434,0,101,30000,0,1
52,30,44.8682313905076,2.66131426094546,1.07282904332434,2.6,0,0,546,0
52,30,44.8682313905076,2.66131426094546,1.07282904332434,10.69,0,0,362,0
52,30,44.8682313905076,2.66131426094546,1.07282904332434,19.53,0,0,181,0
52,30,44.8682313905076,2.66131426094546,1.07282904332434,21.76,0,0,270,0
53,30,64.3758139186928,2.65829582401974,1.19573384547624,0,101,30000,0,1
53,30,64.3758139186928,2.65829582401974,1.19573384547624,0.4,0,0,185,0
53,30,64.3758139186928,2.65829582401974,1.19573384547624,8.59,0,0,356,0
53,30,64.3758139186928,2.65829582401974,1.19573384547624,10.92,0,0,373,0
53,30,64.3758139186928,2.65829582401974,1.19573384547624,20.11,0,0,159,0
54,30,40.74826725792,3.68672095625014,0.780704127808154,0,101,30000,0,1
54,30,40.74826725792,3.68672095625014,0.780704127808154,8.69,0,0,346,0
54,30,40.74826725792,3.68672095625014,0.780704127808154,8.82,0,0,367,0
54,30,40.74826725792,3.68672095625014,0.780704127808154,14.74,0,0,241,0
54,30,40.74826725792,3.68672095625014,0.780704127808154,19.95,0,0,121,0
55,30,74.1459750411256,3.37415658385141,1.09327410458001,0,101,30000,0,1
55,30,74.1459750411256,3.37415658385141,1.09327410458001,1.09,0,0,282,0
55,30,74.1459750411256,3.37415658385141,1.09327410458001,3.29,0,0,440,0
55,30,74.1459750411256,3.37415658385141,1.09327410458001,14.72,0,0,256,0
55,30,74.1459750411256,3.37415658385141,1.09327410458001,18.18,0,0,172,0
56,30,49.4110371190972,4.01367280199586,1.11336927318394,0,101,30000,0,1
56,30,49.4110371190972,4.01367280199586,1.11336927318394,0.55,0,0,321,0
56,30,49.4110371190972,4.01367280199586,1.11336927318394,2.98,0,0,431,0
56,30,49.4110371190972,4.01367280199586,1.11336927318394,16.23,0,0,176,0
56,30,49.4110371190972,4.01367280199586,1.11336927318394,23.56,0,0,73,0
57,30,72.5335676727913,3.9565028464013,0.631623284970087,0,101,30000,0,1
57,30,72.5335676727913,3.9565028464013,0.631623284970087,2.87,0,0,324,0
57,30,72.5335676727913,3.9565028464013,0.631623284970087,7.46,0,0,318,0
57,30,72.5335676727913,3.9565028464013,0.631623284970087,13.69,0,0,173,0
57,30,72.5335676727913,3.9565028464013,0.631623284970087,18.7,0,0,120,0
58,30,63.3165729636412,4.27935806305937,0.791371334284661,0,101,30000,0,1
58,30,63.3165729636412,4.27935806305937,0.791371334284661,15.51,0,0,140,0
58,30,63.3165729636412,4.27935806305937,0.791371334284661,16.19,0,0,247,0
58,30,63.3165729636412,4.27935806305937,0.791371334284661,20.95,0,0,144,0
58,30,63.3165729636412,4.27935806305937,0.791371334284661,23.72,0,0,83,0
59,30,92.2470289688667,3.62439953517015,1.30038168310313,0,101,30000,0,1
59,30,92.2470289688667,3.62439953517015,1.30038168310313,1.28,0,0,310,0
59,30,92.2470289688667,3.62439953517015,1.30038168310313,19.81,0,0,181,0
59,30,92.2470289688667,3.62439953517015,1.30038168310313,21.86,0,0,157,0
59,30,92.2470289688667,3.62439953517015,1.30038168310313,22.59,0,0,146,0
60,30,51.1091909697314,2.77824505781598,1.2562493735707,0,101,30000,0,1
60,30,51.1091909697314,2.77824505781598,1.2562493735707,2.39,0,0,474,0
60,30,51.1091909697314,2.77824505781598,1.2562493735707,10.39,0,0,255,0
60,30,51.1091909697314,2.77824505781598,1.2562493735707,18.51,0,0,254,0
61,60,73.1754310068104,4.47980433661052,1.17920877907744,0,101,60000,0,1
61,60,73.1754310068104,4.47980433661052,1.17920877907744,0.68,0,0,464,0
61,60,73.1754310068104,4.47980433661052,1.17920877907744,1.88,0,0,666,0
61,60,73.1754310068104,4.47980433661052,1.17920877907744,3.88,0,0,575,0
61,60,73.1754310068104,4.47980433661052,1.17920877907744,6.09,0,0,642,0
62,60,72.0269682147624,5.56526898770159,0.586370577020268,0,101,60000,0,1
62,60,72.0269682147624,5.56526898770159,0.586370577020268,0.26,0,0,104,0
62,60,72.0269682147624,5.56526898770159,0.586370577020268,1.42,0,0,390,0
62,60,72.0269682147624,5.56526898770159,0.586370577020268,2.83,0,0,551,0
62,60,72.0269682147624,5.56526898770159,0.586370577020268,7.25,0,0,470,0
63,60,85.0885637761334,2.6542046738244,1.69145808925144,0,101,60000,0,1
63,60,85.0885637761334,2.6542046738244,1.69145808925144,1.83,0,0,737,0
63,60,85.0885637761334,2.6542046738244,1.69145808925144,13.21,0,0,525,0
63,60,85.0885637761334,2.6542046738244,1.69145808925144,19.78,0,0,381,0
63,60,85.0885637761334,2.6542046738244,1.69145808925144,20.54,0,0,331,0
64,60,85.0171332658486,3.55917274941286,0.80022455673374,0,101,60000,0,1
64,60,85.0171332658486,3.55917274941286,0.80022455673374,8.57,0,0,685,0
64,60,85.0171332658486,3.55917274941286,0.80022455673374,13.93,0,0,427,0
64,60,85.0171332658486,3.55917274941286,0.80022455673374,16.2,0,0,629,0
64,60,85.0171332658486,3.55917274941286,0.80022455673374,17.73,0,0,297,0
65,60,74.4791524588209,6.2652092606019,1.68044596794447,0,101,60000,0,1
65,60,74.4791524588209,6.2652092606019,1.68044596794447,1.12,0,0,530,0
65,60,74.4791524588209,6.2652092606019,1.68044596794447,11.59,0,0,308,0
65,60,74.4791524588209,6.2652092606019,1.68044596794447,14.51,0,0,234,0
65,60,74.4791524588209,6.2652092606019,1.68044596794447,22.73,0,0,105,0
66,60,58.4281103375496,4.25073338691115,1.45840157502732,0,101,60000,0,1
66,60,58.4281103375496,4.25073338691115,1.45840157502732,6.13,0,0,638,0
66,60,58.4281103375496,4.25073338691115,1.45840157502732,8.13,0,0,682,0
66,60,58.4281103375496,4.25073338691115,1.45840157502732,13.27,0,0,442,0
66,60,58.4281103375496,4.25073338691115,1.45840157502732,20.07,0,0,246,0
67,60,38.7402576943985,3.62872112664662,1.46226257003897,0,101,60000,0,1
67,60,38.7402576943985,3.62872112664662,1.46226257003897,10.4,0,0,458,0
67,60,38.7402576943985,3.62872112664662,1.46226257003897,10.74,0,0,573,0
67,60,38.7402576943985,3.62872112664662,1.46226257003897,15.71,0,0,397,0
67,60,38.7402576943985,3.62872112664662,1.46226257003897,22.61,0,0,183,0
68,60,75.4339195675266,3.77696709241133,0.903099081691931,0,101,60000,0,1
68,60,75.4339195675266,3.77696709241133,0.903099081691931,3.25,0,0,838,0
68,60,75.4339195675266,3.77696709241133,0.903099081691931,11.16,0,0,606,0
68,60,75.4339195675266,3.77696709241133,0.903099081691931,19.8,0,0,325,0
68,60,75.4339195675266,3.77696709241133,0.903099081691931,23.95,0,0,402,0
69,60,69.3071220940246,4.4220696403415,0.871293079205818,0,101,60000,0,1
69,60,69.3071220940246,4.4220696403415,0.871293079205818,5.32,0,0,532,0
69,60,69.3071220940246,4.4220696403415,0.871293079205818,17.38,0,0,336,0
69,60,69.3071220940246,4.4220696403415,0.871293079205818,22.57,0,0,398,0
69,60,69.3071220940246,4.4220696403415,0.871293079205818,22.84,0,0,196,0
70,60,81.6798597289652,3.07388349473522,1.24195716251073,0,101,60000,0,1
70,60,81.6798597289652,3.07388349473522,1.24195716251073,2.52,0,0,646,0
70,60,81.6798597289652,3.07388349473522,1.24195716251073,3.31,0,0,813,0
70,60,81.6798597289652,3.07388349473522,1.24195716251073,9.85,0,0,751,0
70,60,81.6798597289652,3.07388349473522,1.24195716251073,21.92,0,0,321,0
71,60,83.2364728354227,4.04318837138707,1.14668642874667,0,101,60000,0,1
71,60,83.2364728354227,4.04318837138707,1.14668642874667,0.68,0,0,430,0
71,60,83.2364728354227,4.04318837138707,1.14668642874667,14.66,0,0,420,0
71,60,83.2364728354227,4.04318837138707,1.14668642874667,16.03,0,0,329,0
71,60,83.2364728354227,4.04318837138707,1.14668642874667,20.78,0,0,228,0
72,60,62.0928917044401,5.36809767195325,1.04687875591702,0,101,60000,0,1
72,60,62.0928917044401,5.36809767195325,1.04687875591702,5.18,0,0,588,0
72,60,62.0928917044401,5.36809767195325,1.04687875591702,13.46,0,0,268,0
72,60,62.0928917044401,5.36809767195325,1.04687875591702,14.01,0,0,279,0
72,60,62.0928917044401,5.36809767195325,1.04687875591702,17.92,0,0,166,0
73,60,86.5485947630812,3.21704232974486,1.30182271760371,0,101,60000,0,1
73,60,86.5485947630812,3.21704232974486,1.30182271760371,1.4,0,0,851,0
73,60,86.5485947630812,3.21704232974486,1.30182271760371,1.83,0,0,525,0
73,60,86.5485947630812,3.21704232974486,1.30182271760371,6.97,0,0,572,0
73,60,86.5485947630812,3.21704232974486,1.30182271760371,22.89,0,0,299,0
74,60,64.5788402894313,3.66987115460772,1.28242231651733,0,101,60000,0,1
74,60,64.5788402894313,3.66987115460772,1.28242231651733,6.73,0,0,875,0
74,60,64.5788402894313,3.66987115460772,1.28242231651733,10.87,0,0,687,0
74,60,64.5788402894313,3.66987115460772,1.28242231651733,20.86,0,0,229,0
74,60,64.5788402894313,3.66987115460772,1.28242231651733,21.77,0,0,263,0
75,60,61.9233130853276,4.6695510521776,0.941068200904592,0,101,60000,0,1
75,60,61.9233130853276,4.6695510521776,0.941068200904592,1.74,0,0,809,0
75,60,61.9233130853276,4.6695510521776,0.941068200904592,5.6,0,0,758,0
75,60,61.9233130853276,4.6695510521776,0.941068200904592,8.39,0,0,432,0
75,60,61.9233130853276,4.6695510521776,0.941068200904592,20.56,0,0,257,0
76,60,51.9487939606847,3.62154053264427,1.57304889555332,0,101,60000,0,1
76,60,51.9487939606847,3.62154053264427,1.57304889555332,8.1,0,0,846,0
76,60,51.9487939606847,3.62154053264427,1.57304889555332,13.17,0,0,591,0
76,60,51.9487939606847,3.62154053264427,1.57304889555332,18.45,0,0,435,0
76,60,51.9487939606847,3.62154053264427,1.57304889555332,18.99,0,0,328,0
77,60,57.0516171285618,4.95210874481993,0.828118934643417,0,101,60000,0,1
77,60,57.0516171285618,4.95210874481993,0.828118934643417,0.66,0,0,621,0
77,60,57.0516171285618,4.95210874481993,0.828118934643417,14.04,0,0,269,0
77,60,57.0516171285618,4.95210874481993,0.828118934643417,17.46,0,0,326,0
77,60,57.0516171285618,4.95210874481993,0.828118934643417,20.79,0,0,253,0
78,60,81.6798597289652,3.07388349473522,1.24195716251073,0,101,60000,0,1
78,60,81.6798597289652,3.07388349473522,1.24195716251073,2.52,0,0,646,0
78,60,81.6798597289652,3.07388349473522,1.24195716251073,3.31,0,0,813,0
78,60,81.6798597289652,3.07388349473522,1.24195716251073,9.85,0,0,751,0
78,60,81.6798597289652,3.07388349473522,1.24195716251073,21.92,0,0,321,0
79,60,44.7208324517214,4.25113579174278,0.855629251599072,0,101,60000,0,1
79,60,44.7208324517214,4.25113579174278,0.855629251599072,0.76,0,0,676,0
79,60,44.7208324517214,4.25113579174278,0.855629251599072,12.85,0,0,686,0
79,60,44.7208324517214,4.25113579174278,0.855629251599072,18.88,0,0,283,0
79,60,44.7208324517214,4.25113579174278,0.855629251599072,20.72,0,0,232,0
80,60,85.9764958612431,3.74950069402863,1.16646988346961,0,101,60000,0,1
80,60,85.9764958612431,3.74950069402863,1.16646988346961,4.35,0,0,562,0
80,60,85.9764958612431,3.74950069402863,1.16646988346961,5.42,0,0,782,0
80,60,85.9764958612431,3.74950069402863,1.16646988346961,8.26,0,0,446,0
80,60,85.9764958612431,3.74950069402863,1.16646988346961,10.87,0,0,555,0
81,60,52.9117708915461,4.39410191996848,0.592588530460565,0,101,60000,0,1
81,60,52.9117708915461,4.39410191996848,0.592588530460565,7.32,0,0,757,0
81,60,52.9117708915461,4.39410191996848,0.592588530460565,8.34,0,0,615,0
81,60,52.9117708915461,4.39410191996848,0.592588530460565,11.5,0,0,671,0
81,60,52.9117708915461,4.39410191996848,0.592588530460565,22.99,0,0,220,0
82,60,47.9552366410181,3.32057518328512,1.06948786489709,0,101,60000,0,1
82,60,47.9552366410181,3.32057518328512,1.06948786489709,4.71,0,0,1143,0
82,60,47.9552366410181,3.32057518328512,1.06948786489709,5.4,0,0,939,0
82,60,47.9552366410181,3.32057518328512,1.06948786489709,16.1,0,0,451,0
82,60,47.9552366410181,3.32057518328512,1.06948786489709,20.75,0,0,314,0
83,60,103.174032397606,4.11615703923895,0.654607107881497,0,101,60000,0,1
83,60,103.174032397606,4.11615703923895,0.654607107881497,5.95,0,0,367,0
83,60,103.174032397606,4.11615703923895,0.654607107881497,11.14,0,0,359,0
83,60,103.174032397606,4.11615703923895,0.654607107881497,22.09,0,0,213,0
83,60,103.174032397606,4.11615703923895,0.654607107881497,23.38,0,0,268,0
84,60,60.5531927991946,6.47967572818447,0.869974200084306,0,101,60000,0,1
84,60,60.5531927991946,6.47967572818447,0.869974200084306,8.35,0,0,709,0
84,60,60.5531927991946,6.47967572818447,0.869974200084306,14.96,0,0,250,0
84,60,60.5531927991946,6.47967572818447,0.869974200084306,19.22,0,0,164,0
84,60,60.5531927991946,6.47967572818447,0.869974200084306,23.59,0,0,93,0
85,60,116.97012762607,5.59547304257077,0.971248090143816,0,101,60000,0,1
85,60,116.97012762607,5.59547304257077,0.971248090143816,10.29,0,0,377,0
85,60,116.97012762607,5.59547304257077,0.971248090143816,14.39,0,0,335,0
85,60,116.97012762607,5.59547304257077,0.971248090143816,16.01,0,0,189,0
85,60,116.97012762607,5.59547304257077,0.971248090143816,17.52,0,0,223,0
86,60,80.743707244502,3.81358547294629,0.884861231914753,0,101,60000,0,1
86,60,80.743707244502,3.81358547294629,0.884861231914753,5.85,0,0,620,0
86,60,80.743707244502,3.81358547294629,0.884861231914753,9.4,0,0,424,0
86,60,80.743707244502,3.81358547294629,0.884861231914753,18.43,0,0,255,0
86,60,80.743707244502,3.81358547294629,0.884861231914753,22.88,0,0,262,0
87,60,55.3223436139932,3.83784271944998,0.855363342246643,0,101,60000,0,1
87,60,55.3223436139932,3.83784271944998,0.855363342246643,14.02,0,0,386,0
87,60,55.3223436139932,3.83784271944998,0.855363342246643,17.57,0,0,311,0
87,60,55.3223436139932,3.83784271944998,0.855363342246643,19.45,0,0,320,0
87,60,55.3223436139932,3.83784271944998,0.855363342246643,23.13,0,0,259,0
88,60,71.2340947621759,4.36423506768004,0.75540143144882,0,101,60000,0,1
88,60,71.2340947621759,4.36423506768004,0.75540143144882,1.53,0,0,454,0
88,60,71.2340947621759,4.36423506768004,0.75540143144882,8.28,0,0,547,0
88,60,71.2340947621759,4.36423506768004,0.75540143144882,10.41,0,0,630,0
88,60,71.2340947621759,4.36423506768004,0.75540143144882,23.67,0,0,293,0
89,60,57.357058669652,3.7699511966751,0.818680904225942,0,101,60000,0,1
89,60,57.357058669652,3.7699511966751,0.818680904225942,3.86,0,0,430,0
89,60,57.357058669652,3.7699511966751,0.818680904225942,12.53,0,0,414,0
89,60,57.357058669652,3.7699511966751,0.818680904225942,18.26,0,0,397,0
89,60,57.357058669652,3.7699511966751,0.818680904225942,19.47,0,0,310,0
90,60,53.6332690856114,4.27389012657663,1.03744231289075,0,101,60000,0,1
90,60,53.6332690856114,4.27389012657663,1.03744231289075,12.1,0,0,499,0
90,60,53.6332690856114,4.27389012657663,1.03744231289075,12.52,0,0,445,0
90,60,53.6332690856114,4.27389012657663,1.03744231289075,20.13,0,0,289,0
90,60,53.6332690856114,4.27389012657663,1.03744231289075,20.16,0,0,205,0
91,120,77.8122001379721,3.78556604660335,0.716104633386199,0,101,120000,0,1
91,120,77.8122001379721,3.78556604660335,0.716104633386199,8.38,0,0,1570,0
91,120,77.8122001379721,3.78556604660335,0.716104633386199,12.32,0,0,1508,0
91,120,77.8122001379721,3.78556604660335,0.716104633386199,17.07,0,0,667,0
91,120,77.8122001379721,3.78556604660335,0.716104633386199,19.11,0,0,729,0
92,120,70.1960259358967,4.02863784057871,0.925206037134834,0,101,120000,0,1
92,120,70.1960259358967,4.02863784057871,0.925206037134834,2.37,0,0,1144,0
92,120,70.1960259358967,4.02863784057871,0.925206037134834,9.23,0,0,1123,0
92,120,70.1960259358967,4.02863784057871,0.925206037134834,9.42,0,0,626,0
92,120,70.1960259358967,4.02863784057871,0.925206037134834,22.54,0,0,594,0
93,120,38.4330685200795,4.15286471851533,1.09931543807708,0,101,120000,0,1
93,120,38.4330685200795,4.15286471851533,1.09931543807708,7.55,0,0,1351,0
93,120,38.4330685200795,4.15286471851533,1.09931543807708,9.37,0,0,1345,0
93,120,38.4330685200795,4.15286471851533,1.09931543807708,17.34,0,0,367,0
93,120,38.4330685200795,4.15286471851533,1.09931543807708,20.62,0,0,489,0
94,120,43.8863884418459,6.98507712206033,0.558967054443952,0,101,120000,0,1
94,120,43.8863884418459,6.98507712206033,0.558967054443952,2.82,0,0,1887,0
94,120,43.8863884418459,6.98507712206033,0.558967054443952,14.21,0,0,383,0
94,120,43.8863884418459,6.98507712206033,0.558967054443952,15.34,0,0,417,0
94,120,43.8863884418459,6.98507712206033,0.558967054443952,16.39,0,0,254,0
95,120,77.5549240212976,4.33561541354445,0.98057298563804,0,101,120000,0,1
95,120,77.5549240212976,4.33561541354445,0.98057298563804,1.3,0,0,1064,0
95,120,77.5549240212976,4.33561541354445,0.98057298563804,7.29,0,0,866,0
95,120,77.5549240212976,4.33561541354445,0.98057298563804,13.95,0,0,626,0
95,120,77.5549240212976,4.33561541354445,0.98057298563804,21.31,0,0,553,0
96,120,78.6645826521166,3.85783132578436,2.16886965552244,0,101,120000,0,1
96,120,78.6645826521166,3.85783132578436,2.16886965552244,5.7,0,0,1508,0
96,120,78.6645826521166,3.85783132578436,2.16886965552244,12.18,0,0,1050,0
96,120,78.6645826521166,3.85783132578436,2.16886965552244,16.36,0,0,956,0
96,120,78.6645826521166,3.85783132578436,2.16886965552244,18.74,0,0,890,0
97,120,106.576609571802,3.66522534905681,0.632171442574096,0,101,120000,0,1
97,120,106.576609571802,3.66522534905681,0.632171442574096,7.23,0,0,944,0
97,120,106.576609571802,3.66522534905681,0.632171442574096,10.35,0,0,712,0
97,120,106.576609571802,3.66522534905681,0.632171442574096,20.83,0,0,773,0
97,120,106.576609571802,3.66522534905681,0.632171442574096,23.8,0,0,411,0
98,120,92.6603684905562,4.47597693753175,0.913640560295897,0,101,120000,0,1
98,120,92.6603684905562,4.47597693753175,0.913640560295897,0.4,0,0,482,0
98,120,92.6603684905562,4.47597693753175,0.913640560295897,0.69,0,0,580,0
98,120,92.6603684905562,4.47597693753175,0.913640560295897,14.65,0,0,822,0
98,120,92.6603684905562,4.47597693753175,0.913640560295897,23.07,0,0,469,0
99,120,57.8219807294631,3.69723861026084,1.34421254009135,0,101,120000,0,1
99,120,57.8219807294631,3.69723861026084,1.34421254009135,3.08,0,0,1811,0
99,120,57.8219807294631,3.69723861026084,1.34421254009135,9.25,0,0,1218,0
99,120,57.8219807294631,3.69723861026084,1.34421254009135,14.5,0,0,590,0
99,120,57.8219807294631,3.69723861026084,1.34421254009135,16.55,0,0,764,0
100,120,54.7564325174357,2.68818038606074,0.91202752215897,0,101,120000,0,1
100,120,54.7564325174357,2.68818038606074,0.91202752215897,3.13,0,0,2471,0
100,120,54.7564325174357,2.68818038606074,0.91202752215897,8.8,0,0,1488,0
100,120,54.7564325174357,2.68818038606074,0.91202752215897,10.72,0,0,1131,0
100,120,54.7564325174357,2.68818038606074,0.91202752215897,12.66,0,0,1285,0
101,120,51.3336560008518,3.98824575776306,1.48246943316185,0,101,120000,0,1
101,120,51.3336560008518,3.98824575776306,1.48246943316185,5.7,0,0,1478,0
101,120,51.3336560008518,3.98824575776306,1.48246943316185,6.72,0,0,1439,0
101,120,51.3336560008518,3.98824575776306,1.48246943316185,9.14,0,0,1073,0
101,120,51.3336560008518,3.98824575776306,1.48246943316185,19.36,0,0,703,0
102,120,91.7608979928815,2.75149563655265,0.926235628721681,0,101,120000,0,1
102,120,91.7608979928815,2.75149563655265,0.926235628721681,3.4,0,0,976,0
102,120,91.7608979928815,2.75149563655265,0.926235628721681,5.03,0,0,1697,0
102,120,91.7608979928815,2.75149563655265,0.926235628721681,5.26,0,0,1108,0
102,120,91.7608979928815,2.75149563655265,0.926235628721681,19.89,0,0,824,0
103,120,49.0584098185105,3.50714471619554,0.904432564040796,0,101,120000,0,1
103,120,49.0584098185105,3.50714471619554,0.904432564040796,5.32,0,0,1966,0
103,120,49.0584098185105,3.50714471619554,0.904432564040796,9.1,0,0,1975,0
103,120,49.0584098185105,3.50714471619554,0.904432564040796,10.14,0,0,1849,0
103,120,49.0584098185105,3.50714471619554,0.904432564040796,18.43,0,0,1005,0
104,120,42.5092017798423,2.70081349235144,1.01309988096879,0,101,120000,0,1
104,120,42.5092017798423,2.70081349235144,1.01309988096879,3.05,0,0,2312,0
104,120,42.5092017798423,2.70081349235144,1.01309988096879,16.63,0,0,1003,0
104,120,42.5092017798423,2.70081349235144,1.01309988096879,18.79,0,0,803,0
104,120,42.5092017798423,2.70081349235144,1.01309988096879,20.35,0,0,866,0
105,120,64.4973555344188,4.82865909987766,1.29063326600052,0,101,120000,0,1
105,120,64.4973555344188,4.82865909987766,1.29063326600052,3.71,0,0,1873,0
105,120,64.4973555344188,4.82865909987766,1.29063326600052,5.12,0,0,1231,0
105,120,64.4973555344188,4.82865909987766,1.29063326600052,16.28,0,0,346,0
105,120,64.4973555344188,4.82865909987766,1.29063326600052,18.08,0,0,652,0
106,120,43.8863884418459,6.98507712206033,0.558967054443952,0,101,120000,0,1
106,120,43.8863884418459,6.98507712206033,0.558967054443952,2.82,0,0,1887,0
106,120,43.8863884418459,6.98507712206033,0.558967054443952,14.21,0,0,383,0
106,120,43.8863884418459,6.98507712206033,0.558967054443952,15.34,0,0,417,0
106,120,43.8863884418459,6.98507712206033,0.558967054443952,16.39,0,0,254,0
107,120,79.8713413534785,2.89168378369376,2.11046012377101,0,101,120000,0,1
107,120,79.8713413534785,2.89168378369376,2.11046012377101,9.97,0,0,739,0
107,120,79.8713413534785,2.89168378369376,2.11046012377101,10.2,0,0,1211,0
107,120,79.8713413534785,2.89168378369376,2.11046012377101,16.06,0,0,1032,0
107,120,79.8713413534785,2.89168378369376,2.11046012377101,16.83,0,0,761,0
108,120,62.1700776008149,3.77493705816996,0.66258885559688,0,101,120000,0,1
108,120,62.1700776008149,3.77493705816996,0.66258885559688,5.74,0,0,1738,0
108,120,62.1700776008149,3.77493705816996,0.66258885559688,13.59,0,0,1024,0
108,120,62.1700776008149,3.77493705816996,0.66258885559688,17.18,0,0,702,0
108,120,62.1700776008149,3.77493705816996,0.66258885559688,19.26,0,0,797,0
109,120,91.7339133306374,3.10332491285234,1.18091766470186,0,101,120000,0,1
109,120,91.7339133306374,3.10332491285234,1.18091766470186,3.58,0,0,1188,0
109,120,91.7339133306374,3.10332491285234,1.18091766470186,15.83,0,0,701,0
109,120,91.7339133306374,3.10332491285234,1.18091766470186,18.55,0,0,668,0
109,120,91.7339133306374,3.10332491285234,1.18091766470186,19.32,0,0,627,0
110,120,90.0606227818132,3.39207801701294,1.59717808372937,0,101,120000,0,1
110,120,90.0606227818132,3.39207801701294,1.59717808372937,8.74,0,0,1092,0
110,120,90.0606227818132,3.39207801701294,1.59717808372937,14.37,0,0,833,0
110,120,90.0606227818132,3.39207801701294,1.59717808372937,15,0,0,790,0
110,120,90.0606227818132,3.39207801701294,1.59717808372937,20.32,0,0,488,0
111,120,58.6506471593111,5.53406626685313,1.38240543474562,0,101,120000,0,1
111,120,58.6506471593111,5.53406626685313,1.38240543474562,1.57,0,0,1880,0
111,120,58.6506471593111,5.53406626685313,1.38240543474562,3.71,0,0,1585,0
111,120,58.6506471593111,5.53406626685313,1.38240543474562,5.15,0,0,1349,0
111,120,58.6506471593111,5.53406626685313,1.38240543474562,12.27,0,0,650,0
112,120,90.463433788926,6.45320009412595,1.3070451476018,0,101,120000,0,1
112,120,90.463433788926,6.45320009412595,1.3070451476018,3.71,0,0,1013,0
112,120,90.463433788926,6.45320009412595,1.3070451476018,17.24,0,0,403,0
112,120,90.463433788926,6.45320009412595,1.3070451476018,19.89,0,0,363,0
112,120,90.463433788926,6.45320009412595,1.3070451476018,20.48,0,0,281,0
113,120,59.639414534352,4.74630625184637,0.798767909479073,0,101,120000,0,1
113,120,59.639414534352,4.74630625184637,0.798767909479073,1.44,0,0,1488,0
113,120,59.639414534352,4.74630625184637,0.798767909479073,6.28,0,0,1107,0
113,120,59.639414534352,4.74630625184637,0.798767909479073,8.26,0,0,831,0
113,120,59.639414534352,4.74630625184637,0.798767909479073,8.47,0,0,935,0
114,120,83.3534587855011,4.51545388217023,2.12062646581061,0,101,120000,0,1
114,120,83.3534587855011,4.51545388217023,2.12062646581061,1.14,0,0,827,0
114,120,83.3534587855011,4.51545388217023,2.12062646581061,2.11,0,0,1169,0
114,120,83.3534587855011,4.51545388217023,2.12062646581061,2.42,0,0,1361,0
114,120,83.3534587855011,4.51545388217023,2.12062646581061,23.84,0,0,384,0
115,120,81.3662062292617,5.58093336902687,1.08614749451865,0,101,120000,0,1
115,120,81.3662062292617,5.58093336902687,1.08614749451865,3.3,0,0,1501,0
115,120,81.3662062292617,5.58093336902687,1.08614749451865,13.07,0,0,878,0
115,120,81.3662062292617,5.58093336902687,1.08614749451865,15.59,0,0,439,0
115,120,81.3662062292617,5.58093336902687,1.08614749451865,22.21,0,0,375,0
116,120,49.8787535767627,3.40402566199164,2.25106721297162,0,101,120000,0,1
116,120,49.8787535767627,3.40402566199164,2.25106721297162,7.74,0,0,1269,0
116,120,49.8787535767627,3.40402566199164,2.25106721297162,18.59,0,0,745,0
116,120,49.8787535767627,3.40402566199164,2.25106721297162,20.07,0,0,839,0
116,120,49.8787535767627,3.40402566199164,2.25106721297162,20.31,0,0,718,0
117,120,47.0881576654446,5.93458861960507,1.26111105942288,0,101,120000,0,1
117,120,47.0881576654446,5.93458861960507,1.26111105942288,5.34,0,0,1266,0
117,120,47.0881576654446,5.93458861960507,1.26111105942288,12.3,0,0,578,0
117,120,47.0881576654446,5.93458861960507,1.26111105942288,14.61,0,0,390,0
117,120,47.0881576654446,5.93458861960507,1.26111105942288,16.08,0,0,488,0
118,120,108.420725224665,5.68262185993765,1.23698300478193,0,101,120000,0,1
118,120,108.420725224665,5.68262185993765,1.23698300478193,1.81,0,0,1188,0
118,120,108.420725224665,5.68262185993765,1.23698300478193,5.55,0,0,942,0
118,120,108.420725224665,5.68262185993765,1.23698300478193,10.68,0,0,737,0
118,120,108.420725224665,5.68262185993765,1.23698300478193,18.34,0,0,440,0
119,120,58.3429151374816,3.6143562095597,0.595313496791065,0,101,120000,0,1
119,120,58.3429151374816,3.6143562095597,0.595313496791065,19.15,0,0,532,0
119,120,58.3429151374816,3.6143562095597,0.595313496791065,20.7,0,0,625,0
119,120,58.3429151374816,3.6143562095597,0.595313496791065,21.72,0,0,546,0
119,120,58.3429151374816,3.6143562095597,0.595313496791065,22.07,0,0,655,0
120,120,50.9020436252823,4.15106876801181,1.19013083119548,0,101,120000,0,1
120,120,50.9020436252823,4.15106876801181,1.19013083119548,8.52,0,0,1169,0
120,120,50.9020436252823,4.15106876801181,1.19013083119548,17.32,0,0,535,0
120,120,50.9020436252823,4.15106876801181,1.19013083119548,22.09,0,0,358,0
120,120,50.9020436252823,4.15106876801181,1.19013083119548,22.92,0,0,314,0
