ID,DOSE,V,CL,KA,TIME,EVID,AMT,DV,EVIDNM
1,10,71.5511117622731,4.57103775780448,0.919903100555947,0,101,10000,0,1
1,10,71.5511117622731,4.57103775780448,0.919903100555947,0.83,0,0,84,0
1,10,71.5511117622731,4.57103775780448,0.919903100555947,9.42,0,0,82,0
1,10,71.5511117622731,4.57103775780448,0.919903100555947,11.21,0,0,72,0
1,10,71.5511117622731,4.57103775780448,0.919903100555947,14.54,0,0,51,0
2,10,83.5968072298173,4.0069973774193,0.673421258425093,0,101,10000,0,1
2,10,83.5968072298173,4.0069973774193,0.673421258425093,7.4,0,0,72,0
2,10,83.5968072298173,4.0069973774193,0.673421258425093,8.16,0,0,91,0
2,10,83.5968072298173,4.0069973774193,0.673421258425093,20.37,0,0,41,0
2,10,83.5968072298173,4.0069973774193,0.673421258425093,23.56,0,0,58,0
3,10,67.5839720177664,5.22410330452419,1.35892534512036,0,101,10000,0,1
3,10,67.5839720177664,5.22410330452419,1.35892534512036,7.61,0,0,89,0
3,10,67.5839720177664,5.22410330452419,1.35892534512036,17.51,0,0,31,0
3,10,67.5839720177664,5.22410330452419,1.35892534512036,19.4,0,0,33,0
3,10,67.5839720177664,5.22410330452419,1.35892534512036,23.94,0,0,24,0
4,10,125.572922775167,3.90975377390317,1.03487134657689,0,101,10000,0,1
4,10,125.572922775167,3.90975377390317,1.03487134657689,2.03,0,0,52,0
4,10,125.572922775167,3.90975377390317,1.03487134657689,5.83,0,0,65,0
4,10,125.572922775167,3.90975377390317,1.03487134657689,13.4,0,0,54,0
4,10,125.572922775167,3.90975377390317,1.03487134657689,17.94,0,0,46,0
5,10,84.0729956868299,3.25626465462689,1.08988606816969,0,101,10000,0,1
5,10,84.0729956868299,3.25626465462689,1.08988606816969,13.69,0,0,71,0
5,10,84.0729956868299,3.25626465462689,1.08988606816969,15.31,0,0,94,0
5,10,84.0729956868299,3.25626465462689,1.08988606816969,16.09,0,0,68,0
5,10,84.0729956868299,3.25626465462689,1.08988606816969,16.8,0,0,73,0
6,10,76.2135178150493,4.29626668360923,1.15541754660994,0,101,10000,0,1
6,10,76.2135178150493,4.29626668360923,1.15541754660994,8.35,0,0,68,0
6,10,76.2135178150493,4.29626668360923,1.15541754660994,9.16,0,0,73,0
6,10,76.2135178150493,4.29626668360923,1.15541754660994,17.25,0,0,61,0
6,10,76.2135178150493,4.29626668360923,1.15541754660994,20.45,0,0,45,0
7,10,89.9061935432627,5.38534935106735,0.781754901595412,0,101,10000,0,1
7,10,89.9061935432627,5.38534935106735,0.781754901595412,3.82,0,0,87,0
7,10,89.9061935432627,5.38534935106735,0.781754901595412,8.74,0,0,66,0
7,10,89.9061935432627,5.38534935106735,0.781754901595412,15.26,0,0,38,0
7,10,89.9061935432627,5.38534935106735,0.781754901595412,17.66,0,0,32,0
8,10,89.9061935432627,5.38534935106735,0.781754901595412,0,101,10000,0,1
8,10,89.9061935432627,5.38534935106735,0.781754901595412,3.82,0,0,87,0
8,10,89.9061935432627,5.38534935106735,0.781754901595412,8.74,0,0,66,0
8,10,89.9061935432627,5.38534935106735,0.781754901595412,15.26,0,0,38,0
8,10,89.9061935432627,5.38534935106735,0.781754901595412,17.66,0,0,32,0
9,10,104.677896667554,4.58833891981213,1.43526417122213,0,101,10000,0,1
9,10,104.677896667554,4.58833891981213,1.43526417122213,0.37,0,0,44,0
9,10,104.677896667554,4.58833891981213,1.43526417122213,13.97,0,0,59,0
9,10,104.677896667554,4.58833891981213,1.43526417122213,16.6,0,0,59,0
9,10,104.677896667554,4.58833891981213,1.43526417122213,23.96,0,0,30,0
10,10,85.0830020485854,4.95464506032035,1.05875229822357,0,101,10000,0,1
10,10,85.0830020485854,4.95464506032035,1.05875229822357,2.59,0,0,111,0
10,10,85.0830020485854,4.95464506032035,1.05875229822357,12.64,0,0,58,0
10,10,85.0830020485854,4.95464506032035,1.05875229822357,19.98,0,0,51,0
10,10,85.0830020485854,4.95464506032035,1.05875229822357,22.55,0,0,35,0
11,10,123.179188003076,3.20923156148164,1.2266420942714,0,101,10000,0,1
11,10,123.179188003076,3.20923156148164,1.2266420942714,0.53,0,0,34,0
11,10,123.179188003076,3.20923156148164,1.2266420942714,3.61,0,0,78,0
11,10,123.179188003076,3.20923156148164,1.2266420942714,19.65,0,0,40,0
11,10,123.179188003076,3.20923156148164,1.2266420942714,20.67,0,0,52,0
12,10,93.3352831657242,2.11616443024212,1.32661468318504,0,101,10000,0,1
12,10,93.3352831657242,2.11616443024212,1.32661468318504,3.59,0,0,116,0
12,10,93.3352831657242,2.11616443024212,1.32661468318504,7.17,0,0,111,0
12,10,93.3352831657242,2.11616443024212,1.32661468318504,12.64,0,0,73,0
12,10,93.3352831657242,2.11616443024212,1.32661468318504,19.06,0,0,72,0
13,10,158.16130127455,5.2635830804001,0.791561588325325,0,101,10000,0,1
13,10,158.16130127455,5.2635830804001,0.791561588325325,9.15,0,0,61,0
13,10,158.16130127455,5.2635830804001,0.791561588325325,16.63,0,0,36,0
13,10,158.16130127455,5.2635830804001,0.791561588325325,17.56,0,0,33,0
13,10,158.16130127455,5.2635830804001,0.791561588325325,20.21,0,0,36,0
14,10,133.441758176691,5.4912798419743,1.01551970822325,0,101,10000,0,1
14,10,133.441758176691,5.4912798419743,1.01551970822325,10.54,0,0,49,0
14,10,133.441758176691,5.4912798419743,1.01551970822325,12.3,0,0,43,0
14,10,133.441758176691,5.4912798419743,1.01551970822325,18.45,0,0,43,0
14,10,133.441758176691,5.4912798419743,1.01551970822325,19.12,0,0,37,0
15,10,64.7938938679317,3.15681438235201,1.20516442638139,0,101,10000,0,1
15,10,64.7938938679317,3.15681438235201,1.20516442638139,3.98,0,0,154,0
15,10,64.7938938679317,3.15681438235201,1.20516442638139,11.75,0,0,73,0
15,10,64.7938938679317,3.15681438235201,1.20516442638139,12.1,0,0,97,0
15,10,64.7938938679317,3.15681438235201,1.20516442638139,13.93,0,0,72,0
16,10,59.0125503250325,2.32327455379696,0.591977131836187,0,101,10000,0,1
16,10,59.0125503250325,2.32327455379696,0.591977131836187,3.46,0,0,137,0
16,10,59.0125503250325,2.32327455379696,0.591977131836187,11.93,0,0,122,0
16,10,59.0125503250325,2.32327455379696,0.591977131836187,13.14,0,0,137,0
16,10,59.0125503250325,2.32327455379696,0.591977131836187,22.17,0,0,62,0
17,10,45.6638885436655,5.68020072346881,0.979288676214266,0,101,10000,0,1
17,10,45.6638885436655,5.68020072346881,0.979288676214266,4.36,0,0,141,0
17,10,45.6638885436655,5.68020072346881,0.979288676214266,7.13,0,0,79,0
17,10,45.6638885436655,5.68020072346881,0.979288676214266,9.24,0,0,59,0
17,10,45.6638885436655,5.68020072346881,0.979288676214266,15.98,0,0,30,0
18,10,67.6117862811821,10.7052358889747,0.915044840173136,0,101,10000,0,1
18,10,67.6117862811821,10.7052358889747,0.915044840173136,1.9,0,0,145,0
18,10,67.6117862811821,10.7052358889747,0.915044840173136,17.13,0,0,9,0
18,10,67.6117862811821,10.7052358889747,0.915044840173136,19.05,0,0,7,0
18,10,67.6117862811821,10.7052358889747,0.915044840173136,21.1,0,0,6,0
19,10,79.0441119110707,4.39143640228449,1.29376728270264,0,101,10000,0,1
19,10,79.0441119110707,4.39143640228449,1.29376728270264,1.92,0,0,147,0
19,10,79.0441119110707,4.39143640228449,1.29376728270264,4.3,0,0,110,0
19,10,79.0441119110707,4.39143640228449,1.29376728270264,15.43,0,0,57,0
19,10,79.0441119110707,4.39143640228449,1.29376728270264,20.51,0,0,49,0
20,10,88.3155485380109,3.48860135102796,1.07282478926734,0,101,10000,0,1
20,10,88.3155485380109,3.48860135102796,1.07282478926734,3.93,0,0,71,0
20,10,88.3155485380109,3.48860135102796,1.07282478926734,4.57,0,0,77,0
20,10,88.3155485380109,3.48860135102796,1.07282478926734,8.19,0,0,85,0
20,10,88.3155485380109,3.48860135102796,1.07282478926734,10.08,0,0,93,0
21,10,80.0947419432624,3.77394085613398,0.982567530692598,0,101,10000,0,1
21,10,80.0947419432624,3.77394085613398,0.982567530692598,4.99,0,0,87,0
21,10,80.0947419432624,3.77394085613398,0.982567530692598,5.59,0,0,128,0
21,10,80.0947419432624,3.77394085613398,0.982567530692598,7.44,0,0,106,0
21,10,80.0947419432624,3.77394085613398,0.982567530692598,11.1,0,0,63,0
22,10,72.6988279944191,3.07382622194044,0.659419994716098,0,101,10000,0,1
22,10,72.6988279944191,3.07382622194044,0.659419994716098,1.25,0,0,60,0
22,10,72.6988279944191,3.07382622194044,0.659419994716098,11.71,0,0,94,0
22,10,72.6988279944191,3.07382622194044,0.659419994716098,13.12,0,0,65,0
22,10,72.6988279944191,3.07382622194044,0.659419994716098,16.95,0,0,44,0
23,10,69.5098909785895,4.41948742917143,1.68994531406224,0,101,10000,0,1
23,10,69.5098909785895,4.41948742917143,1.68994531406224,1.01,0,0,70,0
23,10,69.5098909785895,4.41948742917143,1.68994531406224,2.89,0,0,103,0
23,10,69.5098909785895,4.41948742917143,1.68994531406224,11.41,0,0,74,0
23,10,69.5098909785895,4.41948742917143,1.68994531406224,15.51,0,0,48,0
24,10,62.3845210346222,3.06869602110053,1.49760151463309,0,101,10000,0,1
24,10,62.3845210346222,3.06869602110053,1.49760151463309,1.54,0,0,109,0
24,10,62.3845210346222,3.06869602110053,1.49760151463309,2.91,0,0,152,0
24,10,62.3845210346222,3.06869602110053,1.49760151463309,7.41,0,0,105,0
24,10,62.3845210346222,3.06869602110053,1.49760151463309,21.06,0,0,80,0
25,10,76.1168239977061,4.08117336174216,1.97482197178272,0,101,10000,0,1
25,10,76.1168239977061,4.08117336174216,1.97482197178272,3.84,0,0,94,0
25,10,76.1168239977061,4.08117336174216,1.97482197178272,8.24,0,0,68,0
25,10,76.1168239977061,4.08117336174216,1.97482197178272,22.73,0,0,56,0
25,10,76.1168239977061,4.08117336174216,1.97482197178272,23.66,0,0,36,0
26,10,56.8995157325029,6.99022863351983,1.00696092198451,0,101,10000,0,1
26,10,56.8995157325029,6.99022863351983,1.00696092198451,6.27,0,0,111,0
26,10,56.8995157325029,6.99022863351983,1.00696092198451,6.51,0,0,142,0
26,10,56.8995157325029,6.99022863351983,1.00696092198451,14.35,0,0,35,0
26,10,56.8995157325029,6.99022863351983,1.00696092198451,23.15,0,0,16,0
27,10,59.0862037378152,6.78269817705689,0.837358021447779,0,101,10000,0,1
27,10,59.0862037378152,6.78269817705689,0.837358021447779,5.78,0,0,81,0
27,10,59.0862037378152,6.78269817705689,0.837358021447779,10.79,0,0,57,0
27,10,59.0862037378152,6.78269817705689,0.837358021447779,11.08,0,0,53,0
27,10,59.0862037378152,6.78269817705689,0.837358021447779,20.97,0,0,19,0
28,10,38.3438585798634,6.24416855203055,1.2676324810743,0,101,10000,0,1
28,10,38.3438585798634,6.24416855203055,1.2676324810743,3.92,0,0,154,0
28,10,38.3438585798634,6.24416855203055,1.2676324810743,3.98,0,0,190,0
28,10,38.3438585798634,6.24416855203055,1.2676324810743,5.09,0,0,168,0
28,10,38.3438585798634,6.24416855203055,1.2676324810743,16.86,0,0,21,0
29,10,60.6004364190056,2.78332202088915,1.1560192035815,0,101,10000,0,1
29,10,60.6004364190056,2.78332202088915,1.1560192035815,4.4,0,0,143,0
29,10,60.6004364190056,2.78332202088915,1.1560192035815,11.4,0,0,155,0
29,10,60.6004364190056,2.78332202088915,1.1560192035815,17.65,0,0,105,0
29,10,60.6004364190056,2.78332202088915,1.1560192035815,18.64,0,0,74,0
30,10,114.456866837485,5.45704195160134,0.840021520745196,0,101,10000,0,1
30,10,114.456866837485,5.45704195160134,0.840021520745196,5.58,0,0,86,0
30,10,114.456866837485,5.45704195160134,0.840021520745196,6.54,0,0,61,0
30,10,114.456866837485,5.45704195160134,0.840021520745196,9.86,0,0,62,0
30,10,114.456866837485,5.45704195160134,0.840021520745196,11.23,0,0,60,0
31,30,60.1356504650209,3.34366525489649,0.972630713353812,0,101,30000,0,1
31,30,60.1356504650209,3.34366525489649,0.972630713353812,8.12,0,0,269,0
31,30,60.1356504650209,3.34366525489649,0.972630713353812,11.15,0,0,241,0
31,30,60.1356504650209,3.34366525489649,0.972630713353812,20.54,0,0,122,0
31,30,60.1356504650209,3.34366525489649,0.972630713353812,22.93,0,0,157,0
32,30,71.5940581161515,3.22340346549317,1.3161133967548,0,101,30000,0,1
32,30,71.5940581161515,3.22340346549317,1.3161133967548,0.1,0,0,54,0
32,30,71.5940581161515,3.22340346549317,1.3161133967548,6.41,0,0,332,0
32,30,71.5940581161515,3.22340346549317,1.3161133967548,11.12,0,0,283,0
32,30,71.5940581161515,3.22340346549317,1.3161133967548,23.84,0,0,113,0
33,30,63.3078878497523,3.16746352502748,1.62917776250133,0,101,30000,0,1
33,30,63.3078878497523,3.16746352502748,1.62917776250133,0.19,0,0,132,0
33,30,63.3078878497523,3.16746352502748,1.62917776250133,11.11,0,0,271,0
33,30,63.3078878497523,3.16746352502748,1.62917776250133,14.54,0,0,289,0
33,30,63.3078878497523,3.16746352502748,1.62917776250133,16.41,0,0,206,0
34,30,64.4178154480948,5.34986945696798,0.797436435407874,0,101,30000,0,1
34,30,64.4178154480948,5.34986945696798,0.797436435407874,0.73,0,0,190,0
34,30,64.4178154480948,5.34986945696798,0.797436435407874,8.34,0,0,388,0
34,30,64.4178154480948,5.34986945696798,0.797436435407874,17.74,0,0,84,0
34,30,64.4178154480948,5.34986945696798,0.797436435407874,21.99,0,0,97,0
35,30,99.3888441466753,4.99876819639052,0.567186582200072,0,101,30000,0,1
35,30,99.3888441466753,4.99876819639052,0.567186582200072,11.56,0,0,290,0
35,30,99.3888441466753,4.99876819639052,0.567186582200072,12.34,0,0,144,0
35,30,99.3888441466753,4.99876819639052,0.567186582200072,19.83,0,0,125,0
35,30,99.3888441466753,4.99876819639052,0.567186582200072,23.26,0,0,127,0
36,30,103.602048506967,3.01684474501968,1.30421642736655,0,101,30000,0,1
36,30,103.602048506967,3.01684474501968,1.30421642736655,2.47,0,0,274,0
36,30,103.602048506967,3.01684474501968,1.30421642736655,6.58,0,0,247,0
36,30,103.602048506967,3.01684474501968,1.30421642736655,7.68,0,0,262,0
36,30,103.602048506967,3.01684474501968,1.30421642736655,19.36,0,0,185,0
37,30,49.1322242890802,4.07327622467808,1.09391698211298,0,101,30000,0,1
37,30,49.1322242890802,4.07327622467808,1.09391698211298,5.84,0,0,474,0
37,30,49.1322242890802,4.07327622467808,1.09391698211298,6.94,0,0,328,0
37,30,49.1322242890802,4.07327622467808,1.09391698211298,7.63,0,0,287,0
37,30,49.1322242890802,4.07327622467808,1.09391698211298,20.14,0,0,105,0
38,30,75.5528266623086,3.96685333466939,0.679882268118976,0,101,30000,0,1
38,30,75.5528266623086,3.96685333466939,0.679882268118976,0.29,0,0,65,0
38,30,75.5528266623086,3.96685333466939,0.679882268118976,14.95,0,0,160,0
38,30,75.5528266623086,3.96685333466939,0.679882268118976,15.07,0,0,197,0
38,30,75.5528266623086,3.96685333466939,0.679882268118976,20.17,0,0,117,0
39,30,76.1930446379952,3.11149280121979,1.71852284667891,0,101,30000,0,1
39,30,76.1930446379952,3.11149280121979,1.71852284667891,1.23,0,0,408,0
39,30,76.1930446379952,3.11149280121979,1.71852284667891,15.3,0,0,174,0
39,30,76.1930446379952,3.11149280121979,1.71852284667891,17.01,0,0,162,0
39,30,76.1930446379952,3.11149280121979,1.71852284667891,23.96,0,0,204,0
40,30,41.2074984191052,8.16352704079733,1.50819409000478,0,101,30000,0,1
40,30,41.2074984191052,8.16352704079733,1.50819409000478,4.6,0,0,364,0
40,30,41.2074984191052,8.16352704079733,1.50819409000478,12.19,0,0,95,0
40,30,41.2074984191052,8.16352704079733,1.50819409000478,14.5,0,0,90,0
40,30,41.2074984191052,8.16352704079733,1.50819409000478,22.94,0,0,10,0
41,30,67.2577657553417,4.18134991317392,1.13029772883955,0,101,30000,0,1
41,30,67.2577657553417,4.18134991317392,1.13029772883955,3.13,0,0,400,0
41,30,67.2577657553417,4.18134991317392,1.13029772883955,5.82,0,0,270,0
41,30,67.2577657553417,4.18134991317392,1.13029772883955,12.76,0,0,186,0
41,30,67.2577657553417,4.18134991317392,1.13029772883955,22.31,0,0,113,0
42,30,68.544056435907,3.52076344064045,0.731449150470517,0,101,30000,0,1
42,30,68.544056435907,3.52076344064045,0.731449150470517,6.75,0,0,344,0
42,30,68.544056435907,3.52076344064045,0.731449150470517,9.28,0,0,357,0
42,30,68.544056435907,3.52076344064045,0.731449150470517,12.67,0,0,318,0
42,30,68.544056435907,3.52076344064045,0.731449150470517,23.39,0,0,134,0
43,30,58.7798200365288,6.76617238551646,1.04233470761508,0,101,30000,0,1
43,30,58.7798200365288,6.76617238551646,1.04233470761508,4.51,0,0,221,0
43,30,58.7798200365288,6.76617238551646,1.04233470761508,21.5,0,0,65,0
43,30,58.7798200365288,6.76617238551646,1.04233470761508,21.88,0,0,47,0
43,30,58.7798200365288,6.76617238551646,1.04233470761508,23.4,0,0,40,0
44,30,68.8315353471697,3.59505350304438,1.01095641145877,0,101,30000,0,1
44,30,68.8315353471697,3.59505350304438,1.01095641145877,1.83,0,0,339,0
44,30,68.8315353471697,3.59505350304438,1.01095641145877,2.11,0,0,315,0
44,30,68.8315353471697,3.59505350304438,1.01095641145877,12.75,0,0,236,0
44,30,68.8315353471697,3.59505350304438,1.01095641145877,19.01,0,0,234,0
45,30,122.532563206906,3.78621298645298,0.632471596388863,0,101,30000,0,1
45,30,122.532563206906,3.78621298645298,0.632471596388863,13.14,0,0,231,0
45,30,122.532563206906,3.78621298645298,0.632471596388863,13.24,0,0,177,0
45,30,122.532563206906,3.78621298645298,0.632471596388863,18.97,0,0,143,0
45,30,122.532563206906,3.78621298645298,0.632471596388863,21.45,0,0,117,0
46,30,57.1479741288148,3.80662758528953,1.11952885358535,0,101,30000,0,1
46,30,57.1479741288148,3.80662758528953,1.11952885358535,5.36,0,0,302,0
46,30,57.1479741288148,3.80662758528953,1.11952885358535,11.84,0,0,207,0
46,30,57.1479741288148,3.80662758528953,1.11952885358535,14.59,0,0,160,0
46,30,57.1479741288148,3.80662758528953,1.11952885358535,19.8,0,0,147,0
47,30,58.6438753225099,5.24423411447286,0.853747975462224,0,101,30000,0,1
47,30,58.6438753225099,5.24423411447286,0.853747975462224,6.33,0,0,311,0
47,30,58.6438753225099,5.24423411447286,0.853747975462224,9.32,0,0,423,0
47,30,58.6438753225099,5.24423411447286,0.853747975462224,21.77,0,0,67,0
47,30,58.6438753225099,5.24423411447286,0.853747975462224,22.11,0,0,60,0
48,30,92.0934191605987,4.59307131255834,1.09911129125639,0,101,30000,0,1
48,30,92.0934191605987,4.59307131255834,1.09911129125639,1.36,0,0,247,0
48,30,92.0934191605987,4.59307131255834,1.09911129125639,5.24,0,0,209,0
48,30,92.0934191605987,4.59307131255834,1.09911129125639,10.67,0,0,153,0
48,30,92.0934191605987,4.59307131255834,1.09911129125639,12.34,0,0,243,0
49,30,58.0833914560967,6.31281614713973,0.797180314754789,0,101,30000,0,1
49,30,58.0833914560967,6.31281614713973,0.797180314754789,5.47,0,0,368,0
49,30,58.0833914560967,6.31281614713973,0.797180314754789,16.99,0,0,95,0
49,30,58.0833914560967,6.31281614713973,0.797180314754789,21.21,0,0,77,0
49,30,58.0833914560967,6.31281614713973,0.797180314754789,22.28,0,0,45,0
50,30,41.5545542932258,2.96675910500693,1.06261107796764,0,101,30000,0,1
50,30,41.5545542932258,2.96675910500693,1.06261107796764,0.54,0,0,294,0
50,30,41.5545542932258,2.96675910500693,1.06261107796764,18.07,0,0,261,0
50,30,41.5545542932258,2.96675910500693,1.06261107796764,18.7,0,0,294,0
50,30,41.5545542932258,2.96675910500693,1.06261107796764,21.32,0,0,181,0
51,30,93.3348785484577,3.74530855247893,0.924219111190915,0,101,30000,0,1
51,30,93.3348785484577,3.74530855247893,0.924219111190915,1.24,0,0,299,0
51,30,93.3348785484577,3.74530855247893,0.924219111190915,7.11,0,0,355,0
51,30,93.3348785484577,3.74530855247893,0.924219111190915,9.98,0,0,268,0
51,30,93.3348785484577,3.74530855247893,0.924219111190915,13.14,0,0,171,0
52,30,98.0483303750591,3.04190284957374,1.22000561826926,0,101,30000,0,1
52,30,98.0483303750591,3.04190284957374,1.22000561826926,1.76,0,0,219,0
52,30,98.0483303750591,3.04190284957374,1.22000561826926,9.21,0,0,210,0
52,30,98.0483303750591,3.04190284957374,1.22000561826926,11.54,0,0,237,0
52,30,98.0483303750591,3.04190284957374,1.22000561826926,21.19,0,0,190,0
53,30,36.2473096269197,3.41244532888486,0.738962348215229,0,101,30000,0,1
53,30,36.2473096269197,3.41244532888486,0.738962348215229,7.07,0,0,525,0
53,30,36.2473096269197,3.41244532888486,0.738962348215229,15.45,0,0,243,0
53,30,36.2473096269197,3.41244532888486,0.738962348215229,15.59,0,0,306,0
53,30,36.2473096269197,3.41244532888486,0.738962348215229,20.07,0,0,128,0
54,30,84.4682689852227,5.89576024275771,0.996880148602242,0,101,30000,0,1
54,30,84.4682689852227,5.89576024275771,0.996880148602242,2.67,0,0,321,0
54,30,84.4682689852227,5.89576024275771,0.996880148602242,11.17,0,0,202,0
54,30,84.4682689852227,5.89576024275771,0.996880148602242,11.2,0,0,159,0
54,30,84.4682689852227,5.89576024275771,0.996880148602242,16.36,0,0,142,0
55,30,90.0064206061876,3.2496142656765,1.21297024434202,0,101,30000,0,1
55,30,90.0064206061876,3.2496142656765,1.21297024434202,1.78,0,0,407,0
55,30,90.0064206061876,3.2496142656765,1.21297024434202,6.95,0,0,301,0
55,30,90.0064206061876,3.2496142656765,1.21297024434202,19.95,0,0,184,0
55,30,90.0064206061876,3.2496142656765,1.21297024434202,20.39,0,0,157,0
56,30,86.2922621779213,3.81491030386119,0.94802210716016,0,101,30000,0,1
56,30,86.2922621779213,3.81491030386119,0.94802210716016,2.72,0,0,227,0
56,30,86.2922621779213,3.81491030386119,0.94802210716016,10.29,0,0,235,0
56,30,86.2922621779213,3.81491030386119,0.94802210716016,10.8,0,0,215,0
56,30,86.2922621779213,3.81491030386119,0.94802210716016,20.97,0,0,185,0
57,30,56.2478311676552,4.67250258651037,0.979165901862286,0,101,30000,0,1
57,30,56.2478311676552,4.67250258651037,0.979165901862286,3.3,0,0,388,0
57,30,56.2478311676552,4.67250258651037,0.979165901862286,4.27,0,0,468,0
57,30,56.2478311676552,4.67250258651037,0.979165901862286,9.43,0,0,209,0
57,30,56.2478311676552,4.67250258651037,0.979165901862286,21.29,0,0,120,0
58,30,56.8915996607106,3.38334053904314,1.31079525966334,0,101,30000,0,1
58,30,56.8915996607106,3.38334053904314,1.31079525966334,5.39,0,0,446,0
58,30,56.8915996607106,3.38334053904314,1.31079525966334,8.64,0,0,347,0
58,30,56.8915996607106,3.38334053904314,1.31079525966334,9.17,0,0,370,0
58,30,56.8915996607106,3.38334053904314,1.31079525966334,18.52,0,0,167,0
59,30,69.4002789476587,3.57058896964223,0.896983263729945,0,101,30000,0,1
59,30,69.4002789476587,3.57058896964223,0.896983263729945,9.14,0,0,339,0
59,30,69.4002789476587,3.57058896964223,0.896983263729945,12.96,0,0,320,0
59,30,69.4002789476587,3.57058896964223,0.896983263729945,14.35,0,0,178,0
59,30,69.4002789476587,3.57058896964223,0.896983263729945,22.46,0,0,184,0
60,30,47.0761937634167,3.63134229115009,0.688925240641226,0,101,30000,0,1
60,30,47.0761937634167,3.63134229115009,0.688925240641226,0.24,0,0,104,0
60,30,47.0761937634167,3.63134229115009,0.688925240641226,13.47,0,0,283,0
60,30,47.0761937634167,3.63134229115009,0.688925240641226,16.12,0,0,221,0
60,30,47.0761937634167,3.63134229115009,0.688925240641226,16.91,0,0,246,0
61,60,151.788028777947,3.53429523660323,0.622029162723403,0,101,60000,0,1
61,60,151.788028777947,3.53429523660323,0.622029162723403,0.07,0,0,19,0
61,60,151.788028777947,3.53429523660323,0.622029162723403,1.07,0,0,167,0
61,60,151.788028777947,3.53429523660323,0.622029162723403,3.03,0,0,357,0
61,60,151.788028777947,3.53429523660323,0.622029162723403,4.75,0,0,356,0
62,60,79.916659448314,5.76083003468479,1.45038374965598,0,101,60000,0,1
62,60,79.916659448314,5.76083003468479,1.45038374965598,9.66,0,0,367,0
62,60,79.916659448314,5.76083003468479,1.45038374965598,13.24,0,0,272,0
62,60,79.916659448314,5.76083003468479,1.45038374965598,18.21,0,0,185,0
62,60,79.916659448314,5.76083003468479,1.45038374965598,23.94,0,0,164,0
63,60,65.9414032789127,3.96446544197124,1.16035341644748,0,101,60000,0,1
63,60,65.9414032789127,3.96446544197124,1.16035341644748,2.73,0,0,666,0
63,60,65.9414032789127,3.96446544197124,1.16035341644748,4.77,0,0,627,0
63,60,65.9414032789127,3.96446544197124,1.16035341644748,8.32,0,0,661,0
63,60,65.9414032789127,3.96446544197124,1.16035341644748,14.45,0,0,336,0
64,60,77.3920627067876,4.70954455365703,1.14365052651669,0,101,60000,0,1
64,60,77.3920627067876,4.70954455365703,1.14365052651669,4.26,0,0,580,0
64,60,77.3920627067876,4.70954455365703,1.14365052651669,8.71,0,0,473,0
64,60,77.3920627067876,4.70954455365703,1.14365052651669,15.04,0,0,600,0
64,60,77.3920627067876,4.70954455365703,1.14365052651669,17.44,0,0,212,0
65,60,77.4767319443124,3.24466324867059,0.71241410899863,0,101,60000,0,1
65,60,77.4767319443124,3.24466324867059,0.71241410899863,6.18,0,0,793,0
65,60,77.4767319443124,3.24466324867059,0.71241410899863,17.4,0,0,423,0
65,60,77.4767319443124,3.24466324867059,0.71241410899863,19.68,0,0,337,0
65,60,77.4767319443124,3.24466324867059,0.71241410899863,19.99,0,0,313,0
66,60,44.1112599482641,4.23675434310791,0.824209865917678,0,101,60000,0,1
66,60,44.1112599482641,4.23675434310791,0.824209865917678,1.84,0,0,1505,0
66,60,44.1112599482641,4.23675434310791,0.824209865917678,5.03,0,0,1059,0
66,60,44.1112599482641,4.23675434310791,0.824209865917678,8.62,0,0,834,0
66,60,44.1112599482641,4.23675434310791,0.824209865917678,23.54,0,0,215,0
67,60,79.4467234714536,4.76419239519423,1.12827974560541,0,101,60000,0,1
67,60,79.4467234714536,4.76419239519423,1.12827974560541,5.92,0,0,656,0
67,60,79.4467234714536,4.76419239519423,1.12827974560541,6.22,0,0,547,0
67,60,79.4467234714536,4.76419239519423,1.12827974560541,21.21,0,0,206,0
67,60,79.4467234714536,4.76419239519423,1.12827974560541,23.05,0,0,189,0
68,60,54.770700452673,4.65623918513757,1.14683272055638,0,101,60000,0,1
68,60,54.770700452673,4.65623918513757,1.14683272055638,3.16,0,0,932,0
68,60,54.770700452673,4.65623918513757,1.14683272055638,12.96,0,0,463,0
68,60,54.770700452673,4.65623918513757,1.14683272055638,13.65,0,0,579,0
68,60,54.770700452673,4.65623918513757,1.14683272055638,23.99,0,0,119,0
69,60,82.3934175388797,4.64399916040904,1.20679505413321,0,101,60000,0,1
69,60,82.3934175388797,4.64399916040904,1.20679505413321,6.32,0,0,572,0
69,60,82.3934175388797,4.64399916040904,1.20679505413321,9.06,0,0,704,0
69,60,82.3934175388797,4.64399916040904,1.20679505413321,18.17,0,0,207,0
69,60,82.3934175388797,4.64399916040904,1.20679505413321,19.75,0,0,250,0
70,60,89.1529129085791,5.64771727400053,0.65913283295468,0,101,60000,0,1
70,60,89.1529129085791,5.64771727400053,0.65913283295468,4.44,0,0,677,0
70,60,89.1529129085791,5.64771727400053,0.65913283295468,8.55,0,0,392,0
70,60,89.1529129085791,5.64771727400053,0.65913283295468,13.57,0,0,354,0
70,60,89.1529129085791,5.64771727400053,0.65913283295468,17.16,0,0,246,0
71,60,64.3272354348028,2.83572045056846,1.42810520199889,0,101,60000,0,1
71,60,64.3272354348028,2.83572045056846,1.42810520199889,5.72,0,0,601,0
71,60,64.3272354348028,2.83572045056846,1.42810520199889,17.58,0,0,507,0
71,60,64.3272354348028,2.83572045056846,1.42810520199889,20.45,0,0,331,0
71,60,64.3272354348028,2.83572045056846,1.42810520199889,22.19,0,0,403,0
72,60,101.891707530409,3.28774018855354,1.03563674389008,0,101,60000,0,1
72,60,101.891707530409,3.28774018855354,1.03563674389008,1.34,0,0,557,0
72,60,101.891707530409,3.28774018855354,1.03563674389008,9.49,0,0,316,0
72,60,101.891707530409,3.28774018855354,1.03563674389008,10.41,0,0,359,0
72,60,101.891707530409,3.28774018855354,1.03563674389008,21.46,0,0,207,0
73,60,90.7954041967444,4.00411166776013,1.08609235464276,0,101,60000,0,1
73,60,90.7954041967444,4.00411166776013,1.08609235464276,0.52,0,0,257,0
73,60,90.7954041967444,4.00411166776013,1.08609235464276,1.42,0,0,464,0
73,60,90.7954041967444,4.00411166776013,1.08609235464276,8.95,0,0,499,0
73,60,90.7954041967444,4.00411166776013,1.08609235464276,12.37,0,0,440,0
74,60,102.21492958033,4.67820153018658,1.13796089833091,0,101,60000,0,1
74,60,102.21492958033,4.67820153018658,1.13796089833091,1.94,0,0,557,0
74,60,102.21492958033,4.67820153018658,1.13796089833091,8.75,0,0,574,0
74,60,102.21492958033,4.67820153018658,1.13796089833091,19.15,0,0,183,0
74,60,102.21492958033,4.67820153018658,1.13796089833091,23.29,0,0,206,0
75,60,85.9190257496301,4.88662206488944,0.967301426820648,0,101,60000,0,1
75,60,85.9190257496301,4.88662206488944,0.967301426820648,3.23,0,0,543,0
75,60,85.9190257496301,4.88662206488944,0.967301426820648,5.91,0,0,512,0
75,60,85.9190257496301,4.88662206488944,0.967301426820648,19.06,0,0,289,0
75,60,85.9190257496301,4.88662206488944,0.967301426820648,21.74,0,0,196,0
76,60,58.6947129148044,3.27300843213236,1.04858749736946,0,101,60000,0,1
76,60,58.6947129148044,3.27300843213236,1.04858749736946,7.57,0,0,649,0
76,60,58.6947129148044,3.27300843213236,1.04858749736946,19.6,0,0,253,0
76,60,58.6947129148044,3.27300843213236,1.04858749736946,19.89,0,0,387,0
76,60,58.6947129148044,3.27300843213236,1.04858749736946,20.48,0,0,421,0
77,60,117.080130239444,3.17764688560095,0.940022930924742,0,101,60000,0,1
77,60,117.080130239444,3.17764688560095,0.940022930924742,6.54,0,0,419,0
77,60,117.080130239444,3.17764688560095,0.940022930924742,9.37,0,0,512,0
77,60,117.080130239444,3.17764688560095,0.940022930924742,21.78,0,0,379,0
77,60,117.080130239444,3.17764688560095,0.940022930924742,23.29,0,0,385,0
78,60,57.9847980777376,4.15839713681678,0.905311918109393,0,101,60000,0,1
78,60,57.9847980777376,4.15839713681678,0.905311918109393,6.06,0,0,738,0
78,60,57.9847980777376,4.15839713681678,0.905311918109393,10.87,0,0,550,0
78,60,57.9847980777376,4.15839713681678,0.905311918109393,14.2,0,0,588,0
78,60,57.9847980777376,4.15839713681678,0.905311918109393,22.92,0,0,162,0
79,60,111.703263850127,4.85485484391346,1.5178823868921,0,101,60000,0,1
79,60,111.703263850127,4.85485484391346,1.5178823868921,2.97,0,0,341,0
79,60,111.703263850127,4.85485484391346,1.5178823868921,20.88,0,0,240,0
79,60,111.703263850127,4.85485484391346,1.5178823868921,21.23,0,0,246,0
79,60,111.703263850127,4.85485484391346,1.5178823868921,21.58,0,0,312,0
80,60,64.8120962868675,4.06484006750944,0.714810047168919,0,101,60000,0,1
80,60,64.8120962868675,4.06484006750944,0.714810047168919,0.83,0,0,499,0
80,60,64.8120962868675,4.06484006750944,0.714810047168919,2.2,0,0,440,0
80,60,64.8120962868675,4.06484006750944,0.714810047168919,3.64,0,0,718,0
80,60,64.8120962868675,4.06484006750944,0.714810047168919,23.19,0,0,163,0
81,60,67.8258601494021,2.20088337481244,1.1145115320273,0,101,60000,0,1
81,60,67.8258601494021,2.20088337481244,1.1145115320273,13.03,0,0,692,0
81,60,67.8258601494021,2.20088337481244,1.1145115320273,13.66,0,0,589,0
81,60,67.8258601494021,2.20088337481244,1.1145115320273,15.24,0,0,442,0
81,60,67.8258601494021,2.20088337481244,1.1145115320273,22.01,0,0,398,0
82,60,103.962480415725,2.92542829809228,1.28817140520837,0,101,60000,0,1
82,60,103.962480415725,2.92542829809228,1.28817140520837,13.67,0,0,223,0
82,60,103.962480415725,2.92542829809228,1.28817140520837,15.2,0,0,326,0
82,60,103.962480415725,2.92542829809228,1.28817140520837,16.32,0,0,387,0
82,60,103.962480415725,2.92542829809228,1.28817140520837,19.17,0,0,420,0
83,60,105.112926909142,3.64271968915961,1.1090932157316,0,101,60000,0,1
83,60,105.112926909142,3.64271968915961,1.1090932157316,0.23,0,0,79,0
83,60,105.112926909142,3.64271968915961,1.1090932157316,4.81,0,0,344,0
83,60,105.112926909142,3.64271968915961,1.1090932157316,15.41,0,0,425,0
83,60,105.112926909142,3.64271968915961,1.1090932157316,21.71,0,0,277,0
84,60,58.7914603446704,3.17043674803928,1.47903862177988,0,101,60000,0,1
84,60,58.7914603446704,3.17043674803928,1.47903862177988,4.01,0,0,790,0
84,60,58.7914603446704,3.17043674803928,1.47903862177988,6.95,0,0,773,0
84,60,58.7914603446704,3.17043674803928,1.47903862177988,11.25,0,0,545,0
84,60,58.7914603446704,3.17043674803928,1.47903862177988,11.42,0,0,618,0
85,60,97.9147426972966,2.33190179054252,0.831629346045382,0,101,60000,0,1
85,60,97.9147426972966,2.33190179054252,0.831629346045382,1.16,0,0,335,0
85,60,97.9147426972966,2.33190179054252,0.831629346045382,1.6,0,0,475,0
85,60,97.9147426972966,2.33190179054252,0.831629346045382,5.95,0,0,739,0
85,60,97.9147426972966,2.33190179054252,0.831629346045382,15.76,0,0,448,0
86,60,54.9276330592189,2.90341369847057,1.28594447655616,0,101,60000,0,1
86,60,54.9276330592189,2.90341369847057,1.28594447655616,0.42,0,0,515,0
86,60,54.9276330592189,2.90341369847057,1.28594447655616,1.36,0,0,1123,0
86,60,54.9276330592189,2.90341369847057,1.28594447655616,18.04,0,0,377,0
86,60,54.9276330592189,2.90341369847057,1.28594447655616,20.8,0,0,402,0
87,60,57.3338870225961,4.42899677280365,1.02269369560956,0,101,60000,0,1
87,60,57.3338870225961,4.42899677280365,1.02269369560956,2.52,0,0,875,0
87,60,57.3338870225961,4.42899677280365,1.02269369560956,7.79,0,0,608,0
87,60,57.3338870225961,4.42899677280365,1.02269369560956,10.26,0,0,482,0
87,60,57.3338870225961,4.42899677280365,1.02269369560956,11.42,0,0,432,0
88,60,107.096502992387,2.91132194255042,0.563623382313325,0,101,60000,0,1
88,60,107.096502992387,2.91132194255042,0.563623382313325,4.26,0,0,694,0
88,60,107.096502992387,2.91132194255042,0.563623382313325,5.62,0,0,484,0
88,60,107.096502992387,2.91132194255042,0.563623382313325,10.85,0,0,673,0
88,60,107.096502992387,2.91132194255042,0.563623382313325,12.89,0,0,425,0
89,60,69.051610229168,5.73174077092963,0.845092186156268,0,101,60000,0,1
89,60,69.051610229168,5.73174077092963,0.845092186156268,5.59,0,0,583,0
89,60,69.051610229168,5.73174077092963,0.845092186156268,10.74,0,0,377,0
89,60,69.051610229168,5.73174077092963,0.845092186156268,12.68,0,0,383,0
89,60,69.051610229168,5.73174077092963,0.845092186156268,15.98,0,0,337,0
90,60,100.223858292875,3.32110534926372,0.75609099002308,0,101,60000,0,1
90,60,100.223858292875,3.32110534926372,0.75609099002308,0.87,0,0,259,0
90,60,100.223858292875,3.32110534926372,0.75609099002308,12.13,0,0,410,0
90,60,100.223858292875,3.32110534926372,0.75609099002308,19.71,0,0,349,0
90,60,100.223858292875,3.32110534926372,0.75609099002308,21.94,0,0,293,0
91,120,57.8033461028401,3.05007680591793,0.969815453431179,0,101,120000,0,1
91,120,57.8033461028401,3.05007680591793,0.969815453431179,1.09,0,0,1334,0
91,120,57.8033461028401,3.05007680591793,0.969815453431179,9.72,0,0,1260,0
91,120,57.8033461028401,3.05007680591793,0.969815453431179,13.35,0,0,959,0
91,120,57.8033461028401,3.05007680591793,0.969815453431179,16.89,0,0,812,0
92,120,116.39861112032,4.02714641011989,1.74417024583513,0,101,120000,0,1
92,120,116.39861112032,4.02714641011989,1.74417024583513,11.89,0,0,598,0
92,120,116.39861112032,4.02714641011989,1.74417024583513,14.06,0,0,699,0
92,120,116.39861112032,4.02714641011989,1.74417024583513,19.15,0,0,425,0
92,120,116.39861112032,4.02714641011989,1.74417024583513,21.98,0,0,448,0
93,120,79.3235464983727,4.91570345230083,0.522277208819711,0,101,120000,0,1
93,120,79.3235464983727,4.91570345230083,0.522277208819711,1.13,0,0,570,0
93,120,79.3235464983727,4.91570345230083,0.522277208819711,3.15,0,0,1121,0
93,120,79.3235464983727,4.91570345230083,0.522277208819711,5.93,0,0,1143,0
93,120,79.3235464983727,4.91570345230083,0.522277208819711,6.63,0,0,1078,0
94,120,79.3747848727309,3.81768794492654,0.910790824094103,0,101,120000,0,1
94,120,79.3747848727309,3.81768794492654,0.910790824094103,9.37,0,0,1338,0
94,120,79.3747848727309,3.81768794492654,0.910790824094103,13.79,0,0,573,0
94,120,79.3747848727309,3.81768794492654,0.910790824094103,15.73,0,0,830,0
94,120,79.3747848727309,3.81768794492654,0.910790824094103,21.47,0,0,425,0
95,120,86.6942799629025,2.88599234787256,0.945258930094045,0,101,120000,0,1
95,120,86.6942799629025,2.88599234787256,0.945258930094045,10.96,0,0,1061,0
95,120,86.6942799629025,2.88599234787256,0.945258930094045,12.29,0,0,909,0
95,120,86.6942799629025,2.88599234787256,0.945258930094045,13.34,0,0,1067,0
95,120,86.6942799629025,2.88599234787256,0.945258930094045,20.89,0,0,690,0
96,120,73.8953062503867,2.42812166032645,1.20456840790576,0,101,120000,0,1
96,120,73.8953062503867,2.42812166032645,1.20456840790576,1.17,0,0,1014,0
96,120,73.8953062503867,2.42812166032645,1.20456840790576,5.06,0,0,1325,0
96,120,73.8953062503867,2.42812166032645,1.20456840790576,15.71,0,0,1186,0
96,120,73.8953062503867,2.42812166032645,1.20456840790576,23.45,0,0,1062,0
97,120,78.7805225109514,3.01266832176636,1.31254228998915,0,101,120000,0,1
97,120,78.7805225109514,3.01266832176636,1.31254228998915,8.69,0,0,1020,0
97,120,78.7805225109514,3.01266832176636,1.31254228998915,14.45,0,0,821,0
97,120,78.7805225109514,3.01266832176636,1.31254228998915,16.99,0,0,602,0
97,120,78.7805225109514,3.01266832176636,1.31254228998915,18.65,0,0,790,0
98,120,55.6725407019503,4.23015971577883,0.673001991972317,0,101,120000,0,1
98,120,55.6725407019503,4.23015971577883,0.673001991972317,0.48,0,0,449,0
98,120,55.6725407019503,4.23015971577883,0.673001991972317,7.54,0,0,1386,0
98,120,55.6725407019503,4.23015971577883,0.673001991972317,10.14,0,0,1184,0
98,120,55.6725407019503,4.23015971577883,0.673001991972317,19.18,0,0,552,0
99,120,44.3219123480211,4.79130888337936,0.753812571395164,0,101,120000,0,1
99,120,44.3219123480211,4.79130888337936,0.753812571395164,8.42,0,0,1094,0
99,120,44.3219123480211,4.79130888337936,0.753812571395164,11.94,0,0,1117,0
99,120,44.3219123480211,4.79130888337936,0.753812571395164,15.68,0,0,494,0
99,120,44.3219123480211,4.79130888337936,0.753812571395164,17.22,0,0,390,0
100,120,62.1765224999237,5.06810407042744,1.4256844383583,0,101,120000,0,1
100,120,62.1765224999237,5.06810407042744,1.4256844383583,1.77,0,0,1629,0
100,120,62.1765224999237,5.06810407042744,1.4256844383583,4.59,0,0,1123,0
100,120,62.1765224999237,5.06810407042744,1.4256844383583,12.62,0,0,582,0
100,120,62.1765224999237,5.06810407042744,1.4256844383583,19.88,0,0,368,0
101,120,40.3280769964855,3.89421558618905,0.857803165126307,0,101,120000,0,1
101,120,40.3280769964855,3.89421558618905,0.857803165126307,0.45,0,0,769,0
101,120,40.3280769964855,3.89421558618905,0.857803165126307,13.92,0,0,855,0
101,120,40.3280769964855,3.89421558618905,0.857803165126307,19.94,0,0,514,0
101,120,40.3280769964855,3.89421558618905,0.857803165126307,23.91,0,0,431,0
102,120,60.3721681671782,5.81044079395998,1.11459098066153,0,101,120000,0,1
102,120,60.3721681671782,5.81044079395998,1.11459098066153,3.33,0,0,1711,0
102,120,60.3721681671782,5.81044079395998,1.11459098066153,14.45,0,0,687,0
102,120,60.3721681671782,5.81044079395998,1.11459098066153,20.82,0,0,288,0
102,120,60.3721681671782,5.81044079395998,1.11459098066153,22.51,0,0,221,0
103,120,60.1480291837274,2.81507679520068,1.11262951352652,0,101,120000,0,1
103,120,60.1480291837274,2.81507679520068,1.11262951352652,5.4,0,0,1725,0
103,120,60.1480291837274,2.81507679520068,1.11262951352652,6.93,0,0,1673,0
103,120,60.1480291837274,2.81507679520068,1.11262951352652,9.64,0,0,1790,0
103,120,60.1480291837274,2.81507679520068,1.11262951352652,14.14,0,0,822,0
104,120,44.5051250692763,5.62635453553368,1.4385800466538,0,101,120000,0,1
104,120,44.5051250692763,5.62635453553368,1.4385800466538,8.89,0,0,1046,0
104,120,44.5051250692763,5.62635453553368,1.4385800466538,11.32,0,0,698,0
104,120,44.5051250692763,5.62635453553368,1.4385800466538,12.65,0,0,497,0
104,120,44.5051250692763,5.62635453553368,1.4385800466538,14.46,0,0,456,0
105,120,70.5359828043312,4.46451745615396,0.930706028801556,0,101,120000,0,1
105,120,70.5359828043312,4.46451745615396,0.930706028801556,0.33,0,0,654,0
105,120,70.5359828043312,4.46451745615396,0.930706028801556,4.26,0,0,1226,0
105,120,70.5359828043312,4.46451745615396,0.930706028801556,15.55,0,0,686,0
105,120,70.5359828043312,4.46451745615396,0.930706028801556,19.42,0,0,511,0
106,120,101.610768892245,4.25294295683608,0.687757555893738,0,101,120000,0,1
106,120,101.610768892245,4.25294295683608,0.687757555893738,11.26,0,0,708,0
106,120,101.610768892245,4.25294295683608,0.687757555893738,17.16,0,0,640,0
106,120,101.610768892245,4.25294295683608,0.687757555893738,17.83,0,0,553,0
106,120,101.610768892245,4.25294295683608,0.687757555893738,20.04,0,0,586,0
107,120,52.2856657473846,4.13664554897221,0.951797069712862,0,101,120000,0,1
107,120,52.2856657473846,4.13664554897221,0.951797069712862,7.63,0,0,1712,0
107,120,52.2856657473846,4.13664554897221,0.951797069712862,18.44,0,0,669,0
107,120,52.2856657473846,4.13664554897221,0.951797069712862,22.82,0,0,371,0
107,120,52.2856657473846,4.13664554897221,0.951797069712862,23.43,0,0,468,0
108,120,63.4614653835558,3.16814059179238,0.903397064206176,0,101,120000,0,1
108,120,63.4614653835558,3.16814059179238,0.903397064206176,1.66,0,0,1831,0
108,120,63.4614653835558,3.16814059179238,0.903397064206176,12.79,0,0,842,0
108,120,63.4614653835558,3.16814059179238,0.903397064206176,22.29,0,0,574,0
108,120,63.4614653835558,3.16814059179238,0.903397064206176,22.6,0,0,568,0
109,120,63.6452923582737,4.87057478817067,1.43993486950658,0,101,120000,0,1
109,120,63.6452923582737,4.87057478817067,1.43993486950658,3.62,0,0,1181,0
109,120,63.6452923582737,4.87057478817067,1.43993486950658,16.38,0,0,559,0
109,120,63.6452923582737,4.87057478817067,1.43993486950658,19.26,0,0,365,0
109,120,63.6452923582737,4.87057478817067,1.43993486950658,19.39,0,0,465,0
110,120,112.459694556361,2.00112460686019,0.747656699339728,0,101,120000,0,1
110,120,112.459694556361,2.00112460686019,0.747656699339728,9.71,0,0,1207,0
110,120,112.459694556361,2.00112460686019,0.747656699339728,12.16,0,0,1121,0
110,120,112.459694556361,2.00112460686019,0.747656699339728,21.16,0,0,1003,0
110,120,112.459694556361,2.00112460686019,0.747656699339728,22.84,0,0,838,0
111,120,81.6423401738143,1.59860914022084,1.17695375015562,0,101,120000,0,1
111,120,81.6423401738143,1.59860914022084,1.17695375015562,5.47,0,0,1125,0
111,120,81.6423401738143,1.59860914022084,1.17695375015562,8.22,0,0,1134,0
111,120,81.6423401738143,1.59860914022084,1.17695375015562,15.21,0,0,1404,0
111,120,81.6423401738143,1.59860914022084,1.17695375015562,21.91,0,0,1148,0
112,120,38.3961692232354,4.53853623192201,1.06887313301969,0,101,120000,0,1
112,120,38.3961692232354,4.53853623192201,1.06887313301969,18.25,0,0,358,0
112,120,38.3961692232354,4.53853623192201,1.06887313301969,19.31,0,0,301,0
112,120,38.3961692232354,4.53853623192201,1.06887313301969,19.59,0,0,389,0
112,120,38.3961692232354,4.53853623192201,1.06887313301969,23.66,0,0,210,0
113,120,59.4860264007901,4.12207775653803,1.1286058212307,0,101,120000,0,1
113,120,59.4860264007901,4.12207775653803,1.1286058212307,9.71,0,0,1137,0
113,120,59.4860264007901,4.12207775653803,1.1286058212307,14.62,0,0,899,0
113,120,59.4860264007901,4.12207775653803,1.1286058212307,21.71,0,0,481,0
113,120,59.4860264007901,4.12207775653803,1.1286058212307,21.84,0,0,532,0
114,120,93.4540510801077,5.13421119758396,1.18318621815785,0,101,120000,0,1
114,120,93.4540510801077,5.13421119758396,1.18318621815785,10.06,0,0,655,0
114,120,93.4540510801077,5.13421119758396,1.18318621815785,13.38,0,0,549,0
114,120,93.4540510801077,5.13421119758396,1.18318621815785,14.52,0,0,716,0
114,120,93.4540510801077,5.13421119758396,1.18318621815785,15.54,0,0,494,0
115,120,63.0985594822142,5.29923755240508,0.923829748146605,0,101,120000,0,1
115,120,63.0985594822142,5.29923755240508,0.923829748146605,3.67,0,0,1287,0
115,120,63.0985594822142,5.29923755240508,0.923829748146605,4.91,0,0,1485,0
115,120,63.0985594822142,5.29923755240508,0.923829748146605,18.16,0,0,466,0
115,120,63.0985594822142,5.29923755240508,0.923829748146605,20.74,0,0,303,0
116,120,76.8055734353839,5.66082921189523,0.673549261137474,0,101,120000,0,1
116,120,76.8055734353839,5.66082921189523,0.673549261137474,7.14,0,0,1069,0
116,120,76.8055734353839,5.66082921189523,0.673549261137474,7.64,0,0,871,0
116,120,76.8055734353839,5.66082921189523,0.673549261137474,16.93,0,0,423,0
116,120,76.8055734353839,5.66082921189523,0.673549261137474,22.17,0,0,290,0
117,120,62.5913676416996,3.7952777116932,1.70251825091412,0,101,120000,0,1
117,120,62.5913676416996,3.7952777116932,1.70251825091412,2.88,0,0,1296,0
117,120,62.5913676416996,3.7952777116932,1.70251825091412,14.55,0,0,1171,0
117,120,62.5913676416996,3.7952777116932,1.70251825091412,23.32,0,0,643,0
117,120,62.5913676416996,3.7952777116932,1.70251825091412,23.99,0,0,462,0
118,120,70.6439132357214,5.86479769937621,1.08884986507246,0,101,120000,0,1
118,120,70.6439132357214,5.86479769937621,1.08884986507246,6.21,0,0,1306,0
118,120,70.6439132357214,5.86479769937621,1.08884986507246,7.69,0,0,1036,0
118,120,70.6439132357214,5.86479769937621,1.08884986507246,18.02,0,0,298,0
118,120,70.6439132357214,5.86479769937621,1.08884986507246,19.4,0,0,445,0
119,120,67.1309995504585,5.17934144213817,1.62224946816262,0,101,120000,0,1
119,120,67.1309995504585,5.17934144213817,1.62224946816262,7,0,0,990,0
119,120,67.1309995504585,5.17934144213817,1.62224946816262,8.2,0,0,1043,0
119,120,67.1309995504585,5.17934144213817,1.62224946816262,9.23,0,0,1001,0
119,120,67.1309995504585,5.17934144213817,1.62224946816262,13.09,0,0,690,0
120,120,110.004553165153,4.14964811012517,0.63927127078697,0,101,120000,0,1
120,120,110.004553165153,4.14964811012517,0.63927127078697,3.58,0,0,1095,0
120,120,110.004553165153,4.14964811012517,0.63927127078697,10.5,0,0,805,0
120,120,110.004553165153,4.14964811012517,0.63927127078697,17.17,0,0,387,0
120,120,110.004553165153,4.14964811012517,0.63927127078697,20.56,0,0,503,0
