ID,DOSE,V,CL,KA,TIME,EVID,AMT,DV,EVIDNM
1,10,71.0752612677921,4.71165018436761,0.820094938179553,0,101,10000,0,1
1,10,71.0752612677921,4.71165018436761,0.820094938179553,4.39,0,0,115,0
1,10,71.0752612677921,4.71165018436761,0.820094938179553,5.42,0,0,87,0
1,10,71.0752612677921,4.71165018436761,0.820094938179553,9.94,0,0,73,0
1,10,71.0752612677921,4.71165018436761,0.820094938179553,14.33,0,0,64,0
2,10,66.2826213515843,5.76441111616022,0.741708560496008,0,101,10000,0,1
2,10,66.2826213515843,5.76441111616022,0.741708560496008,0.11,0,0,15,0
2,10,66.2826213515843,5.76441111616022,0.741708560496008,6.06,0,0,101,0
2,10,66.2826213515843,5.76441111616022,0.741708560496008,8.49,0,0,48,0
2,10,66.2826213515843,5.76441111616022,0.741708560496008,22.13,0,0,21,0
3,10,87.4101915146954,3.54683644294309,0.953533238296874,0,101,10000,0,1
3,10,87.4101915146954,3.54683644294309,0.953533238296874,6.66,0,0,116,0
3,10,87.4101915146954,3.54683644294309,0.953533238296874,16.42,0,0,69,0
3,10,87.4101915146954,3.54683644294309,0.953533238296874,18.09,0,0,58,0
3,10,87.4101915146954,3.54683644294309,0.953533238296874,23.09,0,0,54,0
4,10,54.2927567522381,3.62947277297467,0.925962740616451,0,101,10000,0,1
4,10,54.2927567522381,3.62947277297467,0.925962740616451,0.99,0,0,113,0
4,10,54.2927567522381,3.62947277297467,0.925962740616451,14.91,0,0,75,0
4,10,54.2927567522381,3.62947277297467,0.925962740616451,18.85,0,0,45,0
4,10,54.2927567522381,3.62947277297467,0.925962740616451,21.3,0,0,48,0
5,10,141.218188126969,3.53178325882174,1.17066257194371,0,101,10000,0,1
5,10,141.218188126969,3.53178325882174,1.17066257194371,11.61,0,0,56,0
5,10,141.218188126969,3.53178325882174,1.17066257194371,12.58,0,0,63,0
5,10,141.218188126969,3.53178325882174,1.17066257194371,18.02,0,0,43,0
5,10,141.218188126969,3.53178325882174,1.17066257194371,18.19,0,0,46,0
6,10,103.855456920491,2.97295089602627,0.807186720478035,0,101,10000,0,1
6,10,103.855456920491,2.97295089602627,0.807186720478035,0.76,0,0,43,0
6,10,103.855456920491,2.97295089602627,0.807186720478035,2.97,0,0,73,0
6,10,103.855456920491,2.97295089602627,0.807186720478035,5.43,0,0,92,0
6,10,103.855456920491,2.97295089602627,0.807186720478035,23.47,0,0,57,0
7,10,57.8983745792762,7.19225403935815,1.01181979613015,0,101,10000,0,1
7,10,57.8983745792762,7.19225403935815,1.01181979613015,3.14,0,0,128,0
7,10,57.8983745792762,7.19225403935815,1.01181979613015,11.67,0,0,61,0
7,10,57.8983745792762,7.19225403935815,1.01181979613015,19.55,0,0,23,0
7,10,57.8983745792762,7.19225403935815,1.01181979613015,19.99,0,0,12,0
8,10,57.3535924254118,2.68570686857598,1.79754030191319,0,101,10000,0,1
8,10,57.3535924254118,2.68570686857598,1.79754030191319,1.63,0,0,212,0
8,10,57.3535924254118,2.68570686857598,1.79754030191319,5.39,0,0,138,0
8,10,57.3535924254118,2.68570686857598,1.79754030191319,8.25,0,0,129,0
8,10,57.3535924254118,2.68570686857598,1.79754030191319,17.41,0,0,49,0
9,10,64.2392253002698,4.71845417851723,0.530719196165013,0,101,10000,0,1
9,10,64.2392253002698,4.71845417851723,0.530719196165013,0.61,0,0,37,0
9,10,64.2392253002698,4.71845417851723,0.530719196165013,6.4,0,0,88,0
9,10,64.2392253002698,4.71845417851723,0.530719196165013,15.77,0,0,79,0
9,10,64.2392253002698,4.71845417851723,0.530719196165013,20.09,0,0,36,0
10,10,62.3845210346222,3.06869602110053,1.49760151463309,0,101,10000,0,1
10,10,62.3845210346222,3.06869602110053,1.49760151463309,1.54,0,0,109,0
10,10,62.3845210346222,3.06869602110053,1.49760151463309,2.91,0,0,152,0
10,10,62.3845210346222,3.06869602110053,1.49760151463309,7.41,0,0,105,0
10,10,62.3845210346222,3.06869602110053,1.49760151463309,21.06,0,0,80,0
11,10,99.3217907941166,3.85720202863545,1.45268982274037,0,101,10000,0,1
11,10,99.3217907941166,3.85720202863545,1.45268982274037,3.89,0,0,109,0
11,10,99.3217907941166,3.85720202863545,1.45268982274037,9.41,0,0,92,0
11,10,99.3217907941166,3.85720202863545,1.45268982274037,18.08,0,0,53,0
11,10,99.3217907941166,3.85720202863545,1.45268982274037,18.46,0,0,62,0
12,10,78.6370025285977,5.2776212463862,1.22438428692707,0,101,10000,0,1
12,10,78.6370025285977,5.2776212463862,1.22438428692707,1.32,0,0,98,0
12,10,78.6370025285977,5.2776212463862,1.22438428692707,8.86,0,0,59,0
12,10,78.6370025285977,5.2776212463862,1.22438428692707,19.93,0,0,30,0
12,10,78.6370025285977,5.2776212463862,1.22438428692707,21.14,0,0,36,0
13,10,86.6796740835808,3.25654128068582,1.63379590440937,0,101,10000,0,1
13,10,86.6796740835808,3.25654128068582,1.63379590440937,2.03,0,0,116,0
13,10,86.6796740835808,3.25654128068582,1.63379590440937,10.13,0,0,70,0
13,10,86.6796740835808,3.25654128068582,1.63379590440937,15.61,0,0,43,0
13,10,86.6796740835808,3.25654128068582,1.63379590440937,23.26,0,0,44,0
14,10,75.3979306556517,4.43150286580109,1.33540116339927,0,101,10000,0,1
14,10,75.3979306556517,4.43150286580109,1.33540116339927,1.11,0,0,91,0
14,10,75.3979306556517,4.43150286580109,1.33540116339927,5.63,0,0,101,0
14,10,75.3979306556517,4.43150286580109,1.33540116339927,10.6,0,0,99,0
14,10,75.3979306556517,4.43150286580109,1.33540116339927,13.22,0,0,53,0
15,10,50.5072846476006,4.35430776529472,0.923323196818009,0,101,10000,0,1
15,10,50.5072846476006,4.35430776529472,0.923323196818009,8.37,0,0,165,0
15,10,50.5072846476006,4.35430776529472,0.923323196818009,12.67,0,0,100,0
15,10,50.5072846476006,4.35430776529472,0.923323196818009,15.41,0,0,62,0
15,10,50.5072846476006,4.35430776529472,0.923323196818009,21.03,0,0,34,0
16,10,48.1277892738926,4.76140591415092,0.844572550179017,0,101,10000,0,1
16,10,48.1277892738926,4.76140591415092,0.844572550179017,9.62,0,0,94,0
16,10,48.1277892738926,4.76140591415092,0.844572550179017,12.1,0,0,95,0
16,10,48.1277892738926,4.76140591415092,0.844572550179017,12.2,0,0,106,0
16,10,48.1277892738926,4.76140591415092,0.844572550179017,12.76,0,0,76,0
17,10,57.997470602485,4.09134699228073,1.32273161945975,0,101,10000,0,1
17,10,57.997470602485,4.09134699228073,1.32273161945975,5.51,0,0,106,0
17,10,57.997470602485,4.09134699228073,1.32273161945975,9.96,0,0,95,0
17,10,57.997470602485,4.09134699228073,1.32273161945975,12.27,0,0,70,0
17,10,57.997470602485,4.09134699228073,1.32273161945975,18.46,0,0,69,0
18,10,80.0585070141808,4.61756824691323,1.01698019625406,0,101,10000,0,1
18,10,80.0585070141808,4.61756824691323,1.01698019625406,6.28,0,0,77,0
18,10,80.0585070141808,4.61756824691323,1.01698019625406,14.77,0,0,70,0
18,10,80.0585070141808,4.61756824691323,1.01698019625406,15.58,0,0,49,0
18,10,80.0585070141808,4.61756824691323,1.01698019625406,16.33,0,0,69,0
19,10,41.494621930463,2.23755404919803,1.15923624663614,0,101,10000,0,1
19,10,41.494621930463,2.23755404919803,1.15923624663614,1.26,0,0,172,0
19,10,41.494621930463,2.23755404919803,1.15923624663614,6.68,0,0,132,0
19,10,41.494621930463,2.23755404919803,1.15923624663614,8.63,0,0,157,0
19,10,41.494621930463,2.23755404919803,1.15923624663614,10.58,0,0,204,0
20,10,78.1708145396017,3.72246327688227,0.686854524944938,0,101,10000,0,1
20,10,78.1708145396017,3.72246327688227,0.686854524944938,0.01,0,0,1,0
20,10,78.1708145396017,3.72246327688227,0.686854524944938,6.7,0,0,105,0
20,10,78.1708145396017,3.72246327688227,0.686854524944938,20.6,0,0,48,0
20,10,78.1708145396017,3.72246327688227,0.686854524944938,23.88,0,0,31,0
21,10,98.4705829659256,3.87513682266226,1.31140250562049,0,101,10000,0,1
21,10,98.4705829659256,3.87513682266226,1.31140250562049,0.28,0,0,27,0
21,10,98.4705829659256,3.87513682266226,1.31140250562049,9.34,0,0,93,0
21,10,98.4705829659256,3.87513682266226,1.31140250562049,23.11,0,0,29,0
21,10,98.4705829659256,3.87513682266226,1.31140250562049,23.37,0,0,44,0
22,10,53.7216414294391,4.60562247098651,0.885727691163255,0,101,10000,0,1
22,10,53.7216414294391,4.60562247098651,0.885727691163255,0.19,0,0,33,0
22,10,53.7216414294391,4.60562247098651,0.885727691163255,0.7,0,0,80,0
22,10,53.7216414294391,4.60562247098651,0.885727691163255,22.91,0,0,40,0
22,10,53.7216414294391,4.60562247098651,0.885727691163255,23.62,0,0,34,0
23,10,45.6638885436655,5.68020072346881,0.979288676214266,0,101,10000,0,1
23,10,45.6638885436655,5.68020072346881,0.979288676214266,4.36,0,0,141,0
23,10,45.6638885436655,5.68020072346881,0.979288676214266,7.13,0,0,79,0
23,10,45.6638885436655,5.68020072346881,0.979288676214266,9.24,0,0,59,0
23,10,45.6638885436655,5.68020072346881,0.979288676214266,15.98,0,0,30,0
24,10,72.8393516913912,2.19839305811783,1.00745412973254,0,101,10000,0,1
24,10,72.8393516913912,2.19839305811783,1.00745412973254,3.08,0,0,100,0
24,10,72.8393516913912,2.19839305811783,1.00745412973254,8.64,0,0,73,0
24,10,72.8393516913912,2.19839305811783,1.00745412973254,15,0,0,89,0
24,10,72.8393516913912,2.19839305811783,1.00745412973254,22.83,0,0,71,0
25,10,38.1911871774562,2.43469663123373,1.47478654763732,0,101,10000,0,1
25,10,38.1911871774562,2.43469663123373,1.47478654763732,1.83,0,0,211,0
25,10,38.1911871774562,2.43469663123373,1.47478654763732,11.07,0,0,162,0
25,10,38.1911871774562,2.43469663123373,1.47478654763732,20.83,0,0,102,0
25,10,38.1911871774562,2.43469663123373,1.47478654763732,23.04,0,0,70,0
26,10,61.8790304426879,5.04207915308868,0.897084699010547,0,101,10000,0,1
26,10,61.8790304426879,5.04207915308868,0.897084699010547,1.87,0,0,125,0
26,10,61.8790304426879,5.04207915308868,0.897084699010547,4.96,0,0,122,0
26,10,61.8790304426879,5.04207915308868,0.897084699010547,11.11,0,0,100,0
26,10,61.8790304426879,5.04207915308868,0.897084699010547,14.51,0,0,41,0
27,10,50.8131956532888,4.81481802620794,0.817770768574661,0,101,10000,0,1
27,10,50.8131956532888,4.81481802620794,0.817770768574661,5.98,0,0,131,0
27,10,50.8131956532888,4.81481802620794,0.817770768574661,9.34,0,0,101,0
27,10,50.8131956532888,4.81481802620794,0.817770768574661,19.47,0,0,37,0
27,10,50.8131956532888,4.81481802620794,0.817770768574661,20.99,0,0,34,0
28,10,54.7821345417426,3.57321729681208,1.35921427574843,0,101,10000,0,1
28,10,54.7821345417426,3.57321729681208,1.35921427574843,2.18,0,0,208,0
28,10,54.7821345417426,3.57321729681208,1.35921427574843,7.03,0,0,191,0
28,10,54.7821345417426,3.57321729681208,1.35921427574843,12.2,0,0,82,0
28,10,54.7821345417426,3.57321729681208,1.35921427574843,15.71,0,0,81,0
29,10,58.8479392227715,4.08828416905354,1.23650370144295,0,101,10000,0,1
29,10,58.8479392227715,4.08828416905354,1.23650370144295,9.78,0,0,165,0
29,10,58.8479392227715,4.08828416905354,1.23650370144295,10.85,0,0,80,0
29,10,58.8479392227715,4.08828416905354,1.23650370144295,14.84,0,0,39,0
29,10,58.8479392227715,4.08828416905354,1.23650370144295,22.13,0,0,32,0
30,10,116.642222379896,3.867583585773,0.883681037948196,0,101,10000,0,1
30,10,116.642222379896,3.867583585773,0.883681037948196,1.06,0,0,40,0
30,10,116.642222379896,3.867583585773,0.883681037948196,13.85,0,0,69,0
30,10,116.642222379896,3.867583585773,0.883681037948196,16.1,0,0,48,0
30,10,116.642222379896,3.867583585773,0.883681037948196,19.85,0,0,37,0
31,30,108.503797827313,5.77182528162713,1.29531423304134,0,101,30000,0,1
31,30,108.503797827313,5.77182528162713,1.29531423304134,2.7,0,0,283,0
31,30,108.503797827313,5.77182528162713,1.29531423304134,13.04,0,0,169,0
31,30,108.503797827313,5.77182528162713,1.29531423304134,16.12,0,0,115,0
31,30,108.503797827313,5.77182528162713,1.29531423304134,20.51,0,0,83,0
32,30,78.7150071810506,3.22431326655665,1.04896097476892,0,101,30000,0,1
32,30,78.7150071810506,3.22431326655665,1.04896097476892,0.85,0,0,206,0
32,30,78.7150071810506,3.22431326655665,1.04896097476892,4.58,0,0,321,0
32,30,78.7150071810506,3.22431326655665,1.04896097476892,15.45,0,0,228,0
32,30,78.7150071810506,3.22431326655665,1.04896097476892,18.8,0,0,229,0
33,30,59.0788424044537,4.17607993405319,1.00735414943895,0,101,30000,0,1
33,30,59.0788424044537,4.17607993405319,1.00735414943895,4.96,0,0,607,0
33,30,59.0788424044537,4.17607993405319,1.00735414943895,14.6,0,0,198,0
33,30,59.0788424044537,4.17607993405319,1.00735414943895,16.51,0,0,148,0
33,30,59.0788424044537,4.17607993405319,1.00735414943895,20.04,0,0,211,0
34,30,95.9527674787626,3.9888137709729,0.922033245608905,0,101,30000,0,1
34,30,95.9527674787626,3.9888137709729,0.922033245608905,0.96,0,0,178,0
34,30,95.9527674787626,3.9888137709729,0.922033245608905,11.44,0,0,193,0
34,30,95.9527674787626,3.9888137709729,0.922033245608905,17,0,0,160,0
34,30,95.9527674787626,3.9888137709729,0.922033245608905,23.55,0,0,94,0
35,30,85.9461168060895,2.09484424110157,1.14629941624954,0,101,30000,0,1
35,30,85.9461168060895,2.09484424110157,1.14629941624954,2.82,0,0,321,0
35,30,85.9461168060895,2.09484424110157,1.14629941624954,10.7,0,0,256,0
35,30,85.9461168060895,2.09484424110157,1.14629941624954,12.37,0,0,294,0
35,30,85.9461168060895,2.09484424110157,1.14629941624954,13.82,0,0,194,0
36,30,84.0836145030999,3.48717971874777,1.41222119571029,0,101,30000,0,1
36,30,84.0836145030999,3.48717971874777,1.41222119571029,3.4,0,0,308,0
36,30,84.0836145030999,3.48717971874777,1.41222119571029,3.67,0,0,342,0
36,30,84.0836145030999,3.48717971874777,1.41222119571029,8.25,0,0,231,0
36,30,84.0836145030999,3.48717971874777,1.41222119571029,17.16,0,0,154,0
37,30,62.893627938128,2.91439887860922,0.542231984613241,0,101,30000,0,1
37,30,62.893627938128,2.91439887860922,0.542231984613241,0.77,0,0,146,0
37,30,62.893627938128,2.91439887860922,0.542231984613241,2.07,0,0,419,0
37,30,62.893627938128,2.91439887860922,0.542231984613241,5.86,0,0,346,0
37,30,62.893627938128,2.91439887860922,0.542231984613241,9.71,0,0,260,0
38,30,47.3219742807738,3.42971475280665,1.17083630327151,0,101,30000,0,1
38,30,47.3219742807738,3.42971475280665,1.17083630327151,8.38,0,0,317,0
38,30,47.3219742807738,3.42971475280665,1.17083630327151,13.52,0,0,330,0
38,30,47.3219742807738,3.42971475280665,1.17083630327151,14.39,0,0,330,0
38,30,47.3219742807738,3.42971475280665,1.17083630327151,20.7,0,0,151,0
39,30,80.1918310390411,2.90433636323191,1.22203823874051,0,101,30000,0,1
39,30,80.1918310390411,2.90433636323191,1.22203823874051,1.44,0,0,399,0
39,30,80.1918310390411,2.90433636323191,1.22203823874051,11.74,0,0,263,0
39,30,80.1918310390411,2.90433636323191,1.22203823874051,20.98,0,0,180,0
39,30,80.1918310390411,2.90433636323191,1.22203823874051,21.65,0,0,197,0
40,30,118.926710433836,3.26760499310375,0.828789877448045,0,101,30000,0,1
40,30,118.926710433836,3.26760499310375,0.828789877448045,6.95,0,0,278,0
40,30,118.926710433836,3.26760499310375,0.828789877448045,9.14,0,0,231,0
40,30,118.926710433836,3.26760499310375,0.828789877448045,9.2,0,0,159,0
40,30,118.926710433836,3.26760499310375,0.828789877448045,14.31,0,0,181,0
41,30,64.2426026840857,5.3562324231185,0.886527506937527,0,101,30000,0,1
41,30,64.2426026840857,5.3562324231185,0.886527506937527,10.42,0,0,168,0
41,30,64.2426026840857,5.3562324231185,0.886527506937527,17.03,0,0,132,0
41,30,64.2426026840857,5.3562324231185,0.886527506937527,18.15,0,0,139,0
41,30,64.2426026840857,5.3562324231185,0.886527506937527,22.4,0,0,68,0
42,30,38.7078867092597,7.3449340056111,1.12318580916407,0,101,30000,0,1
42,30,38.7078867092597,7.3449340056111,1.12318580916407,4.08,0,0,378,0
42,30,38.7078867092597,7.3449340056111,1.12318580916407,10.14,0,0,96,0
42,30,38.7078867092597,7.3449340056111,1.12318580916407,13.46,0,0,81,0
42,30,38.7078867092597,7.3449340056111,1.12318580916407,23.98,0,0,10,0
43,30,81.6664372412244,4.18850889654584,0.998593398732736,0,101,30000,0,1
43,30,81.6664372412244,4.18850889654584,0.998593398732736,5.69,0,0,254,0
43,30,81.6664372412244,4.18850889654584,0.998593398732736,12.1,0,0,212,0
43,30,81.6664372412244,4.18850889654584,0.998593398732736,15.44,0,0,120,0
43,30,81.6664372412244,4.18850889654584,0.998593398732736,18.83,0,0,128,0
44,30,48.2787090307652,6.23170654771489,1.21320525869517,0,101,30000,0,1
44,30,48.2787090307652,6.23170654771489,1.21320525869517,2.54,0,0,625,0
44,30,48.2787090307652,6.23170654771489,1.21320525869517,13.79,0,0,119,0
44,30,48.2787090307652,6.23170654771489,1.21320525869517,16.13,0,0,105,0
44,30,48.2787090307652,6.23170654771489,1.21320525869517,21.75,0,0,49,0
45,30,127.428568899264,5.88838056086128,1.13609532337612,0,101,30000,0,1
45,30,127.428568899264,5.88838056086128,1.13609532337612,8.67,0,0,172,0
45,30,127.428568899264,5.88838056086128,1.13609532337612,15.89,0,0,108,0
45,30,127.428568899264,5.88838056086128,1.13609532337612,17.23,0,0,92,0
45,30,127.428568899264,5.88838056086128,1.13609532337612,22.04,0,0,71,0
46,30,73.6787497858912,4.10449614955111,0.610700104511252,0,101,30000,0,1
46,30,73.6787497858912,4.10449614955111,0.610700104511252,2.15,0,0,311,0
46,30,73.6787497858912,4.10449614955111,0.610700104511252,4.45,0,0,468,0
46,30,73.6787497858912,4.10449614955111,0.610700104511252,5.25,0,0,412,0
46,30,73.6787497858912,4.10449614955111,0.610700104511252,5.33,0,0,260,0
47,30,84.163340410626,5.0053140430984,1.40024945182693,0,101,30000,0,1
47,30,84.163340410626,5.0053140430984,1.40024945182693,5.99,0,0,293,0
47,30,84.163340410626,5.0053140430984,1.40024945182693,6.11,0,0,222,0
47,30,84.163340410626,5.0053140430984,1.40024945182693,18.25,0,0,139,0
47,30,84.163340410626,5.0053140430984,1.40024945182693,22.9,0,0,145,0
48,30,92.2658884479076,6.7373515523703,0.515427173944346,0,101,30000,0,1
48,30,92.2658884479076,6.7373515523703,0.515427173944346,0.66,0,0,97,0
48,30,92.2658884479076,6.7373515523703,0.515427173944346,11.05,0,0,117,0
48,30,92.2658884479076,6.7373515523703,0.515427173944346,13.51,0,0,180,0
48,30,92.2658884479076,6.7373515523703,0.515427173944346,20.03,0,0,93,0
49,30,85.2057608288372,5.96283925347259,0.778943041457517,0,101,30000,0,1
49,30,85.2057608288372,5.96283925347259,0.778943041457517,2.38,0,0,242,0
49,30,85.2057608288372,5.96283925347259,0.778943041457517,7.08,0,0,203,0
49,30,85.2057608288372,5.96283925347259,0.778943041457517,9.63,0,0,209,0
49,30,85.2057608288372,5.96283925347259,0.778943041457517,18.06,0,0,95,0
50,30,74.6646940393736,2.03379559296322,0.662079917775794,0,101,30000,0,1
50,30,74.6646940393736,2.03379559296322,0.662079917775794,1.07,0,0,166,0
50,30,74.6646940393736,2.03379559296322,0.662079917775794,1.39,0,0,238,0
50,30,74.6646940393736,2.03379559296322,0.662079917775794,5.97,0,0,278,0
50,30,74.6646940393736,2.03379559296322,0.662079917775794,9.68,0,0,297,0
51,30,108.503797827313,5.77182528162713,1.29531423304134,0,101,30000,0,1
51,30,108.503797827313,5.77182528162713,1.29531423304134,2.7,0,0,283,0
51,30,108.503797827313,5.77182528162713,1.29531423304134,13.04,0,0,169,0
51,30,108.503797827313,5.77182528162713,1.29531423304134,16.12,0,0,115,0
51,30,108.503797827313,5.77182528162713,1.29531423304134,20.51,0,0,83,0
52,30,95.3706642133623,3.68941235415673,0.841042117164573,0,101,30000,0,1
52,30,95.3706642133623,3.68941235415673,0.841042117164573,5.86,0,0,211,0
52,30,95.3706642133623,3.68941235415673,0.841042117164573,8.59,0,0,174,0
52,30,95.3706642133623,3.68941235415673,0.841042117164573,9.76,0,0,206,0
52,30,95.3706642133623,3.68941235415673,0.841042117164573,23.56,0,0,158,0
53,30,61.1929246306281,3.18622624885478,0.786930009680707,0,101,30000,0,1
53,30,61.1929246306281,3.18622624885478,0.786930009680707,3.18,0,0,489,0
53,30,61.1929246306281,3.18622624885478,0.786930009680707,15.69,0,0,313,0
53,30,61.1929246306281,3.18622624885478,0.786930009680707,18.36,0,0,194,0
53,30,61.1929246306281,3.18622624885478,0.786930009680707,20.78,0,0,187,0
54,30,57.2155250777021,3.89998862664688,2.05626489794186,0,101,30000,0,1
54,30,57.2155250777021,3.89998862664688,2.05626489794186,4.76,0,0,366,0
54,30,57.2155250777021,3.89998862664688,2.05626489794186,6.24,0,0,338,0
54,30,57.2155250777021,3.89998862664688,2.05626489794186,20.56,0,0,170,0
54,30,57.2155250777021,3.89998862664688,2.05626489794186,23.68,0,0,101,0
55,30,100.255973700528,2.96453650785549,0.734243505923828,0,101,30000,0,1
55,30,100.255973700528,2.96453650785549,0.734243505923828,6.21,0,0,334,0
55,30,100.255973700528,2.96453650785549,0.734243505923828,9.54,0,0,212,0
55,30,100.255973700528,2.96453650785549,0.734243505923828,17.54,0,0,174,0
55,30,100.255973700528,2.96453650785549,0.734243505923828,20.64,0,0,163,0
56,30,69.4885610965017,3.81270161223404,0.83524113676171,0,101,30000,0,1
56,30,69.4885610965017,3.81270161223404,0.83524113676171,4.92,0,0,222,0
56,30,69.4885610965017,3.81270161223404,0.83524113676171,9.57,0,0,243,0
56,30,69.4885610965017,3.81270161223404,0.83524113676171,16.95,0,0,186,0
56,30,69.4885610965017,3.81270161223404,0.83524113676171,19.08,0,0,159,0
57,30,82.9052298035671,4.28792971206179,0.900793703799995,0,101,30000,0,1
57,30,82.9052298035671,4.28792971206179,0.900793703799995,1.69,0,0,239,0
57,30,82.9052298035671,4.28792971206179,0.900793703799995,2.08,0,0,235,0
57,30,82.9052298035671,4.28792971206179,0.900793703799995,7.29,0,0,355,0
57,30,82.9052298035671,4.28792971206179,0.900793703799995,13.16,0,0,171,0
58,30,70.4134620008309,3.61536143772143,1.59597497836595,0,101,30000,0,1
58,30,70.4134620008309,3.61536143772143,1.59597497836595,2.85,0,0,370,0
58,30,70.4134620008309,3.61536143772143,1.59597497836595,14.02,0,0,257,0
58,30,70.4134620008309,3.61536143772143,1.59597497836595,17.06,0,0,135,0
58,30,70.4134620008309,3.61536143772143,1.59597497836595,18.05,0,0,177,0
59,30,47.9599343397999,4.5424296064033,0.979507975743087,0,101,30000,0,1
59,30,47.9599343397999,4.5424296064033,0.979507975743087,12.48,0,0,259,0
59,30,47.9599343397999,4.5424296064033,0.979507975743087,13.02,0,0,198,0
59,30,47.9599343397999,4.5424296064033,0.979507975743087,13.7,0,0,193,0
59,30,47.9599343397999,4.5424296064033,0.979507975743087,23.63,0,0,91,0
60,30,42.313043343657,3.49831656007996,0.943542697545927,0,101,30000,0,1
60,30,42.313043343657,3.49831656007996,0.943542697545927,2.66,0,0,693,0
60,30,42.313043343657,3.49831656007996,0.943542697545927,9.47,0,0,576,0
60,30,42.313043343657,3.49831656007996,0.943542697545927,9.95,0,0,383,0
60,30,42.313043343657,3.49831656007996,0.943542697545927,19.53,0,0,154,0
61,60,54.1208115265118,4.76680584762382,1.05107217515943,0,101,60000,0,1
61,60,54.1208115265118,4.76680584762382,1.05107217515943,0.15,0,0,198,0
61,60,54.1208115265118,4.76680584762382,1.05107217515943,8.31,0,0,811,0
61,60,54.1208115265118,4.76680584762382,1.05107217515943,8.38,0,0,593,0
61,60,54.1208115265118,4.76680584762382,1.05107217515943,11.67,0,0,518,0
62,60,77.5290281198334,2.63143639128832,0.836334006406006,0,101,60000,0,1
62,60,77.5290281198334,2.63143639128832,0.836334006406006,5.74,0,0,680,0
62,60,77.5290281198334,2.63143639128832,0.836334006406006,13.64,0,0,921,0
62,60,77.5290281198334,2.63143639128832,0.836334006406006,21.47,0,0,432,0
62,60,77.5290281198334,2.63143639128832,0.836334006406006,21.82,0,0,407,0
63,60,61.7562123781607,6.65953646759402,1.18046182545936,0,101,60000,0,1
63,60,61.7562123781607,6.65953646759402,1.18046182545936,2.42,0,0,557,0
63,60,61.7562123781607,6.65953646759402,1.18046182545936,5.42,0,0,392,0
63,60,61.7562123781607,6.65953646759402,1.18046182545936,15.58,0,0,229,0
63,60,61.7562123781607,6.65953646759402,1.18046182545936,17.87,0,0,237,0
64,60,91.4764710336446,4.43171776690188,0.840676753094409,0,101,60000,0,1
64,60,91.4764710336446,4.43171776690188,0.840676753094409,3.71,0,0,414,0
64,60,91.4764710336446,4.43171776690188,0.840676753094409,6.23,0,0,417,0
64,60,91.4764710336446,4.43171776690188,0.840676753094409,12.48,0,0,367,0
64,60,91.4764710336446,4.43171776690188,0.840676753094409,21.09,0,0,237,0
65,60,86.2291188392877,4.43436687589411,0.513207151208276,0,101,60000,0,1
65,60,86.2291188392877,4.43436687589411,0.513207151208276,5.33,0,0,442,0
65,60,86.2291188392877,4.43436687589411,0.513207151208276,6.59,0,0,431,0
65,60,86.2291188392877,4.43436687589411,0.513207151208276,9.85,0,0,398,0
65,60,86.2291188392877,4.43436687589411,0.513207151208276,10.13,0,0,392,0
66,60,88.9648222935339,5.39971264905078,1.33158816189141,0,101,60000,0,1
66,60,88.9648222935339,5.39971264905078,1.33158816189141,6.71,0,0,464,0
66,60,88.9648222935339,5.39971264905078,1.33158816189141,11.39,0,0,325,0
66,60,88.9648222935339,5.39971264905078,1.33158816189141,17.66,0,0,309,0
66,60,88.9648222935339,5.39971264905078,1.33158816189141,19.6,0,0,208,0
67,60,55.0224948865292,5.95370705111177,0.948342954052427,0,101,60000,0,1
67,60,55.0224948865292,5.95370705111177,0.948342954052427,6.31,0,0,479,0
67,60,55.0224948865292,5.95370705111177,0.948342954052427,10.56,0,0,457,0
67,60,55.0224948865292,5.95370705111177,0.948342954052427,12.3,0,0,250,0
67,60,55.0224948865292,5.95370705111177,0.948342954052427,21.55,0,0,107,0
68,60,76.6563719342064,5.69861107765146,1.78104669741641,0,101,60000,0,1
68,60,76.6563719342064,5.69861107765146,1.78104669741641,3.88,0,0,606,0
68,60,76.6563719342064,5.69861107765146,1.78104669741641,12.11,0,0,298,0
68,60,76.6563719342064,5.69861107765146,1.78104669741641,13.83,0,0,315,0
68,60,76.6563719342064,5.69861107765146,1.78104669741641,23.08,0,0,135,0
69,60,68.0171632133811,10.4612600473695,0.805665369345555,0,101,60000,0,1
69,60,68.0171632133811,10.4612600473695,0.805665369345555,0.16,0,0,76,0
69,60,68.0171632133811,10.4612600473695,0.805665369345555,4.38,0,0,597,0
69,60,68.0171632133811,10.4612600473695,0.805665369345555,4.95,0,0,377,0
69,60,68.0171632133811,10.4612600473695,0.805665369345555,20.9,0,0,46,0
70,60,40.1390300799486,2.69029912606969,1.26118800530172,0,101,60000,0,1
70,60,40.1390300799486,2.69029912606969,1.26118800530172,0.41,0,0,637,0
70,60,40.1390300799486,2.69029912606969,1.26118800530172,3.71,0,0,1173,0
70,60,40.1390300799486,2.69029912606969,1.26118800530172,20.4,0,0,435,0
70,60,40.1390300799486,2.69029912606969,1.26118800530172,23.78,0,0,310,0
71,60,83.5039314185027,4.04514961728301,1.48988377872949,0,101,60000,0,1
71,60,83.5039314185027,4.04514961728301,1.48988377872949,2.32,0,0,826,0
71,60,83.5039314185027,4.04514961728301,1.48988377872949,2.35,0,0,626,0
71,60,83.5039314185027,4.04514961728301,1.48988377872949,4.21,0,0,519,0
71,60,83.5039314185027,4.04514961728301,1.48988377872949,21.53,0,0,265,0
72,60,58.3121378808998,6.95510736096009,0.985120913497584,0,101,60000,0,1
72,60,58.3121378808998,6.95510736096009,0.985120913497584,13.16,0,0,318,0
72,60,58.3121378808998,6.95510736096009,0.985120913497584,14.43,0,0,202,0
72,60,58.3121378808998,6.95510736096009,0.985120913497584,18.14,0,0,126,0
72,60,58.3121378808998,6.95510736096009,0.985120913497584,19.26,0,0,111,0
73,60,103.495324148104,4.65330066057797,1.27140877183529,0,101,60000,0,1
73,60,103.495324148104,4.65330066057797,1.27140877183529,1.61,0,0,395,0
73,60,103.495324148104,4.65330066057797,1.27140877183529,13.59,0,0,322,0
73,60,103.495324148104,4.65330066057797,1.27140877183529,16.82,0,0,479,0
73,60,103.495324148104,4.65330066057797,1.27140877183529,18.4,0,0,221,0
74,60,60.0195816390828,2.71044926840276,0.830676076366154,0,101,60000,0,1
74,60,60.0195816390828,2.71044926840276,0.830676076366154,2.05,0,0,770,0
74,60,60.0195816390828,2.71044926840276,0.830676076366154,12.43,0,0,700,0
74,60,60.0195816390828,2.71044926840276,0.830676076366154,14.28,0,0,636,0
74,60,60.0195816390828,2.71044926840276,0.830676076366154,18.61,0,0,518,0
75,60,83.7935586860131,2.47238175192999,0.848231329935942,0,101,60000,0,1
75,60,83.7935586860131,2.47238175192999,0.848231329935942,2.94,0,0,599,0
75,60,83.7935586860131,2.47238175192999,0.848231329935942,9.97,0,0,697,0
75,60,83.7935586860131,2.47238175192999,0.848231329935942,18.25,0,0,419,0
75,60,83.7935586860131,2.47238175192999,0.848231329935942,22.93,0,0,235,0
76,60,90.3780738414781,4.25363212046164,0.786603250926691,0,101,60000,0,1
76,60,90.3780738414781,4.25363212046164,0.786603250926691,0.2,0,0,144,0
76,60,90.3780738414781,4.25363212046164,0.786603250926691,4.71,0,0,567,0
76,60,90.3780738414781,4.25363212046164,0.786603250926691,14.98,0,0,400,0
76,60,90.3780738414781,4.25363212046164,0.786603250926691,19.37,0,0,331,0
77,60,66.4602826569537,3.36741203069979,0.800258344412764,0,101,60000,0,1
77,60,66.4602826569537,3.36741203069979,0.800258344412764,1.35,0,0,512,0
77,60,66.4602826569537,3.36741203069979,0.800258344412764,3.53,0,0,1023,0
77,60,66.4602826569537,3.36741203069979,0.800258344412764,14.87,0,0,636,0
77,60,66.4602826569537,3.36741203069979,0.800258344412764,18.94,0,0,238,0
78,60,72.6225332326119,3.65836046667626,1.44113871402874,0,101,60000,0,1
78,60,72.6225332326119,3.65836046667626,1.44113871402874,5.76,0,0,703,0
78,60,72.6225332326119,3.65836046667626,1.44113871402874,8.75,0,0,708,0
78,60,72.6225332326119,3.65836046667626,1.44113871402874,20.84,0,0,298,0
78,60,72.6225332326119,3.65836046667626,1.44113871402874,21.99,0,0,223,0
79,60,74.2408549711294,2.29735727206611,0.723784945830423,0,101,60000,0,1
79,60,74.2408549711294,2.29735727206611,0.723784945830423,2.53,0,0,697,0
79,60,74.2408549711294,2.29735727206611,0.723784945830423,3.35,0,0,701,0
79,60,74.2408549711294,2.29735727206611,0.723784945830423,4.24,0,0,851,0
79,60,74.2408549711294,2.29735727206611,0.723784945830423,16.09,0,0,423,0
80,60,66.8167830437724,7.17984712734263,0.738968443360795,0,101,60000,0,1
80,60,66.8167830437724,7.17984712734263,0.738968443360795,3.42,0,0,584,0
80,60,66.8167830437724,7.17984712734263,0.738968443360795,5.12,0,0,543,0
80,60,66.8167830437724,7.17984712734263,0.738968443360795,15.51,0,0,144,0
80,60,66.8167830437724,7.17984712734263,0.738968443360795,22.62,0,0,97,0
81,60,64.3272354348028,2.83572045056846,1.42810520199889,0,101,60000,0,1
81,60,64.3272354348028,2.83572045056846,1.42810520199889,5.72,0,0,601,0
81,60,64.3272354348028,2.83572045056846,1.42810520199889,17.58,0,0,507,0
81,60,64.3272354348028,2.83572045056846,1.42810520199889,20.45,0,0,331,0
81,60,64.3272354348028,2.83572045056846,1.42810520199889,22.19,0,0,403,0
82,60,54.887331951179,2.70264328827078,1.0473774592903,0,101,60000,0,1
82,60,54.887331951179,2.70264328827078,1.0473774592903,1.13,0,0,937,0
82,60,54.887331951179,2.70264328827078,1.0473774592903,7.3,0,0,818,0
82,60,54.887331951179,2.70264328827078,1.0473774592903,12.79,0,0,492,0
82,60,54.887331951179,2.70264328827078,1.0473774592903,15.34,0,0,520,0
83,60,75.631795157476,2.75240725304552,1.28134586632874,0,101,60000,0,1
83,60,75.631795157476,2.75240725304552,1.28134586632874,14.81,0,0,368,0
83,60,75.631795157476,2.75240725304552,1.28134586632874,16,0,0,388,0
83,60,75.631795157476,2.75240725304552,1.28134586632874,18.04,0,0,485,0
83,60,75.631795157476,2.75240725304552,1.28134586632874,18.21,0,0,459,0
84,60,77.1726699228265,3.42633717375436,0.704192198112525,0,101,60000,0,1
84,60,77.1726699228265,3.42633717375436,0.704192198112525,5.17,0,0,810,0
84,60,77.1726699228265,3.42633717375436,0.704192198112525,15.38,0,0,430,0
84,60,77.1726699228265,3.42633717375436,0.704192198112525,15.88,0,0,376,0
84,60,77.1726699228265,3.42633717375436,0.704192198112525,17.75,0,0,359,0
85,60,74.9879644618037,2.96763446174757,1.51230296171525,0,101,60000,0,1
85,60,74.9879644618037,2.96763446174757,1.51230296171525,1.33,0,0,754,0
85,60,74.9879644618037,2.96763446174757,1.51230296171525,10.11,0,0,354,0
85,60,74.9879644618037,2.96763446174757,1.51230296171525,11.3,0,0,553,0
85,60,74.9879644618037,2.96763446174757,1.51230296171525,16.87,0,0,467,0
86,60,63.8770961572538,7.12499457281487,1.16221511826236,0,101,60000,0,1
86,60,63.8770961572538,7.12499457281487,1.16221511826236,4.24,0,0,710,0
86,60,63.8770961572538,7.12499457281487,1.16221511826236,9.58,0,0,290,0
86,60,63.8770961572538,7.12499457281487,1.16221511826236,15.98,0,0,162,0
86,60,63.8770961572538,7.12499457281487,1.16221511826236,17.7,0,0,142,0
87,60,117.617704501758,4.19973023707383,1.49695715931252,0,101,60000,0,1
87,60,117.617704501758,4.19973023707383,1.49695715931252,7.63,0,0,439,0
87,60,117.617704501758,4.19973023707383,1.49695715931252,8.57,0,0,409,0
87,60,117.617704501758,4.19973023707383,1.49695715931252,13.34,0,0,425,0
87,60,117.617704501758,4.19973023707383,1.49695715931252,19.66,0,0,292,0
88,60,62.3710563581511,3.83472780462975,1.59793191036188,0,101,60000,0,1
88,60,62.3710563581511,3.83472780462975,1.59793191036188,5.28,0,0,634,0
88,60,62.3710563581511,3.83472780462975,1.59793191036188,11.81,0,0,545,0
88,60,62.3710563581511,3.83472780462975,1.59793191036188,20.03,0,0,316,0
88,60,62.3710563581511,3.83472780462975,1.59793191036188,21.4,0,0,267,0
89,60,68.0568270623326,2.64498884046913,0.86142653170901,0,101,60000,0,1
89,60,68.0568270623326,2.64498884046913,0.86142653170901,0.09,0,0,81,0
89,60,68.0568270623326,2.64498884046913,0.86142653170901,0.21,0,0,154,0
89,60,68.0568270623326,2.64498884046913,0.86142653170901,18.25,0,0,380,0
89,60,68.0568270623326,2.64498884046913,0.86142653170901,19.46,0,0,530,0
90,60,103.513548241214,5.33135673503393,0.816158950741648,0,101,60000,0,1
90,60,103.513548241214,5.33135673503393,0.816158950741648,4.66,0,0,630,0
90,60,103.513548241214,5.33135673503393,0.816158950741648,5.76,0,0,418,0
90,60,103.513548241214,5.33135673503393,0.816158950741648,9.17,0,0,320,0
90,60,103.513548241214,5.33135673503393,0.816158950741648,20.81,0,0,173,0
91,120,66.0507566140785,3.49648289140555,0.876480144942781,0,101,120000,0,1
91,120,66.0507566140785,3.49648289140555,0.876480144942781,0.04,0,0,72,0
91,120,66.0507566140785,3.49648289140555,0.876480144942781,4.31,0,0,1391,0
91,120,66.0507566140785,3.49648289140555,0.876480144942781,12.56,0,0,859,0
91,120,66.0507566140785,3.49648289140555,0.876480144942781,15.06,0,0,896,0
92,120,38.4330685200795,4.15286471851533,1.09931543807708,0,101,120000,0,1
92,120,38.4330685200795,4.15286471851533,1.09931543807708,7.55,0,0,1351,0
92,120,38.4330685200795,4.15286471851533,1.09931543807708,9.37,0,0,1345,0
92,120,38.4330685200795,4.15286471851533,1.09931543807708,17.34,0,0,367,0
92,120,38.4330685200795,4.15286471851533,1.09931543807708,20.62,0,0,489,0
93,120,71.09029481936,2.98185044609879,0.84471207582105,0,101,120000,0,1
93,120,71.09029481936,2.98185044609879,0.84471207582105,5.58,0,0,1555,0
93,120,71.09029481936,2.98185044609879,0.84471207582105,11.27,0,0,927,0
93,120,71.09029481936,2.98185044609879,0.84471207582105,16.53,0,0,910,0
93,120,71.09029481936,2.98185044609879,0.84471207582105,22.98,0,0,755,0
94,120,69.9922883885842,5.65230001897309,0.788653525294875,0,101,120000,0,1
94,120,69.9922883885842,5.65230001897309,0.788653525294875,6.52,0,0,862,0
94,120,69.9922883885842,5.65230001897309,0.788653525294875,6.72,0,0,1097,0
94,120,69.9922883885842,5.65230001897309,0.788653525294875,6.93,0,0,1286,0
94,120,69.9922883885842,5.65230001897309,0.788653525294875,14.78,0,0,428,0
95,120,56.5407330438354,4.13443375340089,1.27532879254011,0,101,120000,0,1
95,120,56.5407330438354,4.13443375340089,1.27532879254011,3.56,0,0,1797,0
95,120,56.5407330438354,4.13443375340089,1.27532879254011,5.78,0,0,1253,0
95,120,56.5407330438354,4.13443375340089,1.27532879254011,12.36,0,0,899,0
95,120,56.5407330438354,4.13443375340089,1.27532879254011,14.72,0,0,521,0
96,120,63.1777520795546,4.83278020678209,0.912871682879019,0,101,120000,0,1
96,120,63.1777520795546,4.83278020678209,0.912871682879019,2.01,0,0,1273,0
96,120,63.1777520795546,4.83278020678209,0.912871682879019,6.33,0,0,1249,0
96,120,63.1777520795546,4.83278020678209,0.912871682879019,6.82,0,0,1325,0
96,120,63.1777520795546,4.83278020678209,0.912871682879019,11.26,0,0,996,0
97,120,56.3841732834591,3.71148922339116,1.05342233833475,0,101,120000,0,1
97,120,56.3841732834591,3.71148922339116,1.05342233833475,8.77,0,0,1335,0
97,120,56.3841732834591,3.71148922339116,1.05342233833475,9.46,0,0,1050,0
97,120,56.3841732834591,3.71148922339116,1.05342233833475,10.16,0,0,1273,0
97,120,56.3841732834591,3.71148922339116,1.05342233833475,13.26,0,0,973,0
98,120,88.8667144607936,5.38802730899803,1.21149494549254,0,101,120000,0,1
98,120,88.8667144607936,5.38802730899803,1.21149494549254,3.42,0,0,1173,0
98,120,88.8667144607936,5.38802730899803,1.21149494549254,8.07,0,0,769,0
98,120,88.8667144607936,5.38802730899803,1.21149494549254,14.14,0,0,702,0
98,120,88.8667144607936,5.38802730899803,1.21149494549254,18.44,0,0,389,0
99,120,50.1917932985316,4.09851760505346,1.21422543923627,0,101,120000,0,1
99,120,50.1917932985316,4.09851760505346,1.21422543923627,2.44,0,0,2147,0
99,120,50.1917932985316,4.09851760505346,1.21422543923627,2.91,0,0,1619,0
99,120,50.1917932985316,4.09851760505346,1.21422543923627,5.37,0,0,1761,0
99,120,50.1917932985316,4.09851760505346,1.21422543923627,15.72,0,0,547,0
100,120,80.3510502082252,2.93557645540606,0.913368979703753,0,101,120000,0,1
100,120,80.3510502082252,2.93557645540606,0.913368979703753,0.24,0,0,307,0
100,120,80.3510502082252,2.93557645540606,0.913368979703753,4.89,0,0,1312,0
100,120,80.3510502082252,2.93557645540606,0.913368979703753,12.1,0,0,773,0
100,120,80.3510502082252,2.93557645540606,0.913368979703753,21.61,0,0,642,0
101,120,42.304037343099,3.69487978355931,0.684914131089554,0,101,120000,0,1
101,120,42.304037343099,3.69487978355931,0.684914131089554,5.52,0,0,2299,0
101,120,42.304037343099,3.69487978355931,0.684914131089554,12.43,0,0,1589,0
101,120,42.304037343099,3.69487978355931,0.684914131089554,17.9,0,0,679,0
101,120,42.304037343099,3.69487978355931,0.684914131089554,20.36,0,0,429,0
102,120,67.1630584170544,2.57372620382725,0.777540215360552,0,101,120000,0,1
102,120,67.1630584170544,2.57372620382725,0.777540215360552,0.69,0,0,874,0
102,120,67.1630584170544,2.57372620382725,0.777540215360552,12,0,0,1014,0
102,120,67.1630584170544,2.57372620382725,0.777540215360552,12.38,0,0,1010,0
102,120,67.1630584170544,2.57372620382725,0.777540215360552,17.73,0,0,872,0
103,120,59.5811792419802,5.25634509969813,1.02533820925246,0,101,120000,0,1
103,120,59.5811792419802,5.25634509969813,1.02533820925246,13.03,0,0,574,0
103,120,59.5811792419802,5.25634509969813,1.02533820925246,17.34,0,0,470,0
103,120,59.5811792419802,5.25634509969813,1.02533820925246,17.48,0,0,408,0
103,120,59.5811792419802,5.25634509969813,1.02533820925246,22.83,0,0,348,0
104,120,91.1504200490953,3.95179210872691,0.917493796004254,0,101,120000,0,1
104,120,91.1504200490953,3.95179210872691,0.917493796004254,4.97,0,0,1022,0
104,120,91.1504200490953,3.95179210872691,0.917493796004254,6.46,0,0,957,0
104,120,91.1504200490953,3.95179210872691,0.917493796004254,20.63,0,0,537,0
104,120,91.1504200490953,3.95179210872691,0.917493796004254,21.76,0,0,452,0
105,120,71.889525367523,7.67983989100469,0.913528529012739,0,101,120000,0,1
105,120,71.889525367523,7.67983989100469,0.913528529012739,7.75,0,0,615,0
105,120,71.889525367523,7.67983989100469,0.913528529012739,9.16,0,0,932,0
105,120,71.889525367523,7.67983989100469,0.913528529012739,10.89,0,0,685,0
105,120,71.889525367523,7.67983989100469,0.913528529012739,18.59,0,0,360,0
106,120,60.8966377590657,3.66219881677798,1.09897311407999,0,101,120000,0,1
106,120,60.8966377590657,3.66219881677798,1.09897311407999,0.98,0,0,1702,0
106,120,60.8966377590657,3.66219881677798,1.09897311407999,4.51,0,0,2100,0
106,120,60.8966377590657,3.66219881677798,1.09897311407999,9.29,0,0,1082,0
106,120,60.8966377590657,3.66219881677798,1.09897311407999,20.25,0,0,533,0
107,120,51.1734823962775,2.68481773944346,0.601580963356891,0,101,120000,0,1
107,120,51.1734823962775,2.68481773944346,0.601580963356891,5.58,0,0,1193,0
107,120,51.1734823962775,2.68481773944346,0.601580963356891,17.35,0,0,811,0
107,120,51.1734823962775,2.68481773944346,0.601580963356891,19.65,0,0,836,0
107,120,51.1734823962775,2.68481773944346,0.601580963356891,22.89,0,0,708,0
108,120,118.610928734744,3.86806799485503,0.941631226501105,0,101,120000,0,1
108,120,118.610928734744,3.86806799485503,0.941631226501105,4.03,0,0,871,0
108,120,118.610928734744,3.86806799485503,0.941631226501105,5.63,0,0,790,0
108,120,118.610928734744,3.86806799485503,0.941631226501105,13.7,0,0,834,0
108,120,118.610928734744,3.86806799485503,0.941631226501105,21.54,0,0,471,0
109,120,45.3038341249038,3.94169460008846,0.779102218377883,0,101,120000,0,1
109,120,45.3038341249038,3.94169460008846,0.779102218377883,0.87,0,0,1093,0
109,120,45.3038341249038,3.94169460008846,0.779102218377883,11.45,0,0,1014,0
109,120,45.3038341249038,3.94169460008846,0.779102218377883,14.53,0,0,679,0
109,120,45.3038341249038,3.94169460008846,0.779102218377883,23.68,0,0,509,0
110,120,88.9314989782321,4.32016578187085,1.39156726222416,0,101,120000,0,1
110,120,88.9314989782321,4.32016578187085,1.39156726222416,3.98,0,0,1175,0
110,120,88.9314989782321,4.32016578187085,1.39156726222416,14.93,0,0,678,0
110,120,88.9314989782321,4.32016578187085,1.39156726222416,17.21,0,0,707,0
110,120,88.9314989782321,4.32016578187085,1.39156726222416,18.18,0,0,685,0
111,120,54.2745051362108,4.62846122473075,0.887744295508574,0,101,120000,0,1
111,120,54.2745051362108,4.62846122473075,0.887744295508574,4.26,0,0,1932,0
111,120,54.2745051362108,4.62846122473075,0.887744295508574,8.28,0,0,1518,0
111,120,54.2745051362108,4.62846122473075,0.887744295508574,10.65,0,0,1147,0
111,120,54.2745051362108,4.62846122473075,0.887744295508574,21.41,0,0,426,0
112,120,48.4010128439438,4.03771601013442,1.16143099105428,0,101,120000,0,1
112,120,48.4010128439438,4.03771601013442,1.16143099105428,1.14,0,0,2542,0
112,120,48.4010128439438,4.03771601013442,1.16143099105428,2.42,0,0,2410,0
112,120,48.4010128439438,4.03771601013442,1.16143099105428,5.2,0,0,3028,0
112,120,48.4010128439438,4.03771601013442,1.16143099105428,7.68,0,0,1410,0
113,120,69.6161712630921,3.05802581194409,0.678973676241527,0,101,120000,0,1
113,120,69.6161712630921,3.05802581194409,0.678973676241527,7.59,0,0,1034,0
113,120,69.6161712630921,3.05802581194409,0.678973676241527,12.87,0,0,1192,0
113,120,69.6161712630921,3.05802581194409,0.678973676241527,15.4,0,0,1009,0
113,120,69.6161712630921,3.05802581194409,0.678973676241527,18.86,0,0,866,0
114,120,78.9369095917024,5.15542656002495,1.11791235881767,0,101,120000,0,1
114,120,78.9369095917024,5.15542656002495,1.11791235881767,1.43,0,0,1620,0
114,120,78.9369095917024,5.15542656002495,1.11791235881767,15.99,0,0,470,0
114,120,78.9369095917024,5.15542656002495,1.11791235881767,16.67,0,0,570,0
114,120,78.9369095917024,5.15542656002495,1.11791235881767,20.4,0,0,564,0
115,120,61.335608045128,3.448675847366,0.679435138381967,0,101,120000,0,1
115,120,61.335608045128,3.448675847366,0.679435138381967,8.87,0,0,1423,0
115,120,61.335608045128,3.448675847366,0.679435138381967,16.19,0,0,738,0
115,120,61.335608045128,3.448675847366,0.679435138381967,17.5,0,0,677,0
115,120,61.335608045128,3.448675847366,0.679435138381967,21.77,0,0,508,0
116,120,71.440943064278,6.24579236283579,0.864967789805241,0,101,120000,0,1
116,120,71.440943064278,6.24579236283579,0.864967789805241,1.96,0,0,1313,0
116,120,71.440943064278,6.24579236283579,0.864967789805241,4.08,0,0,1431,0
116,120,71.440943064278,6.24579236283579,0.864967789805241,13.67,0,0,450,0
116,120,71.440943064278,6.24579236283579,0.864967789805241,23.9,0,0,232,0
117,120,63.2397071010208,3.49403332424708,0.865907317080111,0,101,120000,0,1
117,120,63.2397071010208,3.49403332424708,0.865907317080111,5.88,0,0,1730,0
117,120,63.2397071010208,3.49403332424708,0.865907317080111,7.29,0,0,1316,0
117,120,63.2397071010208,3.49403332424708,0.865907317080111,15.91,0,0,690,0
117,120,63.2397071010208,3.49403332424708,0.865907317080111,19.27,0,0,686,0
118,120,70.0312948930646,3.58899197020501,0.95591624791742,0,101,120000,0,1
118,120,70.0312948930646,3.58899197020501,0.95591624791742,10.06,0,0,884,0
118,120,70.0312948930646,3.58899197020501,0.95591624791742,10.22,0,0,858,0
118,120,70.0312948930646,3.58899197020501,0.95591624791742,15.75,0,0,993,0
118,120,70.0312948930646,3.58899197020501,0.95591624791742,17.62,0,0,636,0
119,120,61.0911480337945,3.57109551778735,0.651092031983306,0,101,120000,0,1
119,120,61.0911480337945,3.57109551778735,0.651092031983306,3.8,0,0,1199,0
119,120,61.0911480337945,3.57109551778735,0.651092031983306,3.98,0,0,2128,0
119,120,61.0911480337945,3.57109551778735,0.651092031983306,21.18,0,0,524,0
119,120,61.0911480337945,3.57109551778735,0.651092031983306,21.75,0,0,400,0
120,120,75.1900543719845,2.6382278095187,1.06952139654086,0,101,120000,0,1
120,120,75.1900543719845,2.6382278095187,1.06952139654086,0.14,0,0,188,0
120,120,75.1900543719845,2.6382278095187,1.06952139654086,3.71,0,0,1407,0
120,120,75.1900543719845,2.6382278095187,1.06952139654086,14.17,0,0,1235,0
120,120,75.1900543719845,2.6382278095187,1.06952139654086,16.49,0,0,1168,0
