ID,DOSE,V,CL,KA,TIME,EVID,AMT,DV,EVIDNM
1,10,79.5512591957527,4.92875505964225,1.69050049150746,0,101,10000,0,1
1,10,79.5512591957527,4.92875505964225,1.69050049150746,4.55,0,0,100,0
1,10,79.5512591957527,4.92875505964225,1.69050049150746,6.03,0,0,81,0
1,10,79.5512591957527,4.92875505964225,1.69050049150746,17.99,0,0,38,0
1,10,79.5512591957527,4.92875505964225,1.69050049150746,23.4,0,0,27,0
2,10,82.1687802376843,5.98093853802406,0.922898937501861,0,101,10000,0,1
2,10,82.1687802376843,5.98093853802406,0.922898937501861,1.71,0,0,106,0
2,10,82.1687802376843,5.98093853802406,0.922898937501861,13.42,0,0,54,0
2,10,82.1687802376843,5.98093853802406,0.922898937501861,21.04,0,0,23,0
2,10,82.1687802376843,5.98093853802406,0.922898937501861,23.77,0,0,22,0
3,10,54.5556389166789,3.9691802322256,1.10775781050953,0,101,10000,0,1
3,10,54.5556389166789,3.9691802322256,1.10775781050953,1.97,0,0,175,0
3,10,54.5556389166789,3.9691802322256,1.10775781050953,3.03,0,0,186,0
3,10,54.5556389166789,3.9691802322256,1.10775781050953,16.52,0,0,52,0
3,10,54.5556389166789,3.9691802322256,1.10775781050953,17.04,0,0,52,0
4,10,43.0057516200737,3.79861798245737,1.22016381937959,0,101,10000,0,1
4,10,43.0057516200737,3.79861798245737,1.22016381937959,1.87,0,0,147,0
4,10,43.0057516200737,3.79861798245737,1.22016381937959,16.45,0,0,54,0
4,10,43.0057516200737,3.79861798245737,1.22016381937959,18.72,0,0,42,0
4,10,43.0057516200737,3.79861798245737,1.22016381937959,21.74,0,0,33,0
5,10,52.017747374548,5.72408672885172,0.677370091462933,0,101,10000,0,1
5,10,52.017747374548,5.72408672885172,0.677370091462933,0.46,0,0,42,0
5,10,52.017747374548,5.72408672885172,0.677370091462933,8.45,0,0,103,0
5,10,52.017747374548,5.72408672885172,0.677370091462933,22.13,0,0,18,0
5,10,52.017747374548,5.72408672885172,0.677370091462933,23,0,0,18,0
6,10,83.3168039535273,5.74678073670885,0.952452374059186,0,101,10000,0,1
6,10,83.3168039535273,5.74678073670885,0.952452374059186,4.1,0,0,131,0
6,10,83.3168039535273,5.74678073670885,0.952452374059186,9.15,0,0,72,0
6,10,83.3168039535273,5.74678073670885,0.952452374059186,12.41,0,0,56,0
6,10,83.3168039535273,5.74678073670885,0.952452374059186,20.52,0,0,44,0
7,10,70.9987529206548,3.19352794045482,1.38061476288091,0,101,10000,0,1
7,10,70.9987529206548,3.19352794045482,1.38061476288091,8.82,0,0,93,0
7,10,70.9987529206548,3.19352794045482,1.38061476288091,12.32,0,0,91,0
7,10,70.9987529206548,3.19352794045482,1.38061476288091,12.59,0,0,83,0
7,10,70.9987529206548,3.19352794045482,1.38061476288091,18.11,0,0,67,0
8,10,75.7680754455685,4.46778448458928,0.65518843033035,0,101,10000,0,1
8,10,75.7680754455685,4.46778448458928,0.65518843033035,8.54,0,0,93,0
8,10,75.7680754455685,4.46778448458928,0.65518843033035,16.6,0,0,56,0
8,10,75.7680754455685,4.46778448458928,0.65518843033035,17.55,0,0,45,0
8,10,75.7680754455685,4.46778448458928,0.65518843033035,17.84,0,0,52,0
9,10,55.9302799729744,6.08831871357816,1.31665770793909,0,101,10000,0,1
9,10,55.9302799729744,6.08831871357816,1.31665770793909,6.71,0,0,77,0
9,10,55.9302799729744,6.08831871357816,1.31665770793909,7.79,0,0,87,0
9,10,55.9302799729744,6.08831871357816,1.31665770793909,17.27,0,0,34,0
9,10,55.9302799729744,6.08831871357816,1.31665770793909,20.38,0,0,24,0
10,10,107.282164261474,6.02287713404144,0.872220150471587,0,101,10000,0,1
10,10,107.282164261474,6.02287713404144,0.872220150471587,1.03,0,0,54,0
10,10,107.282164261474,6.02287713404144,0.872220150471587,3.93,0,0,76,0
10,10,107.282164261474,6.02287713404144,0.872220150471587,13.03,0,0,58,0
10,10,107.282164261474,6.02287713404144,0.872220150471587,19.38,0,0,29,0
11,10,79.1162902333282,2.87759978082697,0.991515932612187,0,101,10000,0,1
11,10,79.1162902333282,2.87759978082697,0.991515932612187,1.74,0,0,91,0
11,10,79.1162902333282,2.87759978082697,0.991515932612187,5.74,0,0,126,0
11,10,79.1162902333282,2.87759978082697,0.991515932612187,16.08,0,0,78,0
11,10,79.1162902333282,2.87759978082697,0.991515932612187,21.95,0,0,61,0
12,10,75.9539465222938,3.38628080899443,1.12382937631918,0,101,10000,0,1
12,10,75.9539465222938,3.38628080899443,1.12382937631918,7.16,0,0,78,0
12,10,75.9539465222938,3.38628080899443,1.12382937631918,14.65,0,0,75,0
12,10,75.9539465222938,3.38628080899443,1.12382937631918,16.99,0,0,72,0
12,10,75.9539465222938,3.38628080899443,1.12382937631918,19.18,0,0,58,0
13,10,35.643710111767,3.97306845531169,0.528169096049402,0,101,10000,0,1
13,10,35.643710111767,3.97306845531169,0.528169096049402,0.45,0,0,73,0
13,10,35.643710111767,3.97306845531169,0.528169096049402,16.56,0,0,62,0
13,10,35.643710111767,3.97306845531169,0.528169096049402,16.69,0,0,64,0
13,10,35.643710111767,3.97306845531169,0.528169096049402,21.71,0,0,33,0
14,10,66.2826213515843,5.76441111616022,0.741708560496008,0,101,10000,0,1
14,10,66.2826213515843,5.76441111616022,0.741708560496008,0.11,0,0,15,0
14,10,66.2826213515843,5.76441111616022,0.741708560496008,6.06,0,0,101,0
14,10,66.2826213515843,5.76441111616022,0.741708560496008,8.49,0,0,48,0
14,10,66.2826213515843,5.76441111616022,0.741708560496008,22.13,0,0,21,0
15,10,146.075100033033,4.06847499436036,0.680801736193032,0,101,10000,0,1
15,10,146.075100033033,4.06847499436036,0.680801736193032,1.22,0,0,29,0
15,10,146.075100033033,4.06847499436036,0.680801736193032,5.77,0,0,51,0
15,10,146.075100033033,4.06847499436036,0.680801736193032,15.64,0,0,44,0
15,10,146.075100033033,4.06847499436036,0.680801736193032,23.92,0,0,52,0
16,10,57.2675636545676,4.39739666560708,1.32134753233152,0,101,10000,0,1
16,10,57.2675636545676,4.39739666560708,1.32134753233152,5.19,0,0,119,0
16,10,57.2675636545676,4.39739666560708,1.32134753233152,6.74,0,0,82,0
16,10,57.2675636545676,4.39739666560708,1.32134753233152,14.59,0,0,50,0
16,10,57.2675636545676,4.39739666560708,1.32134753233152,20.77,0,0,36,0
17,10,80.4826318559288,4.76063115815445,1.14123070787595,0,101,10000,0,1
17,10,80.4826318559288,4.76063115815445,1.14123070787595,2.16,0,0,75,0
17,10,80.4826318559288,4.76063115815445,1.14123070787595,4.85,0,0,100,0
17,10,80.4826318559288,4.76063115815445,1.14123070787595,6.86,0,0,74,0
17,10,80.4826318559288,4.76063115815445,1.14123070787595,15.35,0,0,39,0
18,10,66.3239117091232,3.13356543596379,0.897954971827247,0,101,10000,0,1
18,10,66.3239117091232,3.13356543596379,0.897954971827247,5.98,0,0,113,0
18,10,66.3239117091232,3.13356543596379,0.897954971827247,19.82,0,0,64,0
18,10,66.3239117091232,3.13356543596379,0.897954971827247,19.9,0,0,85,0
18,10,66.3239117091232,3.13356543596379,0.897954971827247,20.07,0,0,71,0
19,10,100.035348134838,5.0735595319828,1.73133572831447,0,101,10000,0,1
19,10,100.035348134838,5.0735595319828,1.73133572831447,10.74,0,0,77,0
19,10,100.035348134838,5.0735595319828,1.73133572831447,14.84,0,0,62,0
19,10,100.035348134838,5.0735595319828,1.73133572831447,21.36,0,0,44,0
19,10,100.035348134838,5.0735595319828,1.73133572831447,22.22,0,0,36,0
20,10,103.847644127299,4.42169293005024,1.59688679940178,0,101,10000,0,1
20,10,103.847644127299,4.42169293005024,1.59688679940178,1.16,0,0,68,0
20,10,103.847644127299,4.42169293005024,1.59688679940178,2.51,0,0,81,0
20,10,103.847644127299,4.42169293005024,1.59688679940178,5.11,0,0,100,0
20,10,103.847644127299,4.42169293005024,1.59688679940178,7.3,0,0,75,0
21,10,92.5147468478646,4.23853382575165,1.26763863869407,0,101,10000,0,1
21,10,92.5147468478646,4.23853382575165,1.26763863869407,5.46,0,0,72,0
21,10,92.5147468478646,4.23853382575165,1.26763863869407,10.91,0,0,84,0
21,10,92.5147468478646,4.23853382575165,1.26763863869407,14.31,0,0,44,0
21,10,92.5147468478646,4.23853382575165,1.26763863869407,14.79,0,0,59,0
22,10,102.015788932562,3.75679722661081,0.792176260873302,0,101,10000,0,1
22,10,102.015788932562,3.75679722661081,0.792176260873302,11.11,0,0,50,0
22,10,102.015788932562,3.75679722661081,0.792176260873302,11.23,0,0,40,0
22,10,102.015788932562,3.75679722661081,0.792176260873302,14.45,0,0,57,0
22,10,102.015788932562,3.75679722661081,0.792176260873302,14.67,0,0,36,0
23,10,73.332026351015,4.86477608351581,1.23462778576169,0,101,10000,0,1
23,10,73.332026351015,4.86477608351581,1.23462778576169,2.66,0,0,177,0
23,10,73.332026351015,4.86477608351581,1.23462778576169,3.72,0,0,99,0
23,10,73.332026351015,4.86477608351581,1.23462778576169,12.35,0,0,54,0
23,10,73.332026351015,4.86477608351581,1.23462778576169,13.3,0,0,69,0
24,10,96.7519834739568,2.56543538897847,0.737652189186242,0,101,10000,0,1
24,10,96.7519834739568,2.56543538897847,0.737652189186242,5.61,0,0,74,0
24,10,96.7519834739568,2.56543538897847,0.737652189186242,6.56,0,0,112,0
24,10,96.7519834739568,2.56543538897847,0.737652189186242,6.73,0,0,69,0
24,10,96.7519834739568,2.56543538897847,0.737652189186242,11.69,0,0,84,0
25,10,66.747685686344,3.84955939542371,1.16850310591378,0,101,10000,0,1
25,10,66.747685686344,3.84955939542371,1.16850310591378,1.87,0,0,136,0
25,10,66.747685686344,3.84955939542371,1.16850310591378,13.94,0,0,57,0
25,10,66.747685686344,3.84955939542371,1.16850310591378,18.62,0,0,75,0
25,10,66.747685686344,3.84955939542371,1.16850310591378,20.47,0,0,47,0
26,10,46.5776506577744,7.13345377489923,1.30487551001001,0,101,10000,0,1
26,10,46.5776506577744,7.13345377489923,1.30487551001001,10.99,0,0,52,0
26,10,46.5776506577744,7.13345377489923,1.30487551001001,13.87,0,0,23,0
26,10,46.5776506577744,7.13345377489923,1.30487551001001,18.89,0,0,16,0
26,10,46.5776506577744,7.13345377489923,1.30487551001001,22.26,0,0,7,0
27,10,66.6371900611448,2.9306417889229,1.08749017872696,0,101,10000,0,1
27,10,66.6371900611448,2.9306417889229,1.08749017872696,7.93,0,0,113,0
27,10,66.6371900611448,2.9306417889229,1.08749017872696,8.46,0,0,133,0
27,10,66.6371900611448,2.9306417889229,1.08749017872696,19.47,0,0,54,0
27,10,66.6371900611448,2.9306417889229,1.08749017872696,21.03,0,0,56,0
28,10,61.0053122861879,4.27557452822478,1.12156782711112,0,101,10000,0,1
28,10,61.0053122861879,4.27557452822478,1.12156782711112,7.39,0,0,73,0
28,10,61.0053122861879,4.27557452822478,1.12156782711112,9.5,0,0,81,0
28,10,61.0053122861879,4.27557452822478,1.12156782711112,15.09,0,0,65,0
28,10,61.0053122861879,4.27557452822478,1.12156782711112,16.48,0,0,58,0
29,10,60.3216137506419,7.93142529347137,0.626867237873525,0,101,10000,0,1
29,10,60.3216137506419,7.93142529347137,0.626867237873525,2.89,0,0,117,0
29,10,60.3216137506419,7.93142529347137,0.626867237873525,5.67,0,0,73,0
29,10,60.3216137506419,7.93142529347137,0.626867237873525,8.88,0,0,50,0
29,10,60.3216137506419,7.93142529347137,0.626867237873525,10.51,0,0,57,0
30,10,88.3567160727895,3.6720488039792,1.12383936260707,0,101,10000,0,1
30,10,88.3567160727895,3.6720488039792,1.12383936260707,2.32,0,0,93,0
30,10,88.3567160727895,3.6720488039792,1.12383936260707,8.03,0,0,52,0
30,10,88.3567160727895,3.6720488039792,1.12383936260707,9.16,0,0,60,0
30,10,88.3567160727895,3.6720488039792,1.12383936260707,22.43,0,0,44,0
31,30,91.7455169198685,4.9591111368385,1.13886191644928,0,101,30000,0,1
31,30,91.7455169198685,4.9591111368385,1.13886191644928,8.43,0,0,221,0
31,30,91.7455169198685,4.9591111368385,1.13886191644928,8.99,0,0,136,0
31,30,91.7455169198685,4.9591111368385,1.13886191644928,10.94,0,0,224,0
31,30,91.7455169198685,4.9591111368385,1.13886191644928,18.7,0,0,112,0
32,30,64.4733927944197,3.38985678238924,1.00275563725402,0,101,30000,0,1
32,30,64.4733927944197,3.38985678238924,1.00275563725402,1.53,0,0,323,0
32,30,64.4733927944197,3.38985678238924,1.00275563725402,7.65,0,0,187,0
32,30,64.4733927944197,3.38985678238924,1.00275563725402,11.07,0,0,281,0
32,30,64.4733927944197,3.38985678238924,1.00275563725402,22.19,0,0,161,0
33,30,108.479547629031,3.27235818946714,1.13101200400397,0,101,30000,0,1
33,30,108.479547629031,3.27235818946714,1.13101200400397,1.24,0,0,189,0
33,30,108.479547629031,3.27235818946714,1.13101200400397,10.26,0,0,228,0
33,30,108.479547629031,3.27235818946714,1.13101200400397,19.04,0,0,107,0
33,30,108.479547629031,3.27235818946714,1.13101200400397,23.98,0,0,285,0
34,30,67.4611214778717,5.93439373796635,0.922678132561283,0,101,30000,0,1
34,30,67.4611214778717,5.93439373796635,0.922678132561283,0.68,0,0,204,0
34,30,67.4611214778717,5.93439373796635,0.922678132561283,5.27,0,0,490,0
34,30,67.4611214778717,5.93439373796635,0.922678132561283,9.5,0,0,220,0
34,30,67.4611214778717,5.93439373796635,0.922678132561283,14.28,0,0,135,0
35,30,60.7844217361028,2.83161338056775,1.2978148727963,0,101,30000,0,1
35,30,60.7844217361028,2.83161338056775,1.2978148727963,7.92,0,0,342,0
35,30,60.7844217361028,2.83161338056775,1.2978148727963,13.5,0,0,210,0
35,30,60.7844217361028,2.83161338056775,1.2978148727963,15.92,0,0,386,0
35,30,60.7844217361028,2.83161338056775,1.2978148727963,21.12,0,0,286,0
36,30,73.4152141906388,3.99210448394035,1.26376358053495,0,101,30000,0,1
36,30,73.4152141906388,3.99210448394035,1.26376358053495,1.38,0,0,309,0
36,30,73.4152141906388,3.99210448394035,1.26376358053495,12.46,0,0,314,0
36,30,73.4152141906388,3.99210448394035,1.26376358053495,18.99,0,0,159,0
36,30,73.4152141906388,3.99210448394035,1.26376358053495,23.02,0,0,128,0
37,30,62.8222724927472,4.0235204417008,1.22776853993979,0,101,30000,0,1
37,30,62.8222724927472,4.0235204417008,1.22776853993979,1.4,0,0,361,0
37,30,62.8222724927472,4.0235204417008,1.22776853993979,12.56,0,0,193,0
37,30,62.8222724927472,4.0235204417008,1.22776853993979,14.89,0,0,250,0
37,30,62.8222724927472,4.0235204417008,1.22776853993979,17.64,0,0,162,0
38,30,94.24492881703,5.23099152048787,0.909556212557507,0,101,30000,0,1
38,30,94.24492881703,5.23099152048787,0.909556212557507,12.31,0,0,180,0
38,30,94.24492881703,5.23099152048787,0.909556212557507,15.51,0,0,129,0
38,30,94.24492881703,5.23099152048787,0.909556212557507,16.75,0,0,103,0
38,30,94.24492881703,5.23099152048787,0.909556212557507,20.46,0,0,81,0
39,30,60.8009857673843,4.61719372163948,0.83545846491673,0,101,30000,0,1
39,30,60.8009857673843,4.61719372163948,0.83545846491673,2.7,0,0,331,0
39,30,60.8009857673843,4.61719372163948,0.83545846491673,3.43,0,0,399,0
39,30,60.8009857673843,4.61719372163948,0.83545846491673,11.57,0,0,264,0
39,30,60.8009857673843,4.61719372163948,0.83545846491673,13.85,0,0,178,0
40,30,49.2928261222797,3.88235096775874,1.00496493325595,0,101,30000,0,1
40,30,49.2928261222797,3.88235096775874,1.00496493325595,3.84,0,0,335,0
40,30,49.2928261222797,3.88235096775874,1.00496493325595,4.88,0,0,436,0
40,30,49.2928261222797,3.88235096775874,1.00496493325595,16.3,0,0,206,0
40,30,49.2928261222797,3.88235096775874,1.00496493325595,22.44,0,0,98,0
41,30,47.9599343397999,4.5424296064033,0.979507975743087,0,101,30000,0,1
41,30,47.9599343397999,4.5424296064033,0.979507975743087,12.48,0,0,259,0
41,30,47.9599343397999,4.5424296064033,0.979507975743087,13.02,0,0,198,0
41,30,47.9599343397999,4.5424296064033,0.979507975743087,13.7,0,0,193,0
41,30,47.9599343397999,4.5424296064033,0.979507975743087,23.63,0,0,91,0
42,30,83.8332295127369,4.44199526502481,1.03335295491636,0,101,30000,0,1
42,30,83.8332295127369,4.44199526502481,1.03335295491636,2.11,0,0,208,0
42,30,83.8332295127369,4.44199526502481,1.03335295491636,11.05,0,0,176,0
42,30,83.8332295127369,4.44199526502481,1.03335295491636,13.55,0,0,178,0
42,30,83.8332295127369,4.44199526502481,1.03335295491636,13.97,0,0,153,0
43,30,84.7967205686517,3.44748753798086,1.11619865118161,0,101,30000,0,1
43,30,84.7967205686517,3.44748753798086,1.11619865118161,4.17,0,0,277,0
43,30,84.7967205686517,3.44748753798086,1.11619865118161,5.47,0,0,268,0
43,30,84.7967205686517,3.44748753798086,1.11619865118161,14.94,0,0,172,0
43,30,84.7967205686517,3.44748753798086,1.11619865118161,21.74,0,0,131,0
44,30,41.2074984191052,8.16352704079733,1.50819409000478,0,101,30000,0,1
44,30,41.2074984191052,8.16352704079733,1.50819409000478,4.6,0,0,364,0
44,30,41.2074984191052,8.16352704079733,1.50819409000478,12.19,0,0,95,0
44,30,41.2074984191052,8.16352704079733,1.50819409000478,14.5,0,0,90,0
44,30,41.2074984191052,8.16352704079733,1.50819409000478,22.94,0,0,10,0
45,30,88.4624053819396,5.4384628931829,1.77599300908711,0,101,30000,0,1
45,30,88.4624053819396,5.4384628931829,1.77599300908711,13.18,0,0,155,0
45,30,88.4624053819396,5.4384628931829,1.77599300908711,13.65,0,0,133,0
45,30,88.4624053819396,5.4384628931829,1.77599300908711,23.11,0,0,86,0
45,30,88.4624053819396,5.4384628931829,1.77599300908711,23.75,0,0,79,0
46,30,54.3586718013022,3.7827135353126,1.19273133379006,0,101,30000,0,1
46,30,54.3586718013022,3.7827135353126,1.19273133379006,8.85,0,0,406,0
46,30,54.3586718013022,3.7827135353126,1.19273133379006,9.58,0,0,410,0
46,30,54.3586718013022,3.7827135353126,1.19273133379006,10.47,0,0,183,0
46,30,54.3586718013022,3.7827135353126,1.19273133379006,19.18,0,0,111,0
47,30,105.195277271842,4.36090851482758,0.762944760220557,0,101,30000,0,1
47,30,105.195277271842,4.36090851482758,0.762944760220557,2.16,0,0,234,0
47,30,105.195277271842,4.36090851482758,0.762944760220557,4.41,0,0,299,0
47,30,105.195277271842,4.36090851482758,0.762944760220557,10.27,0,0,210,0
47,30,105.195277271842,4.36090851482758,0.762944760220557,11.1,0,0,210,0
48,30,68.0151525317433,2.26799928580838,0.652566980183887,0,101,30000,0,1
48,30,68.0151525317433,2.26799928580838,0.652566980183887,4.84,0,0,375,0
48,30,68.0151525317433,2.26799928580838,0.652566980183887,14.33,0,0,330,0
48,30,68.0151525317433,2.26799928580838,0.652566980183887,21.25,0,0,247,0
48,30,68.0151525317433,2.26799928580838,0.652566980183887,23.42,0,0,193,0
49,30,81.2236216061952,3.23203668383311,0.898699611945011,0,101,30000,0,1
49,30,81.2236216061952,3.23203668383311,0.898699611945011,2.88,0,0,317,0
49,30,81.2236216061952,3.23203668383311,0.898699611945011,10.4,0,0,401,0
49,30,81.2236216061952,3.23203668383311,0.898699611945011,22.83,0,0,154,0
49,30,81.2236216061952,3.23203668383311,0.898699611945011,23.88,0,0,153,0
50,30,82.4026031326826,3.70716252091338,0.613212877413675,0,101,30000,0,1
50,30,82.4026031326826,3.70716252091338,0.613212877413675,0.64,0,0,72,0
50,30,82.4026031326826,3.70716252091338,0.613212877413675,15.13,0,0,249,0
50,30,82.4026031326826,3.70716252091338,0.613212877413675,15.3,0,0,157,0
50,30,82.4026031326826,3.70716252091338,0.613212877413675,20,0,0,163,0
51,30,51.6170073614162,2.42732323927798,1.18555406102591,0,101,30000,0,1
51,30,51.6170073614162,2.42732323927798,1.18555406102591,6.58,0,0,527,0
51,30,51.6170073614162,2.42732323927798,1.18555406102591,9.18,0,0,422,0
51,30,51.6170073614162,2.42732323927798,1.18555406102591,19.88,0,0,264,0
51,30,51.6170073614162,2.42732323927798,1.18555406102591,20.19,0,0,248,0
52,30,65.3373339834277,3.25426396339064,1.12273320006266,0,101,30000,0,1
52,30,65.3373339834277,3.25426396339064,1.12273320006266,8.57,0,0,272,0
52,30,65.3373339834277,3.25426396339064,1.12273320006266,9.43,0,0,299,0
52,30,65.3373339834277,3.25426396339064,1.12273320006266,17.36,0,0,167,0
52,30,65.3373339834277,3.25426396339064,1.12273320006266,17.58,0,0,195,0
53,30,57.5358327033922,2.73873874531521,0.738857592133492,0,101,30000,0,1
53,30,57.5358327033922,2.73873874531521,0.738857592133492,2.65,0,0,459,0
53,30,57.5358327033922,2.73873874531521,0.738857592133492,8.09,0,0,307,0
53,30,57.5358327033922,2.73873874531521,0.738857592133492,14.48,0,0,343,0
53,30,57.5358327033922,2.73873874531521,0.738857592133492,16.72,0,0,268,0
54,30,83.8639098041424,3.21755519469624,1.16638976128257,0,101,30000,0,1
54,30,83.8639098041424,3.21755519469624,1.16638976128257,4.34,0,0,251,0
54,30,83.8639098041424,3.21755519469624,1.16638976128257,7.37,0,0,352,0
54,30,83.8639098041424,3.21755519469624,1.16638976128257,11.82,0,0,237,0
54,30,83.8639098041424,3.21755519469624,1.16638976128257,19.83,0,0,240,0
55,30,99.3520761983763,4.51832445841656,0.718771417662313,0,101,30000,0,1
55,30,99.3520761983763,4.51832445841656,0.718771417662313,6.06,0,0,218,0
55,30,99.3520761983763,4.51832445841656,0.718771417662313,7.9,0,0,208,0
55,30,99.3520761983763,4.51832445841656,0.718771417662313,10.81,0,0,191,0
55,30,99.3520761983763,4.51832445841656,0.718771417662313,14.42,0,0,160,0
56,30,99.7560437070439,4.00031229133829,1.50578855995735,0,101,30000,0,1
56,30,99.7560437070439,4.00031229133829,1.50578855995735,11.67,0,0,179,0
56,30,99.7560437070439,4.00031229133829,1.50578855995735,13.9,0,0,238,0
56,30,99.7560437070439,4.00031229133829,1.50578855995735,14.88,0,0,202,0
56,30,99.7560437070439,4.00031229133829,1.50578855995735,20.98,0,0,167,0
57,30,78.7447474485727,6.5658638760137,1.09680853428302,0,101,30000,0,1
57,30,78.7447474485727,6.5658638760137,1.09680853428302,1.16,0,0,250,0
57,30,78.7447474485727,6.5658638760137,1.09680853428302,10.02,0,0,177,0
57,30,78.7447474485727,6.5658638760137,1.09680853428302,10.19,0,0,206,0
57,30,78.7447474485727,6.5658638760137,1.09680853428302,22.66,0,0,68,0
58,30,70.4066059651719,3.65412049482795,0.997153049138477,0,101,30000,0,1
58,30,70.4066059651719,3.65412049482795,0.997153049138477,5.11,0,0,340,0
58,30,70.4066059651719,3.65412049482795,0.997153049138477,11.55,0,0,247,0
58,30,70.4066059651719,3.65412049482795,0.997153049138477,11.84,0,0,309,0
58,30,70.4066059651719,3.65412049482795,0.997153049138477,22.81,0,0,128,0
59,30,102.512121131601,2.46494945762223,1.02434279450932,0,101,30000,0,1
59,30,102.512121131601,2.46494945762223,1.02434279450932,0.78,0,0,160,0
59,30,102.512121131601,2.46494945762223,1.02434279450932,15.48,0,0,194,0
59,30,102.512121131601,2.46494945762223,1.02434279450932,18.37,0,0,200,0
59,30,102.512121131601,2.46494945762223,1.02434279450932,23.68,0,0,216,0
60,30,54.6254995132256,3.75097250975164,1.22046076284382,0,101,30000,0,1
60,30,54.6254995132256,3.75097250975164,1.22046076284382,8.82,0,0,279,0
60,30,54.6254995132256,3.75097250975164,1.22046076284382,12.65,0,0,196,0
60,30,54.6254995132256,3.75097250975164,1.22046076284382,17.64,0,0,174,0
60,30,54.6254995132256,3.75097250975164,1.22046076284382,23.84,0,0,125,0
61,60,56.2196449769302,4.20812866873992,0.690755036328102,0,101,60000,0,1
61,60,56.2196449769302,4.20812866873992,0.690755036328102,6.83,0,0,587,0
61,60,56.2196449769302,4.20812866873992,0.690755036328102,19.17,0,0,181,0
61,60,56.2196449769302,4.20812866873992,0.690755036328102,21.66,0,0,280,0
61,60,56.2196449769302,4.20812866873992,0.690755036328102,22.69,0,0,199,0
62,60,72.9678081437557,4.6832782682449,0.67097052325255,0,101,60000,0,1
62,60,72.9678081437557,4.6832782682449,0.67097052325255,0.45,0,0,257,0
62,60,72.9678081437557,4.6832782682449,0.67097052325255,2.93,0,0,1008,0
62,60,72.9678081437557,4.6832782682449,0.67097052325255,6.16,0,0,660,0
62,60,72.9678081437557,4.6832782682449,0.67097052325255,19.93,0,0,327,0
63,60,62.6712508159597,6.80291053003002,0.852646411991098,0,101,60000,0,1
63,60,62.6712508159597,6.80291053003002,0.852646411991098,16.01,0,0,201,0
63,60,62.6712508159597,6.80291053003002,0.852646411991098,16.02,0,0,212,0
63,60,62.6712508159597,6.80291053003002,0.852646411991098,16.74,0,0,180,0
63,60,62.6712508159597,6.80291053003002,0.852646411991098,17.33,0,0,193,0
64,60,113.729419932452,2.11214303199793,0.933823850262367,0,101,60000,0,1
64,60,113.729419932452,2.11214303199793,0.933823850262367,3.04,0,0,513,0
64,60,113.729419932452,2.11214303199793,0.933823850262367,7.8,0,0,493,0
64,60,113.729419932452,2.11214303199793,0.933823850262367,15.34,0,0,468,0
64,60,113.729419932452,2.11214303199793,0.933823850262367,21.8,0,0,328,0
65,60,80.7251551487886,3.18129726739234,0.784333889747216,0,101,60000,0,1
65,60,80.7251551487886,3.18129726739234,0.784333889747216,0.91,0,0,346,0
65,60,80.7251551487886,3.18129726739234,0.784333889747216,5.24,0,0,845,0
65,60,80.7251551487886,3.18129726739234,0.784333889747216,11.35,0,0,519,0
65,60,80.7251551487886,3.18129726739234,0.784333889747216,18.88,0,0,406,0
66,60,53.0050960612715,2.79780257228123,0.988745954280876,0,101,60000,0,1
66,60,53.0050960612715,2.79780257228123,0.988745954280876,7.74,0,0,743,0
66,60,53.0050960612715,2.79780257228123,0.988745954280876,15.15,0,0,486,0
66,60,53.0050960612715,2.79780257228123,0.988745954280876,16.98,0,0,454,0
66,60,53.0050960612715,2.79780257228123,0.988745954280876,19.68,0,0,344,0
67,60,61.7613643941493,4.64125253651164,1.25552660388412,0,101,60000,0,1
67,60,61.7613643941493,4.64125253651164,1.25552660388412,2.3,0,0,932,0
67,60,61.7613643941493,4.64125253651164,1.25552660388412,11.04,0,0,484,0
67,60,61.7613643941493,4.64125253651164,1.25552660388412,11.57,0,0,399,0
67,60,61.7613643941493,4.64125253651164,1.25552660388412,12.9,0,0,334,0
68,60,93.0570728196361,3.20702315364775,1.07902263890446,0,101,60000,0,1
68,60,93.0570728196361,3.20702315364775,1.07902263890446,2.26,0,0,464,0
68,60,93.0570728196361,3.20702315364775,1.07902263890446,19.97,0,0,249,0
68,60,93.0570728196361,3.20702315364775,1.07902263890446,23.28,0,0,243,0
68,60,93.0570728196361,3.20702315364775,1.07902263890446,23.4,0,0,238,0
69,60,51.3452175581905,3.50142134443207,0.8817312899063,0,101,60000,0,1
69,60,51.3452175581905,3.50142134443207,0.8817312899063,4.63,0,0,988,0
69,60,51.3452175581905,3.50142134443207,0.8817312899063,5.8,0,0,836,0
69,60,51.3452175581905,3.50142134443207,0.8817312899063,17.34,0,0,461,0
69,60,51.3452175581905,3.50142134443207,0.8817312899063,20.99,0,0,293,0
70,60,53.4089578297143,2.70440181373171,1.27229327227237,0,101,60000,0,1
70,60,53.4089578297143,2.70440181373171,1.27229327227237,0.03,0,0,35,0
70,60,53.4089578297143,2.70440181373171,1.27229327227237,8.63,0,0,733,0
70,60,53.4089578297143,2.70440181373171,1.27229327227237,14.46,0,0,548,0
70,60,53.4089578297143,2.70440181373171,1.27229327227237,20.97,0,0,357,0
71,60,52.3684743760261,4.71535126752726,1.37789318626067,0,101,60000,0,1
71,60,52.3684743760261,4.71535126752726,1.37789318626067,1.48,0,0,887,0
71,60,52.3684743760261,4.71535126752726,1.37789318626067,3.27,0,0,869,0
71,60,52.3684743760261,4.71535126752726,1.37789318626067,9.13,0,0,560,0
71,60,52.3684743760261,4.71535126752726,1.37789318626067,21.87,0,0,168,0
72,60,40.3541201844824,4.50375189599216,0.620367845437903,0,101,60000,0,1
72,60,40.3541201844824,4.50375189599216,0.620367845437903,5.03,0,0,686,0
72,60,40.3541201844824,4.50375189599216,0.620367845437903,11.68,0,0,483,0
72,60,40.3541201844824,4.50375189599216,0.620367845437903,18.08,0,0,262,0
72,60,40.3541201844824,4.50375189599216,0.620367845437903,20.99,0,0,224,0
73,60,52.2162446695397,8.23144362952721,0.798077563130179,0,101,60000,0,1
73,60,52.2162446695397,8.23144362952721,0.798077563130179,2.56,0,0,761,0
73,60,52.2162446695397,8.23144362952721,0.798077563130179,10.23,0,0,211,0
73,60,52.2162446695397,8.23144362952721,0.798077563130179,20.92,0,0,55,0
73,60,52.2162446695397,8.23144362952721,0.798077563130179,22.48,0,0,32,0
74,60,69.5864017387481,4.53276317804624,0.895405568036561,0,101,60000,0,1
74,60,69.5864017387481,4.53276317804624,0.895405568036561,1.09,0,0,595,0
74,60,69.5864017387481,4.53276317804624,0.895405568036561,1.3,0,0,632,0
74,60,69.5864017387481,4.53276317804624,0.895405568036561,3.59,0,0,798,0
74,60,69.5864017387481,4.53276317804624,0.895405568036561,8.06,0,0,508,0
75,60,59.6225379905753,3.92586713843737,0.698784325042462,0,101,60000,0,1
75,60,59.6225379905753,3.92586713843737,0.698784325042462,3.32,0,0,584,0
75,60,59.6225379905753,3.92586713843737,0.698784325042462,5.2,0,0,954,0
75,60,59.6225379905753,3.92586713843737,0.698784325042462,16.56,0,0,258,0
75,60,59.6225379905753,3.92586713843737,0.698784325042462,20.45,0,0,303,0
76,60,69.0819162268641,4.95073823602031,0.678970800265684,0,101,60000,0,1
76,60,69.0819162268641,4.95073823602031,0.678970800265684,10.94,0,0,419,0
76,60,69.0819162268641,4.95073823602031,0.678970800265684,11.19,0,0,349,0
76,60,69.0819162268641,4.95073823602031,0.678970800265684,15.95,0,0,286,0
76,60,69.0819162268641,4.95073823602031,0.678970800265684,16.34,0,0,261,0
77,60,52.0602192551356,4.20659775576873,0.747857990719265,0,101,60000,0,1
77,60,52.0602192551356,4.20659775576873,0.747857990719265,0.03,0,0,36,0
77,60,52.0602192551356,4.20659775576873,0.747857990719265,6.57,0,0,774,0
77,60,52.0602192551356,4.20659775576873,0.747857990719265,7.36,0,0,647,0
77,60,52.0602192551356,4.20659775576873,0.747857990719265,23.2,0,0,159,0
78,60,101.055316925807,3.60061962607172,1.15669530221846,0,101,60000,0,1
78,60,101.055316925807,3.60061962607172,1.15669530221846,5.79,0,0,559,0
78,60,101.055316925807,3.60061962607172,1.15669530221846,12.89,0,0,546,0
78,60,101.055316925807,3.60061962607172,1.15669530221846,14.39,0,0,391,0
78,60,101.055316925807,3.60061962607172,1.15669530221846,15.99,0,0,257,0
79,60,50.4980636743172,4.86476646495877,1.35095270507448,0,101,60000,0,1
79,60,50.4980636743172,4.86476646495877,1.35095270507448,7.79,0,0,449,0
79,60,50.4980636743172,4.86476646495877,1.35095270507448,10.83,0,0,395,0
79,60,50.4980636743172,4.86476646495877,1.35095270507448,16.25,0,0,227,0
79,60,50.4980636743172,4.86476646495877,1.35095270507448,19.05,0,0,178,0
80,60,36.0497991660184,2.99629190670157,1.26845835650618,0,101,60000,0,1
80,60,36.0497991660184,2.99629190670157,1.26845835650618,2.94,0,0,1111,0
80,60,36.0497991660184,2.99629190670157,1.26845835650618,8.03,0,0,881,0
80,60,36.0497991660184,2.99629190670157,1.26845835650618,14.85,0,0,414,0
80,60,36.0497991660184,2.99629190670157,1.26845835650618,22.2,0,0,297,0
81,60,62.8317273830116,2.48870723019089,1.00435008960445,0,101,60000,0,1
81,60,62.8317273830116,2.48870723019089,1.00435008960445,0.76,0,0,638,0
81,60,62.8317273830116,2.48870723019089,1.00435008960445,4.41,0,0,581,0
81,60,62.8317273830116,2.48870723019089,1.00435008960445,9,0,0,909,0
81,60,62.8317273830116,2.48870723019089,1.00435008960445,17.75,0,0,483,0
82,60,93.1910622940227,3.5359387742328,0.5839788812238,0,101,60000,0,1
82,60,93.1910622940227,3.5359387742328,0.5839788812238,7.87,0,0,681,0
82,60,93.1910622940227,3.5359387742328,0.5839788812238,18.47,0,0,475,0
82,60,93.1910622940227,3.5359387742328,0.5839788812238,19.1,0,0,283,0
82,60,93.1910622940227,3.5359387742328,0.5839788812238,21.55,0,0,270,0
83,60,59.3688919648248,4.65535311735884,1.44692708719955,0,101,60000,0,1
83,60,59.3688919648248,4.65535311735884,1.44692708719955,10.87,0,0,478,0
83,60,59.3688919648248,4.65535311735884,1.44692708719955,15.69,0,0,317,0
83,60,59.3688919648248,4.65535311735884,1.44692708719955,17.33,0,0,250,0
83,60,59.3688919648248,4.65535311735884,1.44692708719955,23.18,0,0,161,0
84,60,71.1007662658917,4.02161637659944,0.831008931740223,0,101,60000,0,1
84,60,71.1007662658917,4.02161637659944,0.831008931740223,9.99,0,0,429,0
84,60,71.1007662658917,4.02161637659944,0.831008931740223,16.03,0,0,345,0
84,60,71.1007662658917,4.02161637659944,0.831008931740223,20.22,0,0,216,0
84,60,71.1007662658917,4.02161637659944,0.831008931740223,20.36,0,0,243,0
85,60,94.7868192889573,3.98256399124611,1.12499101590843,0,101,60000,0,1
85,60,94.7868192889573,3.98256399124611,1.12499101590843,11.27,0,0,410,0
85,60,94.7868192889573,3.98256399124611,1.12499101590843,15.02,0,0,293,0
85,60,94.7868192889573,3.98256399124611,1.12499101590843,17.76,0,0,240,0
85,60,94.7868192889573,3.98256399124611,1.12499101590843,22.73,0,0,189,0
86,60,77.8088055406211,3.18938725878782,1.23811183557425,0,101,60000,0,1
86,60,77.8088055406211,3.18938725878782,1.23811183557425,1.9,0,0,457,0
86,60,77.8088055406211,3.18938725878782,1.23811183557425,3.94,0,0,753,0
86,60,77.8088055406211,3.18938725878782,1.23811183557425,4.03,0,0,736,0
86,60,77.8088055406211,3.18938725878782,1.23811183557425,12.4,0,0,614,0
87,60,85.8435792165968,2.84610418295498,2.32797536702263,0,101,60000,0,1
87,60,85.8435792165968,2.84610418295498,2.32797536702263,11.24,0,0,646,0
87,60,85.8435792165968,2.84610418295498,2.32797536702263,14.07,0,0,323,0
87,60,85.8435792165968,2.84610418295498,2.32797536702263,17.33,0,0,373,0
87,60,85.8435792165968,2.84610418295498,2.32797536702263,21.34,0,0,337,0
88,60,128.972976947648,3.75559893965339,1.16779053498815,0,101,60000,0,1
88,60,128.972976947648,3.75559893965339,1.16779053498815,1.99,0,0,378,0
88,60,128.972976947648,3.75559893965339,1.16779053498815,5.36,0,0,455,0
88,60,128.972976947648,3.75559893965339,1.16779053498815,13.97,0,0,182,0
88,60,128.972976947648,3.75559893965339,1.16779053498815,21.32,0,0,320,0
89,60,37.5445503880228,4.1216316429869,1.14107852324971,0,101,60000,0,1
89,60,37.5445503880228,4.1216316429869,1.14107852324971,6.14,0,0,661,0
89,60,37.5445503880228,4.1216316429869,1.14107852324971,10.07,0,0,533,0
89,60,37.5445503880228,4.1216316429869,1.14107852324971,12.06,0,0,407,0
89,60,37.5445503880228,4.1216316429869,1.14107852324971,21.45,0,0,123,0
90,60,52.5524777947709,3.62817466574168,0.789082732658222,0,101,60000,0,1
90,60,52.5524777947709,3.62817466574168,0.789082732658222,13.8,0,0,331,0
90,60,52.5524777947709,3.62817466574168,0.789082732658222,18.53,0,0,467,0
90,60,52.5524777947709,3.62817466574168,0.789082732658222,18.85,0,0,320,0
90,60,52.5524777947709,3.62817466574168,0.789082732658222,23.88,0,0,231,0
91,120,113.92157294856,3.31124378944539,0.941728716856383,0,101,120000,0,1
91,120,113.92157294856,3.31124378944539,0.941728716856383,12.35,0,0,581,0
91,120,113.92157294856,3.31124378944539,0.941728716856383,14.93,0,0,612,0
91,120,113.92157294856,3.31124378944539,0.941728716856383,21.15,0,0,629,0
91,120,113.92157294856,3.31124378944539,0.941728716856383,22.54,0,0,355,0
92,120,66.6129371739123,4.4434979101634,1.55861485990324,0,101,120000,0,1
92,120,66.6129371739123,4.4434979101634,1.55861485990324,5.75,0,0,1122,0
92,120,66.6129371739123,4.4434979101634,1.55861485990324,6.89,0,0,990,0
92,120,66.6129371739123,4.4434979101634,1.55861485990324,13.23,0,0,946,0
92,120,66.6129371739123,4.4434979101634,1.55861485990324,15.43,0,0,798,0
93,120,67.0344833410444,6.51265609994471,0.523981440268883,0,101,120000,0,1
93,120,67.0344833410444,6.51265609994471,0.523981440268883,10.06,0,0,829,0
93,120,67.0344833410444,6.51265609994471,0.523981440268883,13.33,0,0,453,0
93,120,67.0344833410444,6.51265609994471,0.523981440268883,16.35,0,0,463,0
93,120,67.0344833410444,6.51265609994471,0.523981440268883,23.98,0,0,193,0
94,120,72.3746051493583,4.07716561209255,1.85851122018779,0,101,120000,0,1
94,120,72.3746051493583,4.07716561209255,1.85851122018779,1.39,0,0,1639,0
94,120,72.3746051493583,4.07716561209255,1.85851122018779,3.41,0,0,1687,0
94,120,72.3746051493583,4.07716561209255,1.85851122018779,6.19,0,0,1343,0
94,120,72.3746051493583,4.07716561209255,1.85851122018779,16.66,0,0,537,0
95,120,46.2856640107795,4.56631162320245,0.892076602964351,0,101,120000,0,1
95,120,46.2856640107795,4.56631162320245,0.892076602964351,8.01,0,0,1369,0
95,120,46.2856640107795,4.56631162320245,0.892076602964351,11.83,0,0,1198,0
95,120,46.2856640107795,4.56631162320245,0.892076602964351,17.62,0,0,686,0
95,120,46.2856640107795,4.56631162320245,0.892076602964351,19.89,0,0,595,0
96,120,67.2197532260803,5.03938552151831,1.50588461198256,0,101,120000,0,1
96,120,67.2197532260803,5.03938552151831,1.50588461198256,14.2,0,0,765,0
96,120,67.2197532260803,5.03938552151831,1.50588461198256,18.81,0,0,543,0
96,120,67.2197532260803,5.03938552151831,1.50588461198256,19.86,0,0,442,0
96,120,67.2197532260803,5.03938552151831,1.50588461198256,21.47,0,0,389,0
97,120,46.4041698814269,3.39399000623909,0.86474811610817,0,101,120000,0,1
97,120,46.4041698814269,3.39399000623909,0.86474811610817,1.65,0,0,1409,0
97,120,46.4041698814269,3.39399000623909,0.86474811610817,1.92,0,0,2068,0
97,120,46.4041698814269,3.39399000623909,0.86474811610817,5.31,0,0,2081,0
97,120,46.4041698814269,3.39399000623909,0.86474811610817,12.9,0,0,1492,0
98,120,122.338176962235,3.61289055918062,0.868146486337839,0,101,120000,0,1
98,120,122.338176962235,3.61289055918062,0.868146486337839,10.29,0,0,1132,0
98,120,122.338176962235,3.61289055918062,0.868146486337839,16.1,0,0,763,0
98,120,122.338176962235,3.61289055918062,0.868146486337839,18.22,0,0,699,0
99,120,78.4285799991537,7.36895955517878,0.924137609170697,0,101,120000,0,1
99,120,78.4285799991537,7.36895955517878,0.924137609170697,13.07,0,0,448,0
99,120,78.4285799991537,7.36895955517878,0.924137609170697,14.06,0,0,454,0
99,120,78.4285799991537,7.36895955517878,0.924137609170697,18.55,0,0,254,0
99,120,78.4285799991537,7.36895955517878,0.924137609170697,22.53,0,0,138,0
100,120,61.4824903991025,3.2375628531148,1.19221808857495,0,101,120000,0,1
100,120,61.4824903991025,3.2375628531148,1.19221808857495,7.5,0,0,2413,0
100,120,61.4824903991025,3.2375628531148,1.19221808857495,14.9,0,0,852,0
100,120,61.4824903991025,3.2375628531148,1.19221808857495,17.52,0,0,786,0
100,120,61.4824903991025,3.2375628531148,1.19221808857495,23.32,0,0,687,0
101,120,75.2264792565334,6.36144400977776,1.35174689649444,0,101,120000,0,1
101,120,75.2264792565334,6.36144400977776,1.35174689649444,7.87,0,0,905,0
101,120,75.2264792565334,6.36144400977776,1.35174689649444,9.4,0,0,691,0
101,120,75.2264792565334,6.36144400977776,1.35174689649444,20.15,0,0,322,0
101,120,75.2264792565334,6.36144400977776,1.35174689649444,21.64,0,0,311,0
102,120,44.9431096356954,3.41908616278045,1.66148192815688,0,101,120000,0,1
102,120,44.9431096356954,3.41908616278045,1.66148192815688,4.85,0,0,2248,0
102,120,44.9431096356954,3.41908616278045,1.66148192815688,15.92,0,0,723,0
102,120,44.9431096356954,3.41908616278045,1.66148192815688,16.92,0,0,876,0
102,120,44.9431096356954,3.41908616278045,1.66148192815688,20.94,0,0,523,0
103,120,49.6110562656132,5.86255626774002,1.20733685032732,0,101,120000,0,1
103,120,49.6110562656132,5.86255626774002,1.20733685032732,10.75,0,0,761,0
103,120,49.6110562656132,5.86255626774002,1.20733685032732,11.32,0,0,983,0
103,120,49.6110562656132,5.86255626774002,1.20733685032732,14.63,0,0,399,0
103,120,49.6110562656132,5.86255626774002,1.20733685032732,19.73,0,0,315,0
104,120,36.7247724587141,3.83454128623694,0.967057251176164,0,101,120000,0,1
104,120,36.7247724587141,3.83454128623694,0.967057251176164,1.05,0,0,2106,0
104,120,36.7247724587141,3.83454128623694,0.967057251176164,10.19,0,0,1547,0
104,120,36.7247724587141,3.83454128623694,0.967057251176164,13.76,0,0,795,0
104,120,36.7247724587141,3.83454128623694,0.967057251176164,20.61,0,0,442,0
105,120,117.13415254506,4.39546629109686,1.36253957477633,0,101,120000,0,1
105,120,117.13415254506,4.39546629109686,1.36253957477633,12.12,0,0,683,0
105,120,117.13415254506,4.39546629109686,1.36253957477633,14.54,0,0,483,0
105,120,117.13415254506,4.39546629109686,1.36253957477633,20.91,0,0,411,0
105,120,117.13415254506,4.39546629109686,1.36253957477633,23.02,0,0,430,0
106,120,67.2112024962982,2.36096588395591,1.10828103575267,0,101,120000,0,1
106,120,67.2112024962982,2.36096588395591,1.10828103575267,2.19,0,0,1134,0
106,120,67.2112024962982,2.36096588395591,1.10828103575267,6.01,0,0,1969,0
106,120,67.2112024962982,2.36096588395591,1.10828103575267,21.14,0,0,1018,0
106,120,67.2112024962982,2.36096588395591,1.10828103575267,22.78,0,0,793,0
107,120,55.239560685781,4.42924751392287,1.03155737531461,0,101,120000,0,1
107,120,55.239560685781,4.42924751392287,1.03155737531461,4.93,0,0,1455,0
107,120,55.239560685781,4.42924751392287,1.03155737531461,7.77,0,0,1672,0
107,120,55.239560685781,4.42924751392287,1.03155737531461,13.35,0,0,871,0
107,120,55.239560685781,4.42924751392287,1.03155737531461,22.86,0,0,460,0
108,120,81.1298885960582,4.01400566583613,1.06228743798392,0,101,120000,0,1
108,120,81.1298885960582,4.01400566583613,1.06228743798392,0.51,0,0,740,0
108,120,81.1298885960582,4.01400566583613,1.06228743798392,5.89,0,0,1198,0
108,120,81.1298885960582,4.01400566583613,1.06228743798392,7.08,0,0,1000,0
108,120,81.1298885960582,4.01400566583613,1.06228743798392,21.32,0,0,523,0
109,120,84.0051802096225,3.77907576490113,1.37455176702075,0,101,120000,0,1
109,120,84.0051802096225,3.77907576490113,1.37455176702075,4.28,0,0,1651,0
109,120,84.0051802096225,3.77907576490113,1.37455176702075,9.73,0,0,799,0
109,120,84.0051802096225,3.77907576490113,1.37455176702075,12.69,0,0,822,0
109,120,84.0051802096225,3.77907576490113,1.37455176702075,23.37,0,0,415,0
110,120,56.8900808439946,2.76250767719215,0.835998133235274,0,101,120000,0,1
110,120,56.8900808439946,2.76250767719215,0.835998133235274,4.33,0,0,1524,0
110,120,56.8900808439946,2.76250767719215,0.835998133235274,12.57,0,0,1193,0
110,120,56.8900808439946,2.76250767719215,0.835998133235274,16.98,0,0,951,0
110,120,56.8900808439946,2.76250767719215,0.835998133235274,17.8,0,0,1082,0
111,120,61.6126381478161,4.36787408181538,1.32841145639177,0,101,120000,0,1
111,120,61.6126381478161,4.36787408181538,1.32841145639177,9.29,0,0,1199,0
111,120,61.6126381478161,4.36787408181538,1.32841145639177,12.24,0,0,824,0
111,120,61.6126381478161,4.36787408181538,1.32841145639177,17.11,0,0,520,0
111,120,61.6126381478161,4.36787408181538,1.32841145639177,17.85,0,0,637,0
112,120,81.5948810718549,5.16568885927987,1.09446142990421,0,101,120000,0,1
112,120,81.5948810718549,5.16568885927987,1.09446142990421,1.21,0,0,1120,0
112,120,81.5948810718549,5.16568885927987,1.09446142990421,8.24,0,0,930,0
112,120,81.5948810718549,5.16568885927987,1.09446142990421,16.77,0,0,427,0
112,120,81.5948810718549,5.16568885927987,1.09446142990421,19.42,0,0,304,0
113,120,73.6274031912603,3.16924111709683,1.16606713604937,0,101,120000,0,1
113,120,73.6274031912603,3.16924111709683,1.16606713604937,0.77,0,0,751,0
113,120,73.6274031912603,3.16924111709683,1.16606713604937,0.93,0,0,1092,0
113,120,73.6274031912603,3.16924111709683,1.16606713604937,1.9,0,0,1762,0
113,120,73.6274031912603,3.16924111709683,1.16606713604937,7.28,0,0,1392,0
114,120,78.4905530034901,2.38962313948046,0.892403738041042,0,101,120000,0,1
114,120,78.4905530034901,2.38962313948046,0.892403738041042,6.32,0,0,1342,0
114,120,78.4905530034901,2.38962313948046,0.892403738041042,13.69,0,0,763,0
114,120,78.4905530034901,2.38962313948046,0.892403738041042,18.49,0,0,1259,0
114,120,78.4905530034901,2.38962313948046,0.892403738041042,20.84,0,0,754,0
115,120,63.5791205444627,2.40600815424587,1.41161592545832,0,101,120000,0,1
115,120,63.5791205444627,2.40600815424587,1.41161592545832,0.11,0,0,269,0
115,120,63.5791205444627,2.40600815424587,1.41161592545832,12.2,0,0,1306,0
115,120,63.5791205444627,2.40600815424587,1.41161592545832,17.1,0,0,1189,0
115,120,63.5791205444627,2.40600815424587,1.41161592545832,23.29,0,0,720,0
116,120,84.6699668941829,5.11164138249399,0.798325954895162,0,101,120000,0,1
116,120,84.6699668941829,5.11164138249399,0.798325954895162,4.08,0,0,1172,0
116,120,84.6699668941829,5.11164138249399,0.798325954895162,6.46,0,0,752,0
116,120,84.6699668941829,5.11164138249399,0.798325954895162,9.05,0,0,882,0
116,120,84.6699668941829,5.11164138249399,0.798325954895162,18.15,0,0,559,0
117,120,47.2306351260578,3.51279499325924,0.84619790861733,0,101,120000,0,1
117,120,47.2306351260578,3.51279499325924,0.84619790861733,5.71,0,0,1695,0
117,120,47.2306351260578,3.51279499325924,0.84619790861733,7.21,0,0,1565,0
117,120,47.2306351260578,3.51279499325924,0.84619790861733,16.6,0,0,696,0
117,120,47.2306351260578,3.51279499325924,0.84619790861733,21.41,0,0,413,0
118,120,62.9553272718574,4.09216075640098,1.38100489546133,0,101,120000,0,1
118,120,62.9553272718574,4.09216075640098,1.38100489546133,0.44,0,0,673,0
118,120,62.9553272718574,4.09216075640098,1.38100489546133,5.33,0,0,1306,0
118,120,62.9553272718574,4.09216075640098,1.38100489546133,7.5,0,0,1025,0
118,120,62.9553272718574,4.09216075640098,1.38100489546133,11.47,0,0,973,0
119,120,50.9560103694338,4.46193740377014,0.900263529492947,0,101,120000,0,1
119,120,50.9560103694338,4.46193740377014,0.900263529492947,4.39,0,0,1615,0
119,120,50.9560103694338,4.46193740377014,0.900263529492947,5.7,0,0,1666,0
119,120,50.9560103694338,4.46193740377014,0.900263529492947,16.38,0,0,583,0
119,120,50.9560103694338,4.46193740377014,0.900263529492947,22.62,0,0,254,0
120,120,111.610845634348,4.54257507099187,0.870189839696436,0,101,120000,0,1
120,120,111.610845634348,4.54257507099187,0.870189839696436,2.38,0,0,622,0
120,120,111.610845634348,4.54257507099187,0.870189839696436,12.83,0,0,644,0
120,120,111.610845634348,4.54257507099187,0.870189839696436,14.87,0,0,580,0
120,120,111.610845634348,4.54257507099187,0.870189839696436,17.38,0,0,577,0
