ID,DOSE,V,CL,KA,TIME,EVID,AMT,DV,EVIDNM
1,10,80.2518450688749,4.08437997960033,0.670292075454263,0,101,10000,0,1
1,10,80.2518450688749,4.08437997960033,0.670292075454263,6.31,0,0,116,0
1,10,80.2518450688749,4.08437997960033,0.670292075454263,7.03,0,0,94,0
1,10,80.2518450688749,4.08437997960033,0.670292075454263,9.6,0,0,62,0
1,10,80.2518450688749,4.08437997960033,0.670292075454263,20.66,0,0,65,0
2,10,68.8522369746948,3.96291532008808,1.36961305642974,0,101,10000,0,1
2,10,68.8522369746948,3.96291532008808,1.36961305642974,4.56,0,0,101,0
2,10,68.8522369746948,3.96291532008808,1.36961305642974,10.37,0,0,59,0
2,10,68.8522369746948,3.96291532008808,1.36961305642974,13.9,0,0,49,0
2,10,68.8522369746948,3.96291532008808,1.36961305642974,21.98,0,0,34,0
3,10,96.7888911481882,2.33108373494198,1.09031592283873,0,101,10000,0,1
3,10,96.7888911481882,2.33108373494198,1.09031592283873,10.44,0,0,89,0
3,10,96.7888911481882,2.33108373494198,1.09031592283873,14.88,0,0,70,0
3,10,96.7888911481882,2.33108373494198,1.09031592283873,16.76,0,0,78,0
3,10,96.7888911481882,2.33108373494198,1.09031592283873,20.74,0,0,44,0
4,10,98.8826729611315,2.09988082552072,0.731281445558277,0,101,10000,0,1
4,10,98.8826729611315,2.09988082552072,0.731281445558277,2.28,0,0,95,0
4,10,98.8826729611315,2.09988082552072,0.731281445558277,5.46,0,0,97,0
4,10,98.8826729611315,2.09988082552072,0.731281445558277,8.67,0,0,95,0
4,10,98.8826729611315,2.09988082552072,0.731281445558277,23.07,0,0,63,0
5,10,52.2318781252075,2.69104582487832,0.418390284962942,0,101,10000,0,1
5,10,52.2318781252075,2.69104582487832,0.418390284962942,7.78,0,0,154,0
5,10,52.2318781252075,2.69104582487832,0.418390284962942,13.69,0,0,134,0
5,10,52.2318781252075,2.69104582487832,0.418390284962942,16.59,0,0,94,0
5,10,52.2318781252075,2.69104582487832,0.418390284962942,20.8,0,0,81,0
6,10,110.624122583956,3.10922520256214,1.92119605746663,0,101,10000,0,1
6,10,110.624122583956,3.10922520256214,1.92119605746663,3.05,0,0,75,0
6,10,110.624122583956,3.10922520256214,1.92119605746663,9.91,0,0,86,0
6,10,110.624122583956,3.10922520256214,1.92119605746663,10.74,0,0,77,0
6,10,110.624122583956,3.10922520256214,1.92119605746663,18.86,0,0,61,0
7,10,53.6337186515148,3.70854345180241,1.0171433643499,0,101,10000,0,1
7,10,53.6337186515148,3.70854345180241,1.0171433643499,3.66,0,0,118,0
7,10,53.6337186515148,3.70854345180241,1.0171433643499,11.73,0,0,89,0
7,10,53.6337186515148,3.70854345180241,1.0171433643499,13.43,0,0,67,0
7,10,53.6337186515148,3.70854345180241,1.0171433643499,23.15,0,0,46,0
8,10,92.8622674636098,3.46168267215409,0.649372059764454,0,101,10000,0,1
8,10,92.8622674636098,3.46168267215409,0.649372059764454,2.7,0,0,103,0
8,10,92.8622674636098,3.46168267215409,0.649372059764454,4.81,0,0,81,0
8,10,92.8622674636098,3.46168267215409,0.649372059764454,11,0,0,72,0
8,10,92.8622674636098,3.46168267215409,0.649372059764454,23.94,0,0,40,0
9,10,42.1823533793762,3.91928268677048,0.997080113967722,0,101,10000,0,1
9,10,42.1823533793762,3.91928268677048,0.997080113967722,0.73,0,0,113,0
9,10,42.1823533793762,3.91928268677048,0.997080113967722,13.76,0,0,68,0
9,10,42.1823533793762,3.91928268677048,0.997080113967722,14.44,0,0,61,0
9,10,42.1823533793762,3.91928268677048,0.997080113967722,19.72,0,0,51,0
10,10,60.7062644208292,4.17589378745291,1.02398381364364,0,101,10000,0,1
10,10,60.7062644208292,4.17589378745291,1.02398381364364,1.75,0,0,126,0
10,10,60.7062644208292,4.17589378745291,1.02398381364364,2.8,0,0,134,0
10,10,60.7062644208292,4.17589378745291,1.02398381364364,3.21,0,0,205,0
10,10,60.7062644208292,4.17589378745291,1.02398381364364,18.78,0,0,34,0
11,10,52.2595549934782,5.35421548914791,0.749676351747388,0,101,10000,0,1
11,10,52.2595549934782,5.35421548914791,0.749676351747388,1.76,0,0,133,0
11,10,52.2595549934782,5.35421548914791,0.749676351747388,6.66,0,0,97,0
11,10,52.2595549934782,5.35421548914791,0.749676351747388,9.14,0,0,90,0
11,10,52.2595549934782,5.35421548914791,0.749676351747388,13.91,0,0,53,0
12,10,83.5968072298173,4.0069973774193,0.673421258425093,0,101,10000,0,1
12,10,83.5968072298173,4.0069973774193,0.673421258425093,7.4,0,0,72,0
12,10,83.5968072298173,4.0069973774193,0.673421258425093,8.16,0,0,91,0
12,10,83.5968072298173,4.0069973774193,0.673421258425093,20.37,0,0,41,0
12,10,83.5968072298173,4.0069973774193,0.673421258425093,23.56,0,0,58,0
13,10,95.4111079179036,2.83356493401276,1.48848814120128,0,101,10000,0,1
13,10,95.4111079179036,2.83356493401276,1.48848814120128,3.42,0,0,81,0
13,10,95.4111079179036,2.83356493401276,1.48848814120128,5.11,0,0,94,0
13,10,95.4111079179036,2.83356493401276,1.48848814120128,17.2,0,0,67,0
13,10,95.4111079179036,2.83356493401276,1.48848814120128,19.47,0,0,77,0
14,10,71.0900286047768,3.38331500566578,2.12212746434234,0,101,10000,0,1
14,10,71.0900286047768,3.38331500566578,2.12212746434234,8.19,0,0,109,0
14,10,71.0900286047768,3.38331500566578,2.12212746434234,10.2,0,0,92,0
14,10,71.0900286047768,3.38331500566578,2.12212746434234,18.48,0,0,56,0
14,10,71.0900286047768,3.38331500566578,2.12212746434234,21.96,0,0,42,0
15,10,84.6137149197761,5.3406474456318,0.916972024068937,0,101,10000,0,1
15,10,84.6137149197761,5.3406474456318,0.916972024068937,4,0,0,77,0
15,10,84.6137149197761,5.3406474456318,0.916972024068937,6.74,0,0,74,0
15,10,84.6137149197761,5.3406474456318,0.916972024068937,11.26,0,0,61,0
15,10,84.6137149197761,5.3406474456318,0.916972024068937,17.77,0,0,41,0
16,10,88.612587909482,6.53231608868098,0.920282186849715,0,101,10000,0,1
16,10,88.612587909482,6.53231608868098,0.920282186849715,10.68,0,0,60,0
16,10,88.612587909482,6.53231608868098,0.920282186849715,19.92,0,0,26,0
16,10,88.612587909482,6.53231608868098,0.920282186849715,20.09,0,0,24,0
16,10,88.612587909482,6.53231608868098,0.920282186849715,21.85,0,0,28,0
17,10,71.9220359735479,3.02969691562087,1.34059101869672,0,101,10000,0,1
17,10,71.9220359735479,3.02969691562087,1.34059101869672,0.96,0,0,132,0
17,10,71.9220359735479,3.02969691562087,1.34059101869672,10.79,0,0,80,0
17,10,71.9220359735479,3.02969691562087,1.34059101869672,15.06,0,0,95,0
17,10,71.9220359735479,3.02969691562087,1.34059101869672,17.29,0,0,60,0
18,10,57.9842143449127,5.91165966007946,0.73257654077426,0,101,10000,0,1
18,10,57.9842143449127,5.91165966007946,0.73257654077426,6.33,0,0,112,0
18,10,57.9842143449127,5.91165966007946,0.73257654077426,10.98,0,0,38,0
18,10,57.9842143449127,5.91165966007946,0.73257654077426,20.03,0,0,37,0
18,10,57.9842143449127,5.91165966007946,0.73257654077426,20.6,0,0,27,0
19,10,124.593242973697,5.70960977566791,1.20096698983726,0,101,10000,0,1
19,10,124.593242973697,5.70960977566791,1.20096698983726,2.07,0,0,63,0
19,10,124.593242973697,5.70960977566791,1.20096698983726,9.57,0,0,29,0
19,10,124.593242973697,5.70960977566791,1.20096698983726,21.58,0,0,34,0
19,10,124.593242973697,5.70960977566791,1.20096698983726,22.79,0,0,33,0
20,10,99.3791660625618,3.95516677409945,0.679014844112061,0,101,10000,0,1
20,10,99.3791660625618,3.95516677409945,0.679014844112061,5.6,0,0,56,0
20,10,99.3791660625618,3.95516677409945,0.679014844112061,12.46,0,0,63,0
20,10,99.3791660625618,3.95516677409945,0.679014844112061,13.11,0,0,56,0
20,10,99.3791660625618,3.95516677409945,0.679014844112061,23.57,0,0,43,0
21,10,102.643370670675,3.31308469913419,0.844797281646697,0,101,10000,0,1
21,10,102.643370670675,3.31308469913419,0.844797281646697,5.17,0,0,77,0
21,10,102.643370670675,3.31308469913419,0.844797281646697,12.37,0,0,88,0
21,10,102.643370670675,3.31308469913419,0.844797281646697,22.37,0,0,62,0
21,10,102.643370670675,3.31308469913419,0.844797281646697,23.66,0,0,40,0
22,10,123.179188003076,3.20923156148164,1.2266420942714,0,101,10000,0,1
22,10,123.179188003076,3.20923156148164,1.2266420942714,0.53,0,0,34,0
22,10,123.179188003076,3.20923156148164,1.2266420942714,3.61,0,0,78,0
22,10,123.179188003076,3.20923156148164,1.2266420942714,19.65,0,0,40,0
22,10,123.179188003076,3.20923156148164,1.2266420942714,20.67,0,0,52,0
23,10,80.3346959238367,3.96967203174555,0.85041869535586,0,101,10000,0,1
23,10,80.3346959238367,3.96967203174555,0.85041869535586,1.66,0,0,69,0
23,10,80.3346959238367,3.96967203174555,0.85041869535586,2.57,0,0,111,0
23,10,80.3346959238367,3.96967203174555,0.85041869535586,9.83,0,0,80,0
23,10,80.3346959238367,3.96967203174555,0.85041869535586,16.05,0,0,69,0
24,10,47.6206681184111,4.4611667674935,0.779343791603376,0,101,10000,0,1
24,10,47.6206681184111,4.4611667674935,0.779343791603376,5.27,0,0,132,0
24,10,47.6206681184111,4.4611667674935,0.779343791603376,16.63,0,0,84,0
24,10,47.6206681184111,4.4611667674935,0.779343791603376,21.28,0,0,46,0
24,10,47.6206681184111,4.4611667674935,0.779343791603376,22.96,0,0,24,0
25,10,59.4286783783731,5.58407081744491,0.971778361263542,0,101,10000,0,1
25,10,59.4286783783731,5.58407081744491,0.971778361263542,6.47,0,0,95,0
25,10,59.4286783783731,5.58407081744491,0.971778361263542,9.26,0,0,76,0
25,10,59.4286783783731,5.58407081744491,0.971778361263542,15.67,0,0,35,0
25,10,59.4286783783731,5.58407081744491,0.971778361263542,15.77,0,0,30,0
26,10,71.0752612677921,4.71165018436761,0.820094938179553,0,101,10000,0,1
26,10,71.0752612677921,4.71165018436761,0.820094938179553,4.39,0,0,115,0
26,10,71.0752612677921,4.71165018436761,0.820094938179553,5.42,0,0,87,0
26,10,71.0752612677921,4.71165018436761,0.820094938179553,9.94,0,0,73,0
26,10,71.0752612677921,4.71165018436761,0.820094938179553,14.33,0,0,64,0
27,10,60.5766115512654,2.64689015731439,1.44935881121657,0,101,10000,0,1
27,10,60.5766115512654,2.64689015731439,1.44935881121657,10.1,0,0,143,0
27,10,60.5766115512654,2.64689015731439,1.44935881121657,17.46,0,0,64,0
27,10,60.5766115512654,2.64689015731439,1.44935881121657,17.48,0,0,77,0
27,10,60.5766115512654,2.64689015731439,1.44935881121657,20.45,0,0,76,0
28,10,91.93897162974,2.20140418440515,1.09524765754813,0,101,10000,0,1
28,10,91.93897162974,2.20140418440515,1.09524765754813,3.69,0,0,146,0
28,10,91.93897162974,2.20140418440515,1.09524765754813,16.96,0,0,82,0
28,10,91.93897162974,2.20140418440515,1.09524765754813,17.02,0,0,73,0
28,10,91.93897162974,2.20140418440515,1.09524765754813,23.1,0,0,91,0
29,10,71.5511117622731,4.57103775780448,0.919903100555947,0,101,10000,0,1
29,10,71.5511117622731,4.57103775780448,0.919903100555947,0.83,0,0,84,0
29,10,71.5511117622731,4.57103775780448,0.919903100555947,9.42,0,0,82,0
29,10,71.5511117622731,4.57103775780448,0.919903100555947,11.21,0,0,72,0
29,10,71.5511117622731,4.57103775780448,0.919903100555947,14.54,0,0,51,0
30,10,56.2430828634145,3.31908439487792,1.35518747289593,0,101,10000,0,1
30,10,56.2430828634145,3.31908439487792,1.35518747289593,4.93,0,0,215,0
30,10,56.2430828634145,3.31908439487792,1.35518747289593,12.51,0,0,69,0
30,10,56.2430828634145,3.31908439487792,1.35518747289593,17.73,0,0,57,0
30,10,56.2430828634145,3.31908439487792,1.35518747289593,17.98,0,0,60,0
31,30,82.8115412437693,3.12019022762854,0.881744816891611,0,101,30000,0,1
31,30,82.8115412437693,3.12019022762854,0.881744816891611,4.28,0,0,365,0
31,30,82.8115412437693,3.12019022762854,0.881744816891611,6.21,0,0,381,0
31,30,82.8115412437693,3.12019022762854,0.881744816891611,9.83,0,0,253,0
31,30,82.8115412437693,3.12019022762854,0.881744816891611,17.51,0,0,174,0
32,30,111.482757943329,2.04914499589325,0.836399954250122,0,101,30000,0,1
32,30,111.482757943329,2.04914499589325,0.836399954250122,6.88,0,0,281,0
32,30,111.482757943329,2.04914499589325,0.836399954250122,9.39,0,0,248,0
32,30,111.482757943329,2.04914499589325,0.836399954250122,16.24,0,0,203,0
32,30,111.482757943329,2.04914499589325,0.836399954250122,21.38,0,0,202,0
33,30,72.082359368739,3.57761333962997,0.591037265244253,0,101,30000,0,1
33,30,72.082359368739,3.57761333962997,0.591037265244253,0.55,0,0,107,0
33,30,72.082359368739,3.57761333962997,0.591037265244253,11.46,0,0,321,0
33,30,72.082359368739,3.57761333962997,0.591037265244253,18.38,0,0,312,0
33,30,72.082359368739,3.57761333962997,0.591037265244253,20.79,0,0,178,0
34,30,64.2295108844958,4.54426771186682,0.976185210928994,0,101,30000,0,1
34,30,64.2295108844958,4.54426771186682,0.976185210928994,1.28,0,0,306,0
34,30,64.2295108844958,4.54426771186682,0.976185210928994,13.17,0,0,191,0
34,30,64.2295108844958,4.54426771186682,0.976185210928994,18.79,0,0,116,0
34,30,64.2295108844958,4.54426771186682,0.976185210928994,22.91,0,0,126,0
35,30,65.1473530156668,3.62394145179587,0.988497676129236,0,101,30000,0,1
35,30,65.1473530156668,3.62394145179587,0.988497676129236,4.02,0,0,345,0
35,30,65.1473530156668,3.62394145179587,0.988497676129236,5.64,0,0,469,0
35,30,65.1473530156668,3.62394145179587,0.988497676129236,9.8,0,0,300,0
35,30,65.1473530156668,3.62394145179587,0.988497676129236,11.78,0,0,295,0
36,30,37.3359499718307,3.99105081039844,0.735115826072882,0,101,30000,0,1
36,30,37.3359499718307,3.99105081039844,0.735115826072882,5.72,0,0,494,0
36,30,37.3359499718307,3.99105081039844,0.735115826072882,21.09,0,0,67,0
36,30,37.3359499718307,3.99105081039844,0.735115826072882,21.53,0,0,85,0
36,30,37.3359499718307,3.99105081039844,0.735115826072882,22.42,0,0,72,0
37,30,101.935679032303,3.26964019672172,0.891689129814184,0,101,30000,0,1
37,30,101.935679032303,3.26964019672172,0.891689129814184,5.47,0,0,332,0
37,30,101.935679032303,3.26964019672172,0.891689129814184,7.99,0,0,256,0
37,30,101.935679032303,3.26964019672172,0.891689129814184,13.69,0,0,181,0
37,30,101.935679032303,3.26964019672172,0.891689129814184,21.2,0,0,207,0
38,30,88.2476775958423,5.33694041579116,0.949680268043177,0,101,30000,0,1
38,30,88.2476775958423,5.33694041579116,0.949680268043177,2.76,0,0,238,0
38,30,88.2476775958423,5.33694041579116,0.949680268043177,6.12,0,0,204,0
38,30,88.2476775958423,5.33694041579116,0.949680268043177,9.25,0,0,268,0
38,30,88.2476775958423,5.33694041579116,0.949680268043177,23.59,0,0,57,0
39,30,85.3377221959251,3.60423698722962,0.465076395941856,0,101,30000,0,1
39,30,85.3377221959251,3.60423698722962,0.465076395941856,3.55,0,0,286,0
39,30,85.3377221959251,3.60423698722962,0.465076395941856,4.82,0,0,255,0
39,30,85.3377221959251,3.60423698722962,0.465076395941856,14.42,0,0,237,0
39,30,85.3377221959251,3.60423698722962,0.465076395941856,15.02,0,0,291,0
40,30,50.3561430004984,3.71341827847855,1.09955817316538,0,101,30000,0,1
40,30,50.3561430004984,3.71341827847855,1.09955817316538,2.92,0,0,672,0
40,30,50.3561430004984,3.71341827847855,1.09955817316538,6.13,0,0,397,0
40,30,50.3561430004984,3.71341827847855,1.09955817316538,8.04,0,0,414,0
40,30,50.3561430004984,3.71341827847855,1.09955817316538,17.42,0,0,180,0
41,30,37.3359499718307,3.99105081039844,0.735115826072882,0,101,30000,0,1
41,30,37.3359499718307,3.99105081039844,0.735115826072882,5.72,0,0,494,0
41,30,37.3359499718307,3.99105081039844,0.735115826072882,21.09,0,0,67,0
41,30,37.3359499718307,3.99105081039844,0.735115826072882,21.53,0,0,85,0
41,30,37.3359499718307,3.99105081039844,0.735115826072882,22.42,0,0,72,0
42,30,111.229923222672,2.35714253831745,0.682565009126789,0,101,30000,0,1
42,30,111.229923222672,2.35714253831745,0.682565009126789,3.2,0,0,201,0
42,30,111.229923222672,2.35714253831745,0.682565009126789,8.71,0,0,193,0
42,30,111.229923222672,2.35714253831745,0.682565009126789,16.57,0,0,149,0
42,30,111.229923222672,2.35714253831745,0.682565009126789,22.82,0,0,131,0
43,30,41.3123214927886,2.09481275510054,0.749192564296024,0,101,30000,0,1
43,30,41.3123214927886,2.09481275510054,0.749192564296024,13.26,0,0,584,0
43,30,41.3123214927886,2.09481275510054,0.749192564296024,15.89,0,0,559,0
43,30,41.3123214927886,2.09481275510054,0.749192564296024,17.77,0,0,276,0
43,30,41.3123214927886,2.09481275510054,0.749192564296024,19.35,0,0,220,0
44,30,100.816627576211,4.52345237549467,1.31804778740871,0,101,30000,0,1
44,30,100.816627576211,4.52345237549467,1.31804778740871,19.44,0,0,150,0
44,30,100.816627576211,4.52345237549467,1.31804778740871,19.78,0,0,112,0
44,30,100.816627576211,4.52345237549467,1.31804778740871,19.94,0,0,192,0
44,30,100.816627576211,4.52345237549467,1.31804778740871,20.71,0,0,172,0
45,30,59.6958465291086,8.18659389139192,0.761807269691132,0,101,30000,0,1
45,30,59.6958465291086,8.18659389139192,0.761807269691132,7.16,0,0,332,0
45,30,59.6958465291086,8.18659389139192,0.761807269691132,13.43,0,0,94,0
45,30,59.6958465291086,8.18659389139192,0.761807269691132,16.28,0,0,78,0
45,30,59.6958465291086,8.18659389139192,0.761807269691132,20.48,0,0,31,0
46,30,67.517590720253,5.11589806630111,0.926208463713953,0,101,30000,0,1
46,30,67.517590720253,5.11589806630111,0.926208463713953,4.03,0,0,216,0
46,30,67.517590720253,5.11589806630111,0.926208463713953,7.51,0,0,435,0
46,30,67.517590720253,5.11589806630111,0.926208463713953,9.08,0,0,219,0
46,30,67.517590720253,5.11589806630111,0.926208463713953,16.17,0,0,166,0
47,30,70.7654225059167,2.670750212215,0.739379948425273,0,101,30000,0,1
47,30,70.7654225059167,2.670750212215,0.739379948425273,8.72,0,0,271,0
47,30,70.7654225059167,2.670750212215,0.739379948425273,14.03,0,0,298,0
47,30,70.7654225059167,2.670750212215,0.739379948425273,18.7,0,0,219,0
47,30,70.7654225059167,2.670750212215,0.739379948425273,20.86,0,0,219,0
48,30,65.9081239719945,3.73821252407747,0.732625599128058,0,101,30000,0,1
48,30,65.9081239719945,3.73821252407747,0.732625599128058,3.81,0,0,280,0
48,30,65.9081239719945,3.73821252407747,0.732625599128058,8.93,0,0,368,0
48,30,65.9081239719945,3.73821252407747,0.732625599128058,19.52,0,0,101,0
48,30,65.9081239719945,3.73821252407747,0.732625599128058,22.21,0,0,171,0
49,30,44.5036705092498,2.37062459977831,1.98223416641544,0,101,30000,0,1
49,30,44.5036705092498,2.37062459977831,1.98223416641544,14.89,0,0,215,0
49,30,44.5036705092498,2.37062459977831,1.98223416641544,15.95,0,0,323,0
49,30,44.5036705092498,2.37062459977831,1.98223416641544,19.64,0,0,294,0
49,30,44.5036705092498,2.37062459977831,1.98223416641544,23.92,0,0,183,0
50,30,82.7067114152235,6.11327226595178,1.10179141774956,0,101,30000,0,1
50,30,82.7067114152235,6.11327226595178,1.10179141774956,4.54,0,0,379,0
50,30,82.7067114152235,6.11327226595178,1.10179141774956,14.45,0,0,122,0
50,30,82.7067114152235,6.11327226595178,1.10179141774956,18.45,0,0,78,0
50,30,82.7067114152235,6.11327226595178,1.10179141774956,22.8,0,0,71,0
51,30,80.5442471861704,3.82712912954701,1.21192694919824,0,101,30000,0,1
51,30,80.5442471861704,3.82712912954701,1.21192694919824,10.98,0,0,302,0
51,30,80.5442471861704,3.82712912954701,1.21192694919824,15.12,0,0,206,0
51,30,80.5442471861704,3.82712912954701,1.21192694919824,17.57,0,0,193,0
51,30,80.5442471861704,3.82712912954701,1.21192694919824,22.44,0,0,136,0
52,30,112.908828929246,3.33329335834122,1.97883373113855,0,101,30000,0,1
52,30,112.908828929246,3.33329335834122,1.97883373113855,0.26,0,0,180,0
52,30,112.908828929246,3.33329335834122,1.97883373113855,3.51,0,0,251,0
52,30,112.908828929246,3.33329335834122,1.97883373113855,8.87,0,0,249,0
52,30,112.908828929246,3.33329335834122,1.97883373113855,22.71,0,0,164,0
53,30,56.6026732574679,3.04823942244098,1.30655164884775,0,101,30000,0,1
53,30,56.6026732574679,3.04823942244098,1.30655164884775,4.48,0,0,444,0
53,30,56.6026732574679,3.04823942244098,1.30655164884775,9.79,0,0,262,0
53,30,56.6026732574679,3.04823942244098,1.30655164884775,13.13,0,0,335,0
53,30,56.6026732574679,3.04823942244098,1.30655164884775,23.06,0,0,213,0
54,30,41.333971505426,3.17118497650748,0.893720313525904,0,101,30000,0,1
54,30,41.333971505426,3.17118497650748,0.893720313525904,0.02,0,0,13,0
54,30,41.333971505426,3.17118497650748,0.893720313525904,2.72,0,0,683,0
54,30,41.333971505426,3.17118497650748,0.893720313525904,3.25,0,0,504,0
54,30,41.333971505426,3.17118497650748,0.893720313525904,7.16,0,0,450,0
55,30,72.8630014639651,4.06293593662471,0.843262275699587,0,101,30000,0,1
55,30,72.8630014639651,4.06293593662471,0.843262275699587,8.72,0,0,345,0
55,30,72.8630014639651,4.06293593662471,0.843262275699587,11.72,0,0,135,0
55,30,72.8630014639651,4.06293593662471,0.843262275699587,15.51,0,0,221,0
55,30,72.8630014639651,4.06293593662471,0.843262275699587,19.69,0,0,142,0
56,30,46.9321477218333,6.63309776400986,0.959387793949422,0,101,30000,0,1
56,30,46.9321477218333,6.63309776400986,0.959387793949422,1.01,0,0,433,0
56,30,46.9321477218333,6.63309776400986,0.959387793949422,4.89,0,0,376,0
56,30,46.9321477218333,6.63309776400986,0.959387793949422,6.14,0,0,341,0
56,30,46.9321477218333,6.63309776400986,0.959387793949422,14.3,0,0,99,0
57,30,56.6026732574679,3.04823942244098,1.30655164884775,0,101,30000,0,1
57,30,56.6026732574679,3.04823942244098,1.30655164884775,4.48,0,0,444,0
57,30,56.6026732574679,3.04823942244098,1.30655164884775,9.79,0,0,262,0
57,30,56.6026732574679,3.04823942244098,1.30655164884775,13.13,0,0,335,0
57,30,56.6026732574679,3.04823942244098,1.30655164884775,23.06,0,0,213,0
58,30,71.6984873957394,7.47221010491449,1.43867318887359,0,101,30000,0,1
58,30,71.6984873957394,7.47221010491449,1.43867318887359,4.39,0,0,271,0
58,30,71.6984873957394,7.47221010491449,1.43867318887359,13.28,0,0,127,0
58,30,71.6984873957394,7.47221010491449,1.43867318887359,13.62,0,0,126,0
58,30,71.6984873957394,7.47221010491449,1.43867318887359,13.93,0,0,120,0
59,30,78.6940019328184,4.77924675218724,0.796282710570967,0,101,30000,0,1
59,30,78.6940019328184,4.77924675218724,0.796282710570967,0.64,0,0,166,0
59,30,78.6940019328184,4.77924675218724,0.796282710570967,13.31,0,0,146,0
59,30,78.6940019328184,4.77924675218724,0.796282710570967,14.36,0,0,221,0
59,30,78.6940019328184,4.77924675218724,0.796282710570967,22.56,0,0,118,0
60,30,70.8353521072119,3.8503158720151,0.950259038397458,0,101,30000,0,1
60,30,70.8353521072119,3.8503158720151,0.950259038397458,3.74,0,0,353,0
60,30,70.8353521072119,3.8503158720151,0.950259038397458,9.66,0,0,247,0
60,30,70.8353521072119,3.8503158720151,0.950259038397458,11.3,0,0,244,0
60,30,70.8353521072119,3.8503158720151,0.950259038397458,14.19,0,0,203,0
61,60,73.7171208982387,3.36995207837209,0.51255103913865,0,101,60000,0,1
61,60,73.7171208982387,3.36995207837209,0.51255103913865,11.83,0,0,489,0
61,60,73.7171208982387,3.36995207837209,0.51255103913865,15.58,0,0,505,0
61,60,73.7171208982387,3.36995207837209,0.51255103913865,18.93,0,0,326,0
61,60,73.7171208982387,3.36995207837209,0.51255103913865,22.42,0,0,291,0
62,60,67.4336791802722,3.36463947734655,1.37500765519219,0,101,60000,0,1
62,60,67.4336791802722,3.36463947734655,1.37500765519219,0.35,0,0,345,0
62,60,67.4336791802722,3.36463947734655,1.37500765519219,1.96,0,0,1023,0
62,60,67.4336791802722,3.36463947734655,1.37500765519219,14.01,0,0,579,0
62,60,67.4336791802722,3.36463947734655,1.37500765519219,16.92,0,0,445,0
63,60,102.267075581915,3.4088628655671,0.59515421225438,0,101,60000,0,1
63,60,102.267075581915,3.4088628655671,0.59515421225438,3.15,0,0,411,0
63,60,102.267075581915,3.4088628655671,0.59515421225438,9.69,0,0,678,0
63,60,102.267075581915,3.4088628655671,0.59515421225438,14.26,0,0,267,0
63,60,102.267075581915,3.4088628655671,0.59515421225438,19.22,0,0,330,0
64,60,70.0459847086567,6.08665143391937,0.891404638982642,0,101,60000,0,1
64,60,70.0459847086567,6.08665143391937,0.891404638982642,6.91,0,0,506,0
64,60,70.0459847086567,6.08665143391937,0.891404638982642,14.42,0,0,299,0
64,60,70.0459847086567,6.08665143391937,0.891404638982642,21.53,0,0,164,0
64,60,70.0459847086567,6.08665143391937,0.891404638982642,22.84,0,0,225,0
65,60,92.8183304371325,4.55520632196781,0.769832110053589,0,101,60000,0,1
65,60,92.8183304371325,4.55520632196781,0.769832110053589,4.11,0,0,813,0
65,60,92.8183304371325,4.55520632196781,0.769832110053589,10.77,0,0,490,0
65,60,92.8183304371325,4.55520632196781,0.769832110053589,12.54,0,0,225,0
65,60,92.8183304371325,4.55520632196781,0.769832110053589,14.18,0,0,251,0
66,60,79.9516223197578,4.06647709486976,0.959746917656632,0,101,60000,0,1
66,60,79.9516223197578,4.06647709486976,0.959746917656632,0.13,0,0,75,0
66,60,79.9516223197578,4.06647709486976,0.959746917656632,16.18,0,0,458,0
66,60,79.9516223197578,4.06647709486976,0.959746917656632,16.38,0,0,381,0
66,60,79.9516223197578,4.06647709486976,0.959746917656632,23.66,0,0,173,0
67,60,91.4764710336446,4.43171776690188,0.840676753094409,0,101,60000,0,1
67,60,91.4764710336446,4.43171776690188,0.840676753094409,3.71,0,0,414,0
67,60,91.4764710336446,4.43171776690188,0.840676753094409,6.23,0,0,417,0
67,60,91.4764710336446,4.43171776690188,0.840676753094409,12.48,0,0,367,0
67,60,91.4764710336446,4.43171776690188,0.840676753094409,21.09,0,0,237,0
68,60,88.5731242250672,5.27625801935628,0.899672213668085,0,101,60000,0,1
68,60,88.5731242250672,5.27625801935628,0.899672213668085,0.16,0,0,67,0
68,60,88.5731242250672,5.27625801935628,0.899672213668085,1.19,0,0,423,0
68,60,88.5731242250672,5.27625801935628,0.899672213668085,8.5,0,0,422,0
68,60,88.5731242250672,5.27625801935628,0.899672213668085,12.56,0,0,383,0
69,60,71.8174584565276,3.80474862303539,1.27606429682105,0,101,60000,0,1
69,60,71.8174584565276,3.80474862303539,1.27606429682105,3.93,0,0,596,0
69,60,71.8174584565276,3.80474862303539,1.27606429682105,8.08,0,0,360,0
69,60,71.8174584565276,3.80474862303539,1.27606429682105,19.72,0,0,377,0
69,60,71.8174584565276,3.80474862303539,1.27606429682105,23.82,0,0,204,0
70,60,89.9891573611338,5.76080162812388,0.828969611012587,0,101,60000,0,1
70,60,89.9891573611338,5.76080162812388,0.828969611012587,8.95,0,0,424,0
70,60,89.9891573611338,5.76080162812388,0.828969611012587,13.16,0,0,257,0
70,60,89.9891573611338,5.76080162812388,0.828969611012587,16.1,0,0,265,0
70,60,89.9891573611338,5.76080162812388,0.828969611012587,20.88,0,0,172,0
71,60,158.200793098516,2.70117915309818,0.756028723685516,0,101,60000,0,1
71,60,158.200793098516,2.70117915309818,0.756028723685516,3.84,0,0,376,0
71,60,158.200793098516,2.70117915309818,0.756028723685516,17.43,0,0,286,0
71,60,158.200793098516,2.70117915309818,0.756028723685516,19.13,0,0,347,0
71,60,158.200793098516,2.70117915309818,0.756028723685516,22.4,0,0,335,0
72,60,74.4410533825235,4.26525593390731,1.27095200843766,0,101,60000,0,1
72,60,74.4410533825235,4.26525593390731,1.27095200843766,3.55,0,0,832,0
72,60,74.4410533825235,4.26525593390731,1.27095200843766,12.6,0,0,329,0
72,60,74.4410533825235,4.26525593390731,1.27095200843766,13.74,0,0,300,0
72,60,74.4410533825235,4.26525593390731,1.27095200843766,16.26,0,0,380,0
73,60,90.4126470567393,6.58010984381791,0.959396466095732,0,101,60000,0,1
73,60,90.4126470567393,6.58010984381791,0.959396466095732,6.91,0,0,709,0
73,60,90.4126470567393,6.58010984381791,0.959396466095732,12.04,0,0,327,0
73,60,90.4126470567393,6.58010984381791,0.959396466095732,21.84,0,0,140,0
73,60,90.4126470567393,6.58010984381791,0.959396466095732,23.93,0,0,175,0
74,60,113.463172838553,3.35783866020705,0.524222577329906,0,101,60000,0,1
74,60,113.463172838553,3.35783866020705,0.524222577329906,8.03,0,0,786,0
74,60,113.463172838553,3.35783866020705,0.524222577329906,9.79,0,0,391,0
74,60,113.463172838553,3.35783866020705,0.524222577329906,14.63,0,0,456,0
74,60,113.463172838553,3.35783866020705,0.524222577329906,19.29,0,0,423,0
75,60,107.420823371795,5.65238190727638,0.59598964475084,0,101,60000,0,1
75,60,107.420823371795,5.65238190727638,0.59598964475084,1.13,0,0,208,0
75,60,107.420823371795,5.65238190727638,0.59598964475084,4.76,0,0,496,0
75,60,107.420823371795,5.65238190727638,0.59598964475084,5.45,0,0,520,0
75,60,107.420823371795,5.65238190727638,0.59598964475084,7.21,0,0,296,0
76,60,66.2663376110908,4.91699380679043,1.05560723444697,0,101,60000,0,1
76,60,66.2663376110908,4.91699380679043,1.05560723444697,5.45,0,0,965,0
76,60,66.2663376110908,4.91699380679043,1.05560723444697,10.33,0,0,610,0
76,60,66.2663376110908,4.91699380679043,1.05560723444697,16.29,0,0,300,0
76,60,66.2663376110908,4.91699380679043,1.05560723444697,21.23,0,0,181,0
77,60,70.5659324543984,3.80402368748706,1.01671545897657,0,101,60000,0,1
77,60,70.5659324543984,3.80402368748706,1.01671545897657,0.01,0,0,6,0
77,60,70.5659324543984,3.80402368748706,1.01671545897657,9.11,0,0,467,0
77,60,70.5659324543984,3.80402368748706,1.01671545897657,18.5,0,0,198,0
77,60,70.5659324543984,3.80402368748706,1.01671545897657,19.51,0,0,358,0
78,60,52.1716361323136,3.98773487442785,1.07428750258094,0,101,60000,0,1
78,60,52.1716361323136,3.98773487442785,1.07428750258094,2.25,0,0,718,0
78,60,52.1716361323136,3.98773487442785,1.07428750258094,9.43,0,0,405,0
78,60,52.1716361323136,3.98773487442785,1.07428750258094,17.56,0,0,393,0
78,60,52.1716361323136,3.98773487442785,1.07428750258094,20.07,0,0,300,0
79,60,53.931029294576,2.72227932312055,0.469787828967042,0,101,60000,0,1
79,60,53.931029294576,2.72227932312055,0.469787828967042,2.37,0,0,654,0
79,60,53.931029294576,2.72227932312055,0.469787828967042,8.87,0,0,648,0
79,60,53.931029294576,2.72227932312055,0.469787828967042,16.19,0,0,412,0
79,60,53.931029294576,2.72227932312055,0.469787828967042,16.98,0,0,647,0
80,60,92.9894226574437,5.89781779888446,0.853341310585701,0,101,60000,0,1
80,60,92.9894226574437,5.89781779888446,0.853341310585701,7.43,0,0,583,0
80,60,92.9894226574437,5.89781779888446,0.853341310585701,10.69,0,0,335,0
80,60,92.9894226574437,5.89781779888446,0.853341310585701,12.45,0,0,191,0
80,60,92.9894226574437,5.89781779888446,0.853341310585701,18.22,0,0,187,0
81,60,44.3513797481578,3.76486869627536,0.993772999138119,0,101,60000,0,1
81,60,44.3513797481578,3.76486869627536,0.993772999138119,1.69,0,0,1003,0
81,60,44.3513797481578,3.76486869627536,0.993772999138119,9.12,0,0,664,0
81,60,44.3513797481578,3.76486869627536,0.993772999138119,15.51,0,0,372,0
81,60,44.3513797481578,3.76486869627536,0.993772999138119,23.99,0,0,210,0
82,60,57.485576171111,6.50264181971447,1.07568521549155,0,101,60000,0,1
82,60,57.485576171111,6.50264181971447,1.07568521549155,4.48,0,0,398,0
82,60,57.485576171111,6.50264181971447,1.07568521549155,11.67,0,0,477,0
82,60,57.485576171111,6.50264181971447,1.07568521549155,16.33,0,0,156,0
82,60,57.485576171111,6.50264181971447,1.07568521549155,23.56,0,0,66,0
83,60,76.7799495219683,3.07184049708199,1.3248039032037,0,101,60000,0,1
83,60,76.7799495219683,3.07184049708199,1.3248039032037,9.49,0,0,715,0
83,60,76.7799495219683,3.07184049708199,1.3248039032037,9.63,0,0,616,0
83,60,76.7799495219683,3.07184049708199,1.3248039032037,17.41,0,0,345,0
83,60,76.7799495219683,3.07184049708199,1.3248039032037,17.6,0,0,403,0
84,60,63.0276999733647,3.86046681896914,0.681094085845231,0,101,60000,0,1
84,60,63.0276999733647,3.86046681896914,0.681094085845231,1.71,0,0,598,0
84,60,63.0276999733647,3.86046681896914,0.681094085845231,12.05,0,0,526,0
84,60,63.0276999733647,3.86046681896914,0.681094085845231,18.06,0,0,397,0
84,60,63.0276999733647,3.86046681896914,0.681094085845231,23.59,0,0,269,0
85,60,52.1615871134616,3.99227047919747,0.837811020258791,0,101,60000,0,1
85,60,52.1615871134616,3.99227047919747,0.837811020258791,2.74,0,0,516,0
85,60,52.1615871134616,3.99227047919747,0.837811020258791,5.35,0,0,538,0
85,60,52.1615871134616,3.99227047919747,0.837811020258791,13.34,0,0,534,0
85,60,52.1615871134616,3.99227047919747,0.837811020258791,17.17,0,0,297,0
86,60,68.2798708331183,3.40680361014299,0.628251499688155,0,101,60000,0,1
86,60,68.2798708331183,3.40680361014299,0.628251499688155,6.41,0,0,764,0
86,60,68.2798708331183,3.40680361014299,0.628251499688155,8.62,0,0,542,0
86,60,68.2798708331183,3.40680361014299,0.628251499688155,9.03,0,0,695,0
86,60,68.2798708331183,3.40680361014299,0.628251499688155,17.42,0,0,490,0
87,60,76.8598395178488,4.2333363018886,1.16933084930896,0,101,60000,0,1
87,60,76.8598395178488,4.2333363018886,1.16933084930896,2.33,0,0,604,0
87,60,76.8598395178488,4.2333363018886,1.16933084930896,14,0,0,428,0
87,60,76.8598395178488,4.2333363018886,1.16933084930896,20.31,0,0,206,0
87,60,76.8598395178488,4.2333363018886,1.16933084930896,22.92,0,0,224,0
88,60,96.5958386610324,3.64358355647183,1.26470845604817,0,101,60000,0,1
88,60,96.5958386610324,3.64358355647183,1.26470845604817,3.29,0,0,529,0
88,60,96.5958386610324,3.64358355647183,1.26470845604817,10.02,0,0,437,0
88,60,96.5958386610324,3.64358355647183,1.26470845604817,10.12,0,0,551,0
88,60,96.5958386610324,3.64358355647183,1.26470845604817,19.86,0,0,275,0
89,60,60.7857764235423,7.15432217025239,1.02186095798958,0,101,60000,0,1
89,60,60.7857764235423,7.15432217025239,1.02186095798958,9.5,0,0,273,0
89,60,60.7857764235423,7.15432217025239,1.02186095798958,14.6,0,0,247,0
89,60,60.7857764235423,7.15432217025239,1.02186095798958,15.94,0,0,224,0
89,60,60.7857764235423,7.15432217025239,1.02186095798958,19.05,0,0,111,0
90,60,85.4348435815389,5.06986121430117,0.517142892260372,0,101,60000,0,1
90,60,85.4348435815389,5.06986121430117,0.517142892260372,7.32,0,0,404,0
90,60,85.4348435815389,5.06986121430117,0.517142892260372,8.28,0,0,509,0
90,60,85.4348435815389,5.06986121430117,0.517142892260372,14.16,0,0,279,0
90,60,85.4348435815389,5.06986121430117,0.517142892260372,17.42,0,0,217,0
91,120,67.0537303714559,4.43435454397457,1.10645313828922,0,101,120000,0,1
91,120,67.0537303714559,4.43435454397457,1.10645313828922,9.84,0,0,718,0
91,120,67.0537303714559,4.43435454397457,1.10645313828922,13.23,0,0,686,0
91,120,67.0537303714559,4.43435454397457,1.10645313828922,17.66,0,0,499,0
91,120,67.0537303714559,4.43435454397457,1.10645313828922,20.84,0,0,472,0
92,120,74.5975101065293,2.91974470573135,0.912886354406737,0,101,120000,0,1
92,120,74.5975101065293,2.91974470573135,0.912886354406737,5.51,0,0,1512,0
92,120,74.5975101065293,2.91974470573135,0.912886354406737,8.74,0,0,1049,0
92,120,74.5975101065293,2.91974470573135,0.912886354406737,9.57,0,0,900,0
92,120,74.5975101065293,2.91974470573135,0.912886354406737,13.22,0,0,1134,0
93,120,90.9798618582656,4.20655538040984,1.59026430777516,0,101,120000,0,1
93,120,90.9798618582656,4.20655538040984,1.59026430777516,0.27,0,0,476,0
93,120,90.9798618582656,4.20655538040984,1.59026430777516,14.74,0,0,530,0
93,120,90.9798618582656,4.20655538040984,1.59026430777516,15.67,0,0,784,0
93,120,90.9798618582656,4.20655538040984,1.59026430777516,21.45,0,0,478,0
94,120,69.4704253104774,3.496927664944,0.840638100060218,0,101,120000,0,1
94,120,69.4704253104774,3.496927664944,0.840638100060218,3.37,0,0,1763,0
94,120,69.4704253104774,3.496927664944,0.840638100060218,6,0,0,1534,0
94,120,69.4704253104774,3.496927664944,0.840638100060218,17.71,0,0,1004,0
94,120,69.4704253104774,3.496927664944,0.840638100060218,22.49,0,0,454,0
95,120,86.6233083163836,3.95609787031749,1.24808305151019,0,101,120000,0,1
95,120,86.6233083163836,3.95609787031749,1.24808305151019,3.42,0,0,1531,0
95,120,86.6233083163836,3.95609787031749,1.24808305151019,18.97,0,0,484,0
95,120,86.6233083163836,3.95609787031749,1.24808305151019,19.89,0,0,550,0
95,120,86.6233083163836,3.95609787031749,1.24808305151019,19.96,0,0,765,0
96,120,125.539023298807,3.18921639275087,0.962955870413106,0,101,120000,0,1
96,120,125.539023298807,3.18921639275087,0.962955870413106,9.01,0,0,622,0
96,120,125.539023298807,3.18921639275087,0.962955870413106,13.16,0,0,612,0
96,120,125.539023298807,3.18921639275087,0.962955870413106,17.03,0,0,783,0
96,120,125.539023298807,3.18921639275087,0.962955870413106,21.71,0,0,389,0
97,120,58.5613527625881,2.71098176830267,1.31918861537876,0,101,120000,0,1
97,120,58.5613527625881,2.71098176830267,1.31918861537876,5.96,0,0,1538,0
97,120,58.5613527625881,2.71098176830267,1.31918861537876,8.68,0,0,1223,0
97,120,58.5613527625881,2.71098176830267,1.31918861537876,10.46,0,0,1398,0
97,120,58.5613527625881,2.71098176830267,1.31918861537876,19.78,0,0,816,0
98,120,87.866316386571,3.57867337577754,1.79448922133923,0,101,120000,0,1
98,120,87.866316386571,3.57867337577754,1.79448922133923,4.08,0,0,1105,0
98,120,87.866316386571,3.57867337577754,1.79448922133923,11.44,0,0,1027,0
98,120,87.866316386571,3.57867337577754,1.79448922133923,19.3,0,0,755,0
98,120,87.866316386571,3.57867337577754,1.79448922133923,21.34,0,0,535,0
99,120,79.8655615583813,4.88242003170085,0.6986718370647,0,101,120000,0,1
99,120,79.8655615583813,4.88242003170085,0.6986718370647,6.27,0,0,1147,0
99,120,79.8655615583813,4.88242003170085,0.6986718370647,9.87,0,0,713,0
99,120,79.8655615583813,4.88242003170085,0.6986718370647,16.47,0,0,446,0
99,120,79.8655615583813,4.88242003170085,0.6986718370647,21.08,0,0,529,0
100,120,96.9012469984686,3.80551419269019,1.30784983939071,0,101,120000,0,1
100,120,96.9012469984686,3.80551419269019,1.30784983939071,14.08,0,0,691,0
100,120,96.9012469984686,3.80551419269019,1.30784983939071,14.67,0,0,739,0
100,120,96.9012469984686,3.80551419269019,1.30784983939071,15.74,0,0,705,0
100,120,96.9012469984686,3.80551419269019,1.30784983939071,16.95,0,0,582,0
101,120,88.1431992166295,4.86187332648649,1.19148957109889,0,101,120000,0,1
101,120,88.1431992166295,4.86187332648649,1.19148957109889,2.4,0,0,1166,0
101,120,88.1431992166295,4.86187332648649,1.19148957109889,16.36,0,0,664,0
101,120,88.1431992166295,4.86187332648649,1.19148957109889,18.69,0,0,300,0
101,120,88.1431992166295,4.86187332648649,1.19148957109889,23.55,0,0,431,0
102,120,55.4996374494897,4.25305246205296,1.30872058296013,0,101,120000,0,1
102,120,55.4996374494897,4.25305246205296,1.30872058296013,6.9,0,0,1099,0
102,120,55.4996374494897,4.25305246205296,1.30872058296013,8,0,0,1190,0
102,120,55.4996374494897,4.25305246205296,1.30872058296013,14.36,0,0,896,0
102,120,55.4996374494897,4.25305246205296,1.30872058296013,19.92,0,0,603,0
103,120,93.4540510801077,5.13421119758396,1.18318621815785,0,101,120000,0,1
103,120,93.4540510801077,5.13421119758396,1.18318621815785,10.06,0,0,655,0
103,120,93.4540510801077,5.13421119758396,1.18318621815785,13.38,0,0,549,0
103,120,93.4540510801077,5.13421119758396,1.18318621815785,14.52,0,0,716,0
103,120,93.4540510801077,5.13421119758396,1.18318621815785,15.54,0,0,494,0
104,120,54.3361656138005,4.55690791031443,0.893145351691167,0,101,120000,0,1
104,120,54.3361656138005,4.55690791031443,0.893145351691167,7,0,0,1554,0
104,120,54.3361656138005,4.55690791031443,0.893145351691167,8.96,0,0,817,0
104,120,54.3361656138005,4.55690791031443,0.893145351691167,12.31,0,0,997,0
104,120,54.3361656138005,4.55690791031443,0.893145351691167,16.35,0,0,710,0
105,120,84.8979698181721,2.8446463215819,0.993500342377649,0,101,120000,0,1
105,120,84.8979698181721,2.8446463215819,0.993500342377649,14.63,0,0,1258,0
105,120,84.8979698181721,2.8446463215819,0.993500342377649,15.56,0,0,916,0
105,120,84.8979698181721,2.8446463215819,0.993500342377649,17.8,0,0,668,0
105,120,84.8979698181721,2.8446463215819,0.993500342377649,19.95,0,0,737,0
106,120,150.67753141102,3.45986947442147,0.892308500929839,0,101,120000,0,1
106,120,150.67753141102,3.45986947442147,0.892308500929839,2.48,0,0,556,0
106,120,150.67753141102,3.45986947442147,0.892308500929839,6.58,0,0,522,0
106,120,150.67753141102,3.45986947442147,0.892308500929839,8.97,0,0,666,0
106,120,150.67753141102,3.45986947442147,0.892308500929839,20.07,0,0,504,0
107,120,51.7679777304147,6.13119107625959,0.824561084787659,0,101,120000,0,1
107,120,51.7679777304147,6.13119107625959,0.824561084787659,15.39,0,0,457,0
107,120,51.7679777304147,6.13119107625959,0.824561084787659,15.85,0,0,452,0
107,120,51.7679777304147,6.13119107625959,0.824561084787659,19.08,0,0,253,0
107,120,51.7679777304147,6.13119107625959,0.824561084787659,19.86,0,0,302,0
108,120,69.2573398804297,3.34356244668971,1.00694289342285,0,101,120000,0,1
108,120,69.2573398804297,3.34356244668971,1.00694289342285,4.2,0,0,1237,0
108,120,69.2573398804297,3.34356244668971,1.00694289342285,12,0,0,963,0
108,120,69.2573398804297,3.34356244668971,1.00694289342285,17.91,0,0,657,0
108,120,69.2573398804297,3.34356244668971,1.00694289342285,23.02,0,0,647,0
109,120,76.9775041557179,5.72828112315983,0.84365576520511,0,101,120000,0,1
109,120,76.9775041557179,5.72828112315983,0.84365576520511,4.82,0,0,1051,0
109,120,76.9775041557179,5.72828112315983,0.84365576520511,6.4,0,0,819,0
109,120,76.9775041557179,5.72828112315983,0.84365576520511,9.4,0,0,1161,0
109,120,76.9775041557179,5.72828112315983,0.84365576520511,14.23,0,0,628,0
110,120,59.8518392261478,1.75912371304737,0.952696512148147,0,101,120000,0,1
110,120,59.8518392261478,1.75912371304737,0.952696512148147,5.25,0,0,2199,0
110,120,59.8518392261478,1.75912371304737,0.952696512148147,9.66,0,0,1920,0
110,120,59.8518392261478,1.75912371304737,0.952696512148147,12.01,0,0,1208,0
110,120,59.8518392261478,1.75912371304737,0.952696512148147,14.33,0,0,1148,0
111,120,94.0436545343689,4.20649835715607,0.794030899471929,0,101,120000,0,1
111,120,94.0436545343689,4.20649835715607,0.794030899471929,8.33,0,0,1229,0
111,120,94.0436545343689,4.20649835715607,0.794030899471929,9.36,0,0,869,0
111,120,94.0436545343689,4.20649835715607,0.794030899471929,12.56,0,0,783,0
111,120,94.0436545343689,4.20649835715607,0.794030899471929,14.56,0,0,742,0
112,120,80.296903861785,3.65209869904964,0.759994525483844,0,101,120000,0,1
112,120,80.296903861785,3.65209869904964,0.759994525483844,0.2,0,0,312,0
112,120,80.296903861785,3.65209869904964,0.759994525483844,4.28,0,0,1448,0
112,120,80.296903861785,3.65209869904964,0.759994525483844,15.82,0,0,789,0
112,120,80.296903861785,3.65209869904964,0.759994525483844,19.66,0,0,518,0
113,120,59.5984625692975,3.97346915388889,0.805606694336876,0,101,120000,0,1
113,120,59.5984625692975,3.97346915388889,0.805606694336876,0.36,0,0,672,0
113,120,59.5984625692975,3.97346915388889,0.805606694336876,6.14,0,0,1389,0
113,120,59.5984625692975,3.97346915388889,0.805606694336876,17.31,0,0,531,0
113,120,59.5984625692975,3.97346915388889,0.805606694336876,23.66,0,0,382,0
114,120,62.8491877361462,5.91201113767995,1.66879737399619,0,101,120000,0,1
114,120,62.8491877361462,5.91201113767995,1.66879737399619,3.52,0,0,1690,0
114,120,62.8491877361462,5.91201113767995,1.66879737399619,11.11,0,0,725,0
114,120,62.8491877361462,5.91201113767995,1.66879737399619,17.7,0,0,262,0
114,120,62.8491877361462,5.91201113767995,1.66879737399619,20.77,0,0,344,0
115,120,74.3257037158558,4.14185187203584,0.815773146097592,0,101,120000,0,1
115,120,74.3257037158558,4.14185187203584,0.815773146097592,14.22,0,0,920,0
115,120,74.3257037158558,4.14185187203584,0.815773146097592,15.11,0,0,832,0
115,120,74.3257037158558,4.14185187203584,0.815773146097592,16.83,0,0,949,0
115,120,74.3257037158558,4.14185187203584,0.815773146097592,21.52,0,0,491,0
116,120,38.1163611914915,6.67421563853758,1.24824553185215,0,101,120000,0,1
116,120,38.1163611914915,6.67421563853758,1.24824553185215,2.31,0,0,3135,0
116,120,38.1163611914915,6.67421563853758,1.24824553185215,5.43,0,0,1309,0
116,120,38.1163611914915,6.67421563853758,1.24824553185215,19.37,0,0,125,0
116,120,38.1163611914915,6.67421563853758,1.24824553185215,21.89,0,0,83,0
117,120,50.1931320638162,3.62670888591786,0.751538390129328,0,101,120000,0,1
117,120,50.1931320638162,3.62670888591786,0.751538390129328,3.98,0,0,1371,0
117,120,50.1931320638162,3.62670888591786,0.751538390129328,13.2,0,0,1123,0
117,120,50.1931320638162,3.62670888591786,0.751538390129328,18.44,0,0,558,0
117,120,50.1931320638162,3.62670888591786,0.751538390129328,19.81,0,0,594,0
118,120,90.7076233059899,3.36412353040172,1.36272664184984,0,101,120000,0,1
118,120,90.7076233059899,3.36412353040172,1.36272664184984,3.4,0,0,916,0
118,120,90.7076233059899,3.36412353040172,1.36272664184984,15.37,0,0,761,0
118,120,90.7076233059899,3.36412353040172,1.36272664184984,21.24,0,0,629,0
118,120,90.7076233059899,3.36412353040172,1.36272664184984,23,0,0,539,0
119,120,71.3748448208529,3.35136185465818,0.968549134615335,0,101,120000,0,1
119,120,71.3748448208529,3.35136185465818,0.968549134615335,0.25,0,0,407,0
119,120,71.3748448208529,3.35136185465818,0.968549134615335,2.51,0,0,1732,0
119,120,71.3748448208529,3.35136185465818,0.968549134615335,8.48,0,0,912,0
119,120,71.3748448208529,3.35136185465818,0.968549134615335,20.63,0,0,1015,0
120,120,80.7429356080043,3.3715587291247,1.76859709952727,0,101,120000,0,1
120,120,80.7429356080043,3.3715587291247,1.76859709952727,9.65,0,0,1074,0
120,120,80.7429356080043,3.3715587291247,1.76859709952727,15.47,0,0,746,0
120,120,80.7429356080043,3.3715587291247,1.76859709952727,21.11,0,0,774,0
120,120,80.7429356080043,3.3715587291247,1.76859709952727,23.63,0,0,391,0
