ID,DOSE,V,CL,KA,TIME,EVID,AMT,DV,EVIDNM
1,10,42.5251873379116,3.61755757592171,1.25945185872675,0,101,10000,0,1
1,10,42.5251873379116,3.61755757592171,1.25945185872675,3.81,0,0,155,0
1,10,42.5251873379116,3.61755757592171,1.25945185872675,5.79,0,0,183,0
1,10,42.5251873379116,3.61755757592171,1.25945185872675,6.18,0,0,149,0
1,10,42.5251873379116,3.61755757592171,1.25945185872675,22.86,0,0,45,0
2,10,109.404322022467,4.11871552828248,0.847067238995089,0,101,10000,0,1
2,10,109.404322022467,4.11871552828248,0.847067238995089,0.27,0,0,19,0
2,10,109.404322022467,4.11871552828248,0.847067238995089,8.4,0,0,72,0
2,10,109.404322022467,4.11871552828248,0.847067238995089,10.93,0,0,89,0
2,10,109.404322022467,4.11871552828248,0.847067238995089,10.93,0,0,74,0
3,10,64.8964528546472,3.9859808406782,1.32679641834831,0,101,10000,0,1
3,10,64.8964528546472,3.9859808406782,1.32679641834831,2.99,0,0,106,0
3,10,64.8964528546472,3.9859808406782,1.32679641834831,4.45,0,0,88,0
3,10,64.8964528546472,3.9859808406782,1.32679641834831,4.83,0,0,123,0
3,10,64.8964528546472,3.9859808406782,1.32679641834831,17.63,0,0,83,0
4,10,92.8622674636098,3.46168267215409,0.649372059764454,0,101,10000,0,1
4,10,92.8622674636098,3.46168267215409,0.649372059764454,2.7,0,0,103,0
4,10,92.8622674636098,3.46168267215409,0.649372059764454,4.81,0,0,81,0
4,10,92.8622674636098,3.46168267215409,0.649372059764454,11,0,0,72,0
4,10,92.8622674636098,3.46168267215409,0.649372059764454,23.94,0,0,40,0
5,10,95.9387091335973,2.18266470925629,0.783336791246876,0,101,10000,0,1
5,10,95.9387091335973,2.18266470925629,0.783336791246876,8.58,0,0,109,0
5,10,95.9387091335973,2.18266470925629,0.783336791246876,11.98,0,0,89,0
5,10,95.9387091335973,2.18266470925629,0.783336791246876,13.76,0,0,76,0
5,10,95.9387091335973,2.18266470925629,0.783336791246876,19.03,0,0,48,0
6,10,65.789497464559,6.29691288585872,0.851507547433315,0,101,10000,0,1
6,10,65.789497464559,6.29691288585872,0.851507547433315,13.82,0,0,59,0
6,10,65.789497464559,6.29691288585872,0.851507547433315,16.25,0,0,26,0
6,10,65.789497464559,6.29691288585872,0.851507547433315,18.53,0,0,28,0
6,10,65.789497464559,6.29691288585872,0.851507547433315,21.52,0,0,17,0
7,10,59.5160242653803,2.424067661678,0.724067110435619,0,101,10000,0,1
7,10,59.5160242653803,2.424067661678,0.724067110435619,0.26,0,0,33,0
7,10,59.5160242653803,2.424067661678,0.724067110435619,4,0,0,166,0
7,10,59.5160242653803,2.424067661678,0.724067110435619,6.56,0,0,158,0
7,10,59.5160242653803,2.424067661678,0.724067110435619,8.05,0,0,99,0
8,10,52.590084915858,5.19690988930464,0.975424447385256,0,101,10000,0,1
8,10,52.590084915858,5.19690988930464,0.975424447385256,5.07,0,0,139,0
8,10,52.590084915858,5.19690988930464,0.975424447385256,15.24,0,0,40,0
8,10,52.590084915858,5.19690988930464,0.975424447385256,16.48,0,0,62,0
8,10,52.590084915858,5.19690988930464,0.975424447385256,20.45,0,0,23,0
9,10,63.6496101328807,2.93005983907806,1.5659457788721,0,101,10000,0,1
9,10,63.6496101328807,2.93005983907806,1.5659457788721,2.88,0,0,128,0
9,10,63.6496101328807,2.93005983907806,1.5659457788721,11.74,0,0,95,0
9,10,63.6496101328807,2.93005983907806,1.5659457788721,16.72,0,0,77,0
9,10,63.6496101328807,2.93005983907806,1.5659457788721,22.92,0,0,56,0
10,10,86.7680750919626,4.64313729719876,0.761830778414871,0,101,10000,0,1
10,10,86.7680750919626,4.64313729719876,0.761830778414871,9.35,0,0,75,0
10,10,86.7680750919626,4.64313729719876,0.761830778414871,10.18,0,0,57,0
10,10,86.7680750919626,4.64313729719876,0.761830778414871,10.47,0,0,70,0
10,10,86.7680750919626,4.64313729719876,0.761830778414871,22.19,0,0,47,0
11,10,54.1063071004817,3.89879051131553,1.07232111479249,0,101,10000,0,1
11,10,54.1063071004817,3.89879051131553,1.07232111479249,3.07,0,0,145,0
11,10,54.1063071004817,3.89879051131553,1.07232111479249,7.8,0,0,110,0
11,10,54.1063071004817,3.89879051131553,1.07232111479249,9.88,0,0,104,0
11,10,54.1063071004817,3.89879051131553,1.07232111479249,11.57,0,0,61,0
12,10,49.1556412113431,3.60140898508206,1.0651610593625,0,101,10000,0,1
12,10,49.1556412113431,3.60140898508206,1.0651610593625,7.97,0,0,89,0
12,10,49.1556412113431,3.60140898508206,1.0651610593625,8.48,0,0,161,0
12,10,49.1556412113431,3.60140898508206,1.0651610593625,13.33,0,0,85,0
12,10,49.1556412113431,3.60140898508206,1.0651610593625,23.71,0,0,32,0
13,10,61.4160158972506,3.92420822372101,0.959305073395157,0,101,10000,0,1
13,10,61.4160158972506,3.92420822372101,0.959305073395157,0.99,0,0,89,0
13,10,61.4160158972506,3.92420822372101,0.959305073395157,17.86,0,0,52,0
13,10,61.4160158972506,3.92420822372101,0.959305073395157,22.21,0,0,51,0
13,10,61.4160158972506,3.92420822372101,0.959305073395157,22.32,0,0,60,0
14,10,83.2313701898871,3.73221333031141,0.610694321638861,0,101,10000,0,1
14,10,83.2313701898871,3.73221333031141,0.610694321638861,6.47,0,0,172,0
14,10,83.2313701898871,3.73221333031141,0.610694321638861,10.05,0,0,95,0
14,10,83.2313701898871,3.73221333031141,0.610694321638861,15.25,0,0,78,0
14,10,83.2313701898871,3.73221333031141,0.610694321638861,16.15,0,0,63,0
15,10,117.418936521732,7.1689845831221,1.02001950229816,0,101,10000,0,1
15,10,117.418936521732,7.1689845831221,1.02001950229816,4.44,0,0,77,0
15,10,117.418936521732,7.1689845831221,1.02001950229816,6.21,0,0,54,0
15,10,117.418936521732,7.1689845831221,1.02001950229816,10.27,0,0,48,0
15,10,117.418936521732,7.1689845831221,1.02001950229816,13.1,0,0,37,0
16,10,67.0436374028401,4.1726045283562,0.538738024518156,0,101,10000,0,1
16,10,67.0436374028401,4.1726045283562,0.538738024518156,2.17,0,0,146,0
16,10,67.0436374028401,4.1726045283562,0.538738024518156,7.09,0,0,82,0
16,10,67.0436374028401,4.1726045283562,0.538738024518156,11.2,0,0,80,0
16,10,67.0436374028401,4.1726045283562,0.538738024518156,22.99,0,0,42,0
17,10,65.9686220658338,4.04375268917406,1.59859984557787,0,101,10000,0,1
17,10,65.9686220658338,4.04375268917406,1.59859984557787,0.09,0,0,26,0
17,10,65.9686220658338,4.04375268917406,1.59859984557787,12.24,0,0,66,0
17,10,65.9686220658338,4.04375268917406,1.59859984557787,17.3,0,0,75,0
17,10,65.9686220658338,4.04375268917406,1.59859984557787,18.24,0,0,64,0
18,10,66.5333062288287,2.93459005091784,1.25373840996137,0,101,10000,0,1
18,10,66.5333062288287,2.93459005091784,1.25373840996137,1.08,0,0,96,0
18,10,66.5333062288287,2.93459005091784,1.25373840996137,13.08,0,0,79,0
18,10,66.5333062288287,2.93459005091784,1.25373840996137,18.69,0,0,56,0
18,10,66.5333062288287,2.93459005091784,1.25373840996137,21.43,0,0,61,0
19,10,96.5892172559825,3.38404228031368,1.22555698578604,0,101,10000,0,1
19,10,96.5892172559825,3.38404228031368,1.22555698578604,3.62,0,0,105,0
19,10,96.5892172559825,3.38404228031368,1.22555698578604,4.94,0,0,81,0
19,10,96.5892172559825,3.38404228031368,1.22555698578604,18.03,0,0,55,0
19,10,96.5892172559825,3.38404228031368,1.22555698578604,21.59,0,0,54,0
20,10,157.301532855217,6.59036703725817,0.629023429695459,0,101,10000,0,1
20,10,157.301532855217,6.59036703725817,0.629023429695459,2.54,0,0,55,0
20,10,157.301532855217,6.59036703725817,0.629023429695459,7.39,0,0,75,0
20,10,157.301532855217,6.59036703725817,0.629023429695459,9.42,0,0,54,0
20,10,157.301532855217,6.59036703725817,0.629023429695459,22.55,0,0,24,0
21,10,69.5408478079673,6.39780734404663,0.831067707984184,0,101,10000,0,1
21,10,69.5408478079673,6.39780734404663,0.831067707984184,4.61,0,0,98,0
21,10,69.5408478079673,6.39780734404663,0.831067707984184,5.57,0,0,117,0
21,10,69.5408478079673,6.39780734404663,0.831067707984184,15.63,0,0,33,0
21,10,69.5408478079673,6.39780734404663,0.831067707984184,17.92,0,0,34,0
22,10,55.5898653618853,4.50862190249679,1.13858982711457,0,101,10000,0,1
22,10,55.5898653618853,4.50862190249679,1.13858982711457,4.31,0,0,77,0
22,10,55.5898653618853,4.50862190249679,1.13858982711457,10.09,0,0,62,0
22,10,55.5898653618853,4.50862190249679,1.13858982711457,18.7,0,0,72,0
22,10,55.5898653618853,4.50862190249679,1.13858982711457,21.46,0,0,34,0
23,10,65.3733436282974,3.66034105014194,0.77534816343271,0,101,10000,0,1
23,10,65.3733436282974,3.66034105014194,0.77534816343271,0.48,0,0,45,0
23,10,65.3733436282974,3.66034105014194,0.77534816343271,17.6,0,0,45,0
23,10,65.3733436282974,3.66034105014194,0.77534816343271,17.89,0,0,60,0
23,10,65.3733436282974,3.66034105014194,0.77534816343271,22.49,0,0,47,0
24,10,72.1725904946804,4.54636355663164,1.21346159502029,0,101,10000,0,1
24,10,72.1725904946804,4.54636355663164,1.21346159502029,5.6,0,0,74,0
24,10,72.1725904946804,4.54636355663164,1.21346159502029,6.83,0,0,99,0
24,10,72.1725904946804,4.54636355663164,1.21346159502029,8.63,0,0,94,0
24,10,72.1725904946804,4.54636355663164,1.21346159502029,19.52,0,0,36,0
25,10,66.6625983618385,4.59212017997588,0.648520903322017,0,101,10000,0,1
25,10,66.6625983618385,4.59212017997588,0.648520903322017,0.14,0,0,13,0
25,10,66.6625983618385,4.59212017997588,0.648520903322017,11.52,0,0,96,0
25,10,66.6625983618385,4.59212017997588,0.648520903322017,13.95,0,0,60,0
25,10,66.6625983618385,4.59212017997588,0.648520903322017,22.85,0,0,42,0
26,10,113.104870920921,4.07231470791564,0.955116729477748,0,101,10000,0,1
26,10,113.104870920921,4.07231470791564,0.955116729477748,2.08,0,0,90,0
26,10,113.104870920921,4.07231470791564,0.955116729477748,3.13,0,0,90,0
26,10,113.104870920921,4.07231470791564,0.955116729477748,6.86,0,0,64,0
26,10,113.104870920921,4.07231470791564,0.955116729477748,22.9,0,0,51,0
27,10,65.3246191040187,4.55473907994116,0.627737327722359,0,101,10000,0,1
27,10,65.3246191040187,4.55473907994116,0.627737327722359,9.7,0,0,100,0
27,10,65.3246191040187,4.55473907994116,0.627737327722359,10.23,0,0,111,0
27,10,65.3246191040187,4.55473907994116,0.627737327722359,22.17,0,0,30,0
27,10,65.3246191040187,4.55473907994116,0.627737327722359,22.61,0,0,34,0
28,10,74.2647784844235,2.34443740487994,1.20698539206721,0,101,10000,0,1
28,10,74.2647784844235,2.34443740487994,1.20698539206721,1.45,0,0,129,0
28,10,74.2647784844235,2.34443740487994,1.20698539206721,11.53,0,0,130,0
28,10,74.2647784844235,2.34443740487994,1.20698539206721,15.61,0,0,94,0
28,10,74.2647784844235,2.34443740487994,1.20698539206721,23.99,0,0,43,0
29,10,96.3965299110636,4.81006156695339,0.89903081033679,0,101,10000,0,1
29,10,96.3965299110636,4.81006156695339,0.89903081033679,4.56,0,0,109,0
29,10,96.3965299110636,4.81006156695339,0.89903081033679,12.67,0,0,53,0
29,10,96.3965299110636,4.81006156695339,0.89903081033679,14.41,0,0,87,0
29,10,96.3965299110636,4.81006156695339,0.89903081033679,19.07,0,0,45,0
30,10,49.1408488999982,4.89190119589143,2.33410783888318,0,101,10000,0,1
30,10,49.1408488999982,4.89190119589143,2.33410783888318,5.58,0,0,95,0
30,10,49.1408488999982,4.89190119589143,2.33410783888318,13.64,0,0,53,0
30,10,49.1408488999982,4.89190119589143,2.33410783888318,15.56,0,0,46,0
30,10,49.1408488999982,4.89190119589143,2.33410783888318,22.05,0,0,20,0
31,30,58.1293293065752,5.13160190141695,1.13154619349886,0,101,30000,0,1
31,30,58.1293293065752,5.13160190141695,1.13154619349886,4.79,0,0,414,0
31,30,58.1293293065752,5.13160190141695,1.13154619349886,8.79,0,0,334,0
31,30,58.1293293065752,5.13160190141695,1.13154619349886,12.39,0,0,227,0
31,30,58.1293293065752,5.13160190141695,1.13154619349886,15.22,0,0,130,0
32,30,47.9803022598771,8.20722292145576,0.636723935676316,0,101,30000,0,1
32,30,47.9803022598771,8.20722292145576,0.636723935676316,12.6,0,0,107,0
32,30,47.9803022598771,8.20722292145576,0.636723935676316,14.24,0,0,100,0
32,30,47.9803022598771,8.20722292145576,0.636723935676316,22.92,0,0,16,0
32,30,47.9803022598771,8.20722292145576,0.636723935676316,23.83,0,0,12,0
33,30,56.6398447446521,3.70630789210593,1.55840268630144,0,101,30000,0,1
33,30,56.6398447446521,3.70630789210593,1.55840268630144,3.45,0,0,391,0
33,30,56.6398447446521,3.70630789210593,1.55840268630144,6.92,0,0,289,0
33,30,56.6398447446521,3.70630789210593,1.55840268630144,9.71,0,0,369,0
33,30,56.6398447446521,3.70630789210593,1.55840268630144,23.04,0,0,82,0
34,30,45.0706325311228,5.54327944281487,0.498251078251407,0,101,30000,0,1
34,30,45.0706325311228,5.54327944281487,0.498251078251407,5.21,0,0,339,0
34,30,45.0706325311228,5.54327944281487,0.498251078251407,11.01,0,0,162,0
34,30,45.0706325311228,5.54327944281487,0.498251078251407,22.28,0,0,51,0
34,30,45.0706325311228,5.54327944281487,0.498251078251407,22.29,0,0,66,0
35,30,73.8489485284712,3.43549728537131,1.34460687789809,0,101,30000,0,1
35,30,73.8489485284712,3.43549728537131,1.34460687789809,3.18,0,0,331,0
35,30,73.8489485284712,3.43549728537131,1.34460687789809,6.4,0,0,256,0
35,30,73.8489485284712,3.43549728537131,1.34460687789809,20.29,0,0,125,0
35,30,73.8489485284712,3.43549728537131,1.34460687789809,21.83,0,0,274,0
36,30,75.4987929824225,3.68142322091687,1.02535455756734,0,101,30000,0,1
36,30,75.4987929824225,3.68142322091687,1.02535455756734,7.89,0,0,224,0
36,30,75.4987929824225,3.68142322091687,1.02535455756734,15.77,0,0,223,0
36,30,75.4987929824225,3.68142322091687,1.02535455756734,17.14,0,0,150,0
36,30,75.4987929824225,3.68142322091687,1.02535455756734,17.28,0,0,206,0
37,30,101.928008258024,2.8957180185852,0.762443172138255,0,101,30000,0,1
37,30,101.928008258024,2.8957180185852,0.762443172138255,1.21,0,0,251,0
37,30,101.928008258024,2.8957180185852,0.762443172138255,8.53,0,0,248,0
37,30,101.928008258024,2.8957180185852,0.762443172138255,20.04,0,0,169,0
37,30,101.928008258024,2.8957180185852,0.762443172138255,20.83,0,0,144,0
38,30,68.8010329527258,3.40271091233794,1.65758734016587,0,101,30000,0,1
38,30,68.8010329527258,3.40271091233794,1.65758734016587,2.14,0,0,354,0
38,30,68.8010329527258,3.40271091233794,1.65758734016587,8.07,0,0,260,0
38,30,68.8010329527258,3.40271091233794,1.65758734016587,15.98,0,0,174,0
38,30,68.8010329527258,3.40271091233794,1.65758734016587,20.48,0,0,149,0
39,30,45.2071131987442,3.62241012214759,1.44113848592487,0,101,30000,0,1
39,30,45.2071131987442,3.62241012214759,1.44113848592487,3.53,0,0,558,0
39,30,45.2071131987442,3.62241012214759,1.44113848592487,8.71,0,0,280,0
39,30,45.2071131987442,3.62241012214759,1.44113848592487,10.04,0,0,348,0
39,30,45.2071131987442,3.62241012214759,1.44113848592487,22.02,0,0,82,0
40,30,69.8617144974536,2.77928442113018,0.595291080771816,0,101,30000,0,1
40,30,69.8617144974536,2.77928442113018,0.595291080771816,2,0,0,310,0
40,30,69.8617144974536,2.77928442113018,0.595291080771816,2.83,0,0,315,0
40,30,69.8617144974536,2.77928442113018,0.595291080771816,15.18,0,0,236,0
40,30,69.8617144974536,2.77928442113018,0.595291080771816,22.99,0,0,148,0
41,30,77.3978731496878,3.24185753194331,1.60018591397502,0,101,30000,0,1
41,30,77.3978731496878,3.24185753194331,1.60018591397502,6.57,0,0,340,0
41,30,77.3978731496878,3.24185753194331,1.60018591397502,16.92,0,0,197,0
41,30,77.3978731496878,3.24185753194331,1.60018591397502,21.58,0,0,131,0
41,30,77.3978731496878,3.24185753194331,1.60018591397502,23.51,0,0,125,0
42,30,82.6706790696455,4.18919102167962,1.48523963078215,0,101,30000,0,1
42,30,82.6706790696455,4.18919102167962,1.48523963078215,2.03,0,0,316,0
42,30,82.6706790696455,4.18919102167962,1.48523963078215,15.67,0,0,193,0
42,30,82.6706790696455,4.18919102167962,1.48523963078215,17.82,0,0,145,0
42,30,82.6706790696455,4.18919102167962,1.48523963078215,20.1,0,0,163,0
43,30,73.5528533632609,2.79615424152336,0.816994857169953,0,101,30000,0,1
43,30,73.5528533632609,2.79615424152336,0.816994857169953,5.9,0,0,309,0
43,30,73.5528533632609,2.79615424152336,0.816994857169953,10.28,0,0,304,0
43,30,73.5528533632609,2.79615424152336,0.816994857169953,16.24,0,0,247,0
43,30,73.5528533632609,2.79615424152336,0.816994857169953,19.8,0,0,236,0
44,30,73.9970745379078,6.37928691342227,0.566890080497424,0,101,30000,0,1
44,30,73.9970745379078,6.37928691342227,0.566890080497424,8.24,0,0,221,0
44,30,73.9970745379078,6.37928691342227,0.566890080497424,9.25,0,0,162,0
44,30,73.9970745379078,6.37928691342227,0.566890080497424,12.7,0,0,173,0
44,30,73.9970745379078,6.37928691342227,0.566890080497424,20.74,0,0,75,0
45,30,93.8598800052513,3.88674265227402,1.08877541532127,0,101,30000,0,1
45,30,93.8598800052513,3.88674265227402,1.08877541532127,3.41,0,0,215,0
45,30,93.8598800052513,3.88674265227402,1.08877541532127,8.66,0,0,203,0
45,30,93.8598800052513,3.88674265227402,1.08877541532127,19.09,0,0,188,0
45,30,93.8598800052513,3.88674265227402,1.08877541532127,20.76,0,0,115,0
46,30,89.8328757015358,3.81411600701455,1.0172094216199,0,101,30000,0,1
46,30,89.8328757015358,3.81411600701455,1.0172094216199,1.85,0,0,335,0
46,30,89.8328757015358,3.81411600701455,1.0172094216199,6.09,0,0,218,0
46,30,89.8328757015358,3.81411600701455,1.0172094216199,8.76,0,0,166,0
46,30,89.8328757015358,3.81411600701455,1.0172094216199,18.07,0,0,158,0
47,30,42.6824169272785,3.459816007702,0.977353489290322,0,101,30000,0,1
47,30,42.6824169272785,3.459816007702,0.977353489290322,3.31,0,0,505,0
47,30,42.6824169272785,3.459816007702,0.977353489290322,6.83,0,0,393,0
47,30,42.6824169272785,3.459816007702,0.977353489290322,15.55,0,0,218,0
47,30,42.6824169272785,3.459816007702,0.977353489290322,21.52,0,0,124,0
48,30,60.8291115376832,3.07334131360761,1.56055175705292,0,101,30000,0,1
48,30,60.8291115376832,3.07334131360761,1.56055175705292,2.47,0,0,375,0
48,30,60.8291115376832,3.07334131360761,1.56055175705292,5.56,0,0,386,0
48,30,60.8291115376832,3.07334131360761,1.56055175705292,14.25,0,0,223,0
48,30,60.8291115376832,3.07334131360761,1.56055175705292,19.03,0,0,217,0
49,30,86.0944487745918,5.56817012353057,1.44603480855388,0,101,30000,0,1
49,30,86.0944487745918,5.56817012353057,1.44603480855388,4.78,0,0,257,0
49,30,86.0944487745918,5.56817012353057,1.44603480855388,5.89,0,0,190,0
49,30,86.0944487745918,5.56817012353057,1.44603480855388,6.28,0,0,232,0
49,30,86.0944487745918,5.56817012353057,1.44603480855388,15.65,0,0,151,0
50,30,70.7335365667539,5.04580247119179,0.989275935861115,0,101,30000,0,1
50,30,70.7335365667539,5.04580247119179,0.989275935861115,2.15,0,0,406,0
50,30,70.7335365667539,5.04580247119179,0.989275935861115,11.27,0,0,204,0
50,30,70.7335365667539,5.04580247119179,0.989275935861115,16.41,0,0,125,0
50,30,70.7335365667539,5.04580247119179,0.989275935861115,20.5,0,0,115,0
51,30,65.4260358483509,3.84694051360747,0.605674124641692,0,101,30000,0,1
51,30,65.4260358483509,3.84694051360747,0.605674124641692,11.74,0,0,243,0
51,30,65.4260358483509,3.84694051360747,0.605674124641692,12.31,0,0,253,0
51,30,65.4260358483509,3.84694051360747,0.605674124641692,14.4,0,0,208,0
51,30,65.4260358483509,3.84694051360747,0.605674124641692,20.14,0,0,181,0
52,30,55.2769671187861,3.30110586298353,1.09257465489334,0,101,30000,0,1
52,30,55.2769671187861,3.30110586298353,1.09257465489334,2.7,0,0,542,0
52,30,55.2769671187861,3.30110586298353,1.09257465489334,4.63,0,0,495,0
52,30,55.2769671187861,3.30110586298353,1.09257465489334,7.58,0,0,289,0
52,30,55.2769671187861,3.30110586298353,1.09257465489334,17.67,0,0,153,0
53,30,57.1857140229783,5.50241706596281,1.25290612223965,0,101,30000,0,1
53,30,57.1857140229783,5.50241706596281,1.25290612223965,1.85,0,0,553,0
53,30,57.1857140229783,5.50241706596281,1.25290612223965,5.08,0,0,462,0
53,30,57.1857140229783,5.50241706596281,1.25290612223965,5.84,0,0,310,0
53,30,57.1857140229783,5.50241706596281,1.25290612223965,16.06,0,0,138,0
54,30,150.971948033965,3.19133988658291,0.725916959098234,0,101,30000,0,1
54,30,150.971948033965,3.19133988658291,0.725916959098234,1.87,0,0,89,0
54,30,150.971948033965,3.19133988658291,0.725916959098234,11.83,0,0,152,0
54,30,150.971948033965,3.19133988658291,0.725916959098234,15.3,0,0,150,0
54,30,150.971948033965,3.19133988658291,0.725916959098234,17.48,0,0,180,0
55,30,106.466130869815,2.95241879332842,0.503802034942214,0,101,30000,0,1
55,30,106.466130869815,2.95241879332842,0.503802034942214,4.16,0,0,258,0
55,30,106.466130869815,2.95241879332842,0.503802034942214,15.16,0,0,119,0
55,30,106.466130869815,2.95241879332842,0.503802034942214,18.22,0,0,186,0
55,30,106.466130869815,2.95241879332842,0.503802034942214,20.29,0,0,147,0
56,30,44.5006688087854,3.72014516297769,1.49138487494173,0,101,30000,0,1
56,30,44.5006688087854,3.72014516297769,1.49138487494173,0.25,0,0,199,0
56,30,44.5006688087854,3.72014516297769,1.49138487494173,5.44,0,0,499,0
56,30,44.5006688087854,3.72014516297769,1.49138487494173,7.63,0,0,246,0
56,30,44.5006688087854,3.72014516297769,1.49138487494173,15.39,0,0,265,0
57,30,64.9957882014722,1.78395063363712,0.860436941777378,0,101,30000,0,1
57,30,64.9957882014722,1.78395063363712,0.860436941777378,1.9,0,0,350,0
57,30,64.9957882014722,1.78395063363712,0.860436941777378,12.42,0,0,400,0
57,30,64.9957882014722,1.78395063363712,0.860436941777378,21.15,0,0,283,0
57,30,64.9957882014722,1.78395063363712,0.860436941777378,22.32,0,0,273,0
58,30,82.3376391811079,3.91883243919857,0.966150525791488,0,101,30000,0,1
58,30,82.3376391811079,3.91883243919857,0.966150525791488,0.71,0,0,223,0
58,30,82.3376391811079,3.91883243919857,0.966150525791488,0.72,0,0,169,0
58,30,82.3376391811079,3.91883243919857,0.966150525791488,1.53,0,0,210,0
58,30,82.3376391811079,3.91883243919857,0.966150525791488,11.18,0,0,275,0
59,30,65.9261576984896,5.28920074586649,0.728080177682726,0,101,30000,0,1
59,30,65.9261576984896,5.28920074586649,0.728080177682726,4.9,0,0,279,0
59,30,65.9261576984896,5.28920074586649,0.728080177682726,18.95,0,0,100,0
59,30,65.9261576984896,5.28920074586649,0.728080177682726,19.28,0,0,174,0
59,30,65.9261576984896,5.28920074586649,0.728080177682726,23.24,0,0,72,0
60,30,51.7542941353524,5.89853362651573,1.15062663350675,0,101,30000,0,1
60,30,51.7542941353524,5.89853362651573,1.15062663350675,11.42,0,0,197,0
60,30,51.7542941353524,5.89853362651573,1.15062663350675,15.74,0,0,112,0
60,30,51.7542941353524,5.89853362651573,1.15062663350675,18.43,0,0,71,0
60,30,51.7542941353524,5.89853362651573,1.15062663350675,23.85,0,0,37,0
61,60,98.4088881201063,2.31375536887659,1.50224305150074,0,101,60000,0,1
61,60,98.4088881201063,2.31375536887659,1.50224305150074,5.14,0,0,535,0
61,60,98.4088881201063,2.31375536887659,1.50224305150074,8.49,0,0,480,0
61,60,98.4088881201063,2.31375536887659,1.50224305150074,9.64,0,0,484,0
61,60,98.4088881201063,2.31375536887659,1.50224305150074,23.06,0,0,396,0
62,60,70.9939449004344,4.07828060339681,1.52714257778314,0,101,60000,0,1
62,60,70.9939449004344,4.07828060339681,1.52714257778314,5.33,0,0,552,0
62,60,70.9939449004344,4.07828060339681,1.52714257778314,7.05,0,0,646,0
62,60,70.9939449004344,4.07828060339681,1.52714257778314,11.1,0,0,720,0
62,60,70.9939449004344,4.07828060339681,1.52714257778314,17.05,0,0,297,0
63,60,57.7412265754408,4.08183518792537,0.638427111130953,0,101,60000,0,1
63,60,57.7412265754408,4.08183518792537,0.638427111130953,4.44,0,0,752,0
63,60,57.7412265754408,4.08183518792537,0.638427111130953,6.25,0,0,958,0
63,60,57.7412265754408,4.08183518792537,0.638427111130953,18.37,0,0,282,0
63,60,57.7412265754408,4.08183518792537,0.638427111130953,21.51,0,0,242,0
64,60,76.5669108244946,4.44510577378179,0.758515465726605,0,101,60000,0,1
64,60,76.5669108244946,4.44510577378179,0.758515465726605,13.7,0,0,533,0
64,60,76.5669108244946,4.44510577378179,0.758515465726605,17.43,0,0,442,0
64,60,76.5669108244946,4.44510577378179,0.758515465726605,19.05,0,0,262,0
64,60,76.5669108244946,4.44510577378179,0.758515465726605,22.37,0,0,178,0
65,60,67.3039630619678,2.95085681768013,1.01661046777496,0,101,60000,0,1
65,60,67.3039630619678,2.95085681768013,1.01661046777496,5.13,0,0,748,0
65,60,67.3039630619678,2.95085681768013,1.01661046777496,18.27,0,0,407,0
65,60,67.3039630619678,2.95085681768013,1.01661046777496,21.05,0,0,317,0
65,60,67.3039630619678,2.95085681768013,1.01661046777496,23.64,0,0,366,0
66,60,59.976521959278,4.05319351494315,0.956201546350315,0,101,60000,0,1
66,60,59.976521959278,4.05319351494315,0.956201546350315,3.79,0,0,809,0
66,60,59.976521959278,4.05319351494315,0.956201546350315,12.43,0,0,485,0
66,60,59.976521959278,4.05319351494315,0.956201546350315,20.74,0,0,334,0
66,60,59.976521959278,4.05319351494315,0.956201546350315,22.57,0,0,197,0
67,60,94.2839998429175,3.82977198737077,1.05037537232703,0,101,60000,0,1
67,60,94.2839998429175,3.82977198737077,1.05037537232703,2.6,0,0,566,0
67,60,94.2839998429175,3.82977198737077,1.05037537232703,4.31,0,0,613,0
67,60,94.2839998429175,3.82977198737077,1.05037537232703,6.77,0,0,384,0
67,60,94.2839998429175,3.82977198737077,1.05037537232703,16.36,0,0,264,0
68,60,76.4403628531025,4.84433498799202,0.833335244957303,0,101,60000,0,1
68,60,76.4403628531025,4.84433498799202,0.833335244957303,3.42,0,0,925,0
68,60,76.4403628531025,4.84433498799202,0.833335244957303,7.53,0,0,1225,0
68,60,76.4403628531025,4.84433498799202,0.833335244957303,11.92,0,0,489,0
68,60,76.4403628531025,4.84433498799202,0.833335244957303,22.4,0,0,176,0
69,60,79.9259344059681,3.11949601207977,0.603664123584261,0,101,60000,0,1
69,60,79.9259344059681,3.11949601207977,0.603664123584261,16.55,0,0,318,0
69,60,79.9259344059681,3.11949601207977,0.603664123584261,16.77,0,0,447,0
69,60,79.9259344059681,3.11949601207977,0.603664123584261,22.42,0,0,368,0
69,60,79.9259344059681,3.11949601207977,0.603664123584261,22.53,0,0,434,0
70,60,68.8849813051547,6.78060577117238,0.829444450197959,0,101,60000,0,1
70,60,68.8849813051547,6.78060577117238,0.829444450197959,5.85,0,0,640,0
70,60,68.8849813051547,6.78060577117238,0.829444450197959,9.24,0,0,393,0
70,60,68.8849813051547,6.78060577117238,0.829444450197959,11.37,0,0,269,0
70,60,68.8849813051547,6.78060577117238,0.829444450197959,18.54,0,0,194,0
71,60,44.6364046516597,4.3185852028284,1.68727323126419,0,101,60000,0,1
71,60,44.6364046516597,4.3185852028284,1.68727323126419,2.19,0,0,1084,0
71,60,44.6364046516597,4.3185852028284,1.68727323126419,12.12,0,0,476,0
71,60,44.6364046516597,4.3185852028284,1.68727323126419,15.94,0,0,318,0
71,60,44.6364046516597,4.3185852028284,1.68727323126419,18.38,0,0,268,0
72,60,103.513548241214,5.33135673503393,0.816158950741648,0,101,60000,0,1
72,60,103.513548241214,5.33135673503393,0.816158950741648,4.66,0,0,630,0
72,60,103.513548241214,5.33135673503393,0.816158950741648,5.76,0,0,418,0
72,60,103.513548241214,5.33135673503393,0.816158950741648,9.17,0,0,320,0
72,60,103.513548241214,5.33135673503393,0.816158950741648,20.81,0,0,173,0
73,60,86.1640372990652,5.19927188151831,0.971360534382599,0,101,60000,0,1
73,60,86.1640372990652,5.19927188151831,0.971360534382599,4.76,0,0,714,0
73,60,86.1640372990652,5.19927188151831,0.971360534382599,15.12,0,0,279,0
73,60,86.1640372990652,5.19927188151831,0.971360534382599,19.94,0,0,268,0
73,60,86.1640372990652,5.19927188151831,0.971360534382599,20.2,0,0,198,0
74,60,55.8257728480131,1.77919574491015,0.808740408491612,0,101,60000,0,1
74,60,55.8257728480131,1.77919574491015,0.808740408491612,1.14,0,0,534,0
74,60,55.8257728480131,1.77919574491015,0.808740408491612,3.76,0,0,825,0
74,60,55.8257728480131,1.77919574491015,0.808740408491612,10.04,0,0,696,0
74,60,55.8257728480131,1.77919574491015,0.808740408491612,19.3,0,0,618,0
75,60,73.1632709735968,2.60572516961438,1.69568848715642,0,101,60000,0,1
75,60,73.1632709735968,2.60572516961438,1.69568848715642,1.49,0,0,601,0
75,60,73.1632709735968,2.60572516961438,1.69568848715642,12.49,0,0,405,0
75,60,73.1632709735968,2.60572516961438,1.69568848715642,16.13,0,0,440,0
75,60,73.1632709735968,2.60572516961438,1.69568848715642,19.24,0,0,650,0
76,60,93.9119982160013,4.99401122083854,0.844182853933448,0,101,60000,0,1
76,60,93.9119982160013,4.99401122083854,0.844182853933448,1.21,0,0,352,0
76,60,93.9119982160013,4.99401122083854,0.844182853933448,7.36,0,0,279,0
76,60,93.9119982160013,4.99401122083854,0.844182853933448,7.76,0,0,333,0
76,60,93.9119982160013,4.99401122083854,0.844182853933448,8.25,0,0,731,0
77,60,69.7163216075637,3.47832002967025,0.731390557980848,0,101,60000,0,1
77,60,69.7163216075637,3.47832002967025,0.731390557980848,5.65,0,0,732,0
77,60,69.7163216075637,3.47832002967025,0.731390557980848,6.61,0,0,593,0
77,60,69.7163216075637,3.47832002967025,0.731390557980848,6.76,0,0,785,0
77,60,69.7163216075637,3.47832002967025,0.731390557980848,11.93,0,0,775,0
78,60,41.7570927233791,4.48194987064626,0.772893461409256,0,101,60000,0,1
78,60,41.7570927233791,4.48194987064626,0.772893461409256,3.17,0,0,1051,0
78,60,41.7570927233791,4.48194987064626,0.772893461409256,7.93,0,0,730,0
78,60,41.7570927233791,4.48194987064626,0.772893461409256,15.42,0,0,327,0
78,60,41.7570927233791,4.48194987064626,0.772893461409256,20.82,0,0,185,0
79,60,129.981312139036,4.18345889364067,0.857816161378759,0,101,60000,0,1
79,60,129.981312139036,4.18345889364067,0.857816161378759,2.25,0,0,306,0
79,60,129.981312139036,4.18345889364067,0.857816161378759,5.78,0,0,431,0
79,60,129.981312139036,4.18345889364067,0.857816161378759,11.25,0,0,279,0
79,60,129.981312139036,4.18345889364067,0.857816161378759,16.67,0,0,321,0
80,60,57.668264760573,3.75001772556819,1.14915895207831,0,101,60000,0,1
80,60,57.668264760573,3.75001772556819,1.14915895207831,2.86,0,0,709,0
80,60,57.668264760573,3.75001772556819,1.14915895207831,4.07,0,0,883,0
80,60,57.668264760573,3.75001772556819,1.14915895207831,7.38,0,0,693,0
80,60,57.668264760573,3.75001772556819,1.14915895207831,7.89,0,0,789,0
81,60,54.7709183172421,3.5608225740342,0.952936362507781,0,101,60000,0,1
81,60,54.7709183172421,3.5608225740342,0.952936362507781,1.07,0,0,933,0
81,60,54.7709183172421,3.5608225740342,0.952936362507781,7.08,0,0,577,0
81,60,54.7709183172421,3.5608225740342,0.952936362507781,12.41,0,0,439,0
81,60,54.7709183172421,3.5608225740342,0.952936362507781,21.56,0,0,280,0
82,60,38.6821523265049,5.27309908948243,1.22697055651529,0,101,60000,0,1
82,60,38.6821523265049,5.27309908948243,1.22697055651529,9.15,0,0,364,0
82,60,38.6821523265049,5.27309908948243,1.22697055651529,11.67,0,0,413,0
82,60,38.6821523265049,5.27309908948243,1.22697055651529,17.51,0,0,116,0
82,60,38.6821523265049,5.27309908948243,1.22697055651529,20.12,0,0,89,0
83,60,77.9714145810415,4.0250810921366,1.05635550283405,0,101,60000,0,1
83,60,77.9714145810415,4.0250810921366,1.05635550283405,0.97,0,0,472,0
83,60,77.9714145810415,4.0250810921366,1.05635550283405,1.12,0,0,487,0
83,60,77.9714145810415,4.0250810921366,1.05635550283405,6.59,0,0,611,0
83,60,77.9714145810415,4.0250810921366,1.05635550283405,8.07,0,0,665,0
84,60,72.113839218817,4.23681819120018,1.37310598760843,0,101,60000,0,1
84,60,72.113839218817,4.23681819120018,1.37310598760843,10.62,0,0,468,0
84,60,72.113839218817,4.23681819120018,1.37310598760843,13.65,0,0,397,0
84,60,72.113839218817,4.23681819120018,1.37310598760843,15,0,0,329,0
84,60,72.113839218817,4.23681819120018,1.37310598760843,23.88,0,0,210,0
85,60,82.3934175388797,4.64399916040904,1.20679505413321,0,101,60000,0,1
85,60,82.3934175388797,4.64399916040904,1.20679505413321,6.32,0,0,572,0
85,60,82.3934175388797,4.64399916040904,1.20679505413321,9.06,0,0,704,0
85,60,82.3934175388797,4.64399916040904,1.20679505413321,18.17,0,0,207,0
85,60,82.3934175388797,4.64399916040904,1.20679505413321,19.75,0,0,250,0
86,60,72.0552173750258,5.68777720615339,1.24713973895197,0,101,60000,0,1
86,60,72.0552173750258,5.68777720615339,1.24713973895197,3.81,0,0,623,0
86,60,72.0552173750258,5.68777720615339,1.24713973895197,7.27,0,0,488,0
86,60,72.0552173750258,5.68777720615339,1.24713973895197,8.44,0,0,461,0
86,60,72.0552173750258,5.68777720615339,1.24713973895197,23.23,0,0,126,0
87,60,60.7178934464487,4.32516723825513,0.734377426329802,0,101,60000,0,1
87,60,60.7178934464487,4.32516723825513,0.734377426329802,1.18,0,0,341,0
87,60,60.7178934464487,4.32516723825513,0.734377426329802,1.65,0,0,433,0
87,60,60.7178934464487,4.32516723825513,0.734377426329802,20.42,0,0,219,0
87,60,60.7178934464487,4.32516723825513,0.734377426329802,20.87,0,0,304,0
88,60,55.5128673520793,3.27510943356178,0.939643712681906,0,101,60000,0,1
88,60,55.5128673520793,3.27510943356178,0.939643712681906,1.01,0,0,1082,0
88,60,55.5128673520793,3.27510943356178,0.939643712681906,6.12,0,0,855,0
88,60,55.5128673520793,3.27510943356178,0.939643712681906,8.51,0,0,548,0
88,60,55.5128673520793,3.27510943356178,0.939643712681906,14.45,0,0,441,0
89,60,68.7850907290633,5.6540357845021,0.842981033072275,0,101,60000,0,1
89,60,68.7850907290633,5.6540357845021,0.842981033072275,6.78,0,0,566,0
89,60,68.7850907290633,5.6540357845021,0.842981033072275,14.45,0,0,244,0
89,60,68.7850907290633,5.6540357845021,0.842981033072275,16.11,0,0,282,0
89,60,68.7850907290633,5.6540357845021,0.842981033072275,23.62,0,0,194,0
90,60,45.6375701285939,9.14055488290745,0.645767081307864,0,101,60000,0,1
90,60,45.6375701285939,9.14055488290745,0.645767081307864,2.55,0,0,756,0
90,60,45.6375701285939,9.14055488290745,0.645767081307864,12.39,0,0,204,0
90,60,45.6375701285939,9.14055488290745,0.645767081307864,16.53,0,0,56,0
90,60,45.6375701285939,9.14055488290745,0.645767081307864,16.8,0,0,80,0
91,120,66.2734481157193,7.96769274174096,0.937708898927232,0,101,120000,0,1
91,120,66.2734481157193,7.96769274174096,0.937708898927232,7.21,0,0,1408,0
91,120,66.2734481157193,7.96769274174096,0.937708898927232,8.31,0,0,851,0
91,120,66.2734481157193,7.96769274174096,0.937708898927232,9.34,0,0,712,0
91,120,66.2734481157193,7.96769274174096,0.937708898927232,13.8,0,0,372,0
92,120,74.9763340430345,5.64528637408734,1.4971673553689,0,101,120000,0,1
92,120,74.9763340430345,5.64528637408734,1.4971673553689,4.21,0,0,1155,0
92,120,74.9763340430345,5.64528637408734,1.4971673553689,17.86,0,0,365,0
92,120,74.9763340430345,5.64528637408734,1.4971673553689,18.3,0,0,408,0
92,120,74.9763340430345,5.64528637408734,1.4971673553689,18.75,0,0,427,0
93,120,80.6914502597293,1.95076763616171,0.793909359568152,0,101,120000,0,1
93,120,80.6914502597293,1.95076763616171,0.793909359568152,0.49,0,0,454,0
93,120,80.6914502597293,1.95076763616171,0.793909359568152,2.97,0,0,1235,0
93,120,80.6914502597293,1.95076763616171,0.793909359568152,15.93,0,0,1125,0
93,120,80.6914502597293,1.95076763616171,0.793909359568152,22.33,0,0,867,0
94,120,75.2137687359816,3.74757069046456,0.871031917646746,0,101,120000,0,1
94,120,75.2137687359816,3.74757069046456,0.871031917646746,1.21,0,0,891,0
94,120,75.2137687359816,3.74757069046456,0.871031917646746,4.67,0,0,1652,0
94,120,75.2137687359816,3.74757069046456,0.871031917646746,11.92,0,0,886,0
94,120,75.2137687359816,3.74757069046456,0.871031917646746,14.72,0,0,740,0
95,120,109.177423246183,2.83809635980859,0.889745391301678,0,101,120000,0,1
95,120,109.177423246183,2.83809635980859,0.889745391301678,0.56,0,0,568,0
95,120,109.177423246183,2.83809635980859,0.889745391301678,11.17,0,0,857,0
95,120,109.177423246183,2.83809635980859,0.889745391301678,12.16,0,0,801,0
95,120,109.177423246183,2.83809635980859,0.889745391301678,15.94,0,0,884,0
96,120,66.6657455961813,5.53428330490506,0.60618453042664,0,101,120000,0,1
96,120,66.6657455961813,5.53428330490506,0.60618453042664,1.84,0,0,1252,0
96,120,66.6657455961813,5.53428330490506,0.60618453042664,3.86,0,0,1507,0
96,120,66.6657455961813,5.53428330490506,0.60618453042664,8.24,0,0,942,0
96,120,66.6657455961813,5.53428330490506,0.60618453042664,15.06,0,0,859,0
97,120,80.5486357710899,3.83489516339237,0.504886782651079,0,101,120000,0,1
97,120,80.5486357710899,3.83489516339237,0.504886782651079,7.38,0,0,1081,0
97,120,80.5486357710899,3.83489516339237,0.504886782651079,14.01,0,0,706,0
97,120,80.5486357710899,3.83489516339237,0.504886782651079,21.18,0,0,586,0
97,120,80.5486357710899,3.83489516339237,0.504886782651079,22.81,0,0,455,0
98,120,68.9480596963136,3.81169131902919,0.744250068810762,0,101,120000,0,1
98,120,68.9480596963136,3.81169131902919,0.744250068810762,11.96,0,0,1063,0
98,120,68.9480596963136,3.81169131902919,0.744250068810762,14.05,0,0,844,0
98,120,68.9480596963136,3.81169131902919,0.744250068810762,18.66,0,0,624,0
98,120,68.9480596963136,3.81169131902919,0.744250068810762,21.34,0,0,540,0
99,120,45.2907200461183,2.55366220274232,2.05944449622877,0,101,120000,0,1
99,120,45.2907200461183,2.55366220274232,2.05944449622877,0.76,0,0,2057,0
99,120,45.2907200461183,2.55366220274232,2.05944449622877,2.96,0,0,2188,0
99,120,45.2907200461183,2.55366220274232,2.05944449622877,11.08,0,0,1594,0
99,120,45.2907200461183,2.55366220274232,2.05944449622877,21.89,0,0,960,0
100,120,81.7094317073166,1.87115500605756,0.737683994411068,0,101,120000,0,1
100,120,81.7094317073166,1.87115500605756,0.737683994411068,2.35,0,0,1088,0
100,120,81.7094317073166,1.87115500605756,0.737683994411068,3.61,0,0,996,0
100,120,81.7094317073166,1.87115500605756,0.737683994411068,17.35,0,0,929,0
100,120,81.7094317073166,1.87115500605756,0.737683994411068,18.36,0,0,1017,0
101,120,89.2841620275528,3.50972912313476,0.667291478027653,0,101,120000,0,1
101,120,89.2841620275528,3.50972912313476,0.667291478027653,2.41,0,0,1608,0
101,120,89.2841620275528,3.50972912313476,0.667291478027653,8.96,0,0,1172,0
101,120,89.2841620275528,3.50972912313476,0.667291478027653,18.93,0,0,533,0
101,120,89.2841620275528,3.50972912313476,0.667291478027653,20.9,0,0,472,0
102,120,87.9676736285971,4.39105248782755,1.44365754887825,0,101,120000,0,1
102,120,87.9676736285971,4.39105248782755,1.44365754887825,4.13,0,0,1443,0
102,120,87.9676736285971,4.39105248782755,1.44365754887825,4.15,0,0,1411,0
102,120,87.9676736285971,4.39105248782755,1.44365754887825,4.58,0,0,965,0
102,120,87.9676736285971,4.39105248782755,1.44365754887825,23.92,0,0,485,0
103,120,69.7642322451479,3.74429966347859,0.882220544711968,0,101,120000,0,1
103,120,69.7642322451479,3.74429966347859,0.882220544711968,15.33,0,0,943,0
103,120,69.7642322451479,3.74429966347859,0.882220544711968,15.99,0,0,670,0
103,120,69.7642322451479,3.74429966347859,0.882220544711968,16.77,0,0,594,0
103,120,69.7642322451479,3.74429966347859,0.882220544711968,20.99,0,0,831,0
104,120,46.1104779285719,4.45394367139158,0.783320917079955,0,101,120000,0,1
104,120,46.1104779285719,4.45394367139158,0.783320917079955,5.75,0,0,1743,0
104,120,46.1104779285719,4.45394367139158,0.783320917079955,14.58,0,0,734,0
104,120,46.1104779285719,4.45394367139158,0.783320917079955,15.29,0,0,983,0
104,120,46.1104779285719,4.45394367139158,0.783320917079955,17.9,0,0,455,0
105,120,59.5388724539542,5.87978821816561,1.44496846466567,0,101,120000,0,1
105,120,59.5388724539542,5.87978821816561,1.44496846466567,12.79,0,0,539,0
105,120,59.5388724539542,5.87978821816561,1.44496846466567,16.8,0,0,351,0
105,120,59.5388724539542,5.87978821816561,1.44496846466567,19.44,0,0,257,0
105,120,59.5388724539542,5.87978821816561,1.44496846466567,21.29,0,0,245,0
106,120,56.1560925514282,3.23776306476077,1.06180342753283,0,101,120000,0,1
106,120,56.1560925514282,3.23776306476077,1.06180342753283,5.86,0,0,1605,0
106,120,56.1560925514282,3.23776306476077,1.06180342753283,9.23,0,0,1109,0
106,120,56.1560925514282,3.23776306476077,1.06180342753283,12.28,0,0,1132,0
106,120,56.1560925514282,3.23776306476077,1.06180342753283,17.48,0,0,679,0
107,120,62.8650476096604,3.31592281298169,1.29151320267099,0,101,120000,0,1
107,120,62.8650476096604,3.31592281298169,1.29151320267099,0.3,0,0,782,0
107,120,62.8650476096604,3.31592281298169,1.29151320267099,0.89,0,0,1187,0
107,120,62.8650476096604,3.31592281298169,1.29151320267099,2.32,0,0,2060,0
107,120,62.8650476096604,3.31592281298169,1.29151320267099,13.03,0,0,1294,0
108,120,94.547541166314,5.20087123107695,1.17255051295039,0,101,120000,0,1
108,120,94.547541166314,5.20087123107695,1.17255051295039,3.81,0,0,1215,0
108,120,94.547541166314,5.20087123107695,1.17255051295039,5.94,0,0,977,0
108,120,94.547541166314,5.20087123107695,1.17255051295039,9.87,0,0,729,0
108,120,94.547541166314,5.20087123107695,1.17255051295039,23.04,0,0,383,0
109,120,63.4754285711759,4.0394810810614,1.09111282235668,0,101,120000,0,1
109,120,63.4754285711759,4.0394810810614,1.09111282235668,0.51,0,0,719,0
109,120,63.4754285711759,4.0394810810614,1.09111282235668,11.93,0,0,1081,0
109,120,63.4754285711759,4.0394810810614,1.09111282235668,20.34,0,0,403,0
109,120,63.4754285711759,4.0394810810614,1.09111282235668,23.65,0,0,570,0
110,120,65.7835355324167,4.79760458313796,1.44383505502664,0,101,120000,0,1
110,120,65.7835355324167,4.79760458313796,1.44383505502664,10.66,0,0,1423,0
110,120,65.7835355324167,4.79760458313796,1.44383505502664,11.41,0,0,858,0
110,120,65.7835355324167,4.79760458313796,1.44383505502664,17.74,0,0,534,0
110,120,65.7835355324167,4.79760458313796,1.44383505502664,21.78,0,0,371,0
111,120,87.8160160027859,2.01419932485989,0.501551189596175,0,101,120000,0,1
111,120,87.8160160027859,2.01419932485989,0.501551189596175,11.46,0,0,1007,0
111,120,87.8160160027859,2.01419932485989,0.501551189596175,12.78,0,0,1170,0
111,120,87.8160160027859,2.01419932485989,0.501551189596175,16.07,0,0,816,0
111,120,87.8160160027859,2.01419932485989,0.501551189596175,16.36,0,0,939,0
112,120,66.221036643004,4.44812391231565,1.53536809585393,0,101,120000,0,1
112,120,66.221036643004,4.44812391231565,1.53536809585393,5.05,0,0,1132,0
112,120,66.221036643004,4.44812391231565,1.53536809585393,8.21,0,0,880,0
112,120,66.221036643004,4.44812391231565,1.53536809585393,13.15,0,0,722,0
112,120,66.221036643004,4.44812391231565,1.53536809585393,21.73,0,0,362,0
113,120,45.2375169499755,4.20425589795205,0.748801112331194,0,101,120000,0,1
113,120,45.2375169499755,4.20425589795205,0.748801112331194,3.13,0,0,2447,0
113,120,45.2375169499755,4.20425589795205,0.748801112331194,5,0,0,2152,0
113,120,45.2375169499755,4.20425589795205,0.748801112331194,14.45,0,0,654,0
113,120,45.2375169499755,4.20425589795205,0.748801112331194,23.96,0,0,285,0
114,120,56.8112674855917,6.33535426902772,1.08225340435579,0,101,120000,0,1
114,120,56.8112674855917,6.33535426902772,1.08225340435579,10.93,0,0,786,0
114,120,56.8112674855917,6.33535426902772,1.08225340435579,10.96,0,0,823,0
114,120,56.8112674855917,6.33535426902772,1.08225340435579,22.27,0,0,159,0
114,120,56.8112674855917,6.33535426902772,1.08225340435579,23.51,0,0,177,0
115,120,52.822684252019,6.14920941143572,0.870385860779698,0,101,120000,0,1
115,120,52.822684252019,6.14920941143572,0.870385860779698,4.58,0,0,843,0
115,120,52.822684252019,6.14920941143572,0.870385860779698,10.65,0,0,858,0
115,120,52.822684252019,6.14920941143572,0.870385860779698,20.02,0,0,325,0
115,120,52.822684252019,6.14920941143572,0.870385860779698,20.95,0,0,253,0
116,120,89.0886191548123,5.87735527011664,0.868493529224065,0,101,120000,0,1
116,120,89.0886191548123,5.87735527011664,0.868493529224065,3.28,0,0,1026,0
116,120,89.0886191548123,5.87735527011664,0.868493529224065,11.27,0,0,807,0
116,120,89.0886191548123,5.87735527011664,0.868493529224065,14.2,0,0,557,0
116,120,89.0886191548123,5.87735527011664,0.868493529224065,15.32,0,0,492,0
117,120,67.004283481021,3.39924883374443,0.876894140809449,0,101,120000,0,1
117,120,67.004283481021,3.39924883374443,0.876894140809449,16.23,0,0,767,0
117,120,67.004283481021,3.39924883374443,0.876894140809449,16.52,0,0,949,0
117,120,67.004283481021,3.39924883374443,0.876894140809449,17.51,0,0,632,0
117,120,67.004283481021,3.39924883374443,0.876894140809449,23.45,0,0,425,0
118,120,45.8641051891328,2.16610459708931,0.99945932938193,0,101,120000,0,1
118,120,45.8641051891328,2.16610459708931,0.99945932938193,0.07,0,0,153,0
118,120,45.8641051891328,2.16610459708931,0.99945932938193,11.61,0,0,2323,0
118,120,45.8641051891328,2.16610459708931,0.99945932938193,15.12,0,0,1309,0
118,120,45.8641051891328,2.16610459708931,0.99945932938193,22.35,0,0,971,0
119,120,55.9636927585768,2.73450298758078,0.551714547971873,0,101,120000,0,1
119,120,55.9636927585768,2.73450298758078,0.551714547971873,2.32,0,0,1404,0
119,120,55.9636927585768,2.73450298758078,0.551714547971873,3.42,0,0,1821,0
119,120,55.9636927585768,2.73450298758078,0.551714547971873,9.5,0,0,1412,0
119,120,55.9636927585768,2.73450298758078,0.551714547971873,9.54,0,0,2399,0
120,120,59.5811792419802,5.25634509969813,1.02533820925246,0,101,120000,0,1
120,120,59.5811792419802,5.25634509969813,1.02533820925246,13.03,0,0,574,0
120,120,59.5811792419802,5.25634509969813,1.02533820925246,17.34,0,0,470,0
120,120,59.5811792419802,5.25634509969813,1.02533820925246,17.48,0,0,408,0
120,120,59.5811792419802,5.25634509969813,1.02533820925246,22.83,0,0,348,0
