ID,DOSE,V,CL,KA,TIME,EVID,AMT,DV,EVIDNM
1,10,64.3063777685192,3.65154346361416,1.01603502738277,0,101,10000,0,1
1,10,64.3063777685192,3.65154346361416,1.01603502738277,6.1,0,0,111,0
1,10,64.3063777685192,3.65154346361416,1.01603502738277,9.7,0,0,114,0
1,10,64.3063777685192,3.65154346361416,1.01603502738277,18.9,0,0,47,0
1,10,64.3063777685192,3.65154346361416,1.01603502738277,20.58,0,0,35,0
2,10,51.5148086343829,3.41617093607857,0.747954290962007,0,101,10000,0,1
2,10,51.5148086343829,3.41617093607857,0.747954290962007,10.17,0,0,89,0
2,10,51.5148086343829,3.41617093607857,0.747954290962007,10.33,0,0,96,0
2,10,51.5148086343829,3.41617093607857,0.747954290962007,14.48,0,0,75,0
2,10,51.5148086343829,3.41617093607857,0.747954290962007,20.79,0,0,63,0
3,10,57.8453127515462,6.77166265677583,1.2233363187263,0,101,10000,0,1
3,10,57.8453127515462,6.77166265677583,1.2233363187263,5.76,0,0,103,0
3,10,57.8453127515462,6.77166265677583,1.2233363187263,11.23,0,0,68,0
3,10,57.8453127515462,6.77166265677583,1.2233363187263,13.13,0,0,42,0
3,10,57.8453127515462,6.77166265677583,1.2233363187263,22.41,0,0,16,0
4,10,73.9168852232645,5.12920691431358,1.61835592477304,0,101,10000,0,1
4,10,73.9168852232645,5.12920691431358,1.61835592477304,5.17,0,0,111,0
4,10,73.9168852232645,5.12920691431358,1.61835592477304,11.13,0,0,69,0
4,10,73.9168852232645,5.12920691431358,1.61835592477304,21.02,0,0,31,0
4,10,73.9168852232645,5.12920691431358,1.61835592477304,22.27,0,0,41,0
5,10,70.1832624846003,3.16366146055483,1.54903176427178,0,101,10000,0,1
5,10,70.1832624846003,3.16366146055483,1.54903176427178,6.18,0,0,155,0
5,10,70.1832624846003,3.16366146055483,1.54903176427178,8.64,0,0,84,0
5,10,70.1832624846003,3.16366146055483,1.54903176427178,14.87,0,0,73,0
5,10,70.1832624846003,3.16366146055483,1.54903176427178,21.33,0,0,55,0
6,10,44.4844692426812,3.133833446855,0.838207458010509,0,101,10000,0,1
6,10,44.4844692426812,3.133833446855,0.838207458010509,4.5,0,0,154,0
6,10,44.4844692426812,3.133833446855,0.838207458010509,13.63,0,0,130,0
6,10,44.4844692426812,3.133833446855,0.838207458010509,15.88,0,0,75,0
6,10,44.4844692426812,3.133833446855,0.838207458010509,19.02,0,0,102,0
7,10,80.2518450688749,4.08437997960033,0.670292075454263,0,101,10000,0,1
7,10,80.2518450688749,4.08437997960033,0.670292075454263,6.31,0,0,116,0
7,10,80.2518450688749,4.08437997960033,0.670292075454263,7.03,0,0,94,0
7,10,80.2518450688749,4.08437997960033,0.670292075454263,9.6,0,0,62,0
7,10,80.2518450688749,4.08437997960033,0.670292075454263,20.66,0,0,65,0
8,10,52.7340903487887,3.01228611594686,0.975494202400512,0,101,10000,0,1
8,10,52.7340903487887,3.01228611594686,0.975494202400512,0.13,0,0,30,0
8,10,52.7340903487887,3.01228611594686,0.975494202400512,11.58,0,0,88,0
8,10,52.7340903487887,3.01228611594686,0.975494202400512,13.64,0,0,89,0
8,10,52.7340903487887,3.01228611594686,0.975494202400512,22.04,0,0,70,0
9,10,47.255006734924,3.54562981629956,1.15120328879846,0,101,10000,0,1
9,10,47.255006734924,3.54562981629956,1.15120328879846,7.43,0,0,118,0
9,10,47.255006734924,3.54562981629956,1.15120328879846,7.53,0,0,114,0
9,10,47.255006734924,3.54562981629956,1.15120328879846,7.98,0,0,106,0
9,10,47.255006734924,3.54562981629956,1.15120328879846,18.98,0,0,69,0
10,10,76.5255026975796,3.81149029513205,0.873198026293329,0,101,10000,0,1
10,10,76.5255026975796,3.81149029513205,0.873198026293329,2.74,0,0,135,0
10,10,76.5255026975796,3.81149029513205,0.873198026293329,5.33,0,0,98,0
10,10,76.5255026975796,3.81149029513205,0.873198026293329,7.53,0,0,74,0
10,10,76.5255026975796,3.81149029513205,0.873198026293329,23.21,0,0,38,0
11,10,83.1838992521701,5.82841268680607,1.19149325452418,0,101,10000,0,1
11,10,83.1838992521701,5.82841268680607,1.19149325452418,5.71,0,0,73,0
11,10,83.1838992521701,5.82841268680607,1.19149325452418,11.32,0,0,46,0
11,10,83.1838992521701,5.82841268680607,1.19149325452418,16.63,0,0,33,0
11,10,83.1838992521701,5.82841268680607,1.19149325452418,21.26,0,0,26,0
12,10,113.888415436755,3.63911870987402,0.80991656885135,0,101,10000,0,1
12,10,113.888415436755,3.63911870987402,0.80991656885135,0.02,0,0,1,0
12,10,113.888415436755,3.63911870987402,0.80991656885135,0.92,0,0,59,0
12,10,113.888415436755,3.63911870987402,0.80991656885135,20.23,0,0,49,0
12,10,113.888415436755,3.63911870987402,0.80991656885135,21.72,0,0,56,0
13,10,63.31904846287,3.3982592786331,1.07777778384607,0,101,10000,0,1
13,10,63.31904846287,3.3982592786331,1.07777778384607,8.92,0,0,82,0
13,10,63.31904846287,3.3982592786331,1.07777778384607,9.7,0,0,89,0
13,10,63.31904846287,3.3982592786331,1.07777778384607,20.63,0,0,59,0
13,10,63.31904846287,3.3982592786331,1.07777778384607,21.34,0,0,65,0
14,10,67.4497767645946,4.44740064758066,1.29991294670813,0,101,10000,0,1
14,10,67.4497767645946,4.44740064758066,1.29991294670813,0.2,0,0,28,0
14,10,67.4497767645946,4.44740064758066,1.29991294670813,21.13,0,0,41,0
14,10,67.4497767645946,4.44740064758066,1.29991294670813,23.47,0,0,52,0
14,10,67.4497767645946,4.44740064758066,1.29991294670813,23.77,0,0,28,0
15,10,87.4874797681698,3.82555267369287,0.501167778599038,0,101,10000,0,1
15,10,87.4874797681698,3.82555267369287,0.501167778599038,3.36,0,0,76,0
15,10,87.4874797681698,3.82555267369287,0.501167778599038,5.54,0,0,114,0
15,10,87.4874797681698,3.82555267369287,0.501167778599038,11.96,0,0,94,0
15,10,87.4874797681698,3.82555267369287,0.501167778599038,15.72,0,0,55,0
16,10,52.0992316669015,5.70607206506692,0.922835689300577,0,101,10000,0,1
16,10,52.0992316669015,5.70607206506692,0.922835689300577,1.61,0,0,133,0
16,10,52.0992316669015,5.70607206506692,0.922835689300577,2.43,0,0,102,0
16,10,52.0992316669015,5.70607206506692,0.922835689300577,6.67,0,0,92,0
16,10,52.0992316669015,5.70607206506692,0.922835689300577,13.9,0,0,63,0
17,10,55.1705823028077,2.49483711015394,1.12006136007757,0,101,10000,0,1
17,10,55.1705823028077,2.49483711015394,1.12006136007757,12.88,0,0,131,0
17,10,55.1705823028077,2.49483711015394,1.12006136007757,17.63,0,0,113,0
17,10,55.1705823028077,2.49483711015394,1.12006136007757,17.91,0,0,66,0
17,10,55.1705823028077,2.49483711015394,1.12006136007757,19.85,0,0,73,0
18,10,65.3973683345279,2.94882323884005,0.994742461497239,0,101,10000,0,1
18,10,65.3973683345279,2.94882323884005,0.994742461497239,8.09,0,0,94,0
18,10,65.3973683345279,2.94882323884005,0.994742461497239,11.13,0,0,119,0
18,10,65.3973683345279,2.94882323884005,0.994742461497239,19.28,0,0,66,0
18,10,65.3973683345279,2.94882323884005,0.994742461497239,22.1,0,0,55,0
19,10,104.830663723974,2.15214068822274,1.48567241092585,0,101,10000,0,1
19,10,104.830663723974,2.15214068822274,1.48567241092585,6.46,0,0,68,0
19,10,104.830663723974,2.15214068822274,1.48567241092585,9.02,0,0,91,0
19,10,104.830663723974,2.15214068822274,1.48567241092585,13.28,0,0,65,0
19,10,104.830663723974,2.15214068822274,1.48567241092585,22.57,0,0,61,0
20,10,45.2164511672262,5.79224240548289,1.10606552841659,0,101,10000,0,1
20,10,45.2164511672262,5.79224240548289,1.10606552841659,7.56,0,0,98,0
20,10,45.2164511672262,5.79224240548289,1.10606552841659,8.73,0,0,92,0
20,10,45.2164511672262,5.79224240548289,1.10606552841659,10.68,0,0,70,0
20,10,45.2164511672262,5.79224240548289,1.10606552841659,23.01,0,0,18,0
21,10,79.0199770331163,7.34368629213491,1.23844047720197,0,101,10000,0,1
21,10,79.0199770331163,7.34368629213491,1.23844047720197,2.98,0,0,85,0
21,10,79.0199770331163,7.34368629213491,1.23844047720197,14.97,0,0,26,0
21,10,79.0199770331163,7.34368629213491,1.23844047720197,21.55,0,0,18,0
21,10,79.0199770331163,7.34368629213491,1.23844047720197,23.21,0,0,15,0
22,10,64.1599545692288,3.85360623606822,0.834929911851329,0,101,10000,0,1
22,10,64.1599545692288,3.85360623606822,0.834929911851329,4.56,0,0,92,0
22,10,64.1599545692288,3.85360623606822,0.834929911851329,9.09,0,0,99,0
22,10,64.1599545692288,3.85360623606822,0.834929911851329,10.17,0,0,127,0
22,10,64.1599545692288,3.85360623606822,0.834929911851329,11.52,0,0,51,0
23,10,71.0785478453323,6.00523710015924,0.903431113069117,0,101,10000,0,1
23,10,71.0785478453323,6.00523710015924,0.903431113069117,2.15,0,0,110,0
23,10,71.0785478453323,6.00523710015924,0.903431113069117,3.03,0,0,122,0
23,10,71.0785478453323,6.00523710015924,0.903431113069117,14.14,0,0,50,0
23,10,71.0785478453323,6.00523710015924,0.903431113069117,15.56,0,0,46,0
24,10,60.3681961569812,4.65645492745781,1.03467987401342,0,101,10000,0,1
24,10,60.3681961569812,4.65645492745781,1.03467987401342,0.21,0,0,26,0
24,10,60.3681961569812,4.65645492745781,1.03467987401342,6.99,0,0,107,0
24,10,60.3681961569812,4.65645492745781,1.03467987401342,16.74,0,0,49,0
24,10,60.3681961569812,4.65645492745781,1.03467987401342,17.15,0,0,42,0
25,10,48.1650812828671,4.94132612792672,1.0477570115752,0,101,10000,0,1
25,10,48.1650812828671,4.94132612792672,1.0477570115752,10.43,0,0,87,0
25,10,48.1650812828671,4.94132612792672,1.0477570115752,15.2,0,0,55,0
25,10,48.1650812828671,4.94132612792672,1.0477570115752,21.28,0,0,26,0
25,10,48.1650812828671,4.94132612792672,1.0477570115752,21.92,0,0,27,0
26,10,83.783248266428,4.16532024425317,0.947034987094275,0,101,10000,0,1
26,10,83.783248266428,4.16532024425317,0.947034987094275,2.54,0,0,87,0
26,10,83.783248266428,4.16532024425317,0.947034987094275,11.87,0,0,80,0
26,10,83.783248266428,4.16532024425317,0.947034987094275,16.8,0,0,57,0
26,10,83.783248266428,4.16532024425317,0.947034987094275,21.86,0,0,39,0
27,10,37.3069167414827,3.55741622047308,1.01706330859387,0,101,10000,0,1
27,10,37.3069167414827,3.55741622047308,1.01706330859387,5.23,0,0,231,0
27,10,37.3069167414827,3.55741622047308,1.01706330859387,12.67,0,0,103,0
27,10,37.3069167414827,3.55741622047308,1.01706330859387,13.45,0,0,80,0
27,10,37.3069167414827,3.55741622047308,1.01706330859387,20.09,0,0,60,0
28,10,52.5296511488293,3.33230451141088,0.828410490465707,0,101,10000,0,1
28,10,52.5296511488293,3.33230451141088,0.828410490465707,0.66,0,0,45,0
28,10,52.5296511488293,3.33230451141088,0.828410490465707,2.59,0,0,167,0
28,10,52.5296511488293,3.33230451141088,0.828410490465707,9.03,0,0,131,0
28,10,52.5296511488293,3.33230451141088,0.828410490465707,13.38,0,0,69,0
29,10,103.65094741997,5.4789983339206,0.942024476937987,0,101,10000,0,1
29,10,103.65094741997,5.4789983339206,0.942024476937987,6.71,0,0,61,0
29,10,103.65094741997,5.4789983339206,0.942024476937987,10.38,0,0,74,0
29,10,103.65094741997,5.4789983339206,0.942024476937987,13.34,0,0,34,0
29,10,103.65094741997,5.4789983339206,0.942024476937987,21.21,0,0,41,0
30,10,68.0011781664646,4.15594993793102,0.853147433079027,0,101,10000,0,1
30,10,68.0011781664646,4.15594993793102,0.853147433079027,6.12,0,0,67,0
30,10,68.0011781664646,4.15594993793102,0.853147433079027,7.02,0,0,95,0
30,10,68.0011781664646,4.15594993793102,0.853147433079027,7.18,0,0,108,0
30,10,68.0011781664646,4.15594993793102,0.853147433079027,9.06,0,0,86,0
31,30,45.2037033367651,7.27650714631636,1.01385640188345,0,101,30000,0,1
31,30,45.2037033367651,7.27650714631636,1.01385640188345,9.16,0,0,184,0
31,30,45.2037033367651,7.27650714631636,1.01385640188345,18.13,0,0,40,0
31,30,45.2037033367651,7.27650714631636,1.01385640188345,18.94,0,0,44,0
31,30,45.2037033367651,7.27650714631636,1.01385640188345,23.17,0,0,17,0
32,30,64.2295108844958,4.54426771186682,0.976185210928994,0,101,30000,0,1
32,30,64.2295108844958,4.54426771186682,0.976185210928994,1.28,0,0,306,0
32,30,64.2295108844958,4.54426771186682,0.976185210928994,13.17,0,0,191,0
32,30,64.2295108844958,4.54426771186682,0.976185210928994,18.79,0,0,116,0
32,30,64.2295108844958,4.54426771186682,0.976185210928994,22.91,0,0,126,0
33,30,56.6748786509073,4.44036883555949,0.843657936291491,0,101,30000,0,1
33,30,56.6748786509073,4.44036883555949,0.843657936291491,11.04,0,0,280,0
33,30,56.6748786509073,4.44036883555949,0.843657936291491,17.72,0,0,139,0
33,30,56.6748786509073,4.44036883555949,0.843657936291491,19.58,0,0,139,0
33,30,56.6748786509073,4.44036883555949,0.843657936291491,20.77,0,0,94,0
34,30,75.6002730889085,2.77585978376309,0.856996707048906,0,101,30000,0,1
34,30,75.6002730889085,2.77585978376309,0.856996707048906,2.75,0,0,332,0
34,30,75.6002730889085,2.77585978376309,0.856996707048906,10.33,0,0,338,0
34,30,75.6002730889085,2.77585978376309,0.856996707048906,14.74,0,0,252,0
34,30,75.6002730889085,2.77585978376309,0.856996707048906,21.72,0,0,119,0
35,30,65.3045191852109,4.18036152489668,1.07073321942693,0,101,30000,0,1
35,30,65.3045191852109,4.18036152489668,1.07073321942693,7.87,0,0,237,0
35,30,65.3045191852109,4.18036152489668,1.07073321942693,12.97,0,0,204,0
35,30,65.3045191852109,4.18036152489668,1.07073321942693,23.01,0,0,131,0
35,30,65.3045191852109,4.18036152489668,1.07073321942693,23.37,0,0,99,0
36,30,113.079016706527,2.85362251295414,0.819791154019379,0,101,30000,0,1
36,30,113.079016706527,2.85362251295414,0.819791154019379,2.1,0,0,205,0
36,30,113.079016706527,2.85362251295414,0.819791154019379,12.34,0,0,150,0
36,30,113.079016706527,2.85362251295414,0.819791154019379,15.15,0,0,137,0
36,30,113.079016706527,2.85362251295414,0.819791154019379,20.87,0,0,145,0
37,30,64.5142778894498,3.2501524480062,1.77922502601381,0,101,30000,0,1
37,30,64.5142778894498,3.2501524480062,1.77922502601381,4.2,0,0,524,0
37,30,64.5142778894498,3.2501524480062,1.77922502601381,6.03,0,0,349,0
37,30,64.5142778894498,3.2501524480062,1.77922502601381,6.88,0,0,350,0
37,30,64.5142778894498,3.2501524480062,1.77922502601381,14.09,0,0,203,0
38,30,43.8560755797031,4.30790858217534,0.856956790152507,0,101,30000,0,1
38,30,43.8560755797031,4.30790858217534,0.856956790152507,9.47,0,0,378,0
38,30,43.8560755797031,4.30790858217534,0.856956790152507,9.89,0,0,471,0
38,30,43.8560755797031,4.30790858217534,0.856956790152507,11.7,0,0,342,0
38,30,43.8560755797031,4.30790858217534,0.856956790152507,18.77,0,0,147,0
39,30,52.0229857493418,3.73461071262005,0.916785997962076,0,101,30000,0,1
39,30,52.0229857493418,3.73461071262005,0.916785997962076,6.23,0,0,479,0
39,30,52.0229857493418,3.73461071262005,0.916785997962076,6.34,0,0,398,0
39,30,52.0229857493418,3.73461071262005,0.916785997962076,7.28,0,0,344,0
39,30,52.0229857493418,3.73461071262005,0.916785997962076,15.53,0,0,210,0
40,30,83.1538455852927,2.43375002115136,1.384104656959,0,101,30000,0,1
40,30,83.1538455852927,2.43375002115136,1.384104656959,10.16,0,0,268,0
40,30,83.1538455852927,2.43375002115136,1.384104656959,16.26,0,0,293,0
40,30,83.1538455852927,2.43375002115136,1.384104656959,16.64,0,0,344,0
40,30,83.1538455852927,2.43375002115136,1.384104656959,18.58,0,0,123,0
41,30,70.0719383431042,2.24484893277148,1.45682669476236,0,101,30000,0,1
41,30,70.0719383431042,2.24484893277148,1.45682669476236,8.22,0,0,393,0
41,30,70.0719383431042,2.24484893277148,1.45682669476236,14.19,0,0,301,0
41,30,70.0719383431042,2.24484893277148,1.45682669476236,17.05,0,0,399,0
41,30,70.0719383431042,2.24484893277148,1.45682669476236,20.17,0,0,354,0
42,30,81.3063492574881,6.60128614401708,1.06700772552403,0,101,30000,0,1
42,30,81.3063492574881,6.60128614401708,1.06700772552403,3.29,0,0,401,0
42,30,81.3063492574881,6.60128614401708,1.06700772552403,4.45,0,0,281,0
42,30,81.3063492574881,6.60128614401708,1.06700772552403,6.33,0,0,205,0
42,30,81.3063492574881,6.60128614401708,1.06700772552403,20.18,0,0,72,0
43,30,76.3482831933251,3.71623931394365,1.24376373436343,0,101,30000,0,1
43,30,76.3482831933251,3.71623931394365,1.24376373436343,2.77,0,0,419,0
43,30,76.3482831933251,3.71623931394365,1.24376373436343,8.34,0,0,336,0
43,30,76.3482831933251,3.71623931394365,1.24376373436343,21.74,0,0,183,0
43,30,76.3482831933251,3.71623931394365,1.24376373436343,23.44,0,0,131,0
44,30,70.7757014403175,4.50671101886284,1.0987794782171,0,101,30000,0,1
44,30,70.7757014403175,4.50671101886284,1.0987794782171,0.93,0,0,281,0
44,30,70.7757014403175,4.50671101886284,1.0987794782171,3.36,0,0,325,0
44,30,70.7757014403175,4.50671101886284,1.0987794782171,20.68,0,0,90,0
44,30,70.7757014403175,4.50671101886284,1.0987794782171,22.76,0,0,95,0
45,30,74.134116621268,3.51952926986314,0.804609968929906,0,101,30000,0,1
45,30,74.134116621268,3.51952926986314,0.804609968929906,4.25,0,0,290,0
45,30,74.134116621268,3.51952926986314,0.804609968929906,6.16,0,0,298,0
45,30,74.134116621268,3.51952926986314,0.804609968929906,16.95,0,0,148,0
45,30,74.134116621268,3.51952926986314,0.804609968929906,18.97,0,0,175,0
46,30,82.2828760994798,2.98950062011171,2.07075951102021,0,101,30000,0,1
46,30,82.2828760994798,2.98950062011171,2.07075951102021,9.15,0,0,250,0
46,30,82.2828760994798,2.98950062011171,2.07075951102021,11.96,0,0,240,0
46,30,82.2828760994798,2.98950062011171,2.07075951102021,22.44,0,0,170,0
46,30,82.2828760994798,2.98950062011171,2.07075951102021,23.73,0,0,202,0
47,30,77.3978731496878,3.24185753194331,1.60018591397502,0,101,30000,0,1
47,30,77.3978731496878,3.24185753194331,1.60018591397502,6.57,0,0,340,0
47,30,77.3978731496878,3.24185753194331,1.60018591397502,16.92,0,0,197,0
47,30,77.3978731496878,3.24185753194331,1.60018591397502,21.58,0,0,131,0
47,30,77.3978731496878,3.24185753194331,1.60018591397502,23.51,0,0,125,0
48,30,50.1054205408552,2.49741061922087,1.07220887266045,0,101,30000,0,1
48,30,50.1054205408552,2.49741061922087,1.07220887266045,12.59,0,0,421,0
48,30,50.1054205408552,2.49741061922087,1.07220887266045,13.96,0,0,211,0
48,30,50.1054205408552,2.49741061922087,1.07220887266045,15.36,0,0,344,0
48,30,50.1054205408552,2.49741061922087,1.07220887266045,20.19,0,0,229,0
49,30,49.2955869404558,3.36898037803873,1.4814598743653,0,101,30000,0,1
49,30,49.2955869404558,3.36898037803873,1.4814598743653,3.31,0,0,691,0
49,30,49.2955869404558,3.36898037803873,1.4814598743653,3.44,0,0,668,0
49,30,49.2955869404558,3.36898037803873,1.4814598743653,7.38,0,0,334,0
49,30,49.2955869404558,3.36898037803873,1.4814598743653,11.6,0,0,320,0
50,30,58.2248470927659,3.12046504540365,0.753228203791713,0,101,30000,0,1
50,30,58.2248470927659,3.12046504540365,0.753228203791713,4.83,0,0,460,0
50,30,58.2248470927659,3.12046504540365,0.753228203791713,5.61,0,0,472,0
50,30,58.2248470927659,3.12046504540365,0.753228203791713,15.22,0,0,165,0
50,30,58.2248470927659,3.12046504540365,0.753228203791713,16.84,0,0,197,0
51,30,79.5554342843557,6.09191541065977,1.48057633814852,0,101,30000,0,1
51,30,79.5554342843557,6.09191541065977,1.48057633814852,4.69,0,0,334,0
51,30,79.5554342843557,6.09191541065977,1.48057633814852,5.86,0,0,231,0
51,30,79.5554342843557,6.09191541065977,1.48057633814852,7.88,0,0,203,0
51,30,79.5554342843557,6.09191541065977,1.48057633814852,18.32,0,0,93,0
52,30,70.001397139634,5.90638207730742,1.01723117927209,0,101,30000,0,1
52,30,70.001397139634,5.90638207730742,1.01723117927209,1.46,0,0,345,0
52,30,70.001397139634,5.90638207730742,1.01723117927209,2.69,0,0,351,0
52,30,70.001397139634,5.90638207730742,1.01723117927209,8.63,0,0,255,0
52,30,70.001397139634,5.90638207730742,1.01723117927209,11.48,0,0,237,0
53,30,102.422900991802,3.98135460606823,0.834702900975713,0,101,30000,0,1
53,30,102.422900991802,3.98135460606823,0.834702900975713,2.27,0,0,236,0
53,30,102.422900991802,3.98135460606823,0.834702900975713,3.78,0,0,297,0
53,30,102.422900991802,3.98135460606823,0.834702900975713,8.14,0,0,351,0
53,30,102.422900991802,3.98135460606823,0.834702900975713,16.72,0,0,178,0
54,30,79.456882991446,4.75221776176284,0.824310395371402,0,101,30000,0,1
54,30,79.456882991446,4.75221776176284,0.824310395371402,2.54,0,0,383,0
54,30,79.456882991446,4.75221776176284,0.824310395371402,10.36,0,0,200,0
54,30,79.456882991446,4.75221776176284,0.824310395371402,18.17,0,0,172,0
54,30,79.456882991446,4.75221776176284,0.824310395371402,21.04,0,0,125,0
55,30,59.1227495223797,6.76237390765957,0.658727441478739,0,101,30000,0,1
55,30,59.1227495223797,6.76237390765957,0.658727441478739,4.06,0,0,391,0
55,30,59.1227495223797,6.76237390765957,0.658727441478739,9.13,0,0,274,0
55,30,59.1227495223797,6.76237390765957,0.658727441478739,10.28,0,0,176,0
55,30,59.1227495223797,6.76237390765957,0.658727441478739,15.24,0,0,90,0
56,30,71.6815791737406,5.20451587710802,0.656913096429307,0,101,30000,0,1
56,30,71.6815791737406,5.20451587710802,0.656913096429307,1.96,0,0,353,0
56,30,71.6815791737406,5.20451587710802,0.656913096429307,4.3,0,0,310,0
56,30,71.6815791737406,5.20451587710802,0.656913096429307,5.96,0,0,332,0
56,30,71.6815791737406,5.20451587710802,0.656913096429307,6.02,0,0,328,0
57,30,50.8312436922591,5.25773490794993,1.32690169956376,0,101,30000,0,1
57,30,50.8312436922591,5.25773490794993,1.32690169956376,0.06,0,0,44,0
57,30,50.8312436922591,5.25773490794993,1.32690169956376,5.62,0,0,511,0
57,30,50.8312436922591,5.25773490794993,1.32690169956376,14.49,0,0,147,0
57,30,50.8312436922591,5.25773490794993,1.32690169956376,22.63,0,0,74,0
58,30,44.5006688087854,3.72014516297769,1.49138487494173,0,101,30000,0,1
58,30,44.5006688087854,3.72014516297769,1.49138487494173,0.25,0,0,199,0
58,30,44.5006688087854,3.72014516297769,1.49138487494173,5.44,0,0,499,0
58,30,44.5006688087854,3.72014516297769,1.49138487494173,7.63,0,0,246,0
58,30,44.5006688087854,3.72014516297769,1.49138487494173,15.39,0,0,265,0
59,30,65.6505164449354,4.35333177975608,2.28189915718502,0,101,30000,0,1
59,30,65.6505164449354,4.35333177975608,2.28189915718502,2.28,0,0,417,0
59,30,65.6505164449354,4.35333177975608,2.28189915718502,2.29,0,0,354,0
59,30,65.6505164449354,4.35333177975608,2.28189915718502,17.77,0,0,159,0
59,30,65.6505164449354,4.35333177975608,2.28189915718502,17.81,0,0,109,0
60,30,50.9409691708836,4.26435139921605,0.801657755094189,0,101,30000,0,1
60,30,50.9409691708836,4.26435139921605,0.801657755094189,5.13,0,0,496,0
60,30,50.9409691708836,4.26435139921605,0.801657755094189,5.92,0,0,342,0
60,30,50.9409691708836,4.26435139921605,0.801657755094189,14.89,0,0,157,0
60,30,50.9409691708836,4.26435139921605,0.801657755094189,20.45,0,0,142,0
61,60,101.891707530409,3.28774018855354,1.03563674389008,0,101,60000,0,1
61,60,101.891707530409,3.28774018855354,1.03563674389008,1.34,0,0,557,0
61,60,101.891707530409,3.28774018855354,1.03563674389008,9.49,0,0,316,0
61,60,101.891707530409,3.28774018855354,1.03563674389008,10.41,0,0,359,0
61,60,101.891707530409,3.28774018855354,1.03563674389008,21.46,0,0,207,0
62,60,52.1716361323136,3.98773487442785,1.07428750258094,0,101,60000,0,1
62,60,52.1716361323136,3.98773487442785,1.07428750258094,2.25,0,0,718,0
62,60,52.1716361323136,3.98773487442785,1.07428750258094,9.43,0,0,405,0
62,60,52.1716361323136,3.98773487442785,1.07428750258094,17.56,0,0,393,0
62,60,52.1716361323136,3.98773487442785,1.07428750258094,20.07,0,0,300,0
63,60,89.181390114494,2.52053612663599,0.965444106338411,0,101,60000,0,1
63,60,89.181390114494,2.52053612663599,0.965444106338411,4.09,0,0,861,0
63,60,89.181390114494,2.52053612663599,0.965444106338411,5.57,0,0,644,0
63,60,89.181390114494,2.52053612663599,0.965444106338411,13.83,0,0,572,0
63,60,89.181390114494,2.52053612663599,0.965444106338411,21.34,0,0,305,0
64,60,50.0281493655108,5.49718831492961,0.786689683230694,0,101,60000,0,1
64,60,50.0281493655108,5.49718831492961,0.786689683230694,3.31,0,0,865,0
64,60,50.0281493655108,5.49718831492961,0.786689683230694,13.99,0,0,243,0
64,60,50.0281493655108,5.49718831492961,0.786689683230694,18.51,0,0,146,0
64,60,50.0281493655108,5.49718831492961,0.786689683230694,19.98,0,0,175,0
65,60,59.6953910249595,3.18548095504147,0.914931781486902,0,101,60000,0,1
65,60,59.6953910249595,3.18548095504147,0.914931781486902,10.14,0,0,534,0
65,60,59.6953910249595,3.18548095504147,0.914931781486902,17.59,0,0,390,0
65,60,59.6953910249595,3.18548095504147,0.914931781486902,19.89,0,0,324,0
65,60,59.6953910249595,3.18548095504147,0.914931781486902,21.12,0,0,273,0
66,60,58.3423413384053,3.2190168034569,1.00515297627973,0,101,60000,0,1
66,60,58.3423413384053,3.2190168034569,1.00515297627973,13.68,0,0,456,0
66,60,58.3423413384053,3.2190168034569,1.00515297627973,13.88,0,0,551,0
66,60,58.3423413384053,3.2190168034569,1.00515297627973,16.42,0,0,374,0
66,60,58.3423413384053,3.2190168034569,1.00515297627973,17.15,0,0,458,0
67,60,78.7640666399556,3.17175592983767,0.612204146926989,0,101,60000,0,1
67,60,78.7640666399556,3.17175592983767,0.612204146926989,10.97,0,0,580,0
67,60,78.7640666399556,3.17175592983767,0.612204146926989,12.99,0,0,492,0
67,60,78.7640666399556,3.17175592983767,0.612204146926989,19.15,0,0,345,0
67,60,78.7640666399556,3.17175592983767,0.612204146926989,23.79,0,0,392,0
68,60,49.3243597459457,4.52660946777739,1.95354171687319,0,101,60000,0,1
68,60,49.3243597459457,4.52660946777739,1.95354171687319,2.88,0,0,819,0
68,60,49.3243597459457,4.52660946777739,1.95354171687319,7.2,0,0,474,0
68,60,49.3243597459457,4.52660946777739,1.95354171687319,12.27,0,0,390,0
68,60,49.3243597459457,4.52660946777739,1.95354171687319,13.69,0,0,296,0
69,60,62.2847280261372,3.78555517947202,0.656514487802344,0,101,60000,0,1
69,60,62.2847280261372,3.78555517947202,0.656514487802344,3.21,0,0,914,0
69,60,62.2847280261372,3.78555517947202,0.656514487802344,15.63,0,0,363,0
69,60,62.2847280261372,3.78555517947202,0.656514487802344,16.75,0,0,379,0
69,60,62.2847280261372,3.78555517947202,0.656514487802344,20.85,0,0,338,0
70,60,68.621682422861,3.67798130742091,1.76826152105201,0,101,60000,0,1
70,60,68.621682422861,3.67798130742091,1.76826152105201,10.24,0,0,486,0
70,60,68.621682422861,3.67798130742091,1.76826152105201,12.19,0,0,449,0
70,60,68.621682422861,3.67798130742091,1.76826152105201,16.97,0,0,385,0
70,60,68.621682422861,3.67798130742091,1.76826152105201,20.06,0,0,371,0
71,60,50.386230917302,3.6350736720035,0.969504879645001,0,101,60000,0,1
71,60,50.386230917302,3.6350736720035,0.969504879645001,0.09,0,0,113,0
71,60,50.386230917302,3.6350736720035,0.969504879645001,11.29,0,0,667,0
71,60,50.386230917302,3.6350736720035,0.969504879645001,11.52,0,0,573,0
71,60,50.386230917302,3.6350736720035,0.969504879645001,16.42,0,0,351,0
72,60,56.333628023979,3.41876971357026,0.633535116960933,0,101,60000,0,1
72,60,56.333628023979,3.41876971357026,0.633535116960933,2.01,0,0,893,0
72,60,56.333628023979,3.41876971357026,0.633535116960933,7.21,0,0,767,0
72,60,56.333628023979,3.41876971357026,0.633535116960933,14.05,0,0,659,0
72,60,56.333628023979,3.41876971357026,0.633535116960933,15.7,0,0,489,0
73,60,88.5189958175062,5.18794664204067,1.03227921064371,0,101,60000,0,1
73,60,88.5189958175062,5.18794664204067,1.03227921064371,3.53,0,0,659,0
73,60,88.5189958175062,5.18794664204067,1.03227921064371,11.28,0,0,425,0
73,60,88.5189958175062,5.18794664204067,1.03227921064371,20.24,0,0,229,0
73,60,88.5189958175062,5.18794664204067,1.03227921064371,22.64,0,0,194,0
74,60,74.5792772416253,3.45567252670886,1.23696797700108,0,101,60000,0,1
74,60,74.5792772416253,3.45567252670886,1.23696797700108,7.98,0,0,479,0
74,60,74.5792772416253,3.45567252670886,1.23696797700108,12.93,0,0,534,0
74,60,74.5792772416253,3.45567252670886,1.23696797700108,13.53,0,0,388,0
74,60,74.5792772416253,3.45567252670886,1.23696797700108,13.93,0,0,419,0
75,60,57.0434927507981,3.36202874902683,0.939993056012004,0,101,60000,0,1
75,60,57.0434927507981,3.36202874902683,0.939993056012004,14.32,0,0,488,0
75,60,57.0434927507981,3.36202874902683,0.939993056012004,15.11,0,0,396,0
75,60,57.0434927507981,3.36202874902683,0.939993056012004,20.34,0,0,376,0
75,60,57.0434927507981,3.36202874902683,0.939993056012004,20.8,0,0,368,0
76,60,56.4438455200699,9.88899808535042,0.611629470900478,0,101,60000,0,1
76,60,56.4438455200699,9.88899808535042,0.611629470900478,13.57,0,0,139,0
76,60,56.4438455200699,9.88899808535042,0.611629470900478,13.68,0,0,151,0
76,60,56.4438455200699,9.88899808535042,0.611629470900478,20.1,0,0,58,0
76,60,56.4438455200699,9.88899808535042,0.611629470900478,22.66,0,0,23,0
77,60,114.399312430196,8.15535128021092,1.35529838169104,0,101,60000,0,1
77,60,114.399312430196,8.15535128021092,1.35529838169104,0.47,0,0,298,0
77,60,114.399312430196,8.15535128021092,1.35529838169104,2.25,0,0,466,0
77,60,114.399312430196,8.15535128021092,1.35529838169104,12.31,0,0,239,0
77,60,114.399312430196,8.15535128021092,1.35529838169104,23.18,0,0,121,0
78,60,91.5155702542921,2.46480395763395,0.85107689873685,0,101,60000,0,1
78,60,91.5155702542921,2.46480395763395,0.85107689873685,4.14,0,0,562,0
78,60,91.5155702542921,2.46480395763395,0.85107689873685,5.22,0,0,662,0
78,60,91.5155702542921,2.46480395763395,0.85107689873685,16.82,0,0,311,0
78,60,91.5155702542921,2.46480395763395,0.85107689873685,21.69,0,0,349,0
79,60,55.5937505543835,5.99456878535653,0.897902221420767,0,101,60000,0,1
79,60,55.5937505543835,5.99456878535653,0.897902221420767,0.91,0,0,569,0
79,60,55.5937505543835,5.99456878535653,0.897902221420767,3.54,0,0,679,0
79,60,55.5937505543835,5.99456878535653,0.897902221420767,8.81,0,0,452,0
79,60,55.5937505543835,5.99456878535653,0.897902221420767,16.53,0,0,207,0
80,60,84.5221223268479,4.27070812940617,1.07795927923605,0,101,60000,0,1
80,60,84.5221223268479,4.27070812940617,1.07795927923605,1.36,0,0,492,0
80,60,84.5221223268479,4.27070812940617,1.07795927923605,7.7,0,0,452,0
80,60,84.5221223268479,4.27070812940617,1.07795927923605,15.01,0,0,364,0
80,60,84.5221223268479,4.27070812940617,1.07795927923605,21.03,0,0,346,0
81,60,73.8936206662898,4.04698196901706,0.767002152462299,0,101,60000,0,1
81,60,73.8936206662898,4.04698196901706,0.767002152462299,5.51,0,0,464,0
81,60,73.8936206662898,4.04698196901706,0.767002152462299,11.87,0,0,388,0
81,60,73.8936206662898,4.04698196901706,0.767002152462299,12.52,0,0,602,0
81,60,73.8936206662898,4.04698196901706,0.767002152462299,17.2,0,0,398,0
82,60,73.0120319906444,4.70558893508086,1.012770365431,0,101,60000,0,1
82,60,73.0120319906444,4.70558893508086,1.012770365431,3.19,0,0,771,0
82,60,73.0120319906444,4.70558893508086,1.012770365431,7.13,0,0,632,0
82,60,73.0120319906444,4.70558893508086,1.012770365431,22.68,0,0,276,0
82,60,73.0120319906444,4.70558893508086,1.012770365431,23.96,0,0,222,0
83,60,80.0979015193557,3.0507119423336,0.787069055084247,0,101,60000,0,1
83,60,80.0979015193557,3.0507119423336,0.787069055084247,2.17,0,0,445,0
83,60,80.0979015193557,3.0507119423336,0.787069055084247,2.34,0,0,445,0
83,60,80.0979015193557,3.0507119423336,0.787069055084247,16.07,0,0,361,0
83,60,80.0979015193557,3.0507119423336,0.787069055084247,23.29,0,0,266,0
84,60,66.8652283459643,3.62638513734318,1.41596293771261,0,101,60000,0,1
84,60,66.8652283459643,3.62638513734318,1.41596293771261,1.66,0,0,681,0
84,60,66.8652283459643,3.62638513734318,1.41596293771261,6.18,0,0,685,0
84,60,66.8652283459643,3.62638513734318,1.41596293771261,9.42,0,0,506,0
84,60,66.8652283459643,3.62638513734318,1.41596293771261,10.45,0,0,497,0
85,60,143.786232942427,4.42262418949953,0.982748782486353,0,101,60000,0,1
85,60,143.786232942427,4.42262418949953,0.982748782486353,13.51,0,0,218,0
85,60,143.786232942427,4.42262418949953,0.982748782486353,13.73,0,0,207,0
85,60,143.786232942427,4.42262418949953,0.982748782486353,15.99,0,0,250,0
85,60,143.786232942427,4.42262418949953,0.982748782486353,21.38,0,0,219,0
86,60,97.4397672665127,3.73512688384739,1.03200037863279,0,101,60000,0,1
86,60,97.4397672665127,3.73512688384739,1.03200037863279,6.8,0,0,340,0
86,60,97.4397672665127,3.73512688384739,1.03200037863279,13.2,0,0,451,0
86,60,97.4397672665127,3.73512688384739,1.03200037863279,14.27,0,0,332,0
86,60,97.4397672665127,3.73512688384739,1.03200037863279,23.88,0,0,237,0
87,60,94.8288188581924,3.26547142067251,0.936774731598892,0,101,60000,0,1
87,60,94.8288188581924,3.26547142067251,0.936774731598892,0.85,0,0,414,0
87,60,94.8288188581924,3.26547142067251,0.936774731598892,1.44,0,0,479,0
87,60,94.8288188581924,3.26547142067251,0.936774731598892,7.55,0,0,357,0
87,60,94.8288188581924,3.26547142067251,0.936774731598892,12.99,0,0,403,0
88,60,101.02652913217,5.91071962521974,1.0218876536307,0,101,60000,0,1
88,60,101.02652913217,5.91071962521974,1.0218876536307,1.06,0,0,478,0
88,60,101.02652913217,5.91071962521974,1.0218876536307,4.61,0,0,512,0
88,60,101.02652913217,5.91071962521974,1.0218876536307,4.73,0,0,412,0
88,60,101.02652913217,5.91071962521974,1.0218876536307,9.69,0,0,382,0
89,60,64.4668914528873,4.45262298948786,0.845011276980439,0,101,60000,0,1
89,60,64.4668914528873,4.45262298948786,0.845011276980439,0.26,0,0,165,0
89,60,64.4668914528873,4.45262298948786,0.845011276980439,9.72,0,0,504,0
89,60,64.4668914528873,4.45262298948786,0.845011276980439,14.85,0,0,304,0
89,60,64.4668914528873,4.45262298948786,0.845011276980439,15.45,0,0,254,0
90,60,59.7251083924653,4.95974022986865,1.09701479498527,0,101,60000,0,1
90,60,59.7251083924653,4.95974022986865,1.09701479498527,12.29,0,0,778,0
90,60,59.7251083924653,4.95974022986865,1.09701479498527,13.63,0,0,336,0
90,60,59.7251083924653,4.95974022986865,1.09701479498527,14.16,0,0,350,0
90,60,59.7251083924653,4.95974022986865,1.09701479498527,16.42,0,0,263,0
91,120,86.7383259946571,3.5959436525204,0.975576865672683,0,101,120000,0,1
91,120,86.7383259946571,3.5959436525204,0.975576865672683,9.24,0,0,968,0
91,120,86.7383259946571,3.5959436525204,0.975576865672683,13.97,0,0,1200,0
91,120,86.7383259946571,3.5959436525204,0.975576865672683,16.51,0,0,578,0
91,120,86.7383259946571,3.5959436525204,0.975576865672683,23.59,0,0,458,0
92,120,77.3318337076122,3.73482227942685,1.75629369100695,0,101,120000,0,1
92,120,77.3318337076122,3.73482227942685,1.75629369100695,3.79,0,0,944,0
92,120,77.3318337076122,3.73482227942685,1.75629369100695,17.38,0,0,725,0
92,120,77.3318337076122,3.73482227942685,1.75629369100695,18.05,0,0,603,0
92,120,77.3318337076122,3.73482227942685,1.75629369100695,21.1,0,0,496,0
93,120,69.3891524497898,4.54791731835344,0.766827322738465,0,101,120000,0,1
93,120,69.3891524497898,4.54791731835344,0.766827322738465,5.14,0,0,1005,0
93,120,69.3891524497898,4.54791731835344,0.766827322738465,12.44,0,0,575,0
93,120,69.3891524497898,4.54791731835344,0.766827322738465,15.48,0,0,788,0
93,120,69.3891524497898,4.54791731835344,0.766827322738465,17.03,0,0,558,0
94,120,62.7143603995492,4.61733086921481,1.11958115924784,0,101,120000,0,1
94,120,62.7143603995492,4.61733086921481,1.11958115924784,0.05,0,0,118,0
94,120,62.7143603995492,4.61733086921481,1.11958115924784,2.37,0,0,1599,0
94,120,62.7143603995492,4.61733086921481,1.11958115924784,12.47,0,0,843,0
94,120,62.7143603995492,4.61733086921481,1.11958115924784,22.04,0,0,469,0
95,120,54.1362348855618,4.63268539535821,1.75982590758144,0,101,120000,0,1
95,120,54.1362348855618,4.63268539535821,1.75982590758144,7.82,0,0,1457,0
95,120,54.1362348855618,4.63268539535821,1.75982590758144,14.76,0,0,502,0
95,120,54.1362348855618,4.63268539535821,1.75982590758144,18,0,0,593,0
95,120,54.1362348855618,4.63268539535821,1.75982590758144,23.05,0,0,300,0
96,120,38.4640614459667,7.64339586891972,1.25169454330815,0,101,120000,0,1
96,120,38.4640614459667,7.64339586891972,1.25169454330815,0.01,0,0,40,0
96,120,38.4640614459667,7.64339586891972,1.25169454330815,0.77,0,0,1864,0
96,120,38.4640614459667,7.64339586891972,1.25169454330815,9.19,0,0,659,0
96,120,38.4640614459667,7.64339586891972,1.25169454330815,18.63,0,0,67,0
97,120,63.716815974228,2.95989657158436,0.892237421251504,0,101,120000,0,1
97,120,63.716815974228,2.95989657158436,0.892237421251504,11.17,0,0,1254,0
97,120,63.716815974228,2.95989657158436,0.892237421251504,13.87,0,0,1336,0
97,120,63.716815974228,2.95989657158436,0.892237421251504,14.66,0,0,1195,0
97,120,63.716815974228,2.95989657158436,0.892237421251504,22.37,0,0,796,0
98,120,63.6884942108945,4.46528221564665,1.40273992241154,0,101,120000,0,1
98,120,63.6884942108945,4.46528221564665,1.40273992241154,0.73,0,0,1327,0
98,120,63.6884942108945,4.46528221564665,1.40273992241154,1.37,0,0,1384,0
98,120,63.6884942108945,4.46528221564665,1.40273992241154,8.49,0,0,925,0
98,120,63.6884942108945,4.46528221564665,1.40273992241154,9.46,0,0,1082,0
99,120,80.4047480931955,4.49077532630463,1.36697592956162,0,101,120000,0,1
99,120,80.4047480931955,4.49077532630463,1.36697592956162,7.12,0,0,1185,0
99,120,80.4047480931955,4.49077532630463,1.36697592956162,15.01,0,0,713,0
99,120,80.4047480931955,4.49077532630463,1.36697592956162,18.12,0,0,439,0
99,120,80.4047480931955,4.49077532630463,1.36697592956162,19.71,0,0,598,0
100,120,55.1357047995346,3.17920573447741,0.615212039941687,0,101,120000,0,1
100,120,55.1357047995346,3.17920573447741,0.615212039941687,3.96,0,0,1806,0
100,120,55.1357047995346,3.17920573447741,0.615212039941687,9.42,0,0,1307,0
100,120,55.1357047995346,3.17920573447741,0.615212039941687,12.49,0,0,1083,0
100,120,55.1357047995346,3.17920573447741,0.615212039941687,13.91,0,0,1139,0
101,120,62.6856280753873,3.49918328800643,0.742888756759851,0,101,120000,0,1
101,120,62.6856280753873,3.49918328800643,0.742888756759851,0.71,0,0,1050,0
101,120,62.6856280753873,3.49918328800643,0.742888756759851,3.94,0,0,2182,0
101,120,62.6856280753873,3.49918328800643,0.742888756759851,14.27,0,0,1038,0
101,120,62.6856280753873,3.49918328800643,0.742888756759851,23.94,0,0,583,0
102,120,57.4381364811839,3.60559794487241,1.19780198949554,0,101,120000,0,1
102,120,57.4381364811839,3.60559794487241,1.19780198949554,13.97,0,0,837,0
102,120,57.4381364811839,3.60559794487241,1.19780198949554,19.8,0,0,1147,0
102,120,57.4381364811839,3.60559794487241,1.19780198949554,20.03,0,0,550,0
102,120,57.4381364811839,3.60559794487241,1.19780198949554,22.11,0,0,626,0
103,120,158.976901842166,4.025050484712,1.29653889800412,0,101,120000,0,1
103,120,158.976901842166,4.025050484712,1.29653889800412,2.62,0,0,944,0
103,120,158.976901842166,4.025050484712,1.29653889800412,4.41,0,0,632,0
103,120,158.976901842166,4.025050484712,1.29653889800412,7.76,0,0,794,0
103,120,158.976901842166,4.025050484712,1.29653889800412,17.41,0,0,561,0
104,120,91.1428867212481,3.60792831972109,1.12416148536651,0,101,120000,0,1
104,120,91.1428867212481,3.60792831972109,1.12416148536651,1.8,0,0,981,0
104,120,91.1428867212481,3.60792831972109,1.12416148536651,14.85,0,0,827,0
104,120,91.1428867212481,3.60792831972109,1.12416148536651,17.36,0,0,659,0
104,120,91.1428867212481,3.60792831972109,1.12416148536651,19.26,0,0,494,0
105,120,87.9028526437649,3.21359344924384,0.835130999440292,0,101,120000,0,1
105,120,87.9028526437649,3.21359344924384,0.835130999440292,1.01,0,0,884,0
105,120,87.9028526437649,3.21359344924384,0.835130999440292,12.91,0,0,1022,0
105,120,87.9028526437649,3.21359344924384,0.835130999440292,19.74,0,0,610,0
105,120,87.9028526437649,3.21359344924384,0.835130999440292,20.02,0,0,675,0
106,120,111.663831246742,4.51226642855319,0.800655855524077,0,101,120000,0,1
106,120,111.663831246742,4.51226642855319,0.800655855524077,0.31,0,0,281,0
106,120,111.663831246742,4.51226642855319,0.800655855524077,1.24,0,0,427,0
106,120,111.663831246742,4.51226642855319,0.800655855524077,6.71,0,0,1129,0
106,120,111.663831246742,4.51226642855319,0.800655855524077,12.34,0,0,1001,0
107,120,75.7955719276637,2.15594828759255,0.936450294226207,0,101,120000,0,1
107,120,75.7955719276637,2.15594828759255,0.936450294226207,10.79,0,0,1390,0
107,120,75.7955719276637,2.15594828759255,0.936450294226207,16.65,0,0,938,0
107,120,75.7955719276637,2.15594828759255,0.936450294226207,19.12,0,0,761,0
107,120,75.7955719276637,2.15594828759255,0.936450294226207,21.8,0,0,973,0
108,120,71.5872350959566,4.85077855197566,1.22838651039189,0,101,120000,0,1
108,120,71.5872350959566,4.85077855197566,1.22838651039189,8.92,0,0,840,0
108,120,71.5872350959566,4.85077855197566,1.22838651039189,14.73,0,0,702,0
108,120,71.5872350959566,4.85077855197566,1.22838651039189,20.39,0,0,368,0
108,120,71.5872350959566,4.85077855197566,1.22838651039189,21.35,0,0,385,0
109,120,95.9084666229658,4.24759919054747,0.723069753623172,0,101,120000,0,1
109,120,95.9084666229658,4.24759919054747,0.723069753623172,9.95,0,0,933,0
109,120,95.9084666229658,4.24759919054747,0.723069753623172,10.29,0,0,878,0
109,120,95.9084666229658,4.24759919054747,0.723069753623172,19.09,0,0,401,0
109,120,95.9084666229658,4.24759919054747,0.723069753623172,19.77,0,0,660,0
110,120,122.338176962235,3.61289055918062,0.868146486337839,0,101,120000,0,1
110,120,122.338176962235,3.61289055918062,0.868146486337839,10.29,0,0,1132,0
110,120,122.338176962235,3.61289055918062,0.868146486337839,16.1,0,0,763,0
110,120,122.338176962235,3.61289055918062,0.868146486337839,18.22,0,0,699,0
111,120,136.273465806369,2.39387368896907,1.42730405986306,0,101,120000,0,1
111,120,136.273465806369,2.39387368896907,1.42730405986306,9.64,0,0,788,0
111,120,136.273465806369,2.39387368896907,1.42730405986306,13.48,0,0,653,0
111,120,136.273465806369,2.39387368896907,1.42730405986306,14.23,0,0,701,0
111,120,136.273465806369,2.39387368896907,1.42730405986306,20.7,0,0,534,0
112,120,45.1376002690817,3.53488598355719,1.29830864150158,0,101,120000,0,1
112,120,45.1376002690817,3.53488598355719,1.29830864150158,0.13,0,0,420,0
112,120,45.1376002690817,3.53488598355719,1.29830864150158,1.85,0,0,2585,0
112,120,45.1376002690817,3.53488598355719,1.29830864150158,3.93,0,0,1683,0
112,120,45.1376002690817,3.53488598355719,1.29830864150158,6.5,0,0,2005,0
113,120,63.40828368248,3.8442194364635,1.81054700526579,0,101,120000,0,1
113,120,63.40828368248,3.8442194364635,1.81054700526579,0.5,0,0,1358,0
113,120,63.40828368248,3.8442194364635,1.81054700526579,9.24,0,0,1172,0
113,120,63.40828368248,3.8442194364635,1.81054700526579,12.92,0,0,1207,0
113,120,63.40828368248,3.8442194364635,1.81054700526579,20.24,0,0,434,0
114,120,74.1070167325676,4.45476497706353,1.30022539923766,0,101,120000,0,1
114,120,74.1070167325676,4.45476497706353,1.30022539923766,7.37,0,0,978,0
114,120,74.1070167325676,4.45476497706353,1.30022539923766,9.63,0,0,997,0
114,120,74.1070167325676,4.45476497706353,1.30022539923766,11.92,0,0,736,0
114,120,74.1070167325676,4.45476497706353,1.30022539923766,20.25,0,0,466,0
115,120,78.3932743312015,5.1541836466109,1.21415748778499,0,101,120000,0,1
115,120,78.3932743312015,5.1541836466109,1.21415748778499,8.01,0,0,949,0
115,120,78.3932743312015,5.1541836466109,1.21415748778499,13.59,0,0,600,0
115,120,78.3932743312015,5.1541836466109,1.21415748778499,17.74,0,0,719,0
115,120,78.3932743312015,5.1541836466109,1.21415748778499,20.31,0,0,338,0
116,120,70.957659201965,3.04554093035581,1.52399205900079,0,101,120000,0,1
116,120,70.957659201965,3.04554093035581,1.52399205900079,2.22,0,0,1771,0
116,120,70.957659201965,3.04554093035581,1.52399205900079,12.92,0,0,1279,0
116,120,70.957659201965,3.04554093035581,1.52399205900079,15.07,0,0,669,0
116,120,70.957659201965,3.04554093035581,1.52399205900079,15.72,0,0,926,0
117,120,67.5843911325359,4.3438404553064,1.11970109360262,0,101,120000,0,1
117,120,67.5843911325359,4.3438404553064,1.11970109360262,6.33,0,0,973,0
117,120,67.5843911325359,4.3438404553064,1.11970109360262,9.35,0,0,1185,0
117,120,67.5843911325359,4.3438404553064,1.11970109360262,15.59,0,0,758,0
117,120,67.5843911325359,4.3438404553064,1.11970109360262,22.37,0,0,625,0
118,120,64.0618189109037,5.18462938808708,0.761262382917961,0,101,120000,0,1
118,120,64.0618189109037,5.18462938808708,0.761262382917961,9.06,0,0,1071,0
118,120,64.0618189109037,5.18462938808708,0.761262382917961,20.3,0,0,393,0
118,120,64.0618189109037,5.18462938808708,0.761262382917961,22.63,0,0,326,0
118,120,64.0618189109037,5.18462938808708,0.761262382917961,22.9,0,0,442,0
119,120,64.3826455129144,3.7842465150112,1.0402973192036,0,101,120000,0,1
119,120,64.3826455129144,3.7842465150112,1.0402973192036,2.34,0,0,1474,0
119,120,64.3826455129144,3.7842465150112,1.0402973192036,2.57,0,0,2413,0
119,120,64.3826455129144,3.7842465150112,1.0402973192036,8.3,0,0,1380,0
119,120,64.3826455129144,3.7842465150112,1.0402973192036,16.12,0,0,768,0
120,120,40.2951274897465,5.58558910594522,0.800235686904888,0,101,120000,0,1
120,120,40.2951274897465,5.58558910594522,0.800235686904888,2.92,0,0,2026,0
120,120,40.2951274897465,5.58558910594522,0.800235686904888,4.14,0,0,1407,0
120,120,40.2951274897465,5.58558910594522,0.800235686904888,13.79,0,0,629,0
120,120,40.2951274897465,5.58558910594522,0.800235686904888,17.05,0,0,276,0
