ID,DOSE,V,CL,KA,TIME,EVID,AMT,DV,EVIDNM
1,10,106.921630716071,5.77026664841053,1.52123693043643,0,101,10000,0,1
1,10,106.921630716071,5.77026664841053,1.52123693043643,6.45,0,0,50,0
1,10,106.921630716071,5.77026664841053,1.52123693043643,7.38,0,0,60,0
1,10,106.921630716071,5.77026664841053,1.52123693043643,16.03,0,0,26,0
1,10,106.921630716071,5.77026664841053,1.52123693043643,23.4,0,0,20,0
2,10,81.8489159920876,6.66760659519643,1.14207814268033,0,101,10000,0,1
2,10,81.8489159920876,6.66760659519643,1.14207814268033,7.89,0,0,50,0
2,10,81.8489159920876,6.66760659519643,1.14207814268033,11.28,0,0,74,0
2,10,81.8489159920876,6.66760659519643,1.14207814268033,15.09,0,0,42,0
2,10,81.8489159920876,6.66760659519643,1.14207814268033,23.57,0,0,21,0
3,10,84.9921212123186,5.54291350469085,0.869280601296091,0,101,10000,0,1
3,10,84.9921212123186,5.54291350469085,0.869280601296091,1.14,0,0,96,0
3,10,84.9921212123186,5.54291350469085,0.869280601296091,4.31,0,0,127,0
3,10,84.9921212123186,5.54291350469085,0.869280601296091,5.08,0,0,119,0
3,10,84.9921212123186,5.54291350469085,0.869280601296091,13.58,0,0,46,0
4,10,83.014932128734,3.75701123705834,0.89421491775534,0,101,10000,0,1
4,10,83.014932128734,3.75701123705834,0.89421491775534,8.76,0,0,100,0
4,10,83.014932128734,3.75701123705834,0.89421491775534,12.51,0,0,94,0
4,10,83.014932128734,3.75701123705834,0.89421491775534,17.3,0,0,64,0
4,10,83.014932128734,3.75701123705834,0.89421491775534,18.49,0,0,57,0
5,10,61.9531683475386,3.27792321657881,0.895487699303612,0,101,10000,0,1
5,10,61.9531683475386,3.27792321657881,0.895487699303612,0.35,0,0,28,0
5,10,61.9531683475386,3.27792321657881,0.895487699303612,10.1,0,0,71,0
5,10,61.9531683475386,3.27792321657881,0.895487699303612,14.81,0,0,56,0
5,10,61.9531683475386,3.27792321657881,0.895487699303612,16.25,0,0,62,0
6,10,95.7495019020694,2.89423618904788,1.09523360946731,0,101,10000,0,1
6,10,95.7495019020694,2.89423618904788,1.09523360946731,4.94,0,0,116,0
6,10,95.7495019020694,2.89423618904788,1.09523360946731,5.99,0,0,79,0
6,10,95.7495019020694,2.89423618904788,1.09523360946731,10.32,0,0,69,0
6,10,95.7495019020694,2.89423618904788,1.09523360946731,20.09,0,0,60,0
7,10,59.4806802795938,3.2611925889599,0.741323650722587,0,101,10000,0,1
7,10,59.4806802795938,3.2611925889599,0.741323650722587,7.2,0,0,119,0
7,10,59.4806802795938,3.2611925889599,0.741323650722587,15.36,0,0,77,0
7,10,59.4806802795938,3.2611925889599,0.741323650722587,17.07,0,0,70,0
7,10,59.4806802795938,3.2611925889599,0.741323650722587,19.99,0,0,69,0
8,10,75.5706265257007,3.53908262859645,1.04536946870237,0,101,10000,0,1
8,10,75.5706265257007,3.53908262859645,1.04536946870237,0.8,0,0,63,0
8,10,75.5706265257007,3.53908262859645,1.04536946870237,13,0,0,75,0
8,10,75.5706265257007,3.53908262859645,1.04536946870237,15.24,0,0,67,0
8,10,75.5706265257007,3.53908262859645,1.04536946870237,18.97,0,0,41,0
9,10,78.2566379571154,4.76251787173966,0.943074076769544,0,101,10000,0,1
9,10,78.2566379571154,4.76251787173966,0.943074076769544,4.95,0,0,95,0
9,10,78.2566379571154,4.76251787173966,0.943074076769544,4.98,0,0,86,0
9,10,78.2566379571154,4.76251787173966,0.943074076769544,5.33,0,0,88,0
9,10,78.2566379571154,4.76251787173966,0.943074076769544,6.34,0,0,110,0
10,10,71.2875661226039,2.96927960431267,0.777495433336816,0,101,10000,0,1
10,10,71.2875661226039,2.96927960431267,0.777495433336816,10.03,0,0,96,0
10,10,71.2875661226039,2.96927960431267,0.777495433336816,12.64,0,0,93,0
10,10,71.2875661226039,2.96927960431267,0.777495433336816,20.54,0,0,55,0
10,10,71.2875661226039,2.96927960431267,0.777495433336816,22.05,0,0,77,0
11,10,78.8843673062923,3.09848178593912,1.45927913178669,0,101,10000,0,1
11,10,78.8843673062923,3.09848178593912,1.45927913178669,7.35,0,0,109,0
11,10,78.8843673062923,3.09848178593912,1.45927913178669,8.96,0,0,120,0
11,10,78.8843673062923,3.09848178593912,1.45927913178669,10.3,0,0,67,0
11,10,78.8843673062923,3.09848178593912,1.45927913178669,23.95,0,0,62,0
12,10,105.787079335801,3.09386204271553,0.564378019124879,0,101,10000,0,1
12,10,105.787079335801,3.09386204271553,0.564378019124879,3.78,0,0,77,0
12,10,105.787079335801,3.09386204271553,0.564378019124879,7.7,0,0,58,0
12,10,105.787079335801,3.09386204271553,0.564378019124879,9.67,0,0,72,0
12,10,105.787079335801,3.09386204271553,0.564378019124879,13.6,0,0,64,0
13,10,102.980064755067,4.97544731566283,1.03500371236511,0,101,10000,0,1
13,10,102.980064755067,4.97544731566283,1.03500371236511,2.83,0,0,107,0
13,10,102.980064755067,4.97544731566283,1.03500371236511,14.84,0,0,44,0
13,10,102.980064755067,4.97544731566283,1.03500371236511,20.06,0,0,37,0
13,10,102.980064755067,4.97544731566283,1.03500371236511,22.5,0,0,42,0
14,10,54.7082852844126,4.51511977225029,1.38560242195801,0,101,10000,0,1
14,10,54.7082852844126,4.51511977225029,1.38560242195801,5.18,0,0,126,0
14,10,54.7082852844126,4.51511977225029,1.38560242195801,10.99,0,0,76,0
14,10,54.7082852844126,4.51511977225029,1.38560242195801,11.85,0,0,56,0
14,10,54.7082852844126,4.51511977225029,1.38560242195801,19.88,0,0,39,0
15,10,66.9488315916961,7.57724460698841,0.494258512434938,0,101,10000,0,1
15,10,66.9488315916961,7.57724460698841,0.494258512434938,5.69,0,0,113,0
15,10,66.9488315916961,7.57724460698841,0.494258512434938,7.37,0,0,81,0
15,10,66.9488315916961,7.57724460698841,0.494258512434938,20.38,0,0,14,0
15,10,66.9488315916961,7.57724460698841,0.494258512434938,20.61,0,0,19,0
16,10,61.6694730129093,6.10834033116317,0.932131607452827,0,101,10000,0,1
16,10,61.6694730129093,6.10834033116317,0.932131607452827,11.83,0,0,61,0
16,10,61.6694730129093,6.10834033116317,0.932131607452827,13.28,0,0,49,0
16,10,61.6694730129093,6.10834033116317,0.932131607452827,16.74,0,0,39,0
16,10,61.6694730129093,6.10834033116317,0.932131607452827,20.29,0,0,21,0
17,10,85.0896368956634,3.07120836944887,0.60330806317251,0,101,10000,0,1
17,10,85.0896368956634,3.07120836944887,0.60330806317251,2.14,0,0,85,0
17,10,85.0896368956634,3.07120836944887,0.60330806317251,10.95,0,0,75,0
17,10,85.0896368956634,3.07120836944887,0.60330806317251,12.15,0,0,75,0
17,10,85.0896368956634,3.07120836944887,0.60330806317251,14.94,0,0,92,0
18,10,50.5858945852472,4.23847007397841,0.685687309767583,0,101,10000,0,1
18,10,50.5858945852472,4.23847007397841,0.685687309767583,0.64,0,0,61,0
18,10,50.5858945852472,4.23847007397841,0.685687309767583,12.01,0,0,87,0
18,10,50.5858945852472,4.23847007397841,0.685687309767583,17.11,0,0,50,0
18,10,50.5858945852472,4.23847007397841,0.685687309767583,19.99,0,0,25,0
19,10,57.3212411971938,5.85920514258378,1.11825017202191,0,101,10000,0,1
19,10,57.3212411971938,5.85920514258378,1.11825017202191,3.92,0,0,128,0
19,10,57.3212411971938,5.85920514258378,1.11825017202191,8.96,0,0,88,0
19,10,57.3212411971938,5.85920514258378,1.11825017202191,17.75,0,0,29,0
19,10,57.3212411971938,5.85920514258378,1.11825017202191,22.43,0,0,20,0
20,10,75.636068464784,2.50285932409508,1.23729645566615,0,101,10000,0,1
20,10,75.636068464784,2.50285932409508,1.23729645566615,3.69,0,0,100,0
20,10,75.636068464784,2.50285932409508,1.23729645566615,7.46,0,0,110,0
20,10,75.636068464784,2.50285932409508,1.23729645566615,13.38,0,0,92,0
20,10,75.636068464784,2.50285932409508,1.23729645566615,19.99,0,0,72,0
21,10,100.514284221669,4.70900082318382,0.909437451525245,0,101,10000,0,1
21,10,100.514284221669,4.70900082318382,0.909437451525245,5.79,0,0,81,0
21,10,100.514284221669,4.70900082318382,0.909437451525245,6.34,0,0,103,0
21,10,100.514284221669,4.70900082318382,0.909437451525245,15.19,0,0,47,0
21,10,100.514284221669,4.70900082318382,0.909437451525245,23.31,0,0,31,0
22,10,61.9797754021923,2.94754293928275,0.938423884995912,0,101,10000,0,1
22,10,61.9797754021923,2.94754293928275,0.938423884995912,7.19,0,0,187,0
22,10,61.9797754021923,2.94754293928275,0.938423884995912,8.84,0,0,93,0
22,10,61.9797754021923,2.94754293928275,0.938423884995912,12.65,0,0,110,0
22,10,61.9797754021923,2.94754293928275,0.938423884995912,19.74,0,0,52,0
23,10,66.5333062288287,2.93459005091784,1.25373840996137,0,101,10000,0,1
23,10,66.5333062288287,2.93459005091784,1.25373840996137,1.08,0,0,96,0
23,10,66.5333062288287,2.93459005091784,1.25373840996137,13.08,0,0,79,0
23,10,66.5333062288287,2.93459005091784,1.25373840996137,18.69,0,0,56,0
23,10,66.5333062288287,2.93459005091784,1.25373840996137,21.43,0,0,61,0
24,10,74.3639767085168,4.56853222422581,1.06130101985501,0,101,10000,0,1
24,10,74.3639767085168,4.56853222422581,1.06130101985501,1.4,0,0,87,0
24,10,74.3639767085168,4.56853222422581,1.06130101985501,2.44,0,0,151,0
24,10,74.3639767085168,4.56853222422581,1.06130101985501,5.26,0,0,94,0
24,10,74.3639767085168,4.56853222422581,1.06130101985501,6.23,0,0,86,0
25,10,71.7881006516582,4.30124680517327,0.519854591810232,0,101,10000,0,1
25,10,71.7881006516582,4.30124680517327,0.519854591810232,0.26,0,0,15,0
25,10,71.7881006516582,4.30124680517327,0.519854591810232,5.78,0,0,96,0
25,10,71.7881006516582,4.30124680517327,0.519854591810232,11.62,0,0,65,0
25,10,71.7881006516582,4.30124680517327,0.519854591810232,17.51,0,0,58,0
26,10,43.2027900721843,3.73468929589082,1.06696539952027,0,101,10000,0,1
26,10,43.2027900721843,3.73468929589082,1.06696539952027,0.88,0,0,187,0
26,10,43.2027900721843,3.73468929589082,1.06696539952027,4.85,0,0,181,0
26,10,43.2027900721843,3.73468929589082,1.06696539952027,12.79,0,0,76,0
26,10,43.2027900721843,3.73468929589082,1.06696539952027,20.7,0,0,30,0
27,10,94.3364139885062,5.28441658945764,1.04470525940009,0,101,10000,0,1
27,10,94.3364139885062,5.28441658945764,1.04470525940009,5.89,0,0,58,0
27,10,94.3364139885062,5.28441658945764,1.04470525940009,8.98,0,0,60,0
27,10,94.3364139885062,5.28441658945764,1.04470525940009,9.05,0,0,64,0
27,10,94.3364139885062,5.28441658945764,1.04470525940009,15.12,0,0,50,0
28,10,82.1646869774088,4.33245762475073,1.12849666748957,0,101,10000,0,1
28,10,82.1646869774088,4.33245762475073,1.12849666748957,15.28,0,0,62,0
28,10,82.1646869774088,4.33245762475073,1.12849666748957,18.7,0,0,40,0
28,10,82.1646869774088,4.33245762475073,1.12849666748957,19.17,0,0,39,0
28,10,82.1646869774088,4.33245762475073,1.12849666748957,21.1,0,0,44,0
29,10,59.712441077942,5.24543389693044,1.54089574733791,0,101,10000,0,1
29,10,59.712441077942,5.24543389693044,1.54089574733791,4.73,0,0,103,0
29,10,59.712441077942,5.24543389693044,1.54089574733791,16.38,0,0,29,0
29,10,59.712441077942,5.24543389693044,1.54089574733791,17.96,0,0,38,0
29,10,59.712441077942,5.24543389693044,1.54089574733791,18.44,0,0,44,0
30,10,78.0669534966278,2.94669955196019,0.875412549267412,0,101,10000,0,1
30,10,78.0669534966278,2.94669955196019,0.875412549267412,1.32,0,0,102,0
30,10,78.0669534966278,2.94669955196019,0.875412549267412,12.49,0,0,90,0
30,10,78.0669534966278,2.94669955196019,0.875412549267412,16.4,0,0,92,0
30,10,78.0669534966278,2.94669955196019,0.875412549267412,22.18,0,0,51,0
31,30,56.5239533477573,5.11623335688741,1.07740125293881,0,101,30000,0,1
31,30,56.5239533477573,5.11623335688741,1.07740125293881,1.98,0,0,453,0
31,30,56.5239533477573,5.11623335688741,1.07740125293881,7.66,0,0,256,0
31,30,56.5239533477573,5.11623335688741,1.07740125293881,17.75,0,0,138,0
31,30,56.5239533477573,5.11623335688741,1.07740125293881,23,0,0,72,0
32,30,55.3344308402211,4.00104549185765,0.829374793157875,0,101,30000,0,1
32,30,55.3344308402211,4.00104549185765,0.829374793157875,1.34,0,0,256,0
32,30,55.3344308402211,4.00104549185765,0.829374793157875,1.97,0,0,416,0
32,30,55.3344308402211,4.00104549185765,0.829374793157875,10.15,0,0,212,0
32,30,55.3344308402211,4.00104549185765,0.829374793157875,23.42,0,0,86,0
33,30,51.2010619504327,4.85823120138971,0.727477303019779,0,101,30000,0,1
33,30,51.2010619504327,4.85823120138971,0.727477303019779,3.6,0,0,448,0
33,30,51.2010619504327,4.85823120138971,0.727477303019779,9.44,0,0,233,0
33,30,51.2010619504327,4.85823120138971,0.727477303019779,14.18,0,0,226,0
33,30,51.2010619504327,4.85823120138971,0.727477303019779,23.52,0,0,79,0
34,30,62.8823718697113,7.69044338345432,1.42891247403125,0,101,30000,0,1
34,30,62.8823718697113,7.69044338345432,1.42891247403125,5.12,0,0,289,0
34,30,62.8823718697113,7.69044338345432,1.42891247403125,13.22,0,0,120,0
34,30,62.8823718697113,7.69044338345432,1.42891247403125,17.65,0,0,83,0
34,30,62.8823718697113,7.69044338345432,1.42891247403125,18.37,0,0,58,0
35,30,112.749999809162,3.12903968038943,0.849485040131337,0,101,30000,0,1
35,30,112.749999809162,3.12903968038943,0.849485040131337,0.85,0,0,106,0
35,30,112.749999809162,3.12903968038943,0.849485040131337,5.38,0,0,223,0
35,30,112.749999809162,3.12903968038943,0.849485040131337,6.1,0,0,275,0
35,30,112.749999809162,3.12903968038943,0.849485040131337,8.42,0,0,204,0
36,30,100.816627576211,4.52345237549467,1.31804778740871,0,101,30000,0,1
36,30,100.816627576211,4.52345237549467,1.31804778740871,19.44,0,0,150,0
36,30,100.816627576211,4.52345237549467,1.31804778740871,19.78,0,0,112,0
36,30,100.816627576211,4.52345237549467,1.31804778740871,19.94,0,0,192,0
36,30,100.816627576211,4.52345237549467,1.31804778740871,20.71,0,0,172,0
37,30,64.7954651679615,4.84124279594042,0.886340636865202,0,101,30000,0,1
37,30,64.7954651679615,4.84124279594042,0.886340636865202,4.82,0,0,396,0
37,30,64.7954651679615,4.84124279594042,0.886340636865202,19.93,0,0,100,0
37,30,64.7954651679615,4.84124279594042,0.886340636865202,21.78,0,0,109,0
37,30,64.7954651679615,4.84124279594042,0.886340636865202,21.91,0,0,102,0
38,30,57.089351571582,3.30655385874391,0.350139728341946,0,101,30000,0,1
38,30,57.089351571582,3.30655385874391,0.350139728341946,11.72,0,0,292,0
38,30,57.089351571582,3.30655385874391,0.350139728341946,14.16,0,0,304,0
38,30,57.089351571582,3.30655385874391,0.350139728341946,14.76,0,0,293,0
38,30,57.089351571582,3.30655385874391,0.350139728341946,20.93,0,0,227,0
39,30,60.1576774517385,4.38506603468519,0.853350003679695,0,101,30000,0,1
39,30,60.1576774517385,4.38506603468519,0.853350003679695,0.81,0,0,203,0
39,30,60.1576774517385,4.38506603468519,0.853350003679695,18.14,0,0,131,0
39,30,60.1576774517385,4.38506603468519,0.853350003679695,19.33,0,0,147,0
39,30,60.1576774517385,4.38506603468519,0.853350003679695,22.52,0,0,123,0
40,30,102.833365535879,3.15897876924921,0.993758387986387,0,101,30000,0,1
40,30,102.833365535879,3.15897876924921,0.993758387986387,4.03,0,0,223,0
40,30,102.833365535879,3.15897876924921,0.993758387986387,7.96,0,0,181,0
40,30,102.833365535879,3.15897876924921,0.993758387986387,14.99,0,0,200,0
40,30,102.833365535879,3.15897876924921,0.993758387986387,23.83,0,0,188,0
41,30,96.8060257359116,3.31617425805219,1.82115650391148,0,101,30000,0,1
41,30,96.8060257359116,3.31617425805219,1.82115650391148,10.5,0,0,176,0
41,30,96.8060257359116,3.31617425805219,1.82115650391148,13.33,0,0,170,0
41,30,96.8060257359116,3.31617425805219,1.82115650391148,14.73,0,0,294,0
41,30,96.8060257359116,3.31617425805219,1.82115650391148,21.93,0,0,118,0
42,30,57.9784649799575,4.73402102354647,1.24681135913504,0,101,30000,0,1
42,30,57.9784649799575,4.73402102354647,1.24681135913504,5.39,0,0,445,0
42,30,57.9784649799575,4.73402102354647,1.24681135913504,6.61,0,0,282,0
42,30,57.9784649799575,4.73402102354647,1.24681135913504,10.75,0,0,202,0
42,30,57.9784649799575,4.73402102354647,1.24681135913504,15.78,0,0,196,0
43,30,83.778319767189,3.83582636527035,1.52170320759078,0,101,30000,0,1
43,30,83.778319767189,3.83582636527035,1.52170320759078,8.44,0,0,227,0
43,30,83.778319767189,3.83582636527035,1.52170320759078,11.62,0,0,268,0
43,30,83.778319767189,3.83582636527035,1.52170320759078,16.86,0,0,178,0
43,30,83.778319767189,3.83582636527035,1.52170320759078,19.19,0,0,152,0
44,30,68.2621648905387,3.28535358100029,0.80649806912287,0,101,30000,0,1
44,30,68.2621648905387,3.28535358100029,0.80649806912287,3.06,0,0,366,0
44,30,68.2621648905387,3.28535358100029,0.80649806912287,3.08,0,0,422,0
44,30,68.2621648905387,3.28535358100029,0.80649806912287,3.12,0,0,405,0
44,30,68.2621648905387,3.28535358100029,0.80649806912287,17.41,0,0,238,0
45,30,136.10717690365,4.38588586639827,1.01531843073009,0,101,30000,0,1
45,30,136.10717690365,4.38588586639827,1.01531843073009,0.44,0,0,90,0
45,30,136.10717690365,4.38588586639827,1.01531843073009,17.27,0,0,135,0
45,30,136.10717690365,4.38588586639827,1.01531843073009,20.67,0,0,113,0
45,30,136.10717690365,4.38588586639827,1.01531843073009,23.69,0,0,117,0
46,30,55.4340136689742,3.78857718412586,0.897949289009424,0,101,30000,0,1
46,30,55.4340136689742,3.78857718412586,0.897949289009424,4.15,0,0,552,0
46,30,55.4340136689742,3.78857718412586,0.897949289009424,13.67,0,0,237,0
46,30,55.4340136689742,3.78857718412586,0.897949289009424,13.74,0,0,290,0
46,30,55.4340136689742,3.78857718412586,0.897949289009424,19.37,0,0,211,0
47,30,70.3564440571406,3.81623559610011,0.884552061679402,0,101,30000,0,1
47,30,70.3564440571406,3.81623559610011,0.884552061679402,4.9,0,0,378,0
47,30,70.3564440571406,3.81623559610011,0.884552061679402,12.49,0,0,288,0
47,30,70.3564440571406,3.81623559610011,0.884552061679402,22.59,0,0,115,0
47,30,70.3564440571406,3.81623559610011,0.884552061679402,22.99,0,0,141,0
48,30,59.8731893663029,3.2014176999693,0.798753991943661,0,101,30000,0,1
48,30,59.8731893663029,3.2014176999693,0.798753991943661,0.66,0,0,263,0
48,30,59.8731893663029,3.2014176999693,0.798753991943661,14.95,0,0,200,0
48,30,59.8731893663029,3.2014176999693,0.798753991943661,20.52,0,0,189,0
48,30,59.8731893663029,3.2014176999693,0.798753991943661,21.68,0,0,204,0
49,30,81.0142889094649,4.90849298453195,1.1315323486583,0,101,30000,0,1
49,30,81.0142889094649,4.90849298453195,1.1315323486583,1.11,0,0,286,0
49,30,81.0142889094649,4.90849298453195,1.1315323486583,6.47,0,0,221,0
49,30,81.0142889094649,4.90849298453195,1.1315323486583,7.09,0,0,310,0
49,30,81.0142889094649,4.90849298453195,1.1315323486583,18.8,0,0,156,0
50,30,111.75425715532,3.39577909625282,0.799243458453588,0,101,30000,0,1
50,30,111.75425715532,3.39577909625282,0.799243458453588,4.17,0,0,196,0
50,30,111.75425715532,3.39577909625282,0.799243458453588,7.39,0,0,212,0
50,30,111.75425715532,3.39577909625282,0.799243458453588,7.55,0,0,192,0
50,30,111.75425715532,3.39577909625282,0.799243458453588,21.66,0,0,158,0
51,30,48.1175757629535,2.94192591732453,0.98026774973767,0,101,30000,0,1
51,30,48.1175757629535,2.94192591732453,0.98026774973767,0.88,0,0,280,0
51,30,48.1175757629535,2.94192591732453,0.98026774973767,2.86,0,0,546,0
51,30,48.1175757629535,2.94192591732453,0.98026774973767,19.7,0,0,242,0
51,30,48.1175757629535,2.94192591732453,0.98026774973767,22.89,0,0,143,0
52,30,65.041548061862,4.09530298463393,0.822693159566834,0,101,30000,0,1
52,30,65.041548061862,4.09530298463393,0.822693159566834,11.04,0,0,297,0
52,30,65.041548061862,4.09530298463393,0.822693159566834,20.83,0,0,99,0
52,30,65.041548061862,4.09530298463393,0.822693159566834,23.53,0,0,146,0
52,30,65.041548061862,4.09530298463393,0.822693159566834,23.61,0,0,125,0
53,30,49.2928261222797,3.88235096775874,1.00496493325595,0,101,30000,0,1
53,30,49.2928261222797,3.88235096775874,1.00496493325595,3.84,0,0,335,0
53,30,49.2928261222797,3.88235096775874,1.00496493325595,4.88,0,0,436,0
53,30,49.2928261222797,3.88235096775874,1.00496493325595,16.3,0,0,206,0
53,30,49.2928261222797,3.88235096775874,1.00496493325595,22.44,0,0,98,0
54,30,104.811883428001,3.68918714041586,0.999175089190743,0,101,30000,0,1
54,30,104.811883428001,3.68918714041586,0.999175089190743,5.39,0,0,194,0
54,30,104.811883428001,3.68918714041586,0.999175089190743,10.1,0,0,242,0
54,30,104.811883428001,3.68918714041586,0.999175089190743,10.42,0,0,175,0
54,30,104.811883428001,3.68918714041586,0.999175089190743,11.24,0,0,177,0
55,30,54.0549210204281,4.53191786425585,0.985965310870884,0,101,30000,0,1
55,30,54.0549210204281,4.53191786425585,0.985965310870884,2.48,0,0,328,0
55,30,54.0549210204281,4.53191786425585,0.985965310870884,7.44,0,0,234,0
55,30,54.0549210204281,4.53191786425585,0.985965310870884,13.56,0,0,219,0
55,30,54.0549210204281,4.53191786425585,0.985965310870884,14.02,0,0,139,0
56,30,50.710671802909,3.45599019065361,0.675338027369456,0,101,30000,0,1
56,30,50.710671802909,3.45599019065361,0.675338027369456,3.14,0,0,381,0
56,30,50.710671802909,3.45599019065361,0.675338027369456,10.12,0,0,361,0
56,30,50.710671802909,3.45599019065361,0.675338027369456,11.76,0,0,228,0
56,30,50.710671802909,3.45599019065361,0.675338027369456,19.29,0,0,111,0
57,30,89.5823970720066,8.09428589602847,0.819128450708438,0,101,30000,0,1
57,30,89.5823970720066,8.09428589602847,0.819128450708438,16.97,0,0,87,0
57,30,89.5823970720066,8.09428589602847,0.819128450708438,19.27,0,0,66,0
57,30,89.5823970720066,8.09428589602847,0.819128450708438,21.58,0,0,47,0
57,30,89.5823970720066,8.09428589602847,0.819128450708438,21.65,0,0,38,0
58,30,58.5514729036496,3.37260158832018,0.882924286225665,0,101,30000,0,1
58,30,58.5514729036496,3.37260158832018,0.882924286225665,0.6,0,0,205,0
58,30,58.5514729036496,3.37260158832018,0.882924286225665,2.5,0,0,447,0
58,30,58.5514729036496,3.37260158832018,0.882924286225665,8.33,0,0,368,0
58,30,58.5514729036496,3.37260158832018,0.882924286225665,11.29,0,0,241,0
59,30,38.2047521797653,2.73855365343179,0.945849160224415,0,101,30000,0,1
59,30,38.2047521797653,2.73855365343179,0.945849160224415,13.99,0,0,232,0
59,30,38.2047521797653,2.73855365343179,0.945849160224415,14.29,0,0,336,0
59,30,38.2047521797653,2.73855365343179,0.945849160224415,20.98,0,0,195,0
59,30,38.2047521797653,2.73855365343179,0.945849160224415,22.38,0,0,148,0
60,30,78.0482586529457,3.7570189245993,1.34698901376637,0,101,30000,0,1
60,30,78.0482586529457,3.7570189245993,1.34698901376637,0.73,0,0,278,0
60,30,78.0482586529457,3.7570189245993,1.34698901376637,3.2,0,0,327,0
60,30,78.0482586529457,3.7570189245993,1.34698901376637,7.77,0,0,246,0
60,30,78.0482586529457,3.7570189245993,1.34698901376637,15.28,0,0,215,0
61,60,99.7221658953268,7.00158378354952,0.707386198071225,0,101,60000,0,1
61,60,99.7221658953268,7.00158378354952,0.707386198071225,0.58,0,0,229,0
61,60,99.7221658953268,7.00158378354952,0.707386198071225,1.56,0,0,442,0
61,60,99.7221658953268,7.00158378354952,0.707386198071225,2.14,0,0,449,0
61,60,99.7221658953268,7.00158378354952,0.707386198071225,17,0,0,160,0
62,60,51.9552029434844,2.85171242850963,1.09486895482573,0,101,60000,0,1
62,60,51.9552029434844,2.85171242850963,1.09486895482573,0.55,0,0,565,0
62,60,51.9552029434844,2.85171242850963,1.09486895482573,0.96,0,0,890,0
62,60,51.9552029434844,2.85171242850963,1.09486895482573,2.28,0,0,773,0
62,60,51.9552029434844,2.85171242850963,1.09486895482573,19.86,0,0,411,0
63,60,77.6627916864307,4.75868386846378,1.09655855196926,0,101,60000,0,1
63,60,77.6627916864307,4.75868386846378,1.09655855196926,4.7,0,0,562,0
63,60,77.6627916864307,4.75868386846378,1.09655855196926,8.68,0,0,627,0
63,60,77.6627916864307,4.75868386846378,1.09655855196926,10.48,0,0,465,0
63,60,77.6627916864307,4.75868386846378,1.09655855196926,16.07,0,0,348,0
64,60,64.4635884286931,5.49401998895455,1.3442478175864,0,101,60000,0,1
64,60,64.4635884286931,5.49401998895455,1.3442478175864,2.49,0,0,1171,0
64,60,64.4635884286931,5.49401998895455,1.3442478175864,5.94,0,0,457,0
64,60,64.4635884286931,5.49401998895455,1.3442478175864,9.02,0,0,340,0
64,60,64.4635884286931,5.49401998895455,1.3442478175864,22.03,0,0,112,0
65,60,69.7987850937619,2.8749120077194,0.889724066914703,0,101,60000,0,1
65,60,69.7987850937619,2.8749120077194,0.889724066914703,2.81,0,0,663,0
65,60,69.7987850937619,2.8749120077194,0.889724066914703,5.52,0,0,892,0
65,60,69.7987850937619,2.8749120077194,0.889724066914703,8.09,0,0,862,0
65,60,69.7987850937619,2.8749120077194,0.889724066914703,18.08,0,0,325,0
66,60,51.0889765926354,3.47133108104459,0.742539933696445,0,101,60000,0,1
66,60,51.0889765926354,3.47133108104459,0.742539933696445,2.76,0,0,919,0
66,60,51.0889765926354,3.47133108104459,0.742539933696445,3.26,0,0,778,0
66,60,51.0889765926354,3.47133108104459,0.742539933696445,21.31,0,0,206,0
66,60,51.0889765926354,3.47133108104459,0.742539933696445,22.57,0,0,226,0
67,60,74.7573880953535,3.91806373025103,1.64582445232487,0,101,60000,0,1
67,60,74.7573880953535,3.91806373025103,1.64582445232487,2.26,0,0,870,0
67,60,74.7573880953535,3.91806373025103,1.64582445232487,6.25,0,0,551,0
67,60,74.7573880953535,3.91806373025103,1.64582445232487,18.09,0,0,418,0
67,60,74.7573880953535,3.91806373025103,1.64582445232487,22.34,0,0,314,0
68,60,84.2866565161324,3.58958080379137,1.13177331714765,0,101,60000,0,1
68,60,84.2866565161324,3.58958080379137,1.13177331714765,1.07,0,0,442,0
68,60,84.2866565161324,3.58958080379137,1.13177331714765,3.96,0,0,749,0
68,60,84.2866565161324,3.58958080379137,1.13177331714765,5.94,0,0,516,0
68,60,84.2866565161324,3.58958080379137,1.13177331714765,14.21,0,0,445,0
69,60,82.956741114918,2.79079523103877,1.03920846262488,0,101,60000,0,1
69,60,82.956741114918,2.79079523103877,1.03920846262488,0.38,0,0,165,0
69,60,82.956741114918,2.79079523103877,1.03920846262488,1.6,0,0,488,0
69,60,82.956741114918,2.79079523103877,1.03920846262488,3.59,0,0,614,0
69,60,82.956741114918,2.79079523103877,1.03920846262488,6.72,0,0,805,0
70,60,99.274197772947,4.21486495295362,1.14955543990348,0,101,60000,0,1
70,60,99.274197772947,4.21486495295362,1.14955543990348,0.47,0,0,276,0
70,60,99.274197772947,4.21486495295362,1.14955543990348,2.43,0,0,428,0
70,60,99.274197772947,4.21486495295362,1.14955543990348,3.75,0,0,469,0
70,60,99.274197772947,4.21486495295362,1.14955543990348,14.57,0,0,293,0
71,60,101.759856357506,5.30264776067223,1.36197221643789,0,101,60000,0,1
71,60,101.759856357506,5.30264776067223,1.36197221643789,3.04,0,0,469,0
71,60,101.759856357506,5.30264776067223,1.36197221643789,4.78,0,0,510,0
71,60,101.759856357506,5.30264776067223,1.36197221643789,14.28,0,0,405,0
71,60,101.759856357506,5.30264776067223,1.36197221643789,17.79,0,0,295,0
72,60,72.0269682147624,5.56526898770159,0.586370577020268,0,101,60000,0,1
72,60,72.0269682147624,5.56526898770159,0.586370577020268,0.26,0,0,104,0
72,60,72.0269682147624,5.56526898770159,0.586370577020268,1.42,0,0,390,0
72,60,72.0269682147624,5.56526898770159,0.586370577020268,2.83,0,0,551,0
72,60,72.0269682147624,5.56526898770159,0.586370577020268,7.25,0,0,470,0
73,60,61.2524055176149,7.56632545506253,1.20465754259826,0,101,60000,0,1
73,60,61.2524055176149,7.56632545506253,1.20465754259826,11.11,0,0,263,0
73,60,61.2524055176149,7.56632545506253,1.20465754259826,11.7,0,0,261,0
73,60,61.2524055176149,7.56632545506253,1.20465754259826,19.51,0,0,124,0
73,60,61.2524055176149,7.56632545506253,1.20465754259826,20.38,0,0,113,0
74,60,51.5194858953871,5.21153839309322,1.15910446686171,0,101,60000,0,1
74,60,51.5194858953871,5.21153839309322,1.15910446686171,6.81,0,0,571,0
74,60,51.5194858953871,5.21153839309322,1.15910446686171,9.92,0,0,717,0
74,60,51.5194858953871,5.21153839309322,1.15910446686171,12.9,0,0,316,0
74,60,51.5194858953871,5.21153839309322,1.15910446686171,16.85,0,0,329,0
75,60,64.3058364148595,4.21726578243584,1.0549127239487,0,101,60000,0,1
75,60,64.3058364148595,4.21726578243584,1.0549127239487,1.77,0,0,968,0
75,60,64.3058364148595,4.21726578243584,1.0549127239487,4.9,0,0,759,0
75,60,64.3058364148595,4.21726578243584,1.0549127239487,18.74,0,0,337,0
75,60,64.3058364148595,4.21726578243584,1.0549127239487,21.58,0,0,230,0
76,60,67.1952156659222,6.126643130897,1.51922096599504,0,101,60000,0,1
76,60,67.1952156659222,6.126643130897,1.51922096599504,1.33,0,0,771,0
76,60,67.1952156659222,6.126643130897,1.51922096599504,6.78,0,0,460,0
76,60,67.1952156659222,6.126643130897,1.51922096599504,14.01,0,0,220,0
76,60,67.1952156659222,6.126643130897,1.51922096599504,15.92,0,0,165,0
77,60,69.8366517878197,5.37592563843933,0.923098326986266,0,101,60000,0,1
77,60,69.8366517878197,5.37592563843933,0.923098326986266,9.38,0,0,357,0
77,60,69.8366517878197,5.37592563843933,0.923098326986266,14.93,0,0,291,0
77,60,69.8366517878197,5.37592563843933,0.923098326986266,17.56,0,0,140,0
77,60,69.8366517878197,5.37592563843933,0.923098326986266,20.1,0,0,215,0
78,60,67.5618326986171,3.72767329770347,1.10985753132045,0,101,60000,0,1
78,60,67.5618326986171,3.72767329770347,1.10985753132045,1.01,0,0,648,0
78,60,67.5618326986171,3.72767329770347,1.10985753132045,6.31,0,0,1004,0
78,60,67.5618326986171,3.72767329770347,1.10985753132045,17.85,0,0,368,0
78,60,67.5618326986171,3.72767329770347,1.10985753132045,19.63,0,0,505,0
79,60,87.2701504201208,4.20488590112859,0.690793980418888,0,101,60000,0,1
79,60,87.2701504201208,4.20488590112859,0.690793980418888,3.58,0,0,477,0
79,60,87.2701504201208,4.20488590112859,0.690793980418888,4.12,0,0,681,0
79,60,87.2701504201208,4.20488590112859,0.690793980418888,10.72,0,0,420,0
79,60,87.2701504201208,4.20488590112859,0.690793980418888,20.6,0,0,307,0
80,60,137.662064467628,3.58782558670229,1.07529062277952,0,101,60000,0,1
80,60,137.662064467628,3.58782558670229,1.07529062277952,5.23,0,0,362,0
80,60,137.662064467628,3.58782558670229,1.07529062277952,14.87,0,0,335,0
80,60,137.662064467628,3.58782558670229,1.07529062277952,20.45,0,0,286,0
80,60,137.662064467628,3.58782558670229,1.07529062277952,22.72,0,0,230,0
81,60,77.3259014755226,4.98278680522342,1.52536491525003,0,101,60000,0,1
81,60,77.3259014755226,4.98278680522342,1.52536491525003,9.22,0,0,365,0
81,60,77.3259014755226,4.98278680522342,1.52536491525003,9.46,0,0,477,0
81,60,77.3259014755226,4.98278680522342,1.52536491525003,18.79,0,0,193,0
81,60,77.3259014755226,4.98278680522342,1.52536491525003,21.95,0,0,173,0
82,60,47.0500370909955,3.78346255792382,0.714434953875688,0,101,60000,0,1
82,60,47.0500370909955,3.78346255792382,0.714434953875688,6.98,0,0,668,0
82,60,47.0500370909955,3.78346255792382,0.714434953875688,8.81,0,0,682,0
82,60,47.0500370909955,3.78346255792382,0.714434953875688,18.8,0,0,373,0
82,60,47.0500370909955,3.78346255792382,0.714434953875688,22.94,0,0,247,0
83,60,39.973929495552,2.88567118767692,0.845467915573815,0,101,60000,0,1
83,60,39.973929495552,2.88567118767692,0.845467915573815,1.01,0,0,626,0
83,60,39.973929495552,2.88567118767692,0.845467915573815,1.69,0,0,845,0
83,60,39.973929495552,2.88567118767692,0.845467915573815,7.37,0,0,1177,0
83,60,39.973929495552,2.88567118767692,0.845467915573815,11.93,0,0,661,0
84,60,51.0398696802157,3.74403636949858,0.657552131374658,0,101,60000,0,1
84,60,51.0398696802157,3.74403636949858,0.657552131374658,8.09,0,0,720,0
84,60,51.0398696802157,3.74403636949858,0.657552131374658,10.87,0,0,363,0
84,60,51.0398696802157,3.74403636949858,0.657552131374658,17.17,0,0,441,0
84,60,51.0398696802157,3.74403636949858,0.657552131374658,19.22,0,0,231,0
85,60,50.9704521104905,4.25748995727714,1.23724058990237,0,101,60000,0,1
85,60,50.9704521104905,4.25748995727714,1.23724058990237,8.54,0,0,700,0
85,60,50.9704521104905,4.25748995727714,1.23724058990237,13,0,0,394,0
85,60,50.9704521104905,4.25748995727714,1.23724058990237,20.78,0,0,296,0
85,60,50.9704521104905,4.25748995727714,1.23724058990237,21.21,0,0,200,0
86,60,72.3288241798853,4.81128606299349,0.910974281122577,0,101,60000,0,1
86,60,72.3288241798853,4.81128606299349,0.910974281122577,5.43,0,0,499,0
86,60,72.3288241798853,4.81128606299349,0.910974281122577,8.28,0,0,574,0
86,60,72.3288241798853,4.81128606299349,0.910974281122577,12.03,0,0,491,0
86,60,72.3288241798853,4.81128606299349,0.910974281122577,21.51,0,0,173,0
87,60,77.847737514131,4.62753543910444,1.62633343088007,0,101,60000,0,1
87,60,77.847737514131,4.62753543910444,1.62633343088007,2.69,0,0,899,0
87,60,77.847737514131,4.62753543910444,1.62633343088007,5.46,0,0,774,0
87,60,77.847737514131,4.62753543910444,1.62633343088007,22.15,0,0,324,0
87,60,77.847737514131,4.62753543910444,1.62633343088007,23.65,0,0,212,0
88,60,65.5179220674552,3.12189634919668,0.919400671643997,0,101,60000,0,1
88,60,65.5179220674552,3.12189634919668,0.919400671643997,6.01,0,0,802,0
88,60,65.5179220674552,3.12189634919668,0.919400671643997,10.86,0,0,712,0
88,60,65.5179220674552,3.12189634919668,0.919400671643997,11.67,0,0,543,0
88,60,65.5179220674552,3.12189634919668,0.919400671643997,21.58,0,0,486,0
89,60,53.51890618666,3.24596135498435,0.816766045124817,0,101,60000,0,1
89,60,53.51890618666,3.24596135498435,0.816766045124817,9.98,0,0,791,0
89,60,53.51890618666,3.24596135498435,0.816766045124817,20.06,0,0,478,0
89,60,53.51890618666,3.24596135498435,0.816766045124817,21.49,0,0,382,0
89,60,53.51890618666,3.24596135498435,0.816766045124817,22.34,0,0,446,0
90,60,71.5148365450444,3.74995568067349,0.807331204889864,0,101,60000,0,1
90,60,71.5148365450444,3.74995568067349,0.807331204889864,0.05,0,0,36,0
90,60,71.5148365450444,3.74995568067349,0.807331204889864,11.81,0,0,454,0
90,60,71.5148365450444,3.74995568067349,0.807331204889864,14.63,0,0,329,0
90,60,71.5148365450444,3.74995568067349,0.807331204889864,16.34,0,0,383,0
91,120,98.5216464781795,3.65397661301112,1.0333215510868,0,101,120000,0,1
91,120,98.5216464781795,3.65397661301112,1.0333215510868,2.11,0,0,1206,0
91,120,98.5216464781795,3.65397661301112,1.0333215510868,11.01,0,0,899,0
91,120,98.5216464781795,3.65397661301112,1.0333215510868,11.37,0,0,769,0
91,120,98.5216464781795,3.65397661301112,1.0333215510868,16.13,0,0,584,0
92,120,67.5077878346843,3.2141018630678,1.22059880584365,0,101,120000,0,1
92,120,67.5077878346843,3.2141018630678,1.22059880584365,3.08,0,0,1349,0
92,120,67.5077878346843,3.2141018630678,1.22059880584365,10.68,0,0,857,0
92,120,67.5077878346843,3.2141018630678,1.22059880584365,11.64,0,0,876,0
92,120,67.5077878346843,3.2141018630678,1.22059880584365,19.7,0,0,818,0
93,120,84.6025228960903,4.15117566672942,0.430092765548156,0,101,120000,0,1
93,120,84.6025228960903,4.15117566672942,0.430092765548156,0.36,0,0,244,0
93,120,84.6025228960903,4.15117566672942,0.430092765548156,7.99,0,0,950,0
93,120,84.6025228960903,4.15117566672942,0.430092765548156,9.04,0,0,666,0
93,120,84.6025228960903,4.15117566672942,0.430092765548156,9.89,0,0,1279,0
94,120,68.8034257785221,2.66097864997931,1.88651243092953,0,101,120000,0,1
94,120,68.8034257785221,2.66097864997931,1.88651243092953,3.18,0,0,1733,0
94,120,68.8034257785221,2.66097864997931,1.88651243092953,4.03,0,0,1324,0
94,120,68.8034257785221,2.66097864997931,1.88651243092953,8.35,0,0,1190,0
94,120,68.8034257785221,2.66097864997931,1.88651243092953,19.69,0,0,721,0
95,120,41.0660128391958,7.99475657337054,0.473909511615869,0,101,120000,0,1
95,120,41.0660128391958,7.99475657337054,0.473909511615869,15.43,0,0,328,0
95,120,41.0660128391958,7.99475657337054,0.473909511615869,16.42,0,0,263,0
95,120,41.0660128391958,7.99475657337054,0.473909511615869,16.59,0,0,271,0
95,120,41.0660128391958,7.99475657337054,0.473909511615869,18.74,0,0,127,0
96,120,82.9564528574344,7.21577604270554,0.819654774702093,0,101,120000,0,1
96,120,82.9564528574344,7.21577604270554,0.819654774702093,2.41,0,0,824,0
96,120,82.9564528574344,7.21577604270554,0.819654774702093,7.87,0,0,803,0
96,120,82.9564528574344,7.21577604270554,0.819654774702093,17.71,0,0,295,0
96,120,82.9564528574344,7.21577604270554,0.819654774702093,23.6,0,0,180,0
97,120,77.3912260886825,3.20599120937196,1.83261303803722,0,101,120000,0,1
97,120,77.3912260886825,3.20599120937196,1.83261303803722,6.68,0,0,1129,0
97,120,77.3912260886825,3.20599120937196,1.83261303803722,12.53,0,0,1270,0
97,120,77.3912260886825,3.20599120937196,1.83261303803722,16.68,0,0,638,0
97,120,77.3912260886825,3.20599120937196,1.83261303803722,21.52,0,0,670,0
98,120,50.1824418705412,3.55787186581836,0.951788735255876,0,101,120000,0,1
98,120,50.1824418705412,3.55787186581836,0.951788735255876,3.98,0,0,2095,0
98,120,50.1824418705412,3.55787186581836,0.951788735255876,14.57,0,0,555,0
98,120,50.1824418705412,3.55787186581836,0.951788735255876,14.84,0,0,1069,0
98,120,50.1824418705412,3.55787186581836,0.951788735255876,22.91,0,0,345,0
99,120,79.3115661190409,2.51849845341004,0.746393161131931,0,101,120000,0,1
99,120,79.3115661190409,2.51849845341004,0.746393161131931,2.94,0,0,1602,0
99,120,79.3115661190409,2.51849845341004,0.746393161131931,8.24,0,0,1216,0
99,120,79.3115661190409,2.51849845341004,0.746393161131931,8.72,0,0,1190,0
99,120,79.3115661190409,2.51849845341004,0.746393161131931,18.16,0,0,847,0
100,120,59.8713268280115,3.88489251394614,1.18012888333867,0,101,120000,0,1
100,120,59.8713268280115,3.88489251394614,1.18012888333867,2.89,0,0,1607,0
100,120,59.8713268280115,3.88489251394614,1.18012888333867,7.28,0,0,1322,0
100,120,59.8713268280115,3.88489251394614,1.18012888333867,9.02,0,0,950,0
100,120,59.8713268280115,3.88489251394614,1.18012888333867,20.89,0,0,675,0
101,120,48.2235510238227,2.38985395931144,1.08926749134677,0,101,120000,0,1
101,120,48.2235510238227,2.38985395931144,1.08926749134677,7.46,0,0,2366,0
101,120,48.2235510238227,2.38985395931144,1.08926749134677,9.54,0,0,1569,0
101,120,48.2235510238227,2.38985395931144,1.08926749134677,15.51,0,0,1037,0
101,120,48.2235510238227,2.38985395931144,1.08926749134677,20.71,0,0,873,0
102,120,47.0881576654446,5.93458861960507,1.26111105942288,0,101,120000,0,1
102,120,47.0881576654446,5.93458861960507,1.26111105942288,5.34,0,0,1266,0
102,120,47.0881576654446,5.93458861960507,1.26111105942288,12.3,0,0,578,0
102,120,47.0881576654446,5.93458861960507,1.26111105942288,14.61,0,0,390,0
102,120,47.0881576654446,5.93458861960507,1.26111105942288,16.08,0,0,488,0
103,120,35.4060854957933,3.28594373013733,1.20553581734425,0,101,120000,0,1
103,120,35.4060854957933,3.28594373013733,1.20553581734425,9.52,0,0,2322,0
103,120,35.4060854957933,3.28594373013733,1.20553581734425,18.76,0,0,800,0
103,120,35.4060854957933,3.28594373013733,1.20553581734425,19.84,0,0,660,0
103,120,35.4060854957933,3.28594373013733,1.20553581734425,22.58,0,0,596,0
104,120,76.4327857789769,3.3486346585724,1.09124957703597,0,101,120000,0,1
104,120,76.4327857789769,3.3486346585724,1.09124957703597,6.44,0,0,1171,0
104,120,76.4327857789769,3.3486346585724,1.09124957703597,7.8,0,0,1101,0
104,120,76.4327857789769,3.3486346585724,1.09124957703597,11.01,0,0,905,0
104,120,76.4327857789769,3.3486346585724,1.09124957703597,15.94,0,0,494,0
105,120,71.1068294768466,3.75230047974205,1.02420070974748,0,101,120000,0,1
105,120,71.1068294768466,3.75230047974205,1.02420070974748,13.64,0,0,693,0
105,120,71.1068294768466,3.75230047974205,1.02420070974748,14.38,0,0,730,0
105,120,71.1068294768466,3.75230047974205,1.02420070974748,16.62,0,0,877,0
105,120,71.1068294768466,3.75230047974205,1.02420070974748,18,0,0,466,0
106,120,66.6592277059483,3.51770908515707,1.35582958027795,0,101,120000,0,1
106,120,66.6592277059483,3.51770908515707,1.35582958027795,7.35,0,0,1381,0
106,120,66.6592277059483,3.51770908515707,1.35582958027795,10.57,0,0,1132,0
106,120,66.6592277059483,3.51770908515707,1.35582958027795,12.47,0,0,1133,0
106,120,66.6592277059483,3.51770908515707,1.35582958027795,22.84,0,0,588,0
107,120,62.0389360607697,3.74886711434995,0.666799091087151,0,101,120000,0,1
107,120,62.0389360607697,3.74886711434995,0.666799091087151,0.26,0,0,265,0
107,120,62.0389360607697,3.74886711434995,0.666799091087151,17.19,0,0,1051,0
107,120,62.0389360607697,3.74886711434995,0.666799091087151,17.79,0,0,1115,0
107,120,62.0389360607697,3.74886711434995,0.666799091087151,20.25,0,0,661,0
108,120,44.390724606886,4.13990023106992,1.21981542944487,0,101,120000,0,1
108,120,44.390724606886,4.13990023106992,1.21981542944487,13.85,0,0,813,0
108,120,44.390724606886,4.13990023106992,1.21981542944487,15.67,0,0,555,0
108,120,44.390724606886,4.13990023106992,1.21981542944487,16.13,0,0,598,0
108,120,44.390724606886,4.13990023106992,1.21981542944487,21.47,0,0,414,0
109,120,52.3603811479856,4.67894677846322,1.58714703745776,0,101,120000,0,1
109,120,52.3603811479856,4.67894677846322,1.58714703745776,4.17,0,0,1797,0
109,120,52.3603811479856,4.67894677846322,1.58714703745776,9.52,0,0,800,0
109,120,52.3603811479856,4.67894677846322,1.58714703745776,20.68,0,0,490,0
109,120,52.3603811479856,4.67894677846322,1.58714703745776,23.42,0,0,382,0
110,120,103.0271335955,3.80964909391045,1.67635899093215,0,101,120000,0,1
110,120,103.0271335955,3.80964909391045,1.67635899093215,11.49,0,0,909,0
110,120,103.0271335955,3.80964909391045,1.67635899093215,15.78,0,0,726,0
110,120,103.0271335955,3.80964909391045,1.67635899093215,20.84,0,0,454,0
110,120,103.0271335955,3.80964909391045,1.67635899093215,22.53,0,0,465,0
111,120,82.5054369276066,2.95579109122687,0.560302454756159,0,101,120000,0,1
111,120,82.5054369276066,2.95579109122687,0.560302454756159,14.49,0,0,1065,0
111,120,82.5054369276066,2.95579109122687,0.560302454756159,16.6,0,0,784,0
111,120,82.5054369276066,2.95579109122687,0.560302454756159,18.26,0,0,775,0
111,120,82.5054369276066,2.95579109122687,0.560302454756159,21.77,0,0,687,0
112,120,66.6794086628408,2.4642071938905,1.11848083598963,0,101,120000,0,1
112,120,66.6794086628408,2.4642071938905,1.11848083598963,1.39,0,0,1138,0
112,120,66.6794086628408,2.4642071938905,1.11848083598963,5.07,0,0,1067,0
112,120,66.6794086628408,2.4642071938905,1.11848083598963,7.62,0,0,1673,0
112,120,66.6794086628408,2.4642071938905,1.11848083598963,14.53,0,0,723,0
113,120,81.2411386544037,3.0026783932721,2.4035239489171,0,101,120000,0,1
113,120,81.2411386544037,3.0026783932721,2.4035239489171,1.59,0,0,1721,0
113,120,81.2411386544037,3.0026783932721,2.4035239489171,4.57,0,0,990,0
113,120,81.2411386544037,3.0026783932721,2.4035239489171,12.23,0,0,670,0
113,120,81.2411386544037,3.0026783932721,2.4035239489171,16.97,0,0,845,0
114,120,81.1395199185996,4.83217539132509,0.805658837022158,0,101,120000,0,1
114,120,81.1395199185996,4.83217539132509,0.805658837022158,14.19,0,0,784,0
114,120,81.1395199185996,4.83217539132509,0.805658837022158,14.9,0,0,603,0
114,120,81.1395199185996,4.83217539132509,0.805658837022158,19.24,0,0,592,0
114,120,81.1395199185996,4.83217539132509,0.805658837022158,19.95,0,0,564,0
115,120,53.2125968395437,3.39295421092766,0.908781745849307,0,101,120000,0,1
115,120,53.2125968395437,3.39295421092766,0.908781745849307,6.31,0,0,1664,0
115,120,53.2125968395437,3.39295421092766,0.908781745849307,15.04,0,0,1034,0
115,120,53.2125968395437,3.39295421092766,0.908781745849307,17.94,0,0,540,0
115,120,53.2125968395437,3.39295421092766,0.908781745849307,19.32,0,0,917,0
116,120,68.6048009555102,2.7925183242667,1.21269288383364,0,101,120000,0,1
116,120,68.6048009555102,2.7925183242667,1.21269288383364,12.58,0,0,1150,0
116,120,68.6048009555102,2.7925183242667,1.21269288383364,16.44,0,0,1058,0
116,120,68.6048009555102,2.7925183242667,1.21269288383364,18.16,0,0,936,0
116,120,68.6048009555102,2.7925183242667,1.21269288383364,18.83,0,0,933,0
117,120,76.3240308169126,4.67413542562313,1.43092764874502,0,101,120000,0,1
117,120,76.3240308169126,4.67413542562313,1.43092764874502,5.44,0,0,1030,0
117,120,76.3240308169126,4.67413542562313,1.43092764874502,9.5,0,0,929,0
117,120,76.3240308169126,4.67413542562313,1.43092764874502,13.87,0,0,717,0
117,120,76.3240308169126,4.67413542562313,1.43092764874502,23.13,0,0,388,0
118,120,65.222098474122,4.30484508350459,1.15757155232327,0,101,120000,0,1
118,120,65.222098474122,4.30484508350459,1.15757155232327,13.19,0,0,683,0
118,120,65.222098474122,4.30484508350459,1.15757155232327,17.13,0,0,675,0
118,120,65.222098474122,4.30484508350459,1.15757155232327,17.77,0,0,684,0
118,120,65.222098474122,4.30484508350459,1.15757155232327,18.94,0,0,315,0
119,120,62.0860498132213,2.89717175591631,1.00289771399627,0,101,120000,0,1
119,120,62.0860498132213,2.89717175591631,1.00289771399627,16.46,0,0,1001,0
119,120,62.0860498132213,2.89717175591631,1.00289771399627,16.66,0,0,785,0
119,120,62.0860498132213,2.89717175591631,1.00289771399627,18.89,0,0,850,0
119,120,62.0860498132213,2.89717175591631,1.00289771399627,23.78,0,0,607,0
120,120,104.886521312363,2.61513729941783,0.884944588789864,0,101,120000,0,1
120,120,104.886521312363,2.61513729941783,0.884944588789864,0.98,0,0,774,0
120,120,104.886521312363,2.61513729941783,0.884944588789864,7.85,0,0,1131,0
120,120,104.886521312363,2.61513729941783,0.884944588789864,8.98,0,0,780,0
120,120,104.886521312363,2.61513729941783,0.884944588789864,22.3,0,0,494,0
