ID,DOSE,V,CL,KA,TIME,EVID,AMT,DV,EVIDNM
1,10,68.3500496227013,3.10753269667636,1.09144940811962,0,101,10000,0,1
1,10,68.3500496227013,3.10753269667636,1.09144940811962,17.22,0,0,60,0
1,10,68.3500496227013,3.10753269667636,1.09144940811962,19.46,0,0,50,0
1,10,68.3500496227013,3.10753269667636,1.09144940811962,19.67,0,0,56,0
1,10,68.3500496227013,3.10753269667636,1.09144940811962,19.77,0,0,69,0
2,10,59.1909933093016,5.97362311513421,0.873330186347136,0,101,10000,0,1
2,10,59.1909933093016,5.97362311513421,0.873330186347136,1.51,0,0,110,0
2,10,59.1909933093016,5.97362311513421,0.873330186347136,4.06,0,0,121,0
2,10,59.1909933093016,5.97362311513421,0.873330186347136,14.16,0,0,42,0
2,10,59.1909933093016,5.97362311513421,0.873330186347136,19.81,0,0,33,0
3,10,67.4497767645946,4.44740064758066,1.29991294670813,0,101,10000,0,1
3,10,67.4497767645946,4.44740064758066,1.29991294670813,0.2,0,0,28,0
3,10,67.4497767645946,4.44740064758066,1.29991294670813,21.13,0,0,41,0
3,10,67.4497767645946,4.44740064758066,1.29991294670813,23.47,0,0,52,0
3,10,67.4497767645946,4.44740064758066,1.29991294670813,23.77,0,0,28,0
4,10,89.3239574667782,4.29423207533243,0.77557920866748,0,101,10000,0,1
4,10,89.3239574667782,4.29423207533243,0.77557920866748,9.36,0,0,108,0
4,10,89.3239574667782,4.29423207533243,0.77557920866748,12.3,0,0,80,0
4,10,89.3239574667782,4.29423207533243,0.77557920866748,12.55,0,0,50,0
4,10,89.3239574667782,4.29423207533243,0.77557920866748,13.11,0,0,71,0
5,10,64.7938938679317,3.15681438235201,1.20516442638139,0,101,10000,0,1
5,10,64.7938938679317,3.15681438235201,1.20516442638139,3.98,0,0,154,0
5,10,64.7938938679317,3.15681438235201,1.20516442638139,11.75,0,0,73,0
5,10,64.7938938679317,3.15681438235201,1.20516442638139,12.1,0,0,97,0
5,10,64.7938938679317,3.15681438235201,1.20516442638139,13.93,0,0,72,0
6,10,77.5942109106183,2.84772435687556,0.934439372466858,0,101,10000,0,1
6,10,77.5942109106183,2.84772435687556,0.934439372466858,9.51,0,0,115,0
6,10,77.5942109106183,2.84772435687556,0.934439372466858,11.9,0,0,73,0
6,10,77.5942109106183,2.84772435687556,0.934439372466858,17.58,0,0,76,0
6,10,77.5942109106183,2.84772435687556,0.934439372466858,22.31,0,0,55,0
7,10,43.5509791703924,5.26206880845002,0.626000045170652,0,101,10000,0,1
7,10,43.5509791703924,5.26206880845002,0.626000045170652,1.91,0,0,174,0
7,10,43.5509791703924,5.26206880845002,0.626000045170652,16.23,0,0,39,0
7,10,43.5509791703924,5.26206880845002,0.626000045170652,17.08,0,0,47,0
7,10,43.5509791703924,5.26206880845002,0.626000045170652,21.83,0,0,24,0
8,10,39.9770520528432,3.87989237032549,1.0103719112971,0,101,10000,0,1
8,10,39.9770520528432,3.87989237032549,1.0103719112971,2.44,0,0,158,0
8,10,39.9770520528432,3.87989237032549,1.0103719112971,2.51,0,0,139,0
8,10,39.9770520528432,3.87989237032549,1.0103719112971,9.51,0,0,104,0
8,10,39.9770520528432,3.87989237032549,1.0103719112971,20.89,0,0,28,0
9,10,112.254091342337,4.74155207838398,0.979919327636828,0,101,10000,0,1
9,10,112.254091342337,4.74155207838398,0.979919327636828,2.46,0,0,53,0
9,10,112.254091342337,4.74155207838398,0.979919327636828,10.15,0,0,57,0
9,10,112.254091342337,4.74155207838398,0.979919327636828,12.05,0,0,66,0
9,10,112.254091342337,4.74155207838398,0.979919327636828,18.07,0,0,49,0
10,10,190.508325838209,4.731513932404,0.668196578665895,0,101,10000,0,1
10,10,190.508325838209,4.731513932404,0.668196578665895,1.27,0,0,34,0
10,10,190.508325838209,4.731513932404,0.668196578665895,12.87,0,0,35,0
10,10,190.508325838209,4.731513932404,0.668196578665895,14.98,0,0,31,0
10,10,190.508325838209,4.731513932404,0.668196578665895,22.14,0,0,27,0
11,10,100.035348134838,5.0735595319828,1.73133572831447,0,101,10000,0,1
11,10,100.035348134838,5.0735595319828,1.73133572831447,10.74,0,0,77,0
11,10,100.035348134838,5.0735595319828,1.73133572831447,14.84,0,0,62,0
11,10,100.035348134838,5.0735595319828,1.73133572831447,21.36,0,0,44,0
11,10,100.035348134838,5.0735595319828,1.73133572831447,22.22,0,0,36,0
12,10,67.5582648827136,4.89102312329851,0.691762906946717,0,101,10000,0,1
12,10,67.5582648827136,4.89102312329851,0.691762906946717,1.74,0,0,112,0
12,10,67.5582648827136,4.89102312329851,0.691762906946717,1.85,0,0,109,0
12,10,67.5582648827136,4.89102312329851,0.691762906946717,3.35,0,0,95,0
12,10,67.5582648827136,4.89102312329851,0.691762906946717,15.56,0,0,58,0
13,10,77.6764194411205,3.28316300237791,1.00789137981828,0,101,10000,0,1
13,10,77.6764194411205,3.28316300237791,1.00789137981828,6.14,0,0,104,0
13,10,77.6764194411205,3.28316300237791,1.00789137981828,13.65,0,0,87,0
13,10,77.6764194411205,3.28316300237791,1.00789137981828,16.23,0,0,50,0
13,10,77.6764194411205,3.28316300237791,1.00789137981828,19.95,0,0,72,0
14,10,88.9785391826161,4.55296763739101,1.10953554049781,0,101,10000,0,1
14,10,88.9785391826161,4.55296763739101,1.10953554049781,17.96,0,0,39,0
14,10,88.9785391826161,4.55296763739101,1.10953554049781,18.17,0,0,59,0
14,10,88.9785391826161,4.55296763739101,1.10953554049781,22.21,0,0,38,0
14,10,88.9785391826161,4.55296763739101,1.10953554049781,22.71,0,0,44,0
15,10,48.1758307885502,3.81922492009394,1.41361719233845,0,101,10000,0,1
15,10,48.1758307885502,3.81922492009394,1.41361719233845,1.62,0,0,168,0
15,10,48.1758307885502,3.81922492009394,1.41361719233845,3.66,0,0,162,0
15,10,48.1758307885502,3.81922492009394,1.41361719233845,6.15,0,0,142,0
15,10,48.1758307885502,3.81922492009394,1.41361719233845,22.06,0,0,43,0
16,10,51.418170731731,4.33969363954152,1.29974669577891,0,101,10000,0,1
16,10,51.418170731731,4.33969363954152,1.29974669577891,0.52,0,0,80,0
16,10,51.418170731731,4.33969363954152,1.29974669577891,12.21,0,0,104,0
16,10,51.418170731731,4.33969363954152,1.29974669577891,14.68,0,0,56,0
16,10,51.418170731731,4.33969363954152,1.29974669577891,15.4,0,0,51,0
17,10,60.9874503275656,2.96396193865602,1.58531346214937,0,101,10000,0,1
17,10,60.9874503275656,2.96396193865602,1.58531346214937,2.3,0,0,132,0
17,10,60.9874503275656,2.96396193865602,1.58531346214937,10.21,0,0,80,0
17,10,60.9874503275656,2.96396193865602,1.58531346214937,13.64,0,0,46,0
17,10,60.9874503275656,2.96396193865602,1.58531346214937,17.22,0,0,53,0
18,10,68.5090983363755,3.63028385901028,0.949046040521378,0,101,10000,0,1
18,10,68.5090983363755,3.63028385901028,0.949046040521378,1.31,0,0,77,0
18,10,68.5090983363755,3.63028385901028,0.949046040521378,11.97,0,0,66,0
18,10,68.5090983363755,3.63028385901028,0.949046040521378,12.64,0,0,71,0
18,10,68.5090983363755,3.63028385901028,0.949046040521378,20.22,0,0,49,0
19,10,66.27547654648,3.77982527272066,1.00359229910047,0,101,10000,0,1
19,10,66.27547654648,3.77982527272066,1.00359229910047,0.25,0,0,31,0
19,10,66.27547654648,3.77982527272066,1.00359229910047,2.71,0,0,128,0
19,10,66.27547654648,3.77982527272066,1.00359229910047,9.46,0,0,121,0
19,10,66.27547654648,3.77982527272066,1.00359229910047,22.98,0,0,46,0
20,10,82.0145009718594,3.81234443139017,1.42068487236479,0,101,10000,0,1
20,10,82.0145009718594,3.81234443139017,1.42068487236479,3.03,0,0,125,0
20,10,82.0145009718594,3.81234443139017,1.42068487236479,12.22,0,0,77,0
20,10,82.0145009718594,3.81234443139017,1.42068487236479,12.72,0,0,89,0
20,10,82.0145009718594,3.81234443139017,1.42068487236479,20,0,0,72,0
21,10,78.1972861911639,5.52308371398358,1.30385578813296,0,101,10000,0,1
21,10,78.1972861911639,5.52308371398358,1.30385578813296,6.46,0,0,86,0
21,10,78.1972861911639,5.52308371398358,1.30385578813296,6.53,0,0,102,0
21,10,78.1972861911639,5.52308371398358,1.30385578813296,16.09,0,0,38,0
21,10,78.1972861911639,5.52308371398358,1.30385578813296,22.87,0,0,30,0
22,10,80.90218387692,3.29282815327842,1.1342782414141,0,101,10000,0,1
22,10,80.90218387692,3.29282815327842,1.1342782414141,9.66,0,0,87,0
22,10,80.90218387692,3.29282815327842,1.1342782414141,10.73,0,0,94,0
22,10,80.90218387692,3.29282815327842,1.1342782414141,14.2,0,0,86,0
22,10,80.90218387692,3.29282815327842,1.1342782414141,22.84,0,0,43,0
23,10,71.8918169180887,3.67793915450931,1.29714328213081,0,101,10000,0,1
23,10,71.8918169180887,3.67793915450931,1.29714328213081,0.36,0,0,59,0
23,10,71.8918169180887,3.67793915450931,1.29714328213081,5.35,0,0,101,0
23,10,71.8918169180887,3.67793915450931,1.29714328213081,11.15,0,0,66,0
23,10,71.8918169180887,3.67793915450931,1.29714328213081,16.73,0,0,70,0
24,10,66.7780720947582,8.19912808585065,1.34288368798649,0,101,10000,0,1
24,10,66.7780720947582,8.19912808585065,1.34288368798649,17.45,0,0,16,0
24,10,66.7780720947582,8.19912808585065,1.34288368798649,20.53,0,0,14,0
24,10,66.7780720947582,8.19912808585065,1.34288368798649,21.64,0,0,12,0
24,10,66.7780720947582,8.19912808585065,1.34288368798649,23.23,0,0,10,0
25,10,83.9432982997598,4.89107330864575,0.793428365411161,0,101,10000,0,1
25,10,83.9432982997598,4.89107330864575,0.793428365411161,0.56,0,0,37,0
25,10,83.9432982997598,4.89107330864575,0.793428365411161,2.6,0,0,98,0
25,10,83.9432982997598,4.89107330864575,0.793428365411161,16.79,0,0,57,0
25,10,83.9432982997598,4.89107330864575,0.793428365411161,22.03,0,0,32,0
26,10,73.6098647657865,3.00623364626401,0.792679387522609,0,101,10000,0,1
26,10,73.6098647657865,3.00623364626401,0.792679387522609,1.73,0,0,124,0
26,10,73.6098647657865,3.00623364626401,0.792679387522609,6.23,0,0,137,0
26,10,73.6098647657865,3.00623364626401,0.792679387522609,18.83,0,0,80,0
26,10,73.6098647657865,3.00623364626401,0.792679387522609,19.23,0,0,71,0
27,10,67.3656162748165,3.10981592818486,0.968793716144779,0,101,10000,0,1
27,10,67.3656162748165,3.10981592818486,0.968793716144779,2.31,0,0,112,0
27,10,67.3656162748165,3.10981592818486,0.968793716144779,9.4,0,0,111,0
27,10,67.3656162748165,3.10981592818486,0.968793716144779,11.29,0,0,119,0
27,10,67.3656162748165,3.10981592818486,0.968793716144779,18.13,0,0,59,0
28,10,75.1724994001679,2.21726348716108,0.598101543977274,0,101,10000,0,1
28,10,75.1724994001679,2.21726348716108,0.598101543977274,0.76,0,0,44,0
28,10,75.1724994001679,2.21726348716108,0.598101543977274,2.85,0,0,154,0
28,10,75.1724994001679,2.21726348716108,0.598101543977274,14.41,0,0,63,0
28,10,75.1724994001679,2.21726348716108,0.598101543977274,19.43,0,0,77,0
29,10,52.5269424060179,2.50865738587763,0.652651947966433,0,101,10000,0,1
29,10,52.5269424060179,2.50865738587763,0.652651947966433,15.67,0,0,112,0
29,10,52.5269424060179,2.50865738587763,0.652651947966433,18.73,0,0,54,0
29,10,52.5269424060179,2.50865738587763,0.652651947966433,19.59,0,0,69,0
29,10,52.5269424060179,2.50865738587763,0.652651947966433,20.64,0,0,99,0
30,10,97.0838786268636,3.36576361066701,1.02192711814545,0,101,10000,0,1
30,10,97.0838786268636,3.36576361066701,1.02192711814545,2.74,0,0,106,0
30,10,97.0838786268636,3.36576361066701,1.02192711814545,5.46,0,0,81,0
30,10,97.0838786268636,3.36576361066701,1.02192711814545,14.58,0,0,65,0
30,10,97.0838786268636,3.36576361066701,1.02192711814545,15.68,0,0,46,0
31,30,96.6492510263916,4.52528414536841,2.08333490654539,0,101,30000,0,1
31,30,96.6492510263916,4.52528414536841,2.08333490654539,10.84,0,0,195,0
31,30,96.6492510263916,4.52528414536841,2.08333490654539,14.6,0,0,146,0
31,30,96.6492510263916,4.52528414536841,2.08333490654539,16.2,0,0,118,0
31,30,96.6492510263916,4.52528414536841,2.08333490654539,23.25,0,0,74,0
32,30,75.2211257467269,5.12348970981146,1.05372672248148,0,101,30000,0,1
32,30,75.2211257467269,5.12348970981146,1.05372672248148,1.84,0,0,307,0
32,30,75.2211257467269,5.12348970981146,1.05372672248148,5.54,0,0,350,0
32,30,75.2211257467269,5.12348970981146,1.05372672248148,7.33,0,0,292,0
32,30,75.2211257467269,5.12348970981146,1.05372672248148,11.22,0,0,216,0
33,30,72.690889327597,3.55863017561734,1.30245832411389,0,101,30000,0,1
33,30,72.690889327597,3.55863017561734,1.30245832411389,5.94,0,0,322,0
33,30,72.690889327597,3.55863017561734,1.30245832411389,9,0,0,235,0
33,30,72.690889327597,3.55863017561734,1.30245832411389,9.33,0,0,199,0
33,30,72.690889327597,3.55863017561734,1.30245832411389,14.93,0,0,218,0
34,30,82.2828760994798,2.98950062011171,2.07075951102021,0,101,30000,0,1
34,30,82.2828760994798,2.98950062011171,2.07075951102021,9.15,0,0,250,0
34,30,82.2828760994798,2.98950062011171,2.07075951102021,11.96,0,0,240,0
34,30,82.2828760994798,2.98950062011171,2.07075951102021,22.44,0,0,170,0
34,30,82.2828760994798,2.98950062011171,2.07075951102021,23.73,0,0,202,0
35,30,93.4445289790442,4.06360978252693,1.33268105092359,0,101,30000,0,1
35,30,93.4445289790442,4.06360978252693,1.33268105092359,15.31,0,0,181,0
35,30,93.4445289790442,4.06360978252693,1.33268105092359,15.89,0,0,159,0
35,30,93.4445289790442,4.06360978252693,1.33268105092359,17.44,0,0,128,0
35,30,93.4445289790442,4.06360978252693,1.33268105092359,22.14,0,0,108,0
36,30,38.0779737296813,3.39502485555024,1.16572996459746,0,101,30000,0,1
36,30,38.0779737296813,3.39502485555024,1.16572996459746,8.5,0,0,287,0
36,30,38.0779737296813,3.39502485555024,1.16572996459746,10.82,0,0,355,0
36,30,38.0779737296813,3.39502485555024,1.16572996459746,16,0,0,163,0
36,30,38.0779737296813,3.39502485555024,1.16572996459746,18.65,0,0,199,0
37,30,44.125027527179,3.88241903811169,1.33593189216207,0,101,30000,0,1
37,30,44.125027527179,3.88241903811169,1.33593189216207,13.36,0,0,222,0
37,30,44.125027527179,3.88241903811169,1.33593189216207,13.92,0,0,309,0
37,30,44.125027527179,3.88241903811169,1.33593189216207,14.69,0,0,190,0
37,30,44.125027527179,3.88241903811169,1.33593189216207,21.59,0,0,117,0
38,30,66.8583941547003,3.55212213208599,1.41314923039676,0,101,30000,0,1
38,30,66.8583941547003,3.55212213208599,1.41314923039676,1.49,0,0,327,0
38,30,66.8583941547003,3.55212213208599,1.41314923039676,1.91,0,0,626,0
38,30,66.8583941547003,3.55212213208599,1.41314923039676,2.99,0,0,386,0
38,30,66.8583941547003,3.55212213208599,1.41314923039676,21.68,0,0,146,0
39,30,80.4615716034875,4.70139109479684,0.680286248466977,0,101,30000,0,1
39,30,80.4615716034875,4.70139109479684,0.680286248466977,1.27,0,0,231,0
39,30,80.4615716034875,4.70139109479684,0.680286248466977,1.81,0,0,228,0
39,30,80.4615716034875,4.70139109479684,0.680286248466977,6.8,0,0,200,0
39,30,80.4615716034875,4.70139109479684,0.680286248466977,17.22,0,0,137,0
40,30,80.4132428449667,5.14686216058444,1.47413450167196,0,101,30000,0,1
40,30,80.4132428449667,5.14686216058444,1.47413450167196,5.62,0,0,334,0
40,30,80.4132428449667,5.14686216058444,1.47413450167196,11.12,0,0,152,0
40,30,80.4132428449667,5.14686216058444,1.47413450167196,13.64,0,0,208,0
40,30,80.4132428449667,5.14686216058444,1.47413450167196,14.84,0,0,169,0
41,30,77.3824299727718,3.44215119213652,0.608028213307274,0,101,30000,0,1
41,30,77.3824299727718,3.44215119213652,0.608028213307274,2.4,0,0,306,0
41,30,77.3824299727718,3.44215119213652,0.608028213307274,2.72,0,0,254,0
41,30,77.3824299727718,3.44215119213652,0.608028213307274,12.75,0,0,321,0
41,30,77.3824299727718,3.44215119213652,0.608028213307274,23.05,0,0,136,0
42,30,63.114738822991,2.62671819408301,1.30242491968223,0,101,30000,0,1
42,30,63.114738822991,2.62671819408301,1.30242491968223,2.31,0,0,400,0
42,30,63.114738822991,2.62671819408301,1.30242491968223,3.09,0,0,318,0
42,30,63.114738822991,2.62671819408301,1.30242491968223,11.35,0,0,351,0
42,30,63.114738822991,2.62671819408301,1.30242491968223,17.8,0,0,301,0
43,30,99.3520761983763,4.51832445841656,0.718771417662313,0,101,30000,0,1
43,30,99.3520761983763,4.51832445841656,0.718771417662313,6.06,0,0,218,0
43,30,99.3520761983763,4.51832445841656,0.718771417662313,7.9,0,0,208,0
43,30,99.3520761983763,4.51832445841656,0.718771417662313,10.81,0,0,191,0
43,30,99.3520761983763,4.51832445841656,0.718771417662313,14.42,0,0,160,0
44,30,89.5161574444485,3.39778365810376,0.588198983859018,0,101,30000,0,1
44,30,89.5161574444485,3.39778365810376,0.588198983859018,0.82,0,0,99,0
44,30,89.5161574444485,3.39778365810376,0.588198983859018,3.1,0,0,262,0
44,30,89.5161574444485,3.39778365810376,0.588198983859018,14.53,0,0,221,0
44,30,89.5161574444485,3.39778365810376,0.588198983859018,23.69,0,0,120,0
45,30,77.7623291621086,4.92915279431693,0.840878437365125,0,101,30000,0,1
45,30,77.7623291621086,4.92915279431693,0.840878437365125,6.51,0,0,200,0
45,30,77.7623291621086,4.92915279431693,0.840878437365125,7.84,0,0,219,0
45,30,77.7623291621086,4.92915279431693,0.840878437365125,8.04,0,0,278,0
45,30,77.7623291621086,4.92915279431693,0.840878437365125,11.01,0,0,158,0
46,30,76.9217393955753,3.49875959147585,0.685310801662654,0,101,30000,0,1
46,30,76.9217393955753,3.49875959147585,0.685310801662654,2.22,0,0,264,0
46,30,76.9217393955753,3.49875959147585,0.685310801662654,4.87,0,0,260,0
46,30,76.9217393955753,3.49875959147585,0.685310801662654,16.25,0,0,205,0
46,30,76.9217393955753,3.49875959147585,0.685310801662654,18.65,0,0,170,0
47,30,44.5036705092498,2.37062459977831,1.98223416641544,0,101,30000,0,1
47,30,44.5036705092498,2.37062459977831,1.98223416641544,14.89,0,0,215,0
47,30,44.5036705092498,2.37062459977831,1.98223416641544,15.95,0,0,323,0
47,30,44.5036705092498,2.37062459977831,1.98223416641544,19.64,0,0,294,0
47,30,44.5036705092498,2.37062459977831,1.98223416641544,23.92,0,0,183,0
48,30,65.1992474153662,5.98474664269729,1.41857637537286,0,101,30000,0,1
48,30,65.1992474153662,5.98474664269729,1.41857637537286,2.5,0,0,292,0
48,30,65.1992474153662,5.98474664269729,1.41857637537286,7.29,0,0,254,0
48,30,65.1992474153662,5.98474664269729,1.41857637537286,9.26,0,0,163,0
48,30,65.1992474153662,5.98474664269729,1.41857637537286,17.47,0,0,95,0
49,30,58.8687999794584,4.22822136741702,0.625614307747014,0,101,30000,0,1
49,30,58.8687999794584,4.22822136741702,0.625614307747014,0.82,0,0,146,0
49,30,58.8687999794584,4.22822136741702,0.625614307747014,12.4,0,0,195,0
49,30,58.8687999794584,4.22822136741702,0.625614307747014,13.86,0,0,253,0
49,30,58.8687999794584,4.22822136741702,0.625614307747014,18.63,0,0,170,0
50,30,73.915653881661,4.63281513432403,1.30638423341675,0,101,30000,0,1
50,30,73.915653881661,4.63281513432403,1.30638423341675,10.76,0,0,188,0
50,30,73.915653881661,4.63281513432403,1.30638423341675,11.49,0,0,249,0
50,30,73.915653881661,4.63281513432403,1.30638423341675,16.83,0,0,169,0
50,30,73.915653881661,4.63281513432403,1.30638423341675,20.03,0,0,138,0
51,30,61.2667264150034,4.96578153585058,1.15798320269316,0,101,30000,0,1
51,30,61.2667264150034,4.96578153585058,1.15798320269316,5.16,0,0,306,0
51,30,61.2667264150034,4.96578153585058,1.15798320269316,14.65,0,0,186,0
51,30,61.2667264150034,4.96578153585058,1.15798320269316,18.9,0,0,125,0
51,30,61.2667264150034,4.96578153585058,1.15798320269316,19.19,0,0,128,0
52,30,58.131203084267,3.52396661209662,0.849777434449442,0,101,30000,0,1
52,30,58.131203084267,3.52396661209662,0.849777434449442,0.71,0,0,186,0
52,30,58.131203084267,3.52396661209662,0.849777434449442,1.04,0,0,230,0
52,30,58.131203084267,3.52396661209662,0.849777434449442,10.66,0,0,268,0
52,30,58.131203084267,3.52396661209662,0.849777434449442,13.88,0,0,316,0
53,30,100.255973700528,2.96453650785549,0.734243505923828,0,101,30000,0,1
53,30,100.255973700528,2.96453650785549,0.734243505923828,6.21,0,0,334,0
53,30,100.255973700528,2.96453650785549,0.734243505923828,9.54,0,0,212,0
53,30,100.255973700528,2.96453650785549,0.734243505923828,17.54,0,0,174,0
53,30,100.255973700528,2.96453650785549,0.734243505923828,20.64,0,0,163,0
54,30,94.0829141171349,3.28651218069157,1.07134141205682,0,101,30000,0,1
54,30,94.0829141171349,3.28651218069157,1.07134141205682,10.81,0,0,233,0
54,30,94.0829141171349,3.28651218069157,1.07134141205682,12.91,0,0,254,0
54,30,94.0829141171349,3.28651218069157,1.07134141205682,13.68,0,0,180,0
54,30,94.0829141171349,3.28651218069157,1.07134141205682,15.14,0,0,215,0
55,30,72.1995497865486,2.96652084744157,0.776498661419046,0,101,30000,0,1
55,30,72.1995497865486,2.96652084744157,0.776498661419046,1.09,0,0,274,0
55,30,72.1995497865486,2.96652084744157,0.776498661419046,3.89,0,0,289,0
55,30,72.1995497865486,2.96652084744157,0.776498661419046,7.29,0,0,407,0
55,30,72.1995497865486,2.96652084744157,0.776498661419046,13.46,0,0,226,0
56,30,58.5895515799303,3.07888805625006,0.934676627804229,0,101,30000,0,1
56,30,58.5895515799303,3.07888805625006,0.934676627804229,0.25,0,0,127,0
56,30,58.5895515799303,3.07888805625006,0.934676627804229,6.76,0,0,459,0
56,30,58.5895515799303,3.07888805625006,0.934676627804229,20.54,0,0,150,0
56,30,58.5895515799303,3.07888805625006,0.934676627804229,22.98,0,0,157,0
57,30,47.3491720584447,3.33826411774776,0.821663101904249,0,101,30000,0,1
57,30,47.3491720584447,3.33826411774776,0.821663101904249,5.96,0,0,442,0
57,30,47.3491720584447,3.33826411774776,0.821663101904249,8.25,0,0,373,0
57,30,47.3491720584447,3.33826411774776,0.821663101904249,14.46,0,0,319,0
57,30,47.3491720584447,3.33826411774776,0.821663101904249,19.99,0,0,149,0
58,30,89.8299416171953,2.84019897971755,0.632298755620393,0,101,30000,0,1
58,30,89.8299416171953,2.84019897971755,0.632298755620393,4.71,0,0,229,0
58,30,89.8299416171953,2.84019897971755,0.632298755620393,12.14,0,0,264,0
58,30,89.8299416171953,2.84019897971755,0.632298755620393,13.14,0,0,316,0
58,30,89.8299416171953,2.84019897971755,0.632298755620393,22.19,0,0,99,0
59,30,72.0392713248331,3.09985411817556,0.712704394547075,0,101,30000,0,1
59,30,72.0392713248331,3.09985411817556,0.712704394547075,7.17,0,0,318,0
59,30,72.0392713248331,3.09985411817556,0.712704394547075,8.61,0,0,308,0
59,30,72.0392713248331,3.09985411817556,0.712704394547075,21.18,0,0,167,0
59,30,72.0392713248331,3.09985411817556,0.712704394547075,21.85,0,0,151,0
60,30,47.9019809137473,3.19466102329787,1.28497920690255,0,101,30000,0,1
60,30,47.9019809137473,3.19466102329787,1.28497920690255,10.99,0,0,283,0
60,30,47.9019809137473,3.19466102329787,1.28497920690255,13.17,0,0,250,0
60,30,47.9019809137473,3.19466102329787,1.28497920690255,16.85,0,0,146,0
60,30,47.9019809137473,3.19466102329787,1.28497920690255,21.88,0,0,195,0
61,60,86.2291188392877,4.43436687589411,0.513207151208276,0,101,60000,0,1
61,60,86.2291188392877,4.43436687589411,0.513207151208276,5.33,0,0,442,0
61,60,86.2291188392877,4.43436687589411,0.513207151208276,6.59,0,0,431,0
61,60,86.2291188392877,4.43436687589411,0.513207151208276,9.85,0,0,398,0
61,60,86.2291188392877,4.43436687589411,0.513207151208276,10.13,0,0,392,0
62,60,67.2680606327137,4.11461441269952,1.29739958935885,0,101,60000,0,1
62,60,67.2680606327137,4.11461441269952,1.29739958935885,5.67,0,0,591,0
62,60,67.2680606327137,4.11461441269952,1.29739958935885,15.55,0,0,360,0
62,60,67.2680606327137,4.11461441269952,1.29739958935885,19.32,0,0,297,0
62,60,67.2680606327137,4.11461441269952,1.29739958935885,23.91,0,0,239,0
63,60,102.977565855891,3.06842257988521,0.889662897218868,0,101,60000,0,1
63,60,102.977565855891,3.06842257988521,0.889662897218868,10.15,0,0,425,0
63,60,102.977565855891,3.06842257988521,0.889662897218868,11.01,0,0,524,0
63,60,102.977565855891,3.06842257988521,0.889662897218868,11.49,0,0,385,0
63,60,102.977565855891,3.06842257988521,0.889662897218868,17.87,0,0,506,0
64,60,52.8071309123491,2.76788745323616,0.817795244565896,0,101,60000,0,1
64,60,52.8071309123491,2.76788745323616,0.817795244565896,3.62,0,0,640,0
64,60,52.8071309123491,2.76788745323616,0.817795244565896,4.7,0,0,1036,0
64,60,52.8071309123491,2.76788745323616,0.817795244565896,9.28,0,0,720,0
64,60,52.8071309123491,2.76788745323616,0.817795244565896,19.8,0,0,476,0
65,60,70.9289130093779,10.9667111174048,0.949982466001156,0,101,60000,0,1
65,60,70.9289130093779,10.9667111174048,0.949982466001156,10.82,0,0,167,0
65,60,70.9289130093779,10.9667111174048,0.949982466001156,11.02,0,0,231,0
65,60,70.9289130093779,10.9667111174048,0.949982466001156,16.01,0,0,63,0
65,60,70.9289130093779,10.9667111174048,0.949982466001156,20.59,0,0,39,0
66,60,71.467477529249,4.83247609460047,0.975708709809003,0,101,60000,0,1
66,60,71.467477529249,4.83247609460047,0.975708709809003,6.07,0,0,596,0
66,60,71.467477529249,4.83247609460047,0.975708709809003,16.81,0,0,265,0
66,60,71.467477529249,4.83247609460047,0.975708709809003,18.24,0,0,330,0
66,60,71.467477529249,4.83247609460047,0.975708709809003,23.7,0,0,239,0
67,60,47.0648692537263,3.82450215755375,0.867784709898445,0,101,60000,0,1
67,60,47.0648692537263,3.82450215755375,0.867784709898445,0.94,0,0,692,0
67,60,47.0648692537263,3.82450215755375,0.867784709898445,4.08,0,0,1117,0
67,60,47.0648692537263,3.82450215755375,0.867784709898445,7.18,0,0,820,0
67,60,47.0648692537263,3.82450215755375,0.867784709898445,18.08,0,0,461,0
68,60,67.6696702141429,3.78621747471382,0.885914714120892,0,101,60000,0,1
68,60,67.6696702141429,3.78621747471382,0.885914714120892,0.63,0,0,450,0
68,60,67.6696702141429,3.78621747471382,0.885914714120892,7.97,0,0,471,0
68,60,67.6696702141429,3.78621747471382,0.885914714120892,8.23,0,0,732,0
68,60,67.6696702141429,3.78621747471382,0.885914714120892,13.66,0,0,439,0
69,60,30.5396380417873,3.9669969805364,0.885090445652837,0,101,60000,0,1
69,60,30.5396380417873,3.9669969805364,0.885090445652837,3.11,0,0,1275,0
69,60,30.5396380417873,3.9669969805364,0.885090445652837,3.19,0,0,1217,0
69,60,30.5396380417873,3.9669969805364,0.885090445652837,16.81,0,0,221,0
69,60,30.5396380417873,3.9669969805364,0.885090445652837,19.51,0,0,128,0
70,60,72.1863353351608,4.69345246786453,1.37483570975887,0,101,60000,0,1
70,60,72.1863353351608,4.69345246786453,1.37483570975887,4.69,0,0,757,0
70,60,72.1863353351608,4.69345246786453,1.37483570975887,10.97,0,0,486,0
70,60,72.1863353351608,4.69345246786453,1.37483570975887,15.18,0,0,291,0
70,60,72.1863353351608,4.69345246786453,1.37483570975887,19.1,0,0,328,0
71,60,67.4760040198934,3.64905068983965,0.862348098762629,0,101,60000,0,1
71,60,67.4760040198934,3.64905068983965,0.862348098762629,1.24,0,0,504,0
71,60,67.4760040198934,3.64905068983965,0.862348098762629,2.25,0,0,611,0
71,60,67.4760040198934,3.64905068983965,0.862348098762629,5.06,0,0,712,0
71,60,67.4760040198934,3.64905068983965,0.862348098762629,6.66,0,0,688,0
72,60,52.4401131000562,6.05069188606251,0.952899290727864,0,101,60000,0,1
72,60,52.4401131000562,6.05069188606251,0.952899290727864,5.21,0,0,669,0
72,60,52.4401131000562,6.05069188606251,0.952899290727864,13,0,0,358,0
72,60,52.4401131000562,6.05069188606251,0.952899290727864,13.51,0,0,211,0
72,60,52.4401131000562,6.05069188606251,0.952899290727864,22.19,0,0,73,0
73,60,67.2001611262193,3.05106796705845,1.07138298327479,0,101,60000,0,1
73,60,67.2001611262193,3.05106796705845,1.07138298327479,7.8,0,0,796,0
73,60,67.2001611262193,3.05106796705845,1.07138298327479,8.21,0,0,663,0
73,60,67.2001611262193,3.05106796705845,1.07138298327479,14,0,0,455,0
73,60,67.2001611262193,3.05106796705845,1.07138298327479,20.88,0,0,327,0
74,60,100.802978611196,3.59428113335882,0.926145884499459,0,101,60000,0,1
74,60,100.802978611196,3.59428113335882,0.926145884499459,1.81,0,0,366,0
74,60,100.802978611196,3.59428113335882,0.926145884499459,9.36,0,0,522,0
74,60,100.802978611196,3.59428113335882,0.926145884499459,21.89,0,0,263,0
74,60,100.802978611196,3.59428113335882,0.926145884499459,23.79,0,0,279,0
75,60,68.2798708331183,3.40680361014299,0.628251499688155,0,101,60000,0,1
75,60,68.2798708331183,3.40680361014299,0.628251499688155,6.41,0,0,764,0
75,60,68.2798708331183,3.40680361014299,0.628251499688155,8.62,0,0,542,0
75,60,68.2798708331183,3.40680361014299,0.628251499688155,9.03,0,0,695,0
75,60,68.2798708331183,3.40680361014299,0.628251499688155,17.42,0,0,490,0
76,60,33.6096352355368,6.77177098923721,0.852973448588158,0,101,60000,0,1
76,60,33.6096352355368,6.77177098923721,0.852973448588158,3.2,0,0,932,0
76,60,33.6096352355368,6.77177098923721,0.852973448588158,13.17,0,0,175,0
76,60,33.6096352355368,6.77177098923721,0.852973448588158,22.78,0,0,40,0
76,60,33.6096352355368,6.77177098923721,0.852973448588158,22.86,0,0,26,0
77,60,58.4214164549953,3.08189441084047,1.34171965038488,0,101,60000,0,1
77,60,58.4214164549953,3.08189441084047,1.34171965038488,13.77,0,0,536,0
77,60,58.4214164549953,3.08189441084047,1.34171965038488,14.62,0,0,434,0
77,60,58.4214164549953,3.08189441084047,1.34171965038488,22.78,0,0,266,0
77,60,58.4214164549953,3.08189441084047,1.34171965038488,22.93,0,0,247,0
78,60,63.5538498382017,2.95744346774918,0.93082453628174,0,101,60000,0,1
78,60,63.5538498382017,2.95744346774918,0.93082453628174,5.4,0,0,790,0
78,60,63.5538498382017,2.95744346774918,0.93082453628174,5.6,0,0,673,0
78,60,63.5538498382017,2.95744346774918,0.93082453628174,7.43,0,0,789,0
78,60,63.5538498382017,2.95744346774918,0.93082453628174,13.91,0,0,490,0
79,60,113.463172838553,3.35783866020705,0.524222577329906,0,101,60000,0,1
79,60,113.463172838553,3.35783866020705,0.524222577329906,8.03,0,0,786,0
79,60,113.463172838553,3.35783866020705,0.524222577329906,9.79,0,0,391,0
79,60,113.463172838553,3.35783866020705,0.524222577329906,14.63,0,0,456,0
79,60,113.463172838553,3.35783866020705,0.524222577329906,19.29,0,0,423,0
80,60,51.440773052098,4.97117533231413,1.16519278033938,0,101,60000,0,1
80,60,51.440773052098,4.97117533231413,1.16519278033938,3.25,0,0,974,0
80,60,51.440773052098,4.97117533231413,1.16519278033938,7.13,0,0,485,0
80,60,51.440773052098,4.97117533231413,1.16519278033938,7.35,0,0,688,0
80,60,51.440773052098,4.97117533231413,1.16519278033938,20.14,0,0,207,0
81,60,79.4221922294288,3.20739679002834,1.01045709454124,0,101,60000,0,1
81,60,79.4221922294288,3.20739679002834,1.01045709454124,2.76,0,0,909,0
81,60,79.4221922294288,3.20739679002834,1.01045709454124,5.26,0,0,498,0
81,60,79.4221922294288,3.20739679002834,1.01045709454124,8.58,0,0,539,0
81,60,79.4221922294288,3.20739679002834,1.01045709454124,9.14,0,0,465,0
82,60,58.5110122011738,5.15595809630875,1.22704337626878,0,101,60000,0,1
82,60,58.5110122011738,5.15595809630875,1.22704337626878,3.51,0,0,734,0
82,60,58.5110122011738,5.15595809630875,1.22704337626878,8.68,0,0,615,0
82,60,58.5110122011738,5.15595809630875,1.22704337626878,11.89,0,0,299,0
82,60,58.5110122011738,5.15595809630875,1.22704337626878,21.86,0,0,157,0
83,60,42.3157432240523,2.54110491892873,1.16004727664842,0,101,60000,0,1
83,60,42.3157432240523,2.54110491892873,1.16004727664842,2.14,0,0,1150,0
83,60,42.3157432240523,2.54110491892873,1.16004727664842,5.76,0,0,730,0
83,60,42.3157432240523,2.54110491892873,1.16004727664842,7.49,0,0,1482,0
83,60,42.3157432240523,2.54110491892873,1.16004727664842,18.52,0,0,661,0
84,60,64.415244707287,6.66110063440597,0.928026720386601,0,101,60000,0,1
84,60,64.415244707287,6.66110063440597,0.928026720386601,7.02,0,0,647,0
84,60,64.415244707287,6.66110063440597,0.928026720386601,7.22,0,0,521,0
84,60,64.415244707287,6.66110063440597,0.928026720386601,9.6,0,0,455,0
84,60,64.415244707287,6.66110063440597,0.928026720386601,23.1,0,0,88,0
85,60,115.996832545284,3.97477299745346,0.955611958856994,0,101,60000,0,1
85,60,115.996832545284,3.97477299745346,0.955611958856994,1.09,0,0,352,0
85,60,115.996832545284,3.97477299745346,0.955611958856994,2.99,0,0,507,0
85,60,115.996832545284,3.97477299745346,0.955611958856994,5.08,0,0,386,0
85,60,115.996832545284,3.97477299745346,0.955611958856994,18.73,0,0,335,0
86,60,51.0218101128859,3.18388880448357,1.019182530692,0,101,60000,0,1
86,60,51.0218101128859,3.18388880448357,1.019182530692,1.04,0,0,638,0
86,60,51.0218101128859,3.18388880448357,1.019182530692,13.81,0,0,733,0
86,60,51.0218101128859,3.18388880448357,1.019182530692,15.69,0,0,308,0
86,60,51.0218101128859,3.18388880448357,1.019182530692,18.9,0,0,381,0
87,60,65.9126523193599,3.45183563129307,0.951292981855673,0,101,60000,0,1
87,60,65.9126523193599,3.45183563129307,0.951292981855673,14.65,0,0,302,0
87,60,65.9126523193599,3.45183563129307,0.951292981855673,14.83,0,0,639,0
87,60,65.9126523193599,3.45183563129307,0.951292981855673,18.85,0,0,360,0
87,60,65.9126523193599,3.45183563129307,0.951292981855673,20.46,0,0,540,0
88,60,61.5969787052601,4.00972815617529,1.10588158260235,0,101,60000,0,1
88,60,61.5969787052601,4.00972815617529,1.10588158260235,1.01,0,0,710,0
88,60,61.5969787052601,4.00972815617529,1.10588158260235,5.13,0,0,1154,0
88,60,61.5969787052601,4.00972815617529,1.10588158260235,16.97,0,0,297,0
88,60,61.5969787052601,4.00972815617529,1.10588158260235,21,0,0,279,0
89,60,88.5106311324347,3.18069833942419,1.04326925143187,0,101,60000,0,1
89,60,88.5106311324347,3.18069833942419,1.04326925143187,0.63,0,0,314,0
89,60,88.5106311324347,3.18069833942419,1.04326925143187,2.36,0,0,603,0
89,60,88.5106311324347,3.18069833942419,1.04326925143187,2.81,0,0,918,0
89,60,88.5106311324347,3.18069833942419,1.04326925143187,10.26,0,0,905,0
90,60,59.0207410734632,5.19708376468572,0.968174712225792,0,101,60000,0,1
90,60,59.0207410734632,5.19708376468572,0.968174712225792,3.47,0,0,821,0
90,60,59.0207410734632,5.19708376468572,0.968174712225792,10.71,0,0,562,0
90,60,59.0207410734632,5.19708376468572,0.968174712225792,16.83,0,0,255,0
90,60,59.0207410734632,5.19708376468572,0.968174712225792,21.11,0,0,160,0
91,120,84.8402910071513,2.05187671189093,0.60677370774556,0,101,120000,0,1
91,120,84.8402910071513,2.05187671189093,0.60677370774556,0.9,0,0,659,0
91,120,84.8402910071513,2.05187671189093,0.60677370774556,1.18,0,0,679,0
91,120,84.8402910071513,2.05187671189093,0.60677370774556,21.34,0,0,876,0
91,120,84.8402910071513,2.05187671189093,0.60677370774556,22.66,0,0,745,0
92,120,57.8305480163087,7.7418229362779,1.26070598382259,0,101,120000,0,1
92,120,57.8305480163087,7.7418229362779,1.26070598382259,2.5,0,0,1939,0
92,120,57.8305480163087,7.7418229362779,1.26070598382259,3.8,0,0,1594,0
92,120,57.8305480163087,7.7418229362779,1.26070598382259,8.95,0,0,456,0
92,120,57.8305480163087,7.7418229362779,1.26070598382259,14.19,0,0,293,0
93,120,60.4904969433065,2.3700396899662,1.18832463103098,0,101,120000,0,1
93,120,60.4904969433065,2.3700396899662,1.18832463103098,2.24,0,0,1686,0
93,120,60.4904969433065,2.3700396899662,1.18832463103098,7.27,0,0,1754,0
93,120,60.4904969433065,2.3700396899662,1.18832463103098,10.11,0,0,1401,0
93,120,60.4904969433065,2.3700396899662,1.18832463103098,21.89,0,0,1018,0
94,120,80.3372001108831,2.11425936147841,0.567862181531406,0,101,120000,0,1
94,120,80.3372001108831,2.11425936147841,0.567862181531406,1.38,0,0,935,0
94,120,80.3372001108831,2.11425936147841,0.567862181531406,5.93,0,0,1646,0
94,120,80.3372001108831,2.11425936147841,0.567862181531406,7.61,0,0,1135,0
94,120,80.3372001108831,2.11425936147841,0.567862181531406,12.29,0,0,934,0
95,120,113.507981965172,5.01720529238675,0.963174485462462,0,101,120000,0,1
95,120,113.507981965172,5.01720529238675,0.963174485462462,4.87,0,0,846,0
95,120,113.507981965172,5.01720529238675,0.963174485462462,8.75,0,0,563,0
95,120,113.507981965172,5.01720529238675,0.963174485462462,10.02,0,0,655,0
95,120,113.507981965172,5.01720529238675,0.963174485462462,20.47,0,0,478,0
96,120,46.3479525411027,3.22323710092054,1.07442784058207,0,101,120000,0,1
96,120,46.3479525411027,3.22323710092054,1.07442784058207,14.24,0,0,1138,0
96,120,46.3479525411027,3.22323710092054,1.07442784058207,18.58,0,0,758,0
96,120,46.3479525411027,3.22323710092054,1.07442784058207,22.82,0,0,494,0
96,120,46.3479525411027,3.22323710092054,1.07442784058207,23.9,0,0,436,0
97,120,65.222098474122,4.30484508350459,1.15757155232327,0,101,120000,0,1
97,120,65.222098474122,4.30484508350459,1.15757155232327,13.19,0,0,683,0
97,120,65.222098474122,4.30484508350459,1.15757155232327,17.13,0,0,675,0
97,120,65.222098474122,4.30484508350459,1.15757155232327,17.77,0,0,684,0
97,120,65.222098474122,4.30484508350459,1.15757155232327,18.94,0,0,315,0
98,120,67.1630584170544,2.57372620382725,0.777540215360552,0,101,120000,0,1
98,120,67.1630584170544,2.57372620382725,0.777540215360552,0.69,0,0,874,0
98,120,67.1630584170544,2.57372620382725,0.777540215360552,12,0,0,1014,0
98,120,67.1630584170544,2.57372620382725,0.777540215360552,12.38,0,0,1010,0
98,120,67.1630584170544,2.57372620382725,0.777540215360552,17.73,0,0,872,0
99,120,68.4982221023435,3.53691633393099,0.814753099005428,0,101,120000,0,1
99,120,68.4982221023435,3.53691633393099,0.814753099005428,4.19,0,0,1594,0
99,120,68.4982221023435,3.53691633393099,0.814753099005428,4.99,0,0,1537,0
99,120,68.4982221023435,3.53691633393099,0.814753099005428,16.69,0,0,653,0
99,120,68.4982221023435,3.53691633393099,0.814753099005428,23.58,0,0,418,0
100,120,73.4437598584149,1.93593158310732,1.14302100748413,0,101,120000,0,1
100,120,73.4437598584149,1.93593158310732,1.14302100748413,9.41,0,0,1763,0
100,120,73.4437598584149,1.93593158310732,1.14302100748413,15.44,0,0,905,0
100,120,73.4437598584149,1.93593158310732,1.14302100748413,15.78,0,0,931,0
100,120,73.4437598584149,1.93593158310732,1.14302100748413,17.95,0,0,1060,0
101,120,77.9029102073823,2.39720358203584,0.84226409519777,0,101,120000,0,1
101,120,77.9029102073823,2.39720358203584,0.84226409519777,2.57,0,0,1136,0
101,120,77.9029102073823,2.39720358203584,0.84226409519777,3.18,0,0,1444,0
101,120,77.9029102073823,2.39720358203584,0.84226409519777,18.07,0,0,1150,0
101,120,77.9029102073823,2.39720358203584,0.84226409519777,18.22,0,0,839,0
102,120,92.0713856816225,2.47200555140049,1.48445215691866,0,101,120000,0,1
102,120,92.0713856816225,2.47200555140049,1.48445215691866,5.71,0,0,1165,0
102,120,92.0713856816225,2.47200555140049,1.48445215691866,12.15,0,0,933,0
102,120,92.0713856816225,2.47200555140049,1.48445215691866,16.38,0,0,835,0
102,120,92.0713856816225,2.47200555140049,1.48445215691866,19.1,0,0,1038,0
103,120,67.0344833410444,6.51265609994471,0.523981440268883,0,101,120000,0,1
103,120,67.0344833410444,6.51265609994471,0.523981440268883,10.06,0,0,829,0
103,120,67.0344833410444,6.51265609994471,0.523981440268883,13.33,0,0,453,0
103,120,67.0344833410444,6.51265609994471,0.523981440268883,16.35,0,0,463,0
103,120,67.0344833410444,6.51265609994471,0.523981440268883,23.98,0,0,193,0
104,120,113.653158301579,3.99529308169159,1.08851442787815,0,101,120000,0,1
104,120,113.653158301579,3.99529308169159,1.08851442787815,3.84,0,0,1124,0
104,120,113.653158301579,3.99529308169159,1.08851442787815,8.61,0,0,852,0
104,120,113.653158301579,3.99529308169159,1.08851442787815,13.36,0,0,839,0
104,120,113.653158301579,3.99529308169159,1.08851442787815,22.55,0,0,688,0
105,120,42.9311063252497,4.45280453572582,0.951325976563236,0,101,120000,0,1
105,120,42.9311063252497,4.45280453572582,0.951325976563236,2.64,0,0,2576,0
105,120,42.9311063252497,4.45280453572582,0.951325976563236,3.76,0,0,2074,0
105,120,42.9311063252497,4.45280453572582,0.951325976563236,9.13,0,0,1086,0
105,120,42.9311063252497,4.45280453572582,0.951325976563236,11.72,0,0,787,0
106,120,62.0475049384631,2.97185494299311,1.04046398525404,0,101,120000,0,1
106,120,62.0475049384631,2.97185494299311,1.04046398525404,1.76,0,0,1700,0
106,120,62.0475049384631,2.97185494299311,1.04046398525404,14.41,0,0,1133,0
106,120,62.0475049384631,2.97185494299311,1.04046398525404,15.56,0,0,1169,0
106,120,62.0475049384631,2.97185494299311,1.04046398525404,18.38,0,0,1162,0
107,120,74.9628710882833,3.61614379023471,0.768986418314199,0,101,120000,0,1
107,120,74.9628710882833,3.61614379023471,0.768986418314199,0.57,0,0,661,0
107,120,74.9628710882833,3.61614379023471,0.768986418314199,6.85,0,0,1178,0
107,120,74.9628710882833,3.61614379023471,0.768986418314199,12.66,0,0,1304,0
107,120,74.9628710882833,3.61614379023471,0.768986418314199,13.37,0,0,1281,0
108,120,68.6105849292164,4.31300915515628,1.91195687486116,0,101,120000,0,1
108,120,68.6105849292164,4.31300915515628,1.91195687486116,7.87,0,0,981,0
108,120,68.6105849292164,4.31300915515628,1.91195687486116,12.09,0,0,808,0
108,120,68.6105849292164,4.31300915515628,1.91195687486116,17.46,0,0,627,0
108,120,68.6105849292164,4.31300915515628,1.91195687486116,19.02,0,0,583,0
109,120,66.0607889808674,3.40483007234504,1.1521298978451,0,101,120000,0,1
109,120,66.0607889808674,3.40483007234504,1.1521298978451,9.2,0,0,953,0
109,120,66.0607889808674,3.40483007234504,1.1521298978451,10.51,0,0,1310,0
109,120,66.0607889808674,3.40483007234504,1.1521298978451,17.41,0,0,784,0
109,120,66.0607889808674,3.40483007234504,1.1521298978451,18.1,0,0,725,0
110,120,76.0242069559189,5.31410982221731,0.787784909015046,0,101,120000,0,1
110,120,76.0242069559189,5.31410982221731,0.787784909015046,1.7,0,0,1037,0
110,120,76.0242069559189,5.31410982221731,0.787784909015046,11.33,0,0,848,0
110,120,76.0242069559189,5.31410982221731,0.787784909015046,14.11,0,0,650,0
110,120,76.0242069559189,5.31410982221731,0.787784909015046,15,0,0,465,0
111,120,57.810821991466,5.96135830343231,0.919603237111826,0,101,120000,0,1
111,120,57.810821991466,5.96135830343231,0.919603237111826,0.87,0,0,1454,0
111,120,57.810821991466,5.96135830343231,0.919603237111826,5.51,0,0,1070,0
111,120,57.810821991466,5.96135830343231,0.919603237111826,16.72,0,0,412,0
111,120,57.810821991466,5.96135830343231,0.919603237111826,19.92,0,0,499,0
112,120,61.5419928677816,5.51875111951838,1.14060024309783,0,101,120000,0,1
112,120,61.5419928677816,5.51875111951838,1.14060024309783,1.34,0,0,1276,0
112,120,61.5419928677816,5.51875111951838,1.14060024309783,14.04,0,0,455,0
112,120,61.5419928677816,5.51875111951838,1.14060024309783,16.19,0,0,404,0
112,120,61.5419928677816,5.51875111951838,1.14060024309783,21.09,0,0,270,0
113,120,83.5454950381121,3.76070946666945,1.3534681101884,0,101,120000,0,1
113,120,83.5454950381121,3.76070946666945,1.3534681101884,1.74,0,0,1859,0
113,120,83.5454950381121,3.76070946666945,1.3534681101884,19.53,0,0,578,0
113,120,83.5454950381121,3.76070946666945,1.3534681101884,22.26,0,0,502,0
113,120,83.5454950381121,3.76070946666945,1.3534681101884,22.69,0,0,600,0
114,120,102.334638914752,2.69042567935817,0.845090976509644,0,101,120000,0,1
114,120,102.334638914752,2.69042567935817,0.845090976509644,0.27,0,0,170,0
114,120,102.334638914752,2.69042567935817,0.845090976509644,7.15,0,0,1713,0
114,120,102.334638914752,2.69042567935817,0.845090976509644,18.07,0,0,996,0
114,120,102.334638914752,2.69042567935817,0.845090976509644,23.06,0,0,641,0
115,120,66.726839611592,4.93980884295418,0.642054474286237,0,101,120000,0,1
115,120,66.726839611592,4.93980884295418,0.642054474286237,0.46,0,0,391,0
115,120,66.726839611592,4.93980884295418,0.642054474286237,17.62,0,0,606,0
115,120,66.726839611592,4.93980884295418,0.642054474286237,18.69,0,0,559,0
115,120,66.726839611592,4.93980884295418,0.642054474286237,22.22,0,0,411,0
116,120,95.7477671624402,6.25076912336102,1.37876003059105,0,101,120000,0,1
116,120,95.7477671624402,6.25076912336102,1.37876003059105,0.57,0,0,782,0
116,120,95.7477671624402,6.25076912336102,1.37876003059105,0.76,0,0,611,0
116,120,95.7477671624402,6.25076912336102,1.37876003059105,9.09,0,0,854,0
116,120,95.7477671624402,6.25076912336102,1.37876003059105,23.86,0,0,249,0
117,120,102.829704747911,2.45212519743987,0.953340028737934,0,101,120000,0,1
117,120,102.829704747911,2.45212519743987,0.953340028737934,5.1,0,0,862,0
117,120,102.829704747911,2.45212519743987,0.953340028737934,16.58,0,0,905,0
117,120,102.829704747911,2.45212519743987,0.953340028737934,18.01,0,0,708,0
117,120,102.829704747911,2.45212519743987,0.953340028737934,20.31,0,0,800,0
118,120,70.4540021608014,2.11795622780326,1.36491728603448,0,101,120000,0,1
118,120,70.4540021608014,2.11795622780326,1.36491728603448,10.57,0,0,1455,0
118,120,70.4540021608014,2.11795622780326,1.36491728603448,19.07,0,0,1049,0
118,120,70.4540021608014,2.11795622780326,1.36491728603448,19.35,0,0,936,0
118,120,70.4540021608014,2.11795622780326,1.36491728603448,20.04,0,0,935,0
119,120,131.194537535597,2.06997230921754,0.74370747261938,0,101,120000,0,1
119,120,131.194537535597,2.06997230921754,0.74370747261938,2.64,0,0,580,0
119,120,131.194537535597,2.06997230921754,0.74370747261938,5.91,0,0,824,0
119,120,131.194537535597,2.06997230921754,0.74370747261938,5.97,0,0,768,0
119,120,131.194537535597,2.06997230921754,0.74370747261938,18.43,0,0,609,0
120,120,78.7767009131027,3.10569664507212,0.482166735805607,0,101,120000,0,1
120,120,78.7767009131027,3.10569664507212,0.482166735805607,9.2,0,0,1348,0
120,120,78.7767009131027,3.10569664507212,0.482166735805607,14.89,0,0,1129,0
120,120,78.7767009131027,3.10569664507212,0.482166735805607,15.24,0,0,868,0
120,120,78.7767009131027,3.10569664507212,0.482166735805607,22.54,0,0,744,0
