ID,DOSE,V,CL,KA,TIME,EVID,AMT,DV,EVIDNM
1,10,63.5177905857421,4.62580394084802,0.646921662049232,0,101,10000,0,1
1,10,63.5177905857421,4.62580394084802,0.646921662049232,0.96,0,0,52,0
1,10,63.5177905857421,4.62580394084802,0.646921662049232,1.75,0,0,101,0
1,10,63.5177905857421,4.62580394084802,0.646921662049232,2.54,0,0,118,0
1,10,63.5177905857421,4.62580394084802,0.646921662049232,13.89,0,0,72,0
2,10,85.0017468544671,4.45466610693589,0.991287850937419,0,101,10000,0,1
2,10,85.0017468544671,4.45466610693589,0.991287850937419,2.36,0,0,80,0
2,10,85.0017468544671,4.45466610693589,0.991287850937419,5.8,0,0,81,0
2,10,85.0017468544671,4.45466610693589,0.991287850937419,12.14,0,0,70,0
2,10,85.0017468544671,4.45466610693589,0.991287850937419,15.01,0,0,57,0
3,10,64.8738450799388,5.54982090013605,0.642269845393599,0,101,10000,0,1
3,10,64.8738450799388,5.54982090013605,0.642269845393599,3.74,0,0,136,0
3,10,64.8738450799388,5.54982090013605,0.642269845393599,16.29,0,0,57,0
3,10,64.8738450799388,5.54982090013605,0.642269845393599,21.6,0,0,33,0
3,10,64.8738450799388,5.54982090013605,0.642269845393599,21.99,0,0,29,0
4,10,72.5443520925389,3.76062850736046,1.13393120227926,0,101,10000,0,1
4,10,72.5443520925389,3.76062850736046,1.13393120227926,2.97,0,0,146,0
4,10,72.5443520925389,3.76062850736046,1.13393120227926,4.4,0,0,121,0
4,10,72.5443520925389,3.76062850736046,1.13393120227926,5.47,0,0,125,0
4,10,72.5443520925389,3.76062850736046,1.13393120227926,11.77,0,0,76,0
5,10,57.0912189747377,3.73723025228464,0.683887863115148,0,101,10000,0,1
5,10,57.0912189747377,3.73723025228464,0.683887863115148,8.41,0,0,112,0
5,10,57.0912189747377,3.73723025228464,0.683887863115148,8.82,0,0,74,0
5,10,57.0912189747377,3.73723025228464,0.683887863115148,17.19,0,0,63,0
5,10,57.0912189747377,3.73723025228464,0.683887863115148,22.73,0,0,57,0
6,10,52.9004789591184,2.04810267569881,0.904130196283399,0,101,10000,0,1
6,10,52.9004789591184,2.04810267569881,0.904130196283399,3,0,0,178,0
6,10,52.9004789591184,2.04810267569881,0.904130196283399,11.74,0,0,148,0
6,10,52.9004789591184,2.04810267569881,0.904130196283399,14.6,0,0,117,0
6,10,52.9004789591184,2.04810267569881,0.904130196283399,15.94,0,0,138,0
7,10,51.5712545612665,3.95014410688521,1.17404344222963,0,101,10000,0,1
7,10,51.5712545612665,3.95014410688521,1.17404344222963,7.3,0,0,103,0
7,10,51.5712545612665,3.95014410688521,1.17404344222963,10.41,0,0,128,0
7,10,51.5712545612665,3.95014410688521,1.17404344222963,10.75,0,0,113,0
7,10,51.5712545612665,3.95014410688521,1.17404344222963,11.68,0,0,73,0
8,10,109.066789202484,3.02569981952585,1.17579374262658,0,101,10000,0,1
8,10,109.066789202484,3.02569981952585,1.17579374262658,5.1,0,0,72,0
8,10,109.066789202484,3.02569981952585,1.17579374262658,7.41,0,0,86,0
8,10,109.066789202484,3.02569981952585,1.17579374262658,13.97,0,0,60,0
8,10,109.066789202484,3.02569981952585,1.17579374262658,23.88,0,0,61,0
9,10,70.4522593087466,2.55269754266007,0.871554973435167,0,101,10000,0,1
9,10,70.4522593087466,2.55269754266007,0.871554973435167,6.26,0,0,131,0
9,10,70.4522593087466,2.55269754266007,0.871554973435167,16.87,0,0,80,0
9,10,70.4522593087466,2.55269754266007,0.871554973435167,18.3,0,0,70,0
9,10,70.4522593087466,2.55269754266007,0.871554973435167,21.32,0,0,83,0
10,10,74.4268367237299,2.53375576282092,1.37947537056127,0,101,10000,0,1
10,10,74.4268367237299,2.53375576282092,1.37947537056127,7.98,0,0,120,0
10,10,74.4268367237299,2.53375576282092,1.37947537056127,12.48,0,0,105,0
10,10,74.4268367237299,2.53375576282092,1.37947537056127,16.62,0,0,87,0
10,10,74.4268367237299,2.53375576282092,1.37947537056127,18.49,0,0,97,0
11,10,129.469014661911,1.91967898637945,1.05134245566192,0,101,10000,0,1
11,10,129.469014661911,1.91967898637945,1.05134245566192,13.94,0,0,77,0
11,10,129.469014661911,1.91967898637945,1.05134245566192,22.99,0,0,74,0
11,10,129.469014661911,1.91967898637945,1.05134245566192,23.23,0,0,50,0
11,10,129.469014661911,1.91967898637945,1.05134245566192,23.87,0,0,81,0
12,10,63.4673778900726,3.09930241121146,0.768981595512713,0,101,10000,0,1
12,10,63.4673778900726,3.09930241121146,0.768981595512713,4.08,0,0,161,0
12,10,63.4673778900726,3.09930241121146,0.768981595512713,4.85,0,0,104,0
12,10,63.4673778900726,3.09930241121146,0.768981595512713,13.2,0,0,87,0
12,10,63.4673778900726,3.09930241121146,0.768981595512713,15.13,0,0,97,0
13,10,80.90218387692,3.29282815327842,1.1342782414141,0,101,10000,0,1
13,10,80.90218387692,3.29282815327842,1.1342782414141,9.66,0,0,87,0
13,10,80.90218387692,3.29282815327842,1.1342782414141,10.73,0,0,94,0
13,10,80.90218387692,3.29282815327842,1.1342782414141,14.2,0,0,86,0
13,10,80.90218387692,3.29282815327842,1.1342782414141,22.84,0,0,43,0
14,10,48.1758307885502,3.81922492009394,1.41361719233845,0,101,10000,0,1
14,10,48.1758307885502,3.81922492009394,1.41361719233845,1.62,0,0,168,0
14,10,48.1758307885502,3.81922492009394,1.41361719233845,3.66,0,0,162,0
14,10,48.1758307885502,3.81922492009394,1.41361719233845,6.15,0,0,142,0
14,10,48.1758307885502,3.81922492009394,1.41361719233845,22.06,0,0,43,0
15,10,78.8843673062923,3.09848178593912,1.45927913178669,0,101,10000,0,1
15,10,78.8843673062923,3.09848178593912,1.45927913178669,7.35,0,0,109,0
15,10,78.8843673062923,3.09848178593912,1.45927913178669,8.96,0,0,120,0
15,10,78.8843673062923,3.09848178593912,1.45927913178669,10.3,0,0,67,0
15,10,78.8843673062923,3.09848178593912,1.45927913178669,23.95,0,0,62,0
16,10,71.2312150046444,3.39449278079676,1.43271117597067,0,101,10000,0,1
16,10,71.2312150046444,3.39449278079676,1.43271117597067,5.4,0,0,100,0
16,10,71.2312150046444,3.39449278079676,1.43271117597067,8.68,0,0,107,0
16,10,71.2312150046444,3.39449278079676,1.43271117597067,10.9,0,0,56,0
16,10,71.2312150046444,3.39449278079676,1.43271117597067,12.8,0,0,66,0
17,10,40.146875961007,2.7648107155416,1.16527375753503,0,101,10000,0,1
17,10,40.146875961007,2.7648107155416,1.16527375753503,4.15,0,0,256,0
17,10,40.146875961007,2.7648107155416,1.16527375753503,15.4,0,0,82,0
17,10,40.146875961007,2.7648107155416,1.16527375753503,21.55,0,0,81,0
17,10,40.146875961007,2.7648107155416,1.16527375753503,22.56,0,0,55,0
18,10,78.8843673062923,3.09848178593912,1.45927913178669,0,101,10000,0,1
18,10,78.8843673062923,3.09848178593912,1.45927913178669,7.35,0,0,109,0
18,10,78.8843673062923,3.09848178593912,1.45927913178669,8.96,0,0,120,0
18,10,78.8843673062923,3.09848178593912,1.45927913178669,10.3,0,0,67,0
18,10,78.8843673062923,3.09848178593912,1.45927913178669,23.95,0,0,62,0
19,10,63.3377515736925,4.21380631140659,0.959020880618169,0,101,10000,0,1
19,10,63.3377515736925,4.21380631140659,0.959020880618169,0.98,0,0,83,0
19,10,63.3377515736925,4.21380631140659,0.959020880618169,9.37,0,0,130,0
19,10,63.3377515736925,4.21380631140659,0.959020880618169,11.15,0,0,68,0
19,10,63.3377515736925,4.21380631140659,0.959020880618169,12.35,0,0,73,0
20,10,117.418936521732,7.1689845831221,1.02001950229816,0,101,10000,0,1
20,10,117.418936521732,7.1689845831221,1.02001950229816,4.44,0,0,77,0
20,10,117.418936521732,7.1689845831221,1.02001950229816,6.21,0,0,54,0
20,10,117.418936521732,7.1689845831221,1.02001950229816,10.27,0,0,48,0
20,10,117.418936521732,7.1689845831221,1.02001950229816,13.1,0,0,37,0
21,10,84.6694739519884,4.50253110688968,0.689408102417283,0,101,10000,0,1
21,10,84.6694739519884,4.50253110688968,0.689408102417283,0.15,0,0,13,0
21,10,84.6694739519884,4.50253110688968,0.689408102417283,7.02,0,0,95,0
21,10,84.6694739519884,4.50253110688968,0.689408102417283,7.86,0,0,75,0
21,10,84.6694739519884,4.50253110688968,0.689408102417283,23.28,0,0,44,0
22,10,67.0115385709741,4.3366209267902,1.22718682406356,0,101,10000,0,1
22,10,67.0115385709741,4.3366209267902,1.22718682406356,2.87,0,0,128,0
22,10,67.0115385709741,4.3366209267902,1.22718682406356,6.2,0,0,134,0
22,10,67.0115385709741,4.3366209267902,1.22718682406356,10.83,0,0,82,0
22,10,67.0115385709741,4.3366209267902,1.22718682406356,16.89,0,0,41,0
23,10,60.3501834263942,5.4369016032575,0.676689487323718,0,101,10000,0,1
23,10,60.3501834263942,5.4369016032575,0.676689487323718,0.2,0,0,21,0
23,10,60.3501834263942,5.4369016032575,0.676689487323718,4.7,0,0,92,0
23,10,60.3501834263942,5.4369016032575,0.676689487323718,15.31,0,0,40,0
23,10,60.3501834263942,5.4369016032575,0.676689487323718,18.05,0,0,40,0
24,10,54.1396799094464,3.63585021542621,1.12906961661571,0,101,10000,0,1
24,10,54.1396799094464,3.63585021542621,1.12906961661571,4.25,0,0,175,0
24,10,54.1396799094464,3.63585021542621,1.12906961661571,5.92,0,0,129,0
24,10,54.1396799094464,3.63585021542621,1.12906961661571,22.44,0,0,38,0
24,10,54.1396799094464,3.63585021542621,1.12906961661571,23.34,0,0,38,0
25,10,65.8099025810301,5.37651912146621,0.633363622681027,0,101,10000,0,1
25,10,65.8099025810301,5.37651912146621,0.633363622681027,3.98,0,0,68,0
25,10,65.8099025810301,5.37651912146621,0.633363622681027,13.1,0,0,62,0
25,10,65.8099025810301,5.37651912146621,0.633363622681027,18.16,0,0,27,0
25,10,65.8099025810301,5.37651912146621,0.633363622681027,19.14,0,0,37,0
26,10,68.1854319919203,4.09673763839692,2.11267146961998,0,101,10000,0,1
26,10,68.1854319919203,4.09673763839692,2.11267146961998,6.8,0,0,103,0
26,10,68.1854319919203,4.09673763839692,2.11267146961998,11.03,0,0,87,0
26,10,68.1854319919203,4.09673763839692,2.11267146961998,12.3,0,0,89,0
26,10,68.1854319919203,4.09673763839692,2.11267146961998,22.3,0,0,45,0
27,10,70.9231013411711,3.95680879165146,0.571515122805406,0,101,10000,0,1
27,10,70.9231013411711,3.95680879165146,0.571515122805406,9.87,0,0,89,0
27,10,70.9231013411711,3.95680879165146,0.571515122805406,14.63,0,0,70,0
27,10,70.9231013411711,3.95680879165146,0.571515122805406,14.72,0,0,72,0
27,10,70.9231013411711,3.95680879165146,0.571515122805406,19.38,0,0,45,0
28,10,70.9318966900586,7.97532320284146,0.695162273123202,0,101,10000,0,1
28,10,70.9318966900586,7.97532320284146,0.695162273123202,7.62,0,0,58,0
28,10,70.9318966900586,7.97532320284146,0.695162273123202,8.67,0,0,87,0
28,10,70.9318966900586,7.97532320284146,0.695162273123202,13.31,0,0,33,0
28,10,70.9318966900586,7.97532320284146,0.695162273123202,23.65,0,0,11,0
29,10,42.9057394100863,4.87147124744322,1.18123256889068,0,101,10000,0,1
29,10,42.9057394100863,4.87147124744322,1.18123256889068,0.71,0,0,128,0
29,10,42.9057394100863,4.87147124744322,1.18123256889068,3.37,0,0,219,0
29,10,42.9057394100863,4.87147124744322,1.18123256889068,9.11,0,0,113,0
29,10,42.9057394100863,4.87147124744322,1.18123256889068,22.19,0,0,20,0
30,10,29.0185785465667,2.80477130907065,1.68002267768789,0,101,10000,0,1
30,10,29.0185785465667,2.80477130907065,1.68002267768789,2.04,0,0,277,0
30,10,29.0185785465667,2.80477130907065,1.68002267768789,17.8,0,0,66,0
30,10,29.0185785465667,2.80477130907065,1.68002267768789,20.1,0,0,31,0
30,10,29.0185785465667,2.80477130907065,1.68002267768789,22.32,0,0,51,0
31,30,58.8871951923154,5.82683683704444,0.889658047909538,0,101,30000,0,1
31,30,58.8871951923154,5.82683683704444,0.889658047909538,10.45,0,0,258,0
31,30,58.8871951923154,5.82683683704444,0.889658047909538,10.88,0,0,225,0
31,30,58.8871951923154,5.82683683704444,0.889658047909538,16.05,0,0,96,0
31,30,58.8871951923154,5.82683683704444,0.889658047909538,23.36,0,0,46,0
32,30,59.9376555281086,2.962163912082,1.03117357747061,0,101,30000,0,1
32,30,59.9376555281086,2.962163912082,1.03117357747061,1.77,0,0,472,0
32,30,59.9376555281086,2.962163912082,1.03117357747061,3.45,0,0,639,0
32,30,59.9376555281086,2.962163912082,1.03117357747061,9.02,0,0,268,0
32,30,59.9376555281086,2.962163912082,1.03117357747061,19.56,0,0,198,0
33,30,86.0944487745918,5.56817012353057,1.44603480855388,0,101,30000,0,1
33,30,86.0944487745918,5.56817012353057,1.44603480855388,4.78,0,0,257,0
33,30,86.0944487745918,5.56817012353057,1.44603480855388,5.89,0,0,190,0
33,30,86.0944487745918,5.56817012353057,1.44603480855388,6.28,0,0,232,0
33,30,86.0944487745918,5.56817012353057,1.44603480855388,15.65,0,0,151,0
34,30,71.2351767267252,3.2241015222721,0.777519822769455,0,101,30000,0,1
34,30,71.2351767267252,3.2241015222721,0.777519822769455,1.55,0,0,248,0
34,30,71.2351767267252,3.2241015222721,0.777519822769455,1.81,0,0,459,0
34,30,71.2351767267252,3.2241015222721,0.777519822769455,9.34,0,0,279,0
34,30,71.2351767267252,3.2241015222721,0.777519822769455,15.16,0,0,161,0
35,30,61.7495311334405,3.07888398620807,0.665095606780417,0,101,30000,0,1
35,30,61.7495311334405,3.07888398620807,0.665095606780417,3.16,0,0,362,0
35,30,61.7495311334405,3.07888398620807,0.665095606780417,3.45,0,0,452,0
35,30,61.7495311334405,3.07888398620807,0.665095606780417,3.74,0,0,398,0
35,30,61.7495311334405,3.07888398620807,0.665095606780417,15.74,0,0,286,0
36,30,99.9336105123846,5.23041363971015,0.972943977192542,0,101,30000,0,1
36,30,99.9336105123846,5.23041363971015,0.972943977192542,10.67,0,0,208,0
36,30,99.9336105123846,5.23041363971015,0.972943977192542,17.84,0,0,126,0
36,30,99.9336105123846,5.23041363971015,0.972943977192542,21.05,0,0,99,0
36,30,99.9336105123846,5.23041363971015,0.972943977192542,22.92,0,0,65,0
37,30,63.930341984762,2.79037116053786,1.2728574617708,0,101,30000,0,1
37,30,63.930341984762,2.79037116053786,1.2728574617708,5.8,0,0,503,0
37,30,63.930341984762,2.79037116053786,1.2728574617708,11.58,0,0,261,0
37,30,63.930341984762,2.79037116053786,1.2728574617708,21.34,0,0,216,0
37,30,63.930341984762,2.79037116053786,1.2728574617708,21.95,0,0,230,0
38,30,64.1942459139581,6.56589621066152,1.22629813966354,0,101,30000,0,1
38,30,64.1942459139581,6.56589621066152,1.22629813966354,18.9,0,0,49,0
38,30,64.1942459139581,6.56589621066152,1.22629813966354,20.88,0,0,70,0
38,30,64.1942459139581,6.56589621066152,1.22629813966354,21.77,0,0,64,0
38,30,64.1942459139581,6.56589621066152,1.22629813966354,21.91,0,0,64,0
39,30,50.5609228224049,3.80217457409312,0.764868672154025,0,101,30000,0,1
39,30,50.5609228224049,3.80217457409312,0.764868672154025,0.19,0,0,72,0
39,30,50.5609228224049,3.80217457409312,0.764868672154025,2.84,0,0,375,0
39,30,50.5609228224049,3.80217457409312,0.764868672154025,20.69,0,0,141,0
39,30,50.5609228224049,3.80217457409312,0.764868672154025,22.82,0,0,141,0
40,30,51.6905021225135,4.85399744841545,1.32457544336098,0,101,30000,0,1
40,30,51.6905021225135,4.85399744841545,1.32457544336098,4.49,0,0,431,0
40,30,51.6905021225135,4.85399744841545,1.32457544336098,4.59,0,0,471,0
40,30,51.6905021225135,4.85399744841545,1.32457544336098,12.48,0,0,170,0
40,30,51.6905021225135,4.85399744841545,1.32457544336098,23.76,0,0,86,0
41,30,86.1916261058665,4.09496640275774,1.42422132979562,0,101,30000,0,1
41,30,86.1916261058665,4.09496640275774,1.42422132979562,0.37,0,0,172,0
41,30,86.1916261058665,4.09496640275774,1.42422132979562,5.64,0,0,355,0
41,30,86.1916261058665,4.09496640275774,1.42422132979562,12.49,0,0,198,0
41,30,86.1916261058665,4.09496640275774,1.42422132979562,13.85,0,0,153,0
42,30,43.1098822871343,5.87009678978878,1.07926837029124,0,101,30000,0,1
42,30,43.1098822871343,5.87009678978878,1.07926837029124,2.05,0,0,441,0
42,30,43.1098822871343,5.87009678978878,1.07926837029124,6.15,0,0,445,0
42,30,43.1098822871343,5.87009678978878,1.07926837029124,6.94,0,0,405,0
42,30,43.1098822871343,5.87009678978878,1.07926837029124,10.28,0,0,227,0
43,30,60.8009857673843,4.61719372163948,0.83545846491673,0,101,30000,0,1
43,30,60.8009857673843,4.61719372163948,0.83545846491673,2.7,0,0,331,0
43,30,60.8009857673843,4.61719372163948,0.83545846491673,3.43,0,0,399,0
43,30,60.8009857673843,4.61719372163948,0.83545846491673,11.57,0,0,264,0
43,30,60.8009857673843,4.61719372163948,0.83545846491673,13.85,0,0,178,0
44,30,41.8145025203775,4.48918135230823,0.667786780593485,0,101,30000,0,1
44,30,41.8145025203775,4.48918135230823,0.667786780593485,6,0,0,622,0
44,30,41.8145025203775,4.48918135230823,0.667786780593485,10.11,0,0,347,0
44,30,41.8145025203775,4.48918135230823,0.667786780593485,21.83,0,0,83,0
44,30,41.8145025203775,4.48918135230823,0.667786780593485,23.18,0,0,73,0
45,30,59.3340467221854,3.66658825921931,0.536530727523607,0,101,30000,0,1
45,30,59.3340467221854,3.66658825921931,0.536530727523607,15.12,0,0,202,0
45,30,59.3340467221854,3.66658825921931,0.536530727523607,17.34,0,0,203,0
45,30,59.3340467221854,3.66658825921931,0.536530727523607,17.36,0,0,229,0
45,30,59.3340467221854,3.66658825921931,0.536530727523607,20.75,0,0,183,0
46,30,110.317044448446,3.31534919068392,0.696999505963851,0,101,30000,0,1
46,30,110.317044448446,3.31534919068392,0.696999505963851,1.58,0,0,187,0
46,30,110.317044448446,3.31534919068392,0.696999505963851,19.52,0,0,98,0
46,30,110.317044448446,3.31534919068392,0.696999505963851,20.69,0,0,144,0
46,30,110.317044448446,3.31534919068392,0.696999505963851,23.04,0,0,115,0
47,30,70.2813053172457,3.63925867521107,0.956471486814359,0,101,30000,0,1
47,30,70.2813053172457,3.63925867521107,0.956471486814359,2.55,0,0,403,0
47,30,70.2813053172457,3.63925867521107,0.956471486814359,9.16,0,0,342,0
47,30,70.2813053172457,3.63925867521107,0.956471486814359,12.49,0,0,230,0
47,30,70.2813053172457,3.63925867521107,0.956471486814359,15.17,0,0,153,0
48,30,64.6526438293418,4.67595067969973,1.06238146764092,0,101,30000,0,1
48,30,64.6526438293418,4.67595067969973,1.06238146764092,11.64,0,0,241,0
48,30,64.6526438293418,4.67595067969973,1.06238146764092,12.98,0,0,196,0
48,30,64.6526438293418,4.67595067969973,1.06238146764092,19.57,0,0,103,0
48,30,64.6526438293418,4.67595067969973,1.06238146764092,21.52,0,0,97,0
49,30,57.8429874670881,5.45999944533941,1.52007055271644,0,101,30000,0,1
49,30,57.8429874670881,5.45999944533941,1.52007055271644,3.04,0,0,540,0
49,30,57.8429874670881,5.45999944533941,1.52007055271644,6.35,0,0,428,0
49,30,57.8429874670881,5.45999944533941,1.52007055271644,7.69,0,0,266,0
49,30,57.8429874670881,5.45999944533941,1.52007055271644,11.82,0,0,158,0
50,30,51.2977053323988,2.55472068253765,1.60722294100064,0,101,30000,0,1
50,30,51.2977053323988,2.55472068253765,1.60722294100064,6.84,0,0,452,0
50,30,51.2977053323988,2.55472068253765,1.60722294100064,13.88,0,0,286,0
50,30,51.2977053323988,2.55472068253765,1.60722294100064,15.98,0,0,281,0
50,30,51.2977053323988,2.55472068253765,1.60722294100064,22.78,0,0,272,0
51,30,107.203944401978,7.75707742259524,1.02643356482039,0,101,30000,0,1
51,30,107.203944401978,7.75707742259524,1.02643356482039,12.27,0,0,129,0
51,30,107.203944401978,7.75707742259524,1.02643356482039,14.18,0,0,98,0
51,30,107.203944401978,7.75707742259524,1.02643356482039,21.82,0,0,58,0
51,30,107.203944401978,7.75707742259524,1.02643356482039,22.48,0,0,70,0
52,30,89.0897195070045,5.21924319614615,1.30149536507969,0,101,30000,0,1
52,30,89.0897195070045,5.21924319614615,1.30149536507969,10.16,0,0,180,0
52,30,89.0897195070045,5.21924319614615,1.30149536507969,16.82,0,0,147,0
52,30,89.0897195070045,5.21924319614615,1.30149536507969,19,0,0,149,0
52,30,89.0897195070045,5.21924319614615,1.30149536507969,21.71,0,0,100,0
53,30,114.247131676071,2.0471190208691,0.728746982295769,0,101,30000,0,1
53,30,114.247131676071,2.0471190208691,0.728746982295769,5.26,0,0,183,0
53,30,114.247131676071,2.0471190208691,0.728746982295769,14.08,0,0,207,0
53,30,114.247131676071,2.0471190208691,0.728746982295769,20.39,0,0,202,0
53,30,114.247131676071,2.0471190208691,0.728746982295769,20.8,0,0,185,0
54,30,68.3966378688603,3.31521794027915,1.1026395151742,0,101,30000,0,1
54,30,68.3966378688603,3.31521794027915,1.1026395151742,2.79,0,0,425,0
54,30,68.3966378688603,3.31521794027915,1.1026395151742,20.86,0,0,131,0
54,30,68.3966378688603,3.31521794027915,1.1026395151742,21.43,0,0,182,0
54,30,68.3966378688603,3.31521794027915,1.1026395151742,23.1,0,0,136,0
55,30,96.6492510263916,4.52528414536841,2.08333490654539,0,101,30000,0,1
55,30,96.6492510263916,4.52528414536841,2.08333490654539,10.84,0,0,195,0
55,30,96.6492510263916,4.52528414536841,2.08333490654539,14.6,0,0,146,0
55,30,96.6492510263916,4.52528414536841,2.08333490654539,16.2,0,0,118,0
55,30,96.6492510263916,4.52528414536841,2.08333490654539,23.25,0,0,74,0
56,30,63.4076632004268,3.1392390648986,0.902389700977691,0,101,30000,0,1
56,30,63.4076632004268,3.1392390648986,0.902389700977691,3.59,0,0,435,0
56,30,63.4076632004268,3.1392390648986,0.902389700977691,8.18,0,0,357,0
56,30,63.4076632004268,3.1392390648986,0.902389700977691,10.02,0,0,209,0
56,30,63.4076632004268,3.1392390648986,0.902389700977691,14.08,0,0,264,0
57,30,90.5687833056029,5.98965257811254,0.679951878257424,0,101,30000,0,1
57,30,90.5687833056029,5.98965257811254,0.679951878257424,3.98,0,0,262,0
57,30,90.5687833056029,5.98965257811254,0.679951878257424,15.64,0,0,124,0
57,30,90.5687833056029,5.98965257811254,0.679951878257424,16.78,0,0,116,0
57,30,90.5687833056029,5.98965257811254,0.679951878257424,20.33,0,0,101,0
58,30,45.0434288009277,1.61933874775722,0.843717020457955,0,101,30000,0,1
58,30,45.0434288009277,1.61933874775722,0.843717020457955,1.46,0,0,444,0
58,30,45.0434288009277,1.61933874775722,0.843717020457955,2.43,0,0,491,0
58,30,45.0434288009277,1.61933874775722,0.843717020457955,4.67,0,0,956,0
58,30,45.0434288009277,1.61933874775722,0.843717020457955,21.67,0,0,293,0
59,30,81.6544538573186,4.79029751764938,0.723400197972152,0,101,30000,0,1
59,30,81.6544538573186,4.79029751764938,0.723400197972152,3.09,0,0,265,0
59,30,81.6544538573186,4.79029751764938,0.723400197972152,6.28,0,0,261,0
59,30,81.6544538573186,4.79029751764938,0.723400197972152,8.25,0,0,317,0
59,30,81.6544538573186,4.79029751764938,0.723400197972152,23.9,0,0,115,0
60,30,70.7262465193982,4.26400193002435,1.14102357103524,0,101,30000,0,1
60,30,70.7262465193982,4.26400193002435,1.14102357103524,18.63,0,0,125,0
60,30,70.7262465193982,4.26400193002435,1.14102357103524,18.78,0,0,135,0
60,30,70.7262465193982,4.26400193002435,1.14102357103524,19.81,0,0,133,0
60,30,70.7262465193982,4.26400193002435,1.14102357103524,23.01,0,0,71,0
61,60,75.2115757617552,6.66624998312755,0.852419353659881,0,101,60000,0,1
61,60,75.2115757617552,6.66624998312755,0.852419353659881,5.7,0,0,544,0
61,60,75.2115757617552,6.66624998312755,0.852419353659881,5.9,0,0,512,0
61,60,75.2115757617552,6.66624998312755,0.852419353659881,6.77,0,0,472,0
61,60,75.2115757617552,6.66624998312755,0.852419353659881,20.11,0,0,102,0
62,60,128.080967718847,3.62935603095802,1.02970284464471,0,101,60000,0,1
62,60,128.080967718847,3.62935603095802,1.02970284464471,2.27,0,0,394,0
62,60,128.080967718847,3.62935603095802,1.02970284464471,9.3,0,0,448,0
62,60,128.080967718847,3.62935603095802,1.02970284464471,14.34,0,0,261,0
62,60,128.080967718847,3.62935603095802,1.02970284464471,23.78,0,0,187,0
63,60,69.5864017387481,4.53276317804624,0.895405568036561,0,101,60000,0,1
63,60,69.5864017387481,4.53276317804624,0.895405568036561,1.09,0,0,595,0
63,60,69.5864017387481,4.53276317804624,0.895405568036561,1.3,0,0,632,0
63,60,69.5864017387481,4.53276317804624,0.895405568036561,3.59,0,0,798,0
63,60,69.5864017387481,4.53276317804624,0.895405568036561,8.06,0,0,508,0
64,60,62.7382285702476,4.78357000351201,1.09826333956889,0,101,60000,0,1
64,60,62.7382285702476,4.78357000351201,1.09826333956889,5.85,0,0,688,0
64,60,62.7382285702476,4.78357000351201,1.09826333956889,8.05,0,0,445,0
64,60,62.7382285702476,4.78357000351201,1.09826333956889,10.18,0,0,756,0
64,60,62.7382285702476,4.78357000351201,1.09826333956889,22.12,0,0,241,0
65,60,77.6992793625087,4.80316660899975,0.903019219712262,0,101,60000,0,1
65,60,77.6992793625087,4.80316660899975,0.903019219712262,0.85,0,0,522,0
65,60,77.6992793625087,4.80316660899975,0.903019219712262,4.9,0,0,936,0
65,60,77.6992793625087,4.80316660899975,0.903019219712262,10.1,0,0,428,0
65,60,77.6992793625087,4.80316660899975,0.903019219712262,22.37,0,0,165,0
66,60,43.3942486287599,5.76511420747596,0.948556248080451,0,101,60000,0,1
66,60,43.3942486287599,5.76511420747596,0.948556248080451,1.95,0,0,1124,0
66,60,43.3942486287599,5.76511420747596,0.948556248080451,4.46,0,0,1026,0
66,60,43.3942486287599,5.76511420747596,0.948556248080451,21.76,0,0,64,0
66,60,43.3942486287599,5.76511420747596,0.948556248080451,23.89,0,0,67,0
67,60,68.4631816649298,5.0887862270923,1.20100816137485,0,101,60000,0,1
67,60,68.4631816649298,5.0887862270923,1.20100816137485,7.03,0,0,374,0
67,60,68.4631816649298,5.0887862270923,1.20100816137485,14.42,0,0,398,0
67,60,68.4631816649298,5.0887862270923,1.20100816137485,15.15,0,0,198,0
67,60,68.4631816649298,5.0887862270923,1.20100816137485,23.21,0,0,204,0
68,60,43.2565164794118,2.57598396511877,1.0251637377631,0,101,60000,0,1
68,60,43.2565164794118,2.57598396511877,1.0251637377631,3.82,0,0,1186,0
68,60,43.2565164794118,2.57598396511877,1.0251637377631,9.41,0,0,836,0
68,60,43.2565164794118,2.57598396511877,1.0251637377631,12.32,0,0,732,0
68,60,43.2565164794118,2.57598396511877,1.0251637377631,18.63,0,0,359,0
69,60,68.6787361500853,5.78958466166475,1.27091312393352,0,101,60000,0,1
69,60,68.6787361500853,5.78958466166475,1.27091312393352,7.7,0,0,471,0
69,60,68.6787361500853,5.78958466166475,1.27091312393352,9.66,0,0,381,0
69,60,68.6787361500853,5.78958466166475,1.27091312393352,11.11,0,0,312,0
69,60,68.6787361500853,5.78958466166475,1.27091312393352,18.51,0,0,248,0
70,60,59.6143798390198,6.37157928665902,1.35971109341761,0,101,60000,0,1
70,60,59.6143798390198,6.37157928665902,1.35971109341761,1.3,0,0,657,0
70,60,59.6143798390198,6.37157928665902,1.35971109341761,1.89,0,0,757,0
70,60,59.6143798390198,6.37157928665902,1.35971109341761,9.85,0,0,336,0
70,60,59.6143798390198,6.37157928665902,1.35971109341761,13.01,0,0,233,0
71,60,123.415904013741,2.65901452113392,0.930695588360858,0,101,60000,0,1
71,60,123.415904013741,2.65901452113392,0.930695588360858,3.1,0,0,447,0
71,60,123.415904013741,2.65901452113392,0.930695588360858,4.1,0,0,381,0
71,60,123.415904013741,2.65901452113392,0.930695588360858,7.99,0,0,381,0
71,60,123.415904013741,2.65901452113392,0.930695588360858,10.63,0,0,502,0
72,60,50.3124057679536,5.6128613093276,0.937487987620084,0,101,60000,0,1
72,60,50.3124057679536,5.6128613093276,0.937487987620084,3.28,0,0,775,0
72,60,50.3124057679536,5.6128613093276,0.937487987620084,14.42,0,0,308,0
72,60,50.3124057679536,5.6128613093276,0.937487987620084,17.34,0,0,232,0
72,60,50.3124057679536,5.6128613093276,0.937487987620084,23.49,0,0,106,0
73,60,50.3311953261687,3.825247780076,1.4300191578557,0,101,60000,0,1
73,60,50.3311953261687,3.825247780076,1.4300191578557,7,0,0,590,0
73,60,50.3311953261687,3.825247780076,1.4300191578557,8.48,0,0,670,0
73,60,50.3311953261687,3.825247780076,1.4300191578557,11.61,0,0,553,0
73,60,50.3311953261687,3.825247780076,1.4300191578557,22.7,0,0,118,0
74,60,78.2985198052589,4.5594209902057,0.860429310661174,0,101,60000,0,1
74,60,78.2985198052589,4.5594209902057,0.860429310661174,13.96,0,0,351,0
74,60,78.2985198052589,4.5594209902057,0.860429310661174,21.21,0,0,206,0
74,60,78.2985198052589,4.5594209902057,0.860429310661174,22.33,0,0,218,0
74,60,78.2985198052589,4.5594209902057,0.860429310661174,23.83,0,0,201,0
75,60,46.681962197228,3.68619610320146,0.804228114550872,0,101,60000,0,1
75,60,46.681962197228,3.68619610320146,0.804228114550872,4.92,0,0,954,0
75,60,46.681962197228,3.68619610320146,0.804228114550872,5.35,0,0,928,0
75,60,46.681962197228,3.68619610320146,0.804228114550872,6.54,0,0,641,0
75,60,46.681962197228,3.68619610320146,0.804228114550872,23.67,0,0,246,0
76,60,52.9117708915461,4.39410191996848,0.592588530460565,0,101,60000,0,1
76,60,52.9117708915461,4.39410191996848,0.592588530460565,7.32,0,0,757,0
76,60,52.9117708915461,4.39410191996848,0.592588530460565,8.34,0,0,615,0
76,60,52.9117708915461,4.39410191996848,0.592588530460565,11.5,0,0,671,0
76,60,52.9117708915461,4.39410191996848,0.592588530460565,22.99,0,0,220,0
77,60,96.3795672654407,4.0044457983397,0.785654312010098,0,101,60000,0,1
77,60,96.3795672654407,4.0044457983397,0.785654312010098,7.55,0,0,351,0
77,60,96.3795672654407,4.0044457983397,0.785654312010098,17.46,0,0,328,0
77,60,96.3795672654407,4.0044457983397,0.785654312010098,19.1,0,0,313,0
77,60,96.3795672654407,4.0044457983397,0.785654312010098,21.06,0,0,223,0
78,60,78.8410578778166,2.24061001656625,0.838783964469204,0,101,60000,0,1
78,60,78.8410578778166,2.24061001656625,0.838783964469204,1.68,0,0,435,0
78,60,78.8410578778166,2.24061001656625,0.838783964469204,6.42,0,0,717,0
78,60,78.8410578778166,2.24061001656625,0.838783964469204,8.84,0,0,490,0
78,60,78.8410578778166,2.24061001656625,0.838783964469204,23.74,0,0,365,0
79,60,89.5323015167184,5.23813506646031,1.15607092937037,0,101,60000,0,1
79,60,89.5323015167184,5.23813506646031,1.15607092937037,9.75,0,0,407,0
79,60,89.5323015167184,5.23813506646031,1.15607092937037,11.2,0,0,299,0
79,60,89.5323015167184,5.23813506646031,1.15607092937037,15.8,0,0,311,0
79,60,89.5323015167184,5.23813506646031,1.15607092937037,17.21,0,0,297,0
80,60,71.5589027359013,4.40769348137292,0.528443785873097,0,101,60000,0,1
80,60,71.5589027359013,4.40769348137292,0.528443785873097,10.07,0,0,809,0
80,60,71.5589027359013,4.40769348137292,0.528443785873097,11.49,0,0,494,0
80,60,71.5589027359013,4.40769348137292,0.528443785873097,19.13,0,0,278,0
80,60,71.5589027359013,4.40769348137292,0.528443785873097,20.94,0,0,301,0
81,60,72.6420060604161,4.70344822823468,0.869760512450457,0,101,60000,0,1
81,60,72.6420060604161,4.70344822823468,0.869760512450457,12.19,0,0,458,0
81,60,72.6420060604161,4.70344822823468,0.869760512450457,14.72,0,0,240,0
81,60,72.6420060604161,4.70344822823468,0.869760512450457,15.54,0,0,308,0
81,60,72.6420060604161,4.70344822823468,0.869760512450457,17.77,0,0,392,0
82,60,69.051610229168,5.73174077092963,0.845092186156268,0,101,60000,0,1
82,60,69.051610229168,5.73174077092963,0.845092186156268,5.59,0,0,583,0
82,60,69.051610229168,5.73174077092963,0.845092186156268,10.74,0,0,377,0
82,60,69.051610229168,5.73174077092963,0.845092186156268,12.68,0,0,383,0
82,60,69.051610229168,5.73174077092963,0.845092186156268,15.98,0,0,337,0
83,60,67.0094790783361,5.06253073240344,0.69468631776735,0,101,60000,0,1
83,60,67.0094790783361,5.06253073240344,0.69468631776735,0.97,0,0,555,0
83,60,67.0094790783361,5.06253073240344,0.69468631776735,5.51,0,0,661,0
83,60,67.0094790783361,5.06253073240344,0.69468631776735,14.02,0,0,331,0
83,60,67.0094790783361,5.06253073240344,0.69468631776735,17.95,0,0,349,0
84,60,57.3338870225961,4.42899677280365,1.02269369560956,0,101,60000,0,1
84,60,57.3338870225961,4.42899677280365,1.02269369560956,2.52,0,0,875,0
84,60,57.3338870225961,4.42899677280365,1.02269369560956,7.79,0,0,608,0
84,60,57.3338870225961,4.42899677280365,1.02269369560956,10.26,0,0,482,0
84,60,57.3338870225961,4.42899677280365,1.02269369560956,11.42,0,0,432,0
85,60,85.4332148138285,3.9665427822447,1.27367812554391,0,101,60000,0,1
85,60,85.4332148138285,3.9665427822447,1.27367812554391,3.76,0,0,865,0
85,60,85.4332148138285,3.9665427822447,1.27367812554391,7.4,0,0,561,0
85,60,85.4332148138285,3.9665427822447,1.27367812554391,14.49,0,0,317,0
85,60,85.4332148138285,3.9665427822447,1.27367812554391,19.04,0,0,349,0
86,60,52.7016646080019,3.31649572882094,0.801926486872712,0,101,60000,0,1
86,60,52.7016646080019,3.31649572882094,0.801926486872712,4.87,0,0,1398,0
86,60,52.7016646080019,3.31649572882094,0.801926486872712,18.26,0,0,428,0
86,60,52.7016646080019,3.31649572882094,0.801926486872712,22.1,0,0,299,0
86,60,52.7016646080019,3.31649572882094,0.801926486872712,22.23,0,0,377,0
87,60,100.585918624794,5.31350026307978,0.808031104815615,0,101,60000,0,1
87,60,100.585918624794,5.31350026307978,0.808031104815615,9.23,0,0,431,0
87,60,100.585918624794,5.31350026307978,0.808031104815615,12.32,0,0,376,0
87,60,100.585918624794,5.31350026307978,0.808031104815615,17.41,0,0,281,0
87,60,100.585918624794,5.31350026307978,0.808031104815615,18.46,0,0,263,0
88,60,47.9785685070574,3.33544792660682,0.97870962182562,0,101,60000,0,1
88,60,47.9785685070574,3.33544792660682,0.97870962182562,0.29,0,0,284,0
88,60,47.9785685070574,3.33544792660682,0.97870962182562,3.05,0,0,922,0
88,60,47.9785685070574,3.33544792660682,0.97870962182562,4.58,0,0,1032,0
88,60,47.9785685070574,3.33544792660682,0.97870962182562,13.84,0,0,545,0
89,60,74.7015461471425,6.73501974218573,1.08347711003931,0,101,60000,0,1
89,60,74.7015461471425,6.73501974218573,1.08347711003931,3.63,0,0,571,0
89,60,74.7015461471425,6.73501974218573,1.08347711003931,4.14,0,0,733,0
89,60,74.7015461471425,6.73501974218573,1.08347711003931,9.75,0,0,332,0
89,60,74.7015461471425,6.73501974218573,1.08347711003931,9.89,0,0,271,0
90,60,74.5919966472017,5.30902303336322,1.67091927454211,0,101,60000,0,1
90,60,74.5919966472017,5.30902303336322,1.67091927454211,0.76,0,0,457,0
90,60,74.5919966472017,5.30902303336322,1.67091927454211,7.79,0,0,371,0
90,60,74.5919966472017,5.30902303336322,1.67091927454211,8.57,0,0,463,0
90,60,74.5919966472017,5.30902303336322,1.67091927454211,23.28,0,0,189,0
91,120,50.249577369662,3.77570780149789,0.63011381928519,0,101,120000,0,1
91,120,50.249577369662,3.77570780149789,0.63011381928519,11.27,0,0,1118,0
91,120,50.249577369662,3.77570780149789,0.63011381928519,12.88,0,0,1466,0
91,120,50.249577369662,3.77570780149789,0.63011381928519,22.23,0,0,685,0
91,120,50.249577369662,3.77570780149789,0.63011381928519,22.71,0,0,400,0
92,120,70.1654593779065,3.85101951159954,1.12091286947056,0,101,120000,0,1
92,120,70.1654593779065,3.85101951159954,1.12091286947056,0.03,0,0,43,0
92,120,70.1654593779065,3.85101951159954,1.12091286947056,14.43,0,0,641,0
92,120,70.1654593779065,3.85101951159954,1.12091286947056,16.43,0,0,727,0
92,120,70.1654593779065,3.85101951159954,1.12091286947056,22.64,0,0,650,0
93,120,67.1309995504585,5.17934144213817,1.62224946816262,0,101,120000,0,1
93,120,67.1309995504585,5.17934144213817,1.62224946816262,7,0,0,990,0
93,120,67.1309995504585,5.17934144213817,1.62224946816262,8.2,0,0,1043,0
93,120,67.1309995504585,5.17934144213817,1.62224946816262,9.23,0,0,1001,0
93,120,67.1309995504585,5.17934144213817,1.62224946816262,13.09,0,0,690,0
94,120,83.9617930801144,3.51976219426247,1.00903496085978,0,101,120000,0,1
94,120,83.9617930801144,3.51976219426247,1.00903496085978,5.06,0,0,1132,0
94,120,83.9617930801144,3.51976219426247,1.00903496085978,9.01,0,0,685,0
94,120,83.9617930801144,3.51976219426247,1.00903496085978,18.55,0,0,790,0
94,120,83.9617930801144,3.51976219426247,1.00903496085978,23.09,0,0,716,0
95,120,98.9177567325183,4.40299036072028,1.17497866443534,0,101,120000,0,1
95,120,98.9177567325183,4.40299036072028,1.17497866443534,1.81,0,0,1302,0
95,120,98.9177567325183,4.40299036072028,1.17497866443534,5.95,0,0,836,0
95,120,98.9177567325183,4.40299036072028,1.17497866443534,7.22,0,0,841,0
95,120,98.9177567325183,4.40299036072028,1.17497866443534,14.85,0,0,506,0
96,120,72.6256264856288,5.32329732020724,1.30433793003302,0,101,120000,0,1
96,120,72.6256264856288,5.32329732020724,1.30433793003302,0.42,0,0,799,0
96,120,72.6256264856288,5.32329732020724,1.30433793003302,4.42,0,0,1908,0
96,120,72.6256264856288,5.32329732020724,1.30433793003302,5.34,0,0,1084,0
96,120,72.6256264856288,5.32329732020724,1.30433793003302,12.61,0,0,500,0
97,120,93.7211925475568,3.50202851512452,1.3317595202129,0,101,120000,0,1
97,120,93.7211925475568,3.50202851512452,1.3317595202129,3.14,0,0,801,0
97,120,93.7211925475568,3.50202851512452,1.3317595202129,5.09,0,0,1321,0
97,120,93.7211925475568,3.50202851512452,1.3317595202129,20.86,0,0,658,0
97,120,93.7211925475568,3.50202851512452,1.3317595202129,23.27,0,0,512,0
98,120,76.6015435420606,1.70318721608199,1.54164061413538,0,101,120000,0,1
98,120,76.6015435420606,1.70318721608199,1.54164061413538,2.59,0,0,1198,0
98,120,76.6015435420606,1.70318721608199,1.54164061413538,8.69,0,0,1114,0
98,120,76.6015435420606,1.70318721608199,1.54164061413538,10.65,0,0,811,0
98,120,76.6015435420606,1.70318721608199,1.54164061413538,12.56,0,0,1465,0
99,120,120.266633314796,7.82518410370744,0.812569144505525,0,101,120000,0,1
99,120,120.266633314796,7.82518410370744,0.812569144505525,4.4,0,0,739,0
99,120,120.266633314796,7.82518410370744,0.812569144505525,7.94,0,0,834,0
99,120,120.266633314796,7.82518410370744,0.812569144505525,8.35,0,0,460,0
99,120,120.266633314796,7.82518410370744,0.812569144505525,14.11,0,0,409,0
100,120,86.6843559315887,3.11728406530507,1.2604714701531,0,101,120000,0,1
100,120,86.6843559315887,3.11728406530507,1.2604714701531,4.8,0,0,1132,0
100,120,86.6843559315887,3.11728406530507,1.2604714701531,21.03,0,0,773,0
100,120,86.6843559315887,3.11728406530507,1.2604714701531,21.63,0,0,996,0
100,120,86.6843559315887,3.11728406530507,1.2604714701531,23.01,0,0,470,0
101,120,100.013744778131,4.02563011887804,1.43143539138074,0,101,120000,0,1
101,120,100.013744778131,4.02563011887804,1.43143539138074,3.4,0,0,1307,0
101,120,100.013744778131,4.02563011887804,1.43143539138074,8.58,0,0,815,0
101,120,100.013744778131,4.02563011887804,1.43143539138074,14.02,0,0,782,0
101,120,100.013744778131,4.02563011887804,1.43143539138074,15.75,0,0,875,0
102,120,52.9120410558517,2.01820214029581,0.700508969496827,0,101,120000,0,1
102,120,52.9120410558517,2.01820214029581,0.700508969496827,1.51,0,0,1638,0
102,120,52.9120410558517,2.01820214029581,0.700508969496827,3.34,0,0,1612,0
102,120,52.9120410558517,2.01820214029581,0.700508969496827,3.62,0,0,2048,0
102,120,52.9120410558517,2.01820214029581,0.700508969496827,13.52,0,0,1353,0
103,120,43.9230944098304,4.94312507600753,1.4359012863712,0,101,120000,0,1
103,120,43.9230944098304,4.94312507600753,1.4359012863712,0.64,0,0,2448,0
103,120,43.9230944098304,4.94312507600753,1.4359012863712,4.05,0,0,1724,0
103,120,43.9230944098304,4.94312507600753,1.4359012863712,14.74,0,0,705,0
103,120,43.9230944098304,4.94312507600753,1.4359012863712,16.29,0,0,419,0
104,120,62.7143603995492,4.61733086921481,1.11958115924784,0,101,120000,0,1
104,120,62.7143603995492,4.61733086921481,1.11958115924784,0.05,0,0,118,0
104,120,62.7143603995492,4.61733086921481,1.11958115924784,2.37,0,0,1599,0
104,120,62.7143603995492,4.61733086921481,1.11958115924784,12.47,0,0,843,0
104,120,62.7143603995492,4.61733086921481,1.11958115924784,22.04,0,0,469,0
105,120,76.7439599729915,4.50362309508286,1.06780422324481,0,101,120000,0,1
105,120,76.7439599729915,4.50362309508286,1.06780422324481,6.36,0,0,1276,0
105,120,76.7439599729915,4.50362309508286,1.06780422324481,13.08,0,0,783,0
105,120,76.7439599729915,4.50362309508286,1.06780422324481,15.35,0,0,877,0
105,120,76.7439599729915,4.50362309508286,1.06780422324481,17.82,0,0,665,0
106,120,80.9249037972175,4.50955335498343,0.49802940059399,0,101,120000,0,1
106,120,80.9249037972175,4.50955335498343,0.49802940059399,0.71,0,0,357,0
106,120,80.9249037972175,4.50955335498343,0.49802940059399,3.95,0,0,1656,0
106,120,80.9249037972175,4.50955335498343,0.49802940059399,20.53,0,0,520,0
106,120,80.9249037972175,4.50955335498343,0.49802940059399,23.26,0,0,379,0
107,120,55.2340880982371,2.9254279100662,0.937207235626174,0,101,120000,0,1
107,120,55.2340880982371,2.9254279100662,0.937207235626174,2.67,0,0,1910,0
107,120,55.2340880982371,2.9254279100662,0.937207235626174,6.31,0,0,1177,0
107,120,55.2340880982371,2.9254279100662,0.937207235626174,10.16,0,0,1403,0
107,120,55.2340880982371,2.9254279100662,0.937207235626174,18.18,0,0,802,0
108,120,56.8594499584187,3.38937448521989,0.721700572422425,0,101,120000,0,1
108,120,56.8594499584187,3.38937448521989,0.721700572422425,3.33,0,0,1589,0
108,120,56.8594499584187,3.38937448521989,0.721700572422425,7.19,0,0,1523,0
108,120,56.8594499584187,3.38937448521989,0.721700572422425,20.59,0,0,710,0
108,120,56.8594499584187,3.38937448521989,0.721700572422425,23.73,0,0,518,0
109,120,69.578096866468,5.61452716172722,1.5382520481536,0,101,120000,0,1
109,120,69.578096866468,5.61452716172722,1.5382520481536,16.15,0,0,686,0
109,120,69.578096866468,5.61452716172722,1.5382520481536,19.26,0,0,243,0
109,120,69.578096866468,5.61452716172722,1.5382520481536,22.47,0,0,312,0
109,120,69.578096866468,5.61452716172722,1.5382520481536,23.56,0,0,220,0
110,120,87.9676736285971,4.39105248782755,1.44365754887825,0,101,120000,0,1
110,120,87.9676736285971,4.39105248782755,1.44365754887825,4.13,0,0,1443,0
110,120,87.9676736285971,4.39105248782755,1.44365754887825,4.15,0,0,1411,0
110,120,87.9676736285971,4.39105248782755,1.44365754887825,4.58,0,0,965,0
110,120,87.9676736285971,4.39105248782755,1.44365754887825,23.92,0,0,485,0
111,120,85.7780679009572,4.9288711184135,0.839114896217601,0,101,120000,0,1
111,120,85.7780679009572,4.9288711184135,0.839114896217601,2.12,0,0,1373,0
111,120,85.7780679009572,4.9288711184135,0.839114896217601,2.63,0,0,935,0
111,120,85.7780679009572,4.9288711184135,0.839114896217601,19.49,0,0,607,0
111,120,85.7780679009572,4.9288711184135,0.839114896217601,21.39,0,0,588,0
112,120,75.0339050913869,3.55643323932012,0.795286604001818,0,101,120000,0,1
112,120,75.0339050913869,3.55643323932012,0.795286604001818,13.63,0,0,1203,0
112,120,75.0339050913869,3.55643323932012,0.795286604001818,17.84,0,0,802,0
112,120,75.0339050913869,3.55643323932012,0.795286604001818,20.62,0,0,620,0
112,120,75.0339050913869,3.55643323932012,0.795286604001818,21.14,0,0,563,0
113,120,59.5554481261453,2.81266785358776,1.21108843239886,0,101,120000,0,1
113,120,59.5554481261453,2.81266785358776,1.21108843239886,5.97,0,0,1256,0
113,120,59.5554481261453,2.81266785358776,1.21108843239886,12.7,0,0,1215,0
113,120,59.5554481261453,2.81266785358776,1.21108843239886,20.47,0,0,612,0
113,120,59.5554481261453,2.81266785358776,1.21108843239886,23.93,0,0,486,0
114,120,76.844899670854,10.2284771086884,1.48134258417953,0,101,120000,0,1
114,120,76.844899670854,10.2284771086884,1.48134258417953,4.78,0,0,999,0
114,120,76.844899670854,10.2284771086884,1.48134258417953,6.13,0,0,777,0
114,120,76.844899670854,10.2284771086884,1.48134258417953,16.74,0,0,252,0
114,120,76.844899670854,10.2284771086884,1.48134258417953,22.43,0,0,94,0
115,120,69.6240524716607,3.06665855506846,0.749318643822171,0,101,120000,0,1
115,120,69.6240524716607,3.06665855506846,0.749318643822171,2.81,0,0,1525,0
115,120,69.6240524716607,3.06665855506846,0.749318643822171,5.88,0,0,1445,0
115,120,69.6240524716607,3.06665855506846,0.749318643822171,16.9,0,0,961,0
115,120,69.6240524716607,3.06665855506846,0.749318643822171,17.94,0,0,727,0
116,120,68.0326150970558,3.62193261511449,1.03924304727003,0,101,120000,0,1
116,120,68.0326150970558,3.62193261511449,1.03924304727003,1.25,0,0,912,0
116,120,68.0326150970558,3.62193261511449,1.03924304727003,6.98,0,0,1426,0
116,120,68.0326150970558,3.62193261511449,1.03924304727003,7.73,0,0,1637,0
116,120,68.0326150970558,3.62193261511449,1.03924304727003,23.8,0,0,525,0
117,120,43.7497064720077,3.47942389605163,0.998900442808064,0,101,120000,0,1
117,120,43.7497064720077,3.47942389605163,0.998900442808064,9.91,0,0,1468,0
117,120,43.7497064720077,3.47942389605163,0.998900442808064,13.63,0,0,958,0
117,120,43.7497064720077,3.47942389605163,0.998900442808064,15.2,0,0,973,0
117,120,43.7497064720077,3.47942389605163,0.998900442808064,19.33,0,0,758,0
118,120,55.6725407019503,4.23015971577883,0.673001991972317,0,101,120000,0,1
118,120,55.6725407019503,4.23015971577883,0.673001991972317,0.48,0,0,449,0
118,120,55.6725407019503,4.23015971577883,0.673001991972317,7.54,0,0,1386,0
118,120,55.6725407019503,4.23015971577883,0.673001991972317,10.14,0,0,1184,0
118,120,55.6725407019503,4.23015971577883,0.673001991972317,19.18,0,0,552,0
119,120,102.174331907341,3.14418940380802,0.91961079267387,0,101,120000,0,1
119,120,102.174331907341,3.14418940380802,0.91961079267387,10.02,0,0,948,0
119,120,102.174331907341,3.14418940380802,0.91961079267387,10.72,0,0,827,0
119,120,102.174331907341,3.14418940380802,0.91961079267387,12.72,0,0,887,0
119,120,102.174331907341,3.14418940380802,0.91961079267387,22.42,0,0,630,0
120,120,78.3393289380204,3.62754513926551,0.707267359867321,0,101,120000,0,1
120,120,78.3393289380204,3.62754513926551,0.707267359867321,1.37,0,0,940,0
120,120,78.3393289380204,3.62754513926551,0.707267359867321,5.59,0,0,1090,0
120,120,78.3393289380204,3.62754513926551,0.707267359867321,9.07,0,0,902,0
120,120,78.3393289380204,3.62754513926551,0.707267359867321,18,0,0,741,0
