ID,DOSE,V,CL,KA,TIME,EVID,AMT,DV,EVIDNM
1,10,72.1725904946804,4.54636355663164,1.21346159502029,0,101,10000,0,1
1,10,72.1725904946804,4.54636355663164,1.21346159502029,5.6,0,0,74,0
1,10,72.1725904946804,4.54636355663164,1.21346159502029,6.83,0,0,99,0
1,10,72.1725904946804,4.54636355663164,1.21346159502029,8.63,0,0,94,0
1,10,72.1725904946804,4.54636355663164,1.21346159502029,19.52,0,0,36,0
2,10,90.0898291566831,3.12048244994764,0.990323822710794,0,101,10000,0,1
2,10,90.0898291566831,3.12048244994764,0.990323822710794,5.99,0,0,81,0
2,10,90.0898291566831,3.12048244994764,0.990323822710794,8.53,0,0,116,0
2,10,90.0898291566831,3.12048244994764,0.990323822710794,11.49,0,0,81,0
2,10,90.0898291566831,3.12048244994764,0.990323822710794,18.16,0,0,52,0
3,10,85.9996894355238,4.41110706898079,0.766425480001119,0,101,10000,0,1
3,10,85.9996894355238,4.41110706898079,0.766425480001119,5.75,0,0,73,0
3,10,85.9996894355238,4.41110706898079,0.766425480001119,14.37,0,0,75,0
3,10,85.9996894355238,4.41110706898079,0.766425480001119,20.26,0,0,34,0
3,10,85.9996894355238,4.41110706898079,0.766425480001119,23.94,0,0,27,0
4,10,47.6077447412423,4.13599666146474,0.734347711464087,0,101,10000,0,1
4,10,47.6077447412423,4.13599666146474,0.734347711464087,1.2,0,0,109,0
4,10,47.6077447412423,4.13599666146474,0.734347711464087,10.23,0,0,78,0
4,10,47.6077447412423,4.13599666146474,0.734347711464087,12.19,0,0,136,0
4,10,47.6077447412423,4.13599666146474,0.734347711464087,14.22,0,0,49,0
5,10,114.782465340008,4.56647922772016,1.25337509532459,0,101,10000,0,1
5,10,114.782465340008,4.56647922772016,1.25337509532459,10.06,0,0,72,0
5,10,114.782465340008,4.56647922772016,1.25337509532459,11.6,0,0,72,0
5,10,114.782465340008,4.56647922772016,1.25337509532459,23.37,0,0,30,0
5,10,114.782465340008,4.56647922772016,1.25337509532459,23.87,0,0,40,0
6,10,59.9367003669751,3.33250355129142,1.01195575384844,0,101,10000,0,1
6,10,59.9367003669751,3.33250355129142,1.01195575384844,0.31,0,0,52,0
6,10,59.9367003669751,3.33250355129142,1.01195575384844,8.32,0,0,102,0
6,10,59.9367003669751,3.33250355129142,1.01195575384844,8.71,0,0,89,0
6,10,59.9367003669751,3.33250355129142,1.01195575384844,15.99,0,0,70,0
7,10,60.8040798840727,6.86853940945697,0.861912490842838,0,101,10000,0,1
7,10,60.8040798840727,6.86853940945697,0.861912490842838,5.7,0,0,103,0
7,10,60.8040798840727,6.86853940945697,0.861912490842838,7.64,0,0,72,0
7,10,60.8040798840727,6.86853940945697,0.861912490842838,21,0,0,24,0
7,10,60.8040798840727,6.86853940945697,0.861912490842838,22.39,0,0,14,0
8,10,152.108074203987,3.36942176327015,1.23970493885195,0,101,10000,0,1
8,10,152.108074203987,3.36942176327015,1.23970493885195,3.38,0,0,42,0
8,10,152.108074203987,3.36942176327015,1.23970493885195,11.36,0,0,55,0
8,10,152.108074203987,3.36942176327015,1.23970493885195,15.96,0,0,56,0
8,10,152.108074203987,3.36942176327015,1.23970493885195,21.44,0,0,48,0
9,10,42.7651021652838,2.9653247004029,1.68063052347446,0,101,10000,0,1
9,10,42.7651021652838,2.9653247004029,1.68063052347446,0.79,0,0,160,0
9,10,42.7651021652838,2.9653247004029,1.68063052347446,8.39,0,0,173,0
9,10,42.7651021652838,2.9653247004029,1.68063052347446,9.19,0,0,125,0
9,10,42.7651021652838,2.9653247004029,1.68063052347446,11.27,0,0,131,0
10,10,94.2843640507784,4.50147857096228,0.99796404475207,0,101,10000,0,1
10,10,94.2843640507784,4.50147857096228,0.99796404475207,8.85,0,0,71,0
10,10,94.2843640507784,4.50147857096228,0.99796404475207,8.96,0,0,68,0
10,10,94.2843640507784,4.50147857096228,0.99796404475207,11.9,0,0,53,0
10,10,94.2843640507784,4.50147857096228,0.99796404475207,13.54,0,0,61,0
11,10,70.1076742822351,3.61459479902443,0.94539260896749,0,101,10000,0,1
11,10,70.1076742822351,3.61459479902443,0.94539260896749,3.92,0,0,105,0
11,10,70.1076742822351,3.61459479902443,0.94539260896749,7.11,0,0,102,0
11,10,70.1076742822351,3.61459479902443,0.94539260896749,19.18,0,0,51,0
11,10,70.1076742822351,3.61459479902443,0.94539260896749,22.07,0,0,54,0
12,10,107.715159236926,3.77303904779976,1.43630933733843,0,101,10000,0,1
12,10,107.715159236926,3.77303904779976,1.43630933733843,1.86,0,0,80,0
12,10,107.715159236926,3.77303904779976,1.43630933733843,17.77,0,0,40,0
12,10,107.715159236926,3.77303904779976,1.43630933733843,18.44,0,0,51,0
12,10,107.715159236926,3.77303904779976,1.43630933733843,20.89,0,0,53,0
13,10,94.0902441794696,4.50971908500347,0.772087590892396,0,101,10000,0,1
13,10,94.0902441794696,4.50971908500347,0.772087590892396,2.19,0,0,62,0
13,10,94.0902441794696,4.50971908500347,0.772087590892396,14.47,0,0,91,0
13,10,94.0902441794696,4.50971908500347,0.772087590892396,14.52,0,0,39,0
13,10,94.0902441794696,4.50971908500347,0.772087590892396,18.68,0,0,48,0
14,10,80.546554292828,3.57588771339962,0.69743022771292,0,101,10000,0,1
14,10,80.546554292828,3.57588771339962,0.69743022771292,2.64,0,0,146,0
14,10,80.546554292828,3.57588771339962,0.69743022771292,11.26,0,0,111,0
14,10,80.546554292828,3.57588771339962,0.69743022771292,18.73,0,0,64,0
14,10,80.546554292828,3.57588771339962,0.69743022771292,23.18,0,0,52,0
15,10,53.8466488878726,6.26811176104422,0.649509665745774,0,101,10000,0,1
15,10,53.8466488878726,6.26811176104422,0.649509665745774,2.4,0,0,142,0
15,10,53.8466488878726,6.26811176104422,0.649509665745774,6.01,0,0,86,0
15,10,53.8466488878726,6.26811176104422,0.649509665745774,7.04,0,0,107,0
15,10,53.8466488878726,6.26811176104422,0.649509665745774,23.14,0,0,14,0
16,10,35.9694072837352,1.75257521894591,1.6417691377316,0,101,10000,0,1
16,10,35.9694072837352,1.75257521894591,1.6417691377316,3.07,0,0,182,0
16,10,35.9694072837352,1.75257521894591,1.6417691377316,8.06,0,0,234,0
16,10,35.9694072837352,1.75257521894591,1.6417691377316,15.33,0,0,89,0
16,10,35.9694072837352,1.75257521894591,1.6417691377316,22.45,0,0,96,0
17,10,143.713090505743,1.62354742165058,1.12123472845043,0,101,10000,0,1
17,10,143.713090505743,1.62354742165058,1.12123472845043,0.01,0,0,1,0
17,10,143.713090505743,1.62354742165058,1.12123472845043,2.56,0,0,50,0
17,10,143.713090505743,1.62354742165058,1.12123472845043,11.77,0,0,63,0
17,10,143.713090505743,1.62354742165058,1.12123472845043,15.39,0,0,44,0
18,10,75.5706265257007,3.53908262859645,1.04536946870237,0,101,10000,0,1
18,10,75.5706265257007,3.53908262859645,1.04536946870237,0.8,0,0,63,0
18,10,75.5706265257007,3.53908262859645,1.04536946870237,13,0,0,75,0
18,10,75.5706265257007,3.53908262859645,1.04536946870237,15.24,0,0,67,0
18,10,75.5706265257007,3.53908262859645,1.04536946870237,18.97,0,0,41,0
19,10,47.6206681184111,4.4611667674935,0.779343791603376,0,101,10000,0,1
19,10,47.6206681184111,4.4611667674935,0.779343791603376,5.27,0,0,132,0
19,10,47.6206681184111,4.4611667674935,0.779343791603376,16.63,0,0,84,0
19,10,47.6206681184111,4.4611667674935,0.779343791603376,21.28,0,0,46,0
19,10,47.6206681184111,4.4611667674935,0.779343791603376,22.96,0,0,24,0
20,10,68.1854319919203,4.09673763839692,2.11267146961998,0,101,10000,0,1
20,10,68.1854319919203,4.09673763839692,2.11267146961998,6.8,0,0,103,0
20,10,68.1854319919203,4.09673763839692,2.11267146961998,11.03,0,0,87,0
20,10,68.1854319919203,4.09673763839692,2.11267146961998,12.3,0,0,89,0
20,10,68.1854319919203,4.09673763839692,2.11267146961998,22.3,0,0,45,0
21,10,42.6753141508321,2.70186367959656,1.09450432074364,0,101,10000,0,1
21,10,42.6753141508321,2.70186367959656,1.09450432074364,0.51,0,0,162,0
21,10,42.6753141508321,2.70186367959656,1.09450432074364,15.43,0,0,150,0
21,10,42.6753141508321,2.70186367959656,1.09450432074364,15.88,0,0,98,0
21,10,42.6753141508321,2.70186367959656,1.09450432074364,17.87,0,0,58,0
22,10,108.510318012345,5.86432826725435,1.35051635722554,0,101,10000,0,1
22,10,108.510318012345,5.86432826725435,1.35051635722554,5.56,0,0,67,0
22,10,108.510318012345,5.86432826725435,1.35051635722554,5.67,0,0,58,0
22,10,108.510318012345,5.86432826725435,1.35051635722554,14.63,0,0,42,0
22,10,108.510318012345,5.86432826725435,1.35051635722554,14.92,0,0,43,0
23,10,71.7637285799151,3.47674088225325,0.759579013585614,0,101,10000,0,1
23,10,71.7637285799151,3.47674088225325,0.759579013585614,0.46,0,0,48,0
23,10,71.7637285799151,3.47674088225325,0.759579013585614,2.43,0,0,137,0
23,10,71.7637285799151,3.47674088225325,0.759579013585614,3.35,0,0,114,0
23,10,71.7637285799151,3.47674088225325,0.759579013585614,10.95,0,0,107,0
24,10,65.1688447173921,4.93389177127261,0.537384408121861,0,101,10000,0,1
24,10,65.1688447173921,4.93389177127261,0.537384408121861,2.01,0,0,111,0
24,10,65.1688447173921,4.93389177127261,0.537384408121861,10.59,0,0,73,0
24,10,65.1688447173921,4.93389177127261,0.537384408121861,16.92,0,0,48,0
24,10,65.1688447173921,4.93389177127261,0.537384408121861,20.73,0,0,47,0
25,10,59.2365897065814,2.04267256422712,0.468384571649923,0,101,10000,0,1
25,10,59.2365897065814,2.04267256422712,0.468384571649923,6.69,0,0,115,0
25,10,59.2365897065814,2.04267256422712,0.468384571649923,13.64,0,0,112,0
25,10,59.2365897065814,2.04267256422712,0.468384571649923,19.34,0,0,80,0
25,10,59.2365897065814,2.04267256422712,0.468384571649923,22.16,0,0,65,0
26,10,83.6069916136716,5.78396761164651,1.07058427382706,0,101,10000,0,1
26,10,83.6069916136716,5.78396761164651,1.07058427382706,3.46,0,0,131,0
26,10,83.6069916136716,5.78396761164651,1.07058427382706,7.86,0,0,76,0
26,10,83.6069916136716,5.78396761164651,1.07058427382706,9,0,0,69,0
26,10,83.6069916136716,5.78396761164651,1.07058427382706,22.7,0,0,30,0
27,10,56.2430828634145,3.31908439487792,1.35518747289593,0,101,10000,0,1
27,10,56.2430828634145,3.31908439487792,1.35518747289593,4.93,0,0,215,0
27,10,56.2430828634145,3.31908439487792,1.35518747289593,12.51,0,0,69,0
27,10,56.2430828634145,3.31908439487792,1.35518747289593,17.73,0,0,57,0
27,10,56.2430828634145,3.31908439487792,1.35518747289593,17.98,0,0,60,0
28,10,83.9343162593118,3.92188869463683,1.31288121480096,0,101,10000,0,1
28,10,83.9343162593118,3.92188869463683,1.31288121480096,7.61,0,0,97,0
28,10,83.9343162593118,3.92188869463683,1.31288121480096,11.84,0,0,67,0
28,10,83.9343162593118,3.92188869463683,1.31288121480096,17.45,0,0,75,0
28,10,83.9343162593118,3.92188869463683,1.31288121480096,19.11,0,0,62,0
29,10,57.6935973302716,4.80806440506491,1.0043440050983,0,101,10000,0,1
29,10,57.6935973302716,4.80806440506491,1.0043440050983,2.24,0,0,170,0
29,10,57.6935973302716,4.80806440506491,1.0043440050983,13.83,0,0,62,0
29,10,57.6935973302716,4.80806440506491,1.0043440050983,13.95,0,0,75,0
29,10,57.6935973302716,4.80806440506491,1.0043440050983,16.05,0,0,42,0
30,10,97.0838786268636,3.36576361066701,1.02192711814545,0,101,10000,0,1
30,10,97.0838786268636,3.36576361066701,1.02192711814545,2.74,0,0,106,0
30,10,97.0838786268636,3.36576361066701,1.02192711814545,5.46,0,0,81,0
30,10,97.0838786268636,3.36576361066701,1.02192711814545,14.58,0,0,65,0
30,10,97.0838786268636,3.36576361066701,1.02192711814545,15.68,0,0,46,0
31,30,79.5554342843557,6.09191541065977,1.48057633814852,0,101,30000,0,1
31,30,79.5554342843557,6.09191541065977,1.48057633814852,4.69,0,0,334,0
31,30,79.5554342843557,6.09191541065977,1.48057633814852,5.86,0,0,231,0
31,30,79.5554342843557,6.09191541065977,1.48057633814852,7.88,0,0,203,0
31,30,79.5554342843557,6.09191541065977,1.48057633814852,18.32,0,0,93,0
32,30,82.4026031326826,3.70716252091338,0.613212877413675,0,101,30000,0,1
32,30,82.4026031326826,3.70716252091338,0.613212877413675,0.64,0,0,72,0
32,30,82.4026031326826,3.70716252091338,0.613212877413675,15.13,0,0,249,0
32,30,82.4026031326826,3.70716252091338,0.613212877413675,15.3,0,0,157,0
32,30,82.4026031326826,3.70716252091338,0.613212877413675,20,0,0,163,0
33,30,63.5042854589909,3.8236248446002,0.717050204025036,0,101,30000,0,1
33,30,63.5042854589909,3.8236248446002,0.717050204025036,1.84,0,0,267,0
33,30,63.5042854589909,3.8236248446002,0.717050204025036,6.96,0,0,329,0
33,30,63.5042854589909,3.8236248446002,0.717050204025036,13.5,0,0,259,0
33,30,63.5042854589909,3.8236248446002,0.717050204025036,18.37,0,0,203,0
34,30,67.6209768565078,3.55230835461905,1.67510021567994,0,101,30000,0,1
34,30,67.6209768565078,3.55230835461905,1.67510021567994,1.58,0,0,571,0
34,30,67.6209768565078,3.55230835461905,1.67510021567994,12.05,0,0,168,0
34,30,67.6209768565078,3.55230835461905,1.67510021567994,18.35,0,0,177,0
34,30,67.6209768565078,3.55230835461905,1.67510021567994,21.44,0,0,163,0
35,30,124.765796064336,3.51779264910424,1.1270110833584,0,101,30000,0,1
35,30,124.765796064336,3.51779264910424,1.1270110833584,0.32,0,0,86,0
35,30,124.765796064336,3.51779264910424,1.1270110833584,2.23,0,0,214,0
35,30,124.765796064336,3.51779264910424,1.1270110833584,15.42,0,0,208,0
35,30,124.765796064336,3.51779264910424,1.1270110833584,16.79,0,0,111,0
36,30,69.8106949502338,3.0678027749022,0.97259382255701,0,101,30000,0,1
36,30,69.8106949502338,3.0678027749022,0.97259382255701,7.78,0,0,300,0
36,30,69.8106949502338,3.0678027749022,0.97259382255701,8.37,0,0,345,0
36,30,69.8106949502338,3.0678027749022,0.97259382255701,22.4,0,0,144,0
36,30,69.8106949502338,3.0678027749022,0.97259382255701,22.88,0,0,178,0
37,30,38.9085359314818,5.6720525555034,1.48919267136573,0,101,30000,0,1
37,30,38.9085359314818,5.6720525555034,1.48919267136573,3.58,0,0,463,0
37,30,38.9085359314818,5.6720525555034,1.48919267136573,6.95,0,0,355,0
37,30,38.9085359314818,5.6720525555034,1.48919267136573,15.05,0,0,84,0
37,30,38.9085359314818,5.6720525555034,1.48919267136573,15.93,0,0,95,0
38,30,59.3128388773058,4.95870477875526,0.965839398216204,0,101,30000,0,1
38,30,59.3128388773058,4.95870477875526,0.965839398216204,0.07,0,0,27,0
38,30,59.3128388773058,4.95870477875526,0.965839398216204,1.1,0,0,291,0
38,30,59.3128388773058,4.95870477875526,0.965839398216204,7.34,0,0,257,0
38,30,59.3128388773058,4.95870477875526,0.965839398216204,19.45,0,0,127,0
39,30,51.3202328004745,2.62245674878994,1.81860028024166,0,101,30000,0,1
39,30,51.3202328004745,2.62245674878994,1.81860028024166,4.83,0,0,392,0
39,30,51.3202328004745,2.62245674878994,1.81860028024166,9.46,0,0,379,0
39,30,51.3202328004745,2.62245674878994,1.81860028024166,18.44,0,0,253,0
39,30,51.3202328004745,2.62245674878994,1.81860028024166,21.35,0,0,211,0
40,30,100.604699931999,5.65355447448923,1.02313346538132,0,101,30000,0,1
40,30,100.604699931999,5.65355447448923,1.02313346538132,10.13,0,0,188,0
40,30,100.604699931999,5.65355447448923,1.02313346538132,11.51,0,0,181,0
40,30,100.604699931999,5.65355447448923,1.02313346538132,12.19,0,0,156,0
40,30,100.604699931999,5.65355447448923,1.02313346538132,22.96,0,0,114,0
41,30,66.1877716274194,3.94626188073184,0.46485440345021,0,101,30000,0,1
41,30,66.1877716274194,3.94626188073184,0.46485440345021,1.07,0,0,222,0
41,30,66.1877716274194,3.94626188073184,0.46485440345021,1.66,0,0,232,0
41,30,66.1877716274194,3.94626188073184,0.46485440345021,3.72,0,0,417,0
41,30,66.1877716274194,3.94626188073184,0.46485440345021,15.63,0,0,157,0
42,30,58.1902304531501,3.87612271695679,1.26596158018564,0,101,30000,0,1
42,30,58.1902304531501,3.87612271695679,1.26596158018564,1.56,0,0,446,0
42,30,58.1902304531501,3.87612271695679,1.26596158018564,17.88,0,0,182,0
42,30,58.1902304531501,3.87612271695679,1.26596158018564,21.8,0,0,105,0
42,30,58.1902304531501,3.87612271695679,1.26596158018564,23.19,0,0,149,0
43,30,103.737038167807,3.89271254857692,0.597807319515518,0,101,30000,0,1
43,30,103.737038167807,3.89271254857692,0.597807319515518,2.88,0,0,163,0
43,30,103.737038167807,3.89271254857692,0.597807319515518,6.1,0,0,296,0
43,30,103.737038167807,3.89271254857692,0.597807319515518,8.14,0,0,224,0
43,30,103.737038167807,3.89271254857692,0.597807319515518,8.14,0,0,291,0
44,30,50.2157735927531,3.62240669517773,0.985034773050684,0,101,30000,0,1
44,30,50.2157735927531,3.62240669517773,0.985034773050684,4,0,0,522,0
44,30,50.2157735927531,3.62240669517773,0.985034773050684,4.69,0,0,413,0
44,30,50.2157735927531,3.62240669517773,0.985034773050684,6.47,0,0,380,0
44,30,50.2157735927531,3.62240669517773,0.985034773050684,15.89,0,0,221,0
45,30,81.3814171438119,3.90490337453915,1.25492154269397,0,101,30000,0,1
45,30,81.3814171438119,3.90490337453915,1.25492154269397,4.48,0,0,355,0
45,30,81.3814171438119,3.90490337453915,1.25492154269397,7.23,0,0,233,0
45,30,81.3814171438119,3.90490337453915,1.25492154269397,11.34,0,0,248,0
45,30,81.3814171438119,3.90490337453915,1.25492154269397,19.56,0,0,109,0
46,30,65.2867307074343,6.56002013394369,0.79526273789167,0,101,30000,0,1
46,30,65.2867307074343,6.56002013394369,0.79526273789167,2.95,0,0,319,0
46,30,65.2867307074343,6.56002013394369,0.79526273789167,3.92,0,0,400,0
46,30,65.2867307074343,6.56002013394369,0.79526273789167,6.54,0,0,215,0
46,30,65.2867307074343,6.56002013394369,0.79526273789167,23.49,0,0,58,0
47,30,84.7334999987233,4.98400234884089,1.31594080737463,0,101,30000,0,1
47,30,84.7334999987233,4.98400234884089,1.31594080737463,2.19,0,0,259,0
47,30,84.7334999987233,4.98400234884089,1.31594080737463,3.61,0,0,207,0
47,30,84.7334999987233,4.98400234884089,1.31594080737463,6.02,0,0,344,0
47,30,84.7334999987233,4.98400234884089,1.31594080737463,8.17,0,0,243,0
48,30,63.3507327699987,7.3471248661579,1.2591192691024,0,101,30000,0,1
48,30,63.3507327699987,7.3471248661579,1.2591192691024,3.06,0,0,295,0
48,30,63.3507327699987,7.3471248661579,1.2591192691024,5.94,0,0,330,0
48,30,63.3507327699987,7.3471248661579,1.2591192691024,14.62,0,0,67,0
48,30,63.3507327699987,7.3471248661579,1.2591192691024,18.93,0,0,86,0
49,30,80.2353973735398,5.761565605724,0.579518570595292,0,101,30000,0,1
49,30,80.2353973735398,5.761565605724,0.579518570595292,0.7,0,0,136,0
49,30,80.2353973735398,5.761565605724,0.579518570595292,3.08,0,0,399,0
49,30,80.2353973735398,5.761565605724,0.579518570595292,4.07,0,0,292,0
49,30,80.2353973735398,5.761565605724,0.579518570595292,10.62,0,0,236,0
50,30,71.8763193946038,3.98226696021743,0.783958028903878,0,101,30000,0,1
50,30,71.8763193946038,3.98226696021743,0.783958028903878,4.89,0,0,350,0
50,30,71.8763193946038,3.98226696021743,0.783958028903878,9.56,0,0,229,0
50,30,71.8763193946038,3.98226696021743,0.783958028903878,10.54,0,0,250,0
50,30,71.8763193946038,3.98226696021743,0.783958028903878,21.17,0,0,143,0
51,30,57.9007609106957,4.50774279430927,1.70864908286251,0,101,30000,0,1
51,30,57.9007609106957,4.50774279430927,1.70864908286251,1.93,0,0,515,0
51,30,57.9007609106957,4.50774279430927,1.70864908286251,11.47,0,0,223,0
51,30,57.9007609106957,4.50774279430927,1.70864908286251,13.01,0,0,202,0
51,30,57.9007609106957,4.50774279430927,1.70864908286251,20.83,0,0,148,0
52,30,75.5577368363709,2.40141571623545,0.986288459711595,0,101,30000,0,1
52,30,75.5577368363709,2.40141571623545,0.986288459711595,0.96,0,0,228,0
52,30,75.5577368363709,2.40141571623545,0.986288459711595,5.38,0,0,273,0
52,30,75.5577368363709,2.40141571623545,0.986288459711595,17.79,0,0,315,0
52,30,75.5577368363709,2.40141571623545,0.986288459711595,20.87,0,0,155,0
53,30,48.1930298988571,4.34250491948449,1.05347797274849,0,101,30000,0,1
53,30,48.1930298988571,4.34250491948449,1.05347797274849,0.29,0,0,174,0
53,30,48.1930298988571,4.34250491948449,1.05347797274849,13.26,0,0,179,0
53,30,48.1930298988571,4.34250491948449,1.05347797274849,18.41,0,0,147,0
53,30,48.1930298988571,4.34250491948449,1.05347797274849,19.08,0,0,88,0
54,30,84.1140190124566,6.51589408289373,1.25943910862797,0,101,30000,0,1
54,30,84.1140190124566,6.51589408289373,1.25943910862797,14.32,0,0,118,0
54,30,84.1140190124566,6.51589408289373,1.25943910862797,20.54,0,0,65,0
54,30,84.1140190124566,6.51589408289373,1.25943910862797,20.54,0,0,65,0
54,30,84.1140190124566,6.51589408289373,1.25943910862797,22.83,0,0,73,0
55,30,75.6248211046701,3.52703629509978,1.04795295372054,0,101,30000,0,1
55,30,75.6248211046701,3.52703629509978,1.04795295372054,12.68,0,0,312,0
55,30,75.6248211046701,3.52703629509978,1.04795295372054,17.47,0,0,158,0
55,30,75.6248211046701,3.52703629509978,1.04795295372054,21.3,0,0,173,0
55,30,75.6248211046701,3.52703629509978,1.04795295372054,23.68,0,0,136,0
56,30,78.9697049373441,5.81272254360984,0.819028448885663,0,101,30000,0,1
56,30,78.9697049373441,5.81272254360984,0.819028448885663,0.77,0,0,214,0
56,30,78.9697049373441,5.81272254360984,0.819028448885663,1.78,0,0,240,0
56,30,78.9697049373441,5.81272254360984,0.819028448885663,2.46,0,0,195,0
56,30,78.9697049373441,5.81272254360984,0.819028448885663,2.84,0,0,277,0
57,30,96.8672443744232,3.90171940288509,0.924097696276627,0,101,30000,0,1
57,30,96.8672443744232,3.90171940288509,0.924097696276627,1.07,0,0,180,0
57,30,96.8672443744232,3.90171940288509,0.924097696276627,1.19,0,0,221,0
57,30,96.8672443744232,3.90171940288509,0.924097696276627,7.68,0,0,296,0
57,30,96.8672443744232,3.90171940288509,0.924097696276627,21.99,0,0,150,0
58,30,89.8299416171953,2.84019897971755,0.632298755620393,0,101,30000,0,1
58,30,89.8299416171953,2.84019897971755,0.632298755620393,4.71,0,0,229,0
58,30,89.8299416171953,2.84019897971755,0.632298755620393,12.14,0,0,264,0
58,30,89.8299416171953,2.84019897971755,0.632298755620393,13.14,0,0,316,0
58,30,89.8299416171953,2.84019897971755,0.632298755620393,22.19,0,0,99,0
59,30,39.3253528173897,6.4116842328253,0.700563256279506,0,101,30000,0,1
59,30,39.3253528173897,6.4116842328253,0.700563256279506,12.22,0,0,174,0
59,30,39.3253528173897,6.4116842328253,0.700563256279506,16.26,0,0,64,0
59,30,39.3253528173897,6.4116842328253,0.700563256279506,16.84,0,0,71,0
59,30,39.3253528173897,6.4116842328253,0.700563256279506,22.38,0,0,20,0
60,30,56.307489594446,4.53664271841143,0.794122665940168,0,101,30000,0,1
60,30,56.307489594446,4.53664271841143,0.794122665940168,10.03,0,0,254,0
60,30,56.307489594446,4.53664271841143,0.794122665940168,15.49,0,0,189,0
60,30,56.307489594446,4.53664271841143,0.794122665940168,15.78,0,0,180,0
60,30,56.307489594446,4.53664271841143,0.794122665940168,21.1,0,0,99,0
61,60,83.087166320626,5.14550139735462,1.49272814997637,0,101,60000,0,1
61,60,83.087166320626,5.14550139735462,1.49272814997637,7.43,0,0,449,0
61,60,83.087166320626,5.14550139735462,1.49272814997637,9.21,0,0,426,0
61,60,83.087166320626,5.14550139735462,1.49272814997637,12.64,0,0,270,0
61,60,83.087166320626,5.14550139735462,1.49272814997637,17.47,0,0,188,0
62,60,101.025295092413,2.90780841823051,1.35471067517198,0,101,60000,0,1
62,60,101.025295092413,2.90780841823051,1.35471067517198,1.26,0,0,393,0
62,60,101.025295092413,2.90780841823051,1.35471067517198,3.25,0,0,511,0
62,60,101.025295092413,2.90780841823051,1.35471067517198,16.17,0,0,444,0
62,60,101.025295092413,2.90780841823051,1.35471067517198,21.61,0,0,433,0
63,60,91.8812355784765,3.27018288963856,0.829242339845308,0,101,60000,0,1
63,60,91.8812355784765,3.27018288963856,0.829242339845308,5.78,0,0,469,0
63,60,91.8812355784765,3.27018288963856,0.829242339845308,10.79,0,0,410,0
63,60,91.8812355784765,3.27018288963856,0.829242339845308,11.31,0,0,484,0
63,60,91.8812355784765,3.27018288963856,0.829242339845308,11.62,0,0,350,0
64,60,46.0996147575446,5.78405086556901,1.05674323619465,0,101,60000,0,1
64,60,46.0996147575446,5.78405086556901,1.05674323619465,14.31,0,0,244,0
64,60,46.0996147575446,5.78405086556901,1.05674323619465,16.58,0,0,212,0
64,60,46.0996147575446,5.78405086556901,1.05674323619465,17.41,0,0,123,0
64,60,46.0996147575446,5.78405086556901,1.05674323619465,20.87,0,0,112,0
65,60,81.9233865149983,4.18039848707338,0.418933021920719,0,101,60000,0,1
65,60,81.9233865149983,4.18039848707338,0.418933021920719,8.91,0,0,522,0
65,60,81.9233865149983,4.18039848707338,0.418933021920719,10.02,0,0,747,0
65,60,81.9233865149983,4.18039848707338,0.418933021920719,18.58,0,0,306,0
65,60,81.9233865149983,4.18039848707338,0.418933021920719,19.82,0,0,351,0
66,60,58.5110122011738,5.15595809630875,1.22704337626878,0,101,60000,0,1
66,60,58.5110122011738,5.15595809630875,1.22704337626878,3.51,0,0,734,0
66,60,58.5110122011738,5.15595809630875,1.22704337626878,8.68,0,0,615,0
66,60,58.5110122011738,5.15595809630875,1.22704337626878,11.89,0,0,299,0
66,60,58.5110122011738,5.15595809630875,1.22704337626878,21.86,0,0,157,0
67,60,36.0497991660184,2.99629190670157,1.26845835650618,0,101,60000,0,1
67,60,36.0497991660184,2.99629190670157,1.26845835650618,2.94,0,0,1111,0
67,60,36.0497991660184,2.99629190670157,1.26845835650618,8.03,0,0,881,0
67,60,36.0497991660184,2.99629190670157,1.26845835650618,14.85,0,0,414,0
67,60,36.0497991660184,2.99629190670157,1.26845835650618,22.2,0,0,297,0
68,60,99.7688804901636,6.80598692963845,0.960535999486869,0,101,60000,0,1
68,60,99.7688804901636,6.80598692963845,0.960535999486869,3.86,0,0,409,0
68,60,99.7688804901636,6.80598692963845,0.960535999486869,18.24,0,0,151,0
68,60,99.7688804901636,6.80598692963845,0.960535999486869,18.43,0,0,127,0
68,60,99.7688804901636,6.80598692963845,0.960535999486869,20.66,0,0,152,0
69,60,57.0964103517426,4.56485191043351,0.881863895508266,0,101,60000,0,1
69,60,57.0964103517426,4.56485191043351,0.881863895508266,11.11,0,0,605,0
69,60,57.0964103517426,4.56485191043351,0.881863895508266,12.41,0,0,564,0
69,60,57.0964103517426,4.56485191043351,0.881863895508266,18.52,0,0,297,0
69,60,57.0964103517426,4.56485191043351,0.881863895508266,23.21,0,0,194,0
70,60,50.4980636743172,4.86476646495877,1.35095270507448,0,101,60000,0,1
70,60,50.4980636743172,4.86476646495877,1.35095270507448,7.79,0,0,449,0
70,60,50.4980636743172,4.86476646495877,1.35095270507448,10.83,0,0,395,0
70,60,50.4980636743172,4.86476646495877,1.35095270507448,16.25,0,0,227,0
70,60,50.4980636743172,4.86476646495877,1.35095270507448,19.05,0,0,178,0
71,60,51.8979410198838,4.07503210294427,1.25991857590752,0,101,60000,0,1
71,60,51.8979410198838,4.07503210294427,1.25991857590752,3.6,0,0,857,0
71,60,51.8979410198838,4.07503210294427,1.25991857590752,5.5,0,0,644,0
71,60,51.8979410198838,4.07503210294427,1.25991857590752,10.66,0,0,657,0
71,60,51.8979410198838,4.07503210294427,1.25991857590752,15.09,0,0,503,0
72,60,58.5286604023672,3.282537838941,1.10831285639975,0,101,60000,0,1
72,60,58.5286604023672,3.282537838941,1.10831285639975,0.1,0,0,119,0
72,60,58.5286604023672,3.282537838941,1.10831285639975,0.28,0,0,322,0
72,60,58.5286604023672,3.282537838941,1.10831285639975,9.63,0,0,353,0
72,60,58.5286604023672,3.282537838941,1.10831285639975,23.15,0,0,337,0
73,60,103.356887359216,2.81858569818633,1.20285619002163,0,101,60000,0,1
73,60,103.356887359216,2.81858569818633,1.20285619002163,1.85,0,0,459,0
73,60,103.356887359216,2.81858569818633,1.20285619002163,8.43,0,0,454,0
73,60,103.356887359216,2.81858569818633,1.20285619002163,20.04,0,0,408,0
73,60,103.356887359216,2.81858569818633,1.20285619002163,23.78,0,0,534,0
74,60,100.113898839145,3.64260387583453,0.460632111574405,0,101,60000,0,1
74,60,100.113898839145,3.64260387583453,0.460632111574405,13.34,0,0,340,0
74,60,100.113898839145,3.64260387583453,0.460632111574405,15.5,0,0,296,0
74,60,100.113898839145,3.64260387583453,0.460632111574405,16.99,0,0,354,0
74,60,100.113898839145,3.64260387583453,0.460632111574405,19.9,0,0,310,0
75,60,68.1589768955817,3.49735638620819,0.962154603289685,0,101,60000,0,1
75,60,68.1589768955817,3.49735638620819,0.962154603289685,8.88,0,0,692,0
75,60,68.1589768955817,3.49735638620819,0.962154603289685,11.27,0,0,564,0
75,60,68.1589768955817,3.49735638620819,0.962154603289685,19.34,0,0,276,0
75,60,68.1589768955817,3.49735638620819,0.962154603289685,22.95,0,0,286,0
76,60,46.1258422842993,2.83129972321282,0.600686127517833,0,101,60000,0,1
76,60,46.1258422842993,2.83129972321282,0.600686127517833,7.03,0,0,844,0
76,60,46.1258422842993,2.83129972321282,0.600686127517833,9.48,0,0,1358,0
76,60,46.1258422842993,2.83129972321282,0.600686127517833,18.49,0,0,573,0
76,60,46.1258422842993,2.83129972321282,0.600686127517833,21.2,0,0,459,0
77,60,41.5371689546112,4.56489283303292,1.74197112955077,0,101,60000,0,1
77,60,41.5371689546112,4.56489283303292,1.74197112955077,0.08,0,0,154,0
77,60,41.5371689546112,4.56489283303292,1.74197112955077,6.35,0,0,895,0
77,60,41.5371689546112,4.56489283303292,1.74197112955077,18.21,0,0,262,0
77,60,41.5371689546112,4.56489283303292,1.74197112955077,19.43,0,0,190,0
78,60,90.4126470567393,6.58010984381791,0.959396466095732,0,101,60000,0,1
78,60,90.4126470567393,6.58010984381791,0.959396466095732,6.91,0,0,709,0
78,60,90.4126470567393,6.58010984381791,0.959396466095732,12.04,0,0,327,0
78,60,90.4126470567393,6.58010984381791,0.959396466095732,21.84,0,0,140,0
78,60,90.4126470567393,6.58010984381791,0.959396466095732,23.93,0,0,175,0
79,60,66.834950639363,2.95706811785623,1.58821550227197,0,101,60000,0,1
79,60,66.834950639363,2.95706811785623,1.58821550227197,5.95,0,0,826,0
79,60,66.834950639363,2.95706811785623,1.58821550227197,16.03,0,0,419,0
79,60,66.834950639363,2.95706811785623,1.58821550227197,18.68,0,0,328,0
79,60,66.834950639363,2.95706811785623,1.58821550227197,19.6,0,0,403,0
80,60,107.784454768892,3.89532722093407,0.959586087558742,0,101,60000,0,1
80,60,107.784454768892,3.89532722093407,0.959586087558742,6.02,0,0,421,0
80,60,107.784454768892,3.89532722093407,0.959586087558742,12.07,0,0,375,0
80,60,107.784454768892,3.89532722093407,0.959586087558742,16.12,0,0,387,0
80,60,107.784454768892,3.89532722093407,0.959586087558742,18.1,0,0,258,0
81,60,118.420343328373,3.25097008871145,0.889862133845832,0,101,60000,0,1
81,60,118.420343328373,3.25097008871145,0.889862133845832,9.95,0,0,422,0
81,60,118.420343328373,3.25097008871145,0.889862133845832,16.05,0,0,255,0
81,60,118.420343328373,3.25097008871145,0.889862133845832,16.83,0,0,383,0
81,60,118.420343328373,3.25097008871145,0.889862133845832,21.47,0,0,191,0
82,60,63.8619654350361,3.84536238804852,0.957888457984414,0,101,60000,0,1
82,60,63.8619654350361,3.84536238804852,0.957888457984414,5.03,0,0,678,0
82,60,63.8619654350361,3.84536238804852,0.957888457984414,13.66,0,0,461,0
82,60,63.8619654350361,3.84536238804852,0.957888457984414,20.36,0,0,273,0
82,60,63.8619654350361,3.84536238804852,0.957888457984414,20.41,0,0,179,0
83,60,72.1164955647182,6.80881979435692,0.9704242368947,0,101,60000,0,1
83,60,72.1164955647182,6.80881979435692,0.9704242368947,9.98,0,0,438,0
83,60,72.1164955647182,6.80881979435692,0.9704242368947,16.93,0,0,265,0
83,60,72.1164955647182,6.80881979435692,0.9704242368947,22.46,0,0,104,0
83,60,72.1164955647182,6.80881979435692,0.9704242368947,23.68,0,0,115,0
84,60,70.2880493990687,4.66174795215035,0.984422929866886,0,101,60000,0,1
84,60,70.2880493990687,4.66174795215035,0.984422929866886,0.9,0,0,666,0
84,60,70.2880493990687,4.66174795215035,0.984422929866886,6.41,0,0,474,0
84,60,70.2880493990687,4.66174795215035,0.984422929866886,7.69,0,0,567,0
84,60,70.2880493990687,4.66174795215035,0.984422929866886,21.56,0,0,147,0
85,60,105.669481149985,2.77553680687809,1.45156684960801,0,101,60000,0,1
85,60,105.669481149985,2.77553680687809,1.45156684960801,7.43,0,0,483,0
85,60,105.669481149985,2.77553680687809,1.45156684960801,11.31,0,0,478,0
85,60,105.669481149985,2.77553680687809,1.45156684960801,19.44,0,0,356,0
85,60,105.669481149985,2.77553680687809,1.45156684960801,22.26,0,0,413,0
86,60,61.4810907473697,5.44520727021134,1.40699143757307,0,101,60000,0,1
86,60,61.4810907473697,5.44520727021134,1.40699143757307,3.29,0,0,755,0
86,60,61.4810907473697,5.44520727021134,1.40699143757307,13.5,0,0,385,0
86,60,61.4810907473697,5.44520727021134,1.40699143757307,16.86,0,0,217,0
86,60,61.4810907473697,5.44520727021134,1.40699143757307,21.45,0,0,120,0
87,60,74.4410533825235,4.26525593390731,1.27095200843766,0,101,60000,0,1
87,60,74.4410533825235,4.26525593390731,1.27095200843766,3.55,0,0,832,0
87,60,74.4410533825235,4.26525593390731,1.27095200843766,12.6,0,0,329,0
87,60,74.4410533825235,4.26525593390731,1.27095200843766,13.74,0,0,300,0
87,60,74.4410533825235,4.26525593390731,1.27095200843766,16.26,0,0,380,0
88,60,68.9179274186533,4.14034089378552,1.17613660021206,0,101,60000,0,1
88,60,68.9179274186533,4.14034089378552,1.17613660021206,11.94,0,0,360,0
88,60,68.9179274186533,4.14034089378552,1.17613660021206,17.89,0,0,268,0
88,60,68.9179274186533,4.14034089378552,1.17613660021206,18.17,0,0,451,0
88,60,68.9179274186533,4.14034089378552,1.17613660021206,19.93,0,0,352,0
89,60,57.626938556809,3.15945183326625,0.973719792745954,0,101,60000,0,1
89,60,57.626938556809,3.15945183326625,0.973719792745954,10.26,0,0,555,0
89,60,57.626938556809,3.15945183326625,0.973719792745954,12.02,0,0,739,0
89,60,57.626938556809,3.15945183326625,0.973719792745954,15.99,0,0,526,0
89,60,57.626938556809,3.15945183326625,0.973719792745954,20.64,0,0,411,0
90,60,76.037297853143,4.00035867687631,0.929791299921196,0,101,60000,0,1
90,60,76.037297853143,4.00035867687631,0.929791299921196,4.25,0,0,737,0
90,60,76.037297853143,4.00035867687631,0.929791299921196,5.72,0,0,836,0
90,60,76.037297853143,4.00035867687631,0.929791299921196,7.44,0,0,463,0
90,60,76.037297853143,4.00035867687631,0.929791299921196,16.77,0,0,462,0
91,120,49.7483551246445,2.92762994512903,0.903880083198914,0,101,120000,0,1
91,120,49.7483551246445,2.92762994512903,0.903880083198914,8.57,0,0,1502,0
91,120,49.7483551246445,2.92762994512903,0.903880083198914,11.51,0,0,1211,0
91,120,49.7483551246445,2.92762994512903,0.903880083198914,18.63,0,0,874,0
91,120,49.7483551246445,2.92762994512903,0.903880083198914,21.73,0,0,772,0
92,120,72.4612414488397,3.23185161540139,1.15005256688062,0,101,120000,0,1
92,120,72.4612414488397,3.23185161540139,1.15005256688062,4.53,0,0,1875,0
92,120,72.4612414488397,3.23185161540139,1.15005256688062,4.66,0,0,1390,0
92,120,72.4612414488397,3.23185161540139,1.15005256688062,12.63,0,0,794,0
92,120,72.4612414488397,3.23185161540139,1.15005256688062,17.14,0,0,762,0
93,120,73.4537138691872,4.92797173355944,1.16257276730127,0,101,120000,0,1
93,120,73.4537138691872,4.92797173355944,1.16257276730127,0.26,0,0,373,0
93,120,73.4537138691872,4.92797173355944,1.16257276730127,3.32,0,0,1714,0
93,120,73.4537138691872,4.92797173355944,1.16257276730127,6.22,0,0,892,0
93,120,73.4537138691872,4.92797173355944,1.16257276730127,19.24,0,0,458,0
94,120,75.1722556468614,5.76312568931157,1.28098924485045,0,101,120000,0,1
94,120,75.1722556468614,5.76312568931157,1.28098924485045,8.55,0,0,1052,0
94,120,75.1722556468614,5.76312568931157,1.28098924485045,9.05,0,0,933,0
94,120,75.1722556468614,5.76312568931157,1.28098924485045,11.23,0,0,688,0
94,120,75.1722556468614,5.76312568931157,1.28098924485045,15.2,0,0,589,0
95,120,46.9399713892016,3.0445978150559,0.740698949185395,0,101,120000,0,1
95,120,46.9399713892016,3.0445978150559,0.740698949185395,5.03,0,0,1796,0
95,120,46.9399713892016,3.0445978150559,0.740698949185395,7.26,0,0,1578,0
95,120,46.9399713892016,3.0445978150559,0.740698949185395,16.39,0,0,1178,0
95,120,46.9399713892016,3.0445978150559,0.740698949185395,20.48,0,0,921,0
96,120,46.0657559668864,4.37101015823934,1.14189796770402,0,101,120000,0,1
96,120,46.0657559668864,4.37101015823934,1.14189796770402,5.26,0,0,1449,0
96,120,46.0657559668864,4.37101015823934,1.14189796770402,6.72,0,0,2008,0
96,120,46.0657559668864,4.37101015823934,1.14189796770402,12.23,0,0,735,0
96,120,46.0657559668864,4.37101015823934,1.14189796770402,21.34,0,0,440,0
97,120,72.5889430960447,4.68918390826837,1.37240926519029,0,101,120000,0,1
97,120,72.5889430960447,4.68918390826837,1.37240926519029,16.39,0,0,601,0
97,120,72.5889430960447,4.68918390826837,1.37240926519029,17.92,0,0,609,0
97,120,72.5889430960447,4.68918390826837,1.37240926519029,19.26,0,0,496,0
97,120,72.5889430960447,4.68918390826837,1.37240926519029,20.18,0,0,330,0
98,120,46.8225098287049,2.81218730037882,1.15560341988271,0,101,120000,0,1
98,120,46.8225098287049,2.81218730037882,1.15560341988271,0.97,0,0,1731,0
98,120,46.8225098287049,2.81218730037882,1.15560341988271,6.55,0,0,1817,0
98,120,46.8225098287049,2.81218730037882,1.15560341988271,9.56,0,0,1386,0
98,120,46.8225098287049,2.81218730037882,1.15560341988271,20.5,0,0,763,0
99,120,80.4476294951565,2.89287757808715,1.42563444089661,0,101,120000,0,1
99,120,80.4476294951565,2.89287757808715,1.42563444089661,13.76,0,0,1371,0
99,120,80.4476294951565,2.89287757808715,1.42563444089661,14.2,0,0,999,0
99,120,80.4476294951565,2.89287757808715,1.42563444089661,14.49,0,0,797,0
99,120,80.4476294951565,2.89287757808715,1.42563444089661,18.2,0,0,1055,0
100,120,33.1062960668035,6.10132922330343,1.31586679344406,0,101,120000,0,1
100,120,33.1062960668035,6.10132922330343,1.31586679344406,2.42,0,0,1723,0
100,120,33.1062960668035,6.10132922330343,1.31586679344406,6.38,0,0,1196,0
100,120,33.1062960668035,6.10132922330343,1.31586679344406,16.93,0,0,168,0
100,120,33.1062960668035,6.10132922330343,1.31586679344406,23.02,0,0,62,0
101,120,140.209992109148,3.46582975859713,1.00276597711822,0,101,120000,0,1
101,120,140.209992109148,3.46582975859713,1.00276597711822,7.45,0,0,515,0
101,120,140.209992109148,3.46582975859713,1.00276597711822,15.73,0,0,528,0
101,120,140.209992109148,3.46582975859713,1.00276597711822,18.85,0,0,513,0
101,120,140.209992109148,3.46582975859713,1.00276597711822,20.2,0,0,585,0
102,120,70.4540021608014,2.11795622780326,1.36491728603448,0,101,120000,0,1
102,120,70.4540021608014,2.11795622780326,1.36491728603448,10.57,0,0,1455,0
102,120,70.4540021608014,2.11795622780326,1.36491728603448,19.07,0,0,1049,0
102,120,70.4540021608014,2.11795622780326,1.36491728603448,19.35,0,0,936,0
102,120,70.4540021608014,2.11795622780326,1.36491728603448,20.04,0,0,935,0
103,120,70.9375356069539,3.72688319606762,1.59775403104131,0,101,120000,0,1
103,120,70.9375356069539,3.72688319606762,1.59775403104131,15.15,0,0,800,0
103,120,70.9375356069539,3.72688319606762,1.59775403104131,15.87,0,0,635,0
103,120,70.9375356069539,3.72688319606762,1.59775403104131,16.51,0,0,556,0
103,120,70.9375356069539,3.72688319606762,1.59775403104131,20.83,0,0,596,0
104,120,38.0396991015863,3.18863045191225,0.837345289538036,0,101,120000,0,1
104,120,38.0396991015863,3.18863045191225,0.837345289538036,2.9,0,0,3204,0
104,120,38.0396991015863,3.18863045191225,0.837345289538036,3.06,0,0,3161,0
104,120,38.0396991015863,3.18863045191225,0.837345289538036,19.64,0,0,474,0
104,120,38.0396991015863,3.18863045191225,0.837345289538036,21.56,0,0,684,0
105,120,87.2355175499336,3.26559290731836,0.848781983352788,0,101,120000,0,1
105,120,87.2355175499336,3.26559290731836,0.848781983352788,0.69,0,0,525,0
105,120,87.2355175499336,3.26559290731836,0.848781983352788,6.55,0,0,1190,0
105,120,87.2355175499336,3.26559290731836,0.848781983352788,6.8,0,0,937,0
105,120,87.2355175499336,3.26559290731836,0.848781983352788,7.9,0,0,1114,0
106,120,78.8510766510842,3.33384947824216,1.1129537964616,0,101,120000,0,1
106,120,78.8510766510842,3.33384947824216,1.1129537964616,0.49,0,0,565,0
106,120,78.8510766510842,3.33384947824216,1.1129537964616,0.62,0,0,883,0
106,120,78.8510766510842,3.33384947824216,1.1129537964616,3.67,0,0,896,0
106,120,78.8510766510842,3.33384947824216,1.1129537964616,8.66,0,0,1121,0
107,120,53.7857728505045,3.43726178238437,1.11385527460245,0,101,120000,0,1
107,120,53.7857728505045,3.43726178238437,1.11385527460245,4.71,0,0,2200,0
107,120,53.7857728505045,3.43726178238437,1.11385527460245,15.27,0,0,915,0
107,120,53.7857728505045,3.43726178238437,1.11385527460245,18.51,0,0,791,0
107,120,53.7857728505045,3.43726178238437,1.11385527460245,21.76,0,0,504,0
108,120,89.6404686215464,2.45571154536694,1.01956828100174,0,101,120000,0,1
108,120,89.6404686215464,2.45571154536694,1.01956828100174,10.25,0,0,1286,0
108,120,89.6404686215464,2.45571154536694,1.01956828100174,11,0,0,1036,0
108,120,89.6404686215464,2.45571154536694,1.01956828100174,17.78,0,0,923,0
108,120,89.6404686215464,2.45571154536694,1.01956828100174,18,0,0,767,0
109,120,80.4047480931955,4.49077532630463,1.36697592956162,0,101,120000,0,1
109,120,80.4047480931955,4.49077532630463,1.36697592956162,7.12,0,0,1185,0
109,120,80.4047480931955,4.49077532630463,1.36697592956162,15.01,0,0,713,0
109,120,80.4047480931955,4.49077532630463,1.36697592956162,18.12,0,0,439,0
109,120,80.4047480931955,4.49077532630463,1.36697592956162,19.71,0,0,598,0
110,120,66.6246414986405,3.96087599451903,1.15271178553234,0,101,120000,0,1
110,120,66.6246414986405,3.96087599451903,1.15271178553234,8.75,0,0,1064,0
110,120,66.6246414986405,3.96087599451903,1.15271178553234,10.15,0,0,1130,0
110,120,66.6246414986405,3.96087599451903,1.15271178553234,19.88,0,0,549,0
110,120,66.6246414986405,3.96087599451903,1.15271178553234,23.21,0,0,295,0
111,120,51.1533957051614,3.12805995660331,1.11670508182237,0,101,120000,0,1
111,120,51.1533957051614,3.12805995660331,1.11670508182237,4.95,0,0,1679,0
111,120,51.1533957051614,3.12805995660331,1.11670508182237,7.15,0,0,1861,0
111,120,51.1533957051614,3.12805995660331,1.11670508182237,11.6,0,0,945,0
111,120,51.1533957051614,3.12805995660331,1.11670508182237,22.1,0,0,704,0
112,120,57.2382162508123,3.52041994560836,0.761725079034309,0,101,120000,0,1
112,120,57.2382162508123,3.52041994560836,0.761725079034309,6.05,0,0,1397,0
112,120,57.2382162508123,3.52041994560836,0.761725079034309,9.43,0,0,1539,0
112,120,57.2382162508123,3.52041994560836,0.761725079034309,21.77,0,0,581,0
112,120,57.2382162508123,3.52041994560836,0.761725079034309,22.68,0,0,549,0
113,120,61.2533909237623,5.46551894707583,1.18840861877256,0,101,120000,0,1
113,120,61.2533909237623,5.46551894707583,1.18840861877256,3.74,0,0,1348,0
113,120,61.2533909237623,5.46551894707583,1.18840861877256,9.14,0,0,820,0
113,120,61.2533909237623,5.46551894707583,1.18840861877256,11.2,0,0,683,0
113,120,61.2533909237623,5.46551894707583,1.18840861877256,20.77,0,0,357,0
114,120,98.6053685404645,4.32954739209837,0.988489073420658,0,101,120000,0,1
114,120,98.6053685404645,4.32954739209837,0.988489073420658,5.17,0,0,1031,0
114,120,98.6053685404645,4.32954739209837,0.988489073420658,5.41,0,0,758,0
114,120,98.6053685404645,4.32954739209837,0.988489073420658,8.93,0,0,772,0
114,120,98.6053685404645,4.32954739209837,0.988489073420658,21.22,0,0,400,0
115,120,78.4682747714644,2.88981840658128,0.72926202293983,0,101,120000,0,1
115,120,78.4682747714644,2.88981840658128,0.72926202293983,3.56,0,0,1295,0
115,120,78.4682747714644,2.88981840658128,0.72926202293983,5.77,0,0,1552,0
115,120,78.4682747714644,2.88981840658128,0.72926202293983,8.69,0,0,1202,0
115,120,78.4682747714644,2.88981840658128,0.72926202293983,19.6,0,0,1233,0
116,120,75.5930105893637,2.75802374863674,0.953628001545863,0,101,120000,0,1
116,120,75.5930105893637,2.75802374863674,0.953628001545863,13.44,0,0,691,0
116,120,75.5930105893637,2.75802374863674,0.953628001545863,13.54,0,0,646,0
116,120,75.5930105893637,2.75802374863674,0.953628001545863,17.47,0,0,624,0
116,120,75.5930105893637,2.75802374863674,0.953628001545863,21.18,0,0,786,0
117,120,38.3718703176283,3.87987732070818,2.04322365342132,0,101,120000,0,1
117,120,38.3718703176283,3.87987732070818,2.04322365342132,0.48,0,0,2052,0
117,120,38.3718703176283,3.87987732070818,2.04322365342132,2.56,0,0,3400,0
117,120,38.3718703176283,3.87987732070818,2.04322365342132,7.63,0,0,1918,0
117,120,38.3718703176283,3.87987732070818,2.04322365342132,18.66,0,0,467,0
118,120,107.2054351612,5.74054582264034,1.20866553218687,0,101,120000,0,1
118,120,107.2054351612,5.74054582264034,1.20866553218687,5.6,0,0,1057,0
118,120,107.2054351612,5.74054582264034,1.20866553218687,6.35,0,0,970,0
118,120,107.2054351612,5.74054582264034,1.20866553218687,13.03,0,0,523,0
118,120,107.2054351612,5.74054582264034,1.20866553218687,18.74,0,0,483,0
119,120,57.1716763112914,3.69959303485048,1.16873446685779,0,101,120000,0,1
119,120,57.1716763112914,3.69959303485048,1.16873446685779,5.35,0,0,1524,0
119,120,57.1716763112914,3.69959303485048,1.16873446685779,7.57,0,0,1178,0
119,120,57.1716763112914,3.69959303485048,1.16873446685779,12.65,0,0,1313,0
119,120,57.1716763112914,3.69959303485048,1.16873446685779,19.93,0,0,478,0
120,120,55.2340880982371,2.9254279100662,0.937207235626174,0,101,120000,0,1
120,120,55.2340880982371,2.9254279100662,0.937207235626174,2.67,0,0,1910,0
120,120,55.2340880982371,2.9254279100662,0.937207235626174,6.31,0,0,1177,0
120,120,55.2340880982371,2.9254279100662,0.937207235626174,10.16,0,0,1403,0
120,120,55.2340880982371,2.9254279100662,0.937207235626174,18.18,0,0,802,0
