ID,DOSE,V,CL,KA,TIME,EVID,AMT,DV,EVIDNM
1,10,88.4950250147739,3.629835283918,0.868407582885141,0,101,10000,0,1
1,10,88.4950250147739,3.629835283918,0.868407582885141,0.24,0,0,15,0
1,10,88.4950250147739,3.629835283918,0.868407582885141,9.71,0,0,67,0
1,10,88.4950250147739,3.629835283918,0.868407582885141,18.64,0,0,59,0
1,10,88.4950250147739,3.629835283918,0.868407582885141,19.22,0,0,63,0
2,10,73.9510998200244,4.53757204546054,1.1435321044027,0,101,10000,0,1
2,10,73.9510998200244,4.53757204546054,1.1435321044027,7.64,0,0,89,0
2,10,73.9510998200244,4.53757204546054,1.1435321044027,12.89,0,0,61,0
2,10,73.9510998200244,4.53757204546054,1.1435321044027,13.17,0,0,102,0
2,10,73.9510998200244,4.53757204546054,1.1435321044027,19.44,0,0,39,0
3,10,73.1716683364091,3.80929890781161,0.950947025080765,0,101,10000,0,1
3,10,73.1716683364091,3.80929890781161,0.950947025080765,2.08,0,0,193,0
3,10,73.1716683364091,3.80929890781161,0.950947025080765,16.7,0,0,72,0
3,10,73.1716683364091,3.80929890781161,0.950947025080765,18.69,0,0,61,0
3,10,73.1716683364091,3.80929890781161,0.950947025080765,23.01,0,0,40,0
4,10,134.92598346085,4.14692344052364,1.06994525419632,0,101,10000,0,1
4,10,134.92598346085,4.14692344052364,1.06994525419632,5.3,0,0,91,0
4,10,134.92598346085,4.14692344052364,1.06994525419632,13.93,0,0,38,0
4,10,134.92598346085,4.14692344052364,1.06994525419632,16.25,0,0,46,0
4,10,134.92598346085,4.14692344052364,1.06994525419632,22.97,0,0,39,0
5,10,53.9854641166011,2.45554294768761,1.12914579217583,0,101,10000,0,1
5,10,53.9854641166011,2.45554294768761,1.12914579217583,0.43,0,0,55,0
5,10,53.9854641166011,2.45554294768761,1.12914579217583,7,0,0,176,0
5,10,53.9854641166011,2.45554294768761,1.12914579217583,19.92,0,0,78,0
5,10,53.9854641166011,2.45554294768761,1.12914579217583,21.57,0,0,64,0
6,10,67.002636467208,6.53908162742304,0.941921579041819,0,101,10000,0,1
6,10,67.002636467208,6.53908162742304,0.941921579041819,1.19,0,0,100,0
6,10,67.002636467208,6.53908162742304,0.941921579041819,19.08,0,0,20,0
6,10,67.002636467208,6.53908162742304,0.941921579041819,20.98,0,0,20,0
6,10,67.002636467208,6.53908162742304,0.941921579041819,21.12,0,0,15,0
7,10,87.9378038402945,3.57412791142847,1.35666582198489,0,101,10000,0,1
7,10,87.9378038402945,3.57412791142847,1.35666582198489,5.87,0,0,72,0
7,10,87.9378038402945,3.57412791142847,1.35666582198489,6.67,0,0,68,0
7,10,87.9378038402945,3.57412791142847,1.35666582198489,12.22,0,0,56,0
7,10,87.9378038402945,3.57412791142847,1.35666582198489,23.93,0,0,64,0
8,10,65.3733436282974,3.66034105014194,0.77534816343271,0,101,10000,0,1
8,10,65.3733436282974,3.66034105014194,0.77534816343271,0.48,0,0,45,0
8,10,65.3733436282974,3.66034105014194,0.77534816343271,17.6,0,0,45,0
8,10,65.3733436282974,3.66034105014194,0.77534816343271,17.89,0,0,60,0
8,10,65.3733436282974,3.66034105014194,0.77534816343271,22.49,0,0,47,0
9,10,52.6392839829607,3.44120984312692,0.806343795091114,0,101,10000,0,1
9,10,52.6392839829607,3.44120984312692,0.806343795091114,3.08,0,0,193,0
9,10,52.6392839829607,3.44120984312692,0.806343795091114,13.2,0,0,60,0
9,10,52.6392839829607,3.44120984312692,0.806343795091114,14.46,0,0,72,0
9,10,52.6392839829607,3.44120984312692,0.806343795091114,17.19,0,0,72,0
10,10,161.412071551505,4.2742963909912,0.751835172081545,0,101,10000,0,1
10,10,161.412071551505,4.2742963909912,0.751835172081545,2.2,0,0,49,0
10,10,161.412071551505,4.2742963909912,0.751835172081545,4.25,0,0,59,0
10,10,161.412071551505,4.2742963909912,0.751835172081545,4.61,0,0,69,0
10,10,161.412071551505,4.2742963909912,0.751835172081545,11.73,0,0,41,0
11,10,83.5698901499915,5.67536145251115,0.870008781207589,0,101,10000,0,1
11,10,83.5698901499915,5.67536145251115,0.870008781207589,3.42,0,0,87,0
11,10,83.5698901499915,5.67536145251115,0.870008781207589,3.99,0,0,121,0
11,10,83.5698901499915,5.67536145251115,0.870008781207589,6.41,0,0,67,0
11,10,83.5698901499915,5.67536145251115,0.870008781207589,17.86,0,0,31,0
12,10,49.5661988521998,4.49185773949942,1.40544705473095,0,101,10000,0,1
12,10,49.5661988521998,4.49185773949942,1.40544705473095,0.08,0,0,21,0
12,10,49.5661988521998,4.49185773949942,1.40544705473095,6.44,0,0,110,0
12,10,49.5661988521998,4.49185773949942,1.40544705473095,18.36,0,0,37,0
12,10,49.5661988521998,4.49185773949942,1.40544705473095,18.89,0,0,49,0
13,10,133.441758176691,5.4912798419743,1.01551970822325,0,101,10000,0,1
13,10,133.441758176691,5.4912798419743,1.01551970822325,10.54,0,0,49,0
13,10,133.441758176691,5.4912798419743,1.01551970822325,12.3,0,0,43,0
13,10,133.441758176691,5.4912798419743,1.01551970822325,18.45,0,0,43,0
13,10,133.441758176691,5.4912798419743,1.01551970822325,19.12,0,0,37,0
14,10,49.0858981613986,5.0576745094604,1.13428431520073,0,101,10000,0,1
14,10,49.0858981613986,5.0576745094604,1.13428431520073,4.91,0,0,138,0
14,10,49.0858981613986,5.0576745094604,1.13428431520073,18.19,0,0,27,0
14,10,49.0858981613986,5.0576745094604,1.13428431520073,19.09,0,0,29,0
14,10,49.0858981613986,5.0576745094604,1.13428431520073,23.25,0,0,25,0
15,10,81.6307531886532,5.56523664327873,0.939850293735792,0,101,10000,0,1
15,10,81.6307531886532,5.56523664327873,0.939850293735792,2.02,0,0,98,0
15,10,81.6307531886532,5.56523664327873,0.939850293735792,13.3,0,0,44,0
15,10,81.6307531886532,5.56523664327873,0.939850293735792,17.16,0,0,50,0
15,10,81.6307531886532,5.56523664327873,0.939850293735792,20.24,0,0,31,0
16,10,58.9669677593296,4.81326449353585,0.767972543292418,0,101,10000,0,1
16,10,58.9669677593296,4.81326449353585,0.767972543292418,5.29,0,0,149,0
16,10,58.9669677593296,4.81326449353585,0.767972543292418,6.92,0,0,98,0
16,10,58.9669677593296,4.81326449353585,0.767972543292418,14.98,0,0,54,0
16,10,58.9669677593296,4.81326449353585,0.767972543292418,17.16,0,0,39,0
17,10,72.437742262093,3.14887619135922,0.836487247185956,0,101,10000,0,1
17,10,72.437742262093,3.14887619135922,0.836487247185956,5.05,0,0,99,0
17,10,72.437742262093,3.14887619135922,0.836487247185956,11.47,0,0,94,0
17,10,72.437742262093,3.14887619135922,0.836487247185956,17.9,0,0,47,0
18,10,71.2997333904244,3.16497665000746,0.740602983139125,0,101,10000,0,1
18,10,71.2997333904244,3.16497665000746,0.740602983139125,4.97,0,0,94,0
18,10,71.2997333904244,3.16497665000746,0.740602983139125,7.08,0,0,136,0
18,10,71.2997333904244,3.16497665000746,0.740602983139125,15.69,0,0,49,0
18,10,71.2997333904244,3.16497665000746,0.740602983139125,23.02,0,0,80,0
19,10,75.4160339862479,4.78701378990266,1.17047457058965,0,101,10000,0,1
19,10,75.4160339862479,4.78701378990266,1.17047457058965,2.27,0,0,82,0
19,10,75.4160339862479,4.78701378990266,1.17047457058965,5.01,0,0,150,0
19,10,75.4160339862479,4.78701378990266,1.17047457058965,21.91,0,0,43,0
20,10,48.7906203240232,3.60006012605852,0.769609452840618,0,101,10000,0,1
20,10,48.7906203240232,3.60006012605852,0.769609452840618,1.26,0,0,160,0
20,10,48.7906203240232,3.60006012605852,0.769609452840618,8.14,0,0,105,0
20,10,48.7906203240232,3.60006012605852,0.769609452840618,22.78,0,0,37,0
20,10,48.7906203240232,3.60006012605852,0.769609452840618,23.59,0,0,47,0
21,10,83.3267860739352,8.01408034240089,1.3679456246426,0,101,10000,0,1
21,10,83.3267860739352,8.01408034240089,1.3679456246426,3.49,0,0,83,0
21,10,83.3267860739352,8.01408034240089,1.3679456246426,14.24,0,0,35,0
21,10,83.3267860739352,8.01408034240089,1.3679456246426,15.71,0,0,31,0
21,10,83.3267860739352,8.01408034240089,1.3679456246426,18.24,0,0,22,0
22,10,57.1825151489106,4.49100146605714,0.59908441385366,0,101,10000,0,1
22,10,57.1825151489106,4.49100146605714,0.59908441385366,0.62,0,0,51,0
22,10,57.1825151489106,4.49100146605714,0.59908441385366,8.47,0,0,82,0
22,10,57.1825151489106,4.49100146605714,0.59908441385366,14.97,0,0,46,0
22,10,57.1825151489106,4.49100146605714,0.59908441385366,21.47,0,0,49,0
23,10,53.6993454770928,4.42731999018611,1.06373190978431,0,101,10000,0,1
23,10,53.6993454770928,4.42731999018611,1.06373190978431,6.98,0,0,72,0
23,10,53.6993454770928,4.42731999018611,1.06373190978431,10.16,0,0,64,0
23,10,53.6993454770928,4.42731999018611,1.06373190978431,14.53,0,0,66,0
23,10,53.6993454770928,4.42731999018611,1.06373190978431,16.2,0,0,59,0
24,10,73.2365776120565,4.79456776845675,0.804062900227187,0,101,10000,0,1
24,10,73.2365776120565,4.79456776845675,0.804062900227187,5.33,0,0,108,0
24,10,73.2365776120565,4.79456776845675,0.804062900227187,9.97,0,0,71,0
24,10,73.2365776120565,4.79456776845675,0.804062900227187,11,0,0,77,0
24,10,73.2365776120565,4.79456776845675,0.804062900227187,18.88,0,0,30,0
25,10,62.3211950450065,3.52554054062634,0.919654867463863,0,101,10000,0,1
25,10,62.3211950450065,3.52554054062634,0.919654867463863,4.84,0,0,170,0
25,10,62.3211950450065,3.52554054062634,0.919654867463863,8.89,0,0,73,0
25,10,62.3211950450065,3.52554054062634,0.919654867463863,11.91,0,0,110,0
25,10,62.3211950450065,3.52554054062634,0.919654867463863,15.44,0,0,58,0
26,10,62.190944175672,5.82110233268059,1.13960415031719,0,101,10000,0,1
26,10,62.190944175672,5.82110233268059,1.13960415031719,7.97,0,0,67,0
26,10,62.190944175672,5.82110233268059,1.13960415031719,12.09,0,0,53,0
26,10,62.190944175672,5.82110233268059,1.13960415031719,19.79,0,0,29,0
26,10,62.190944175672,5.82110233268059,1.13960415031719,22.9,0,0,25,0
27,10,57.0003350175382,4.1646954821497,1.02102126455896,0,101,10000,0,1
27,10,57.0003350175382,4.1646954821497,1.02102126455896,18.17,0,0,45,0
27,10,57.0003350175382,4.1646954821497,1.02102126455896,18.8,0,0,47,0
27,10,57.0003350175382,4.1646954821497,1.02102126455896,23.49,0,0,32,0
27,10,57.0003350175382,4.1646954821497,1.02102126455896,23.9,0,0,36,0
28,10,128.154214545112,7.37693756824655,0.671881153994538,0,101,10000,0,1
28,10,128.154214545112,7.37693756824655,0.671881153994538,5.1,0,0,68,0
28,10,128.154214545112,7.37693756824655,0.671881153994538,12.79,0,0,55,0
28,10,128.154214545112,7.37693756824655,0.671881153994538,18.65,0,0,25,0
28,10,128.154214545112,7.37693756824655,0.671881153994538,22.9,0,0,26,0
29,10,109.066789202484,3.02569981952585,1.17579374262658,0,101,10000,0,1
29,10,109.066789202484,3.02569981952585,1.17579374262658,5.1,0,0,72,0
29,10,109.066789202484,3.02569981952585,1.17579374262658,7.41,0,0,86,0
29,10,109.066789202484,3.02569981952585,1.17579374262658,13.97,0,0,60,0
29,10,109.066789202484,3.02569981952585,1.17579374262658,23.88,0,0,61,0
30,10,65.9710478858,3.08538661354258,1.11084521951446,0,101,10000,0,1
30,10,65.9710478858,3.08538661354258,1.11084521951446,9.2,0,0,78,0
30,10,65.9710478858,3.08538661354258,1.11084521951446,10.53,0,0,78,0
30,10,65.9710478858,3.08538661354258,1.11084521951446,16.28,0,0,88,0
30,10,65.9710478858,3.08538661354258,1.11084521951446,21.57,0,0,38,0
31,30,100.604699931999,5.65355447448923,1.02313346538132,0,101,30000,0,1
31,30,100.604699931999,5.65355447448923,1.02313346538132,10.13,0,0,188,0
31,30,100.604699931999,5.65355447448923,1.02313346538132,11.51,0,0,181,0
31,30,100.604699931999,5.65355447448923,1.02313346538132,12.19,0,0,156,0
31,30,100.604699931999,5.65355447448923,1.02313346538132,22.96,0,0,114,0
32,30,89.2747669430465,5.4553531755071,0.953008584354368,0,101,30000,0,1
32,30,89.2747669430465,5.4553531755071,0.953008584354368,7.77,0,0,190,0
32,30,89.2747669430465,5.4553531755071,0.953008584354368,9.93,0,0,152,0
32,30,89.2747669430465,5.4553531755071,0.953008584354368,11.16,0,0,234,0
32,30,89.2747669430465,5.4553531755071,0.953008584354368,15.11,0,0,150,0
33,30,64.0176709311409,2.89644002128142,0.517281710602861,0,101,30000,0,1
33,30,64.0176709311409,2.89644002128142,0.517281710602861,13.79,0,0,271,0
33,30,64.0176709311409,2.89644002128142,0.517281710602861,19.16,0,0,188,0
33,30,64.0176709311409,2.89644002128142,0.517281710602861,22.91,0,0,166,0
33,30,64.0176709311409,2.89644002128142,0.517281710602861,23.37,0,0,197,0
34,30,39.8314472225011,3.16141715415185,1.34571347831697,0,101,30000,0,1
34,30,39.8314472225011,3.16141715415185,1.34571347831697,0.66,0,0,572,0
34,30,39.8314472225011,3.16141715415185,1.34571347831697,0.85,0,0,553,0
34,30,39.8314472225011,3.16141715415185,1.34571347831697,1.39,0,0,561,0
34,30,39.8314472225011,3.16141715415185,1.34571347831697,3.73,0,0,457,0
35,30,72.0886790819779,1.95893169851188,1.31286436831794,0,101,30000,0,1
35,30,72.0886790819779,1.95893169851188,1.31286436831794,8.59,0,0,467,0
35,30,72.0886790819779,1.95893169851188,1.31286436831794,9.74,0,0,351,0
35,30,72.0886790819779,1.95893169851188,1.31286436831794,12.23,0,0,302,0
35,30,72.0886790819779,1.95893169851188,1.31286436831794,21.37,0,0,249,0
36,30,63.8332491145548,6.81334960345468,0.811581624576725,0,101,30000,0,1
36,30,63.8332491145548,6.81334960345468,0.811581624576725,0.21,0,0,69,0
36,30,63.8332491145548,6.81334960345468,0.811581624576725,2.95,0,0,226,0
36,30,63.8332491145548,6.81334960345468,0.811581624576725,7.85,0,0,209,0
36,30,63.8332491145548,6.81334960345468,0.811581624576725,14.63,0,0,144,0
37,30,121.381895534813,6.59137733516229,1.02872900756856,0,101,30000,0,1
37,30,121.381895534813,6.59137733516229,1.02872900756856,1.2,0,0,195,0
37,30,121.381895534813,6.59137733516229,1.02872900756856,1.22,0,0,194,0
37,30,121.381895534813,6.59137733516229,1.02872900756856,11.74,0,0,125,0
37,30,121.381895534813,6.59137733516229,1.02872900756856,19.16,0,0,98,0
38,30,78.9461444002238,3.55670742000071,1.18287326957722,0,101,30000,0,1
38,30,78.9461444002238,3.55670742000071,1.18287326957722,1.07,0,0,332,0
38,30,78.9461444002238,3.55670742000071,1.18287326957722,9.86,0,0,270,0
38,30,78.9461444002238,3.55670742000071,1.18287326957722,18.06,0,0,214,0
38,30,78.9461444002238,3.55670742000071,1.18287326957722,20.69,0,0,155,0
39,30,50.5400754079419,5.39608894492579,0.551475277913702,0,101,30000,0,1
39,30,50.5400754079419,5.39608894492579,0.551475277913702,1.96,0,0,385,0
39,30,50.5400754079419,5.39608894492579,0.551475277913702,2.02,0,0,310,0
39,30,50.5400754079419,5.39608894492579,0.551475277913702,20.11,0,0,74,0
39,30,50.5400754079419,5.39608894492579,0.551475277913702,23.76,0,0,53,0
40,30,48.3655308487092,4.48968086467911,1.06084078088921,0,101,30000,0,1
40,30,48.3655308487092,4.48968086467911,1.06084078088921,6.1,0,0,215,0
40,30,48.3655308487092,4.48968086467911,1.06084078088921,6.89,0,0,330,0
40,30,48.3655308487092,4.48968086467911,1.06084078088921,13.2,0,0,196,0
40,30,48.3655308487092,4.48968086467911,1.06084078088921,21.11,0,0,106,0
41,30,48.222711701619,4.68551262061115,0.909366354999145,0,101,30000,0,1
41,30,48.222711701619,4.68551262061115,0.909366354999145,3.89,0,0,483,0
41,30,48.222711701619,4.68551262061115,0.909366354999145,11.81,0,0,245,0
41,30,48.222711701619,4.68551262061115,0.909366354999145,13.32,0,0,162,0
41,30,48.222711701619,4.68551262061115,0.909366354999145,22.74,0,0,57,0
42,30,74.4711494877646,2.34448820600603,1.25990424968725,0,101,30000,0,1
42,30,74.4711494877646,2.34448820600603,1.25990424968725,1.32,0,0,192,0
42,30,74.4711494877646,2.34448820600603,1.25990424968725,10.62,0,0,282,0
42,30,74.4711494877646,2.34448820600603,1.25990424968725,13.63,0,0,217,0
42,30,74.4711494877646,2.34448820600603,1.25990424968725,15.66,0,0,290,0
43,30,137.738974009456,3.59118624136652,1.30425430083892,0,101,30000,0,1
43,30,137.738974009456,3.59118624136652,1.30425430083892,0.63,0,0,97,0
43,30,137.738974009456,3.59118624136652,1.30425430083892,4.08,0,0,142,0
43,30,137.738974009456,3.59118624136652,1.30425430083892,5.92,0,0,169,0
43,30,137.738974009456,3.59118624136652,1.30425430083892,9.69,0,0,171,0
44,30,69.0466487381019,5.39156653888229,1.74010698800532,0,101,30000,0,1
44,30,69.0466487381019,5.39156653888229,1.74010698800532,6.19,0,0,252,0
44,30,69.0466487381019,5.39156653888229,1.74010698800532,15.62,0,0,95,0
44,30,69.0466487381019,5.39156653888229,1.74010698800532,19.79,0,0,101,0
44,30,69.0466487381019,5.39156653888229,1.74010698800532,21.15,0,0,60,0
45,30,64.7993067541572,4.46610053812028,0.598585130163183,0,101,30000,0,1
45,30,64.7993067541572,4.46610053812028,0.598585130163183,6.53,0,0,396,0
45,30,64.7993067541572,4.46610053812028,0.598585130163183,12.86,0,0,198,0
45,30,64.7993067541572,4.46610053812028,0.598585130163183,12.86,0,0,375,0
45,30,64.7993067541572,4.46610053812028,0.598585130163183,15.23,0,0,178,0
46,30,107.522987132039,3.33500645498302,1.13378640039191,0,101,30000,0,1
46,30,107.522987132039,3.33500645498302,1.13378640039191,10.46,0,0,175,0
46,30,107.522987132039,3.33500645498302,1.13378640039191,16.19,0,0,120,0
46,30,107.522987132039,3.33500645498302,1.13378640039191,17.31,0,0,164,0
46,30,107.522987132039,3.33500645498302,1.13378640039191,19.84,0,0,141,0
47,30,56.761692438339,2.08132027551249,1.17291588381356,0,101,30000,0,1
47,30,56.761692438339,2.08132027551249,1.17291588381356,10.65,0,0,340,0
47,30,56.761692438339,2.08132027551249,1.17291588381356,13.59,0,0,195,0
47,30,56.761692438339,2.08132027551249,1.17291588381356,15.48,0,0,271,0
47,30,56.761692438339,2.08132027551249,1.17291588381356,22.91,0,0,340,0
48,30,60.9726218544383,3.61835575885708,0.824899621177259,0,101,30000,0,1
48,30,60.9726218544383,3.61835575885708,0.824899621177259,3.06,0,0,324,0
48,30,60.9726218544383,3.61835575885708,0.824899621177259,3.28,0,0,398,0
48,30,60.9726218544383,3.61835575885708,0.824899621177259,11.25,0,0,341,0
48,30,60.9726218544383,3.61835575885708,0.824899621177259,13.38,0,0,303,0
49,30,55.8371949654832,3.69266870545164,0.90474469033803,0,101,30000,0,1
49,30,55.8371949654832,3.69266870545164,0.90474469033803,0.51,0,0,176,0
49,30,55.8371949654832,3.69266870545164,0.90474469033803,3.32,0,0,483,0
49,30,55.8371949654832,3.69266870545164,0.90474469033803,20.74,0,0,111,0
49,30,55.8371949654832,3.69266870545164,0.90474469033803,23.21,0,0,155,0
50,30,43.6445493857036,3.65441777089403,1.00853825899112,0,101,30000,0,1
50,30,43.6445493857036,3.65441777089403,1.00853825899112,9.71,0,0,315,0
50,30,43.6445493857036,3.65441777089403,1.00853825899112,10.73,0,0,202,0
50,30,43.6445493857036,3.65441777089403,1.00853825899112,19.31,0,0,151,0
50,30,43.6445493857036,3.65441777089403,1.00853825899112,20.75,0,0,134,0
51,30,43.2230681464476,3.6128417991917,1.4143784221789,0,101,30000,0,1
51,30,43.2230681464476,3.6128417991917,1.4143784221789,0.83,0,0,513,0
51,30,43.2230681464476,3.6128417991917,1.4143784221789,4.74,0,0,374,0
51,30,43.2230681464476,3.6128417991917,1.4143784221789,8.95,0,0,598,0
51,30,43.2230681464476,3.6128417991917,1.4143784221789,21.48,0,0,99,0
52,30,42.8524818531457,4.12627223323961,1.84745949197992,0,101,30000,0,1
52,30,42.8524818531457,4.12627223323961,1.84745949197992,4.16,0,0,434,0
52,30,42.8524818531457,4.12627223323961,1.84745949197992,5.24,0,0,402,0
52,30,42.8524818531457,4.12627223323961,1.84745949197992,8.77,0,0,450,0
52,30,42.8524818531457,4.12627223323961,1.84745949197992,10.38,0,0,332,0
53,30,140.47676580866,3.78329776348364,1.98089717261532,0,101,30000,0,1
53,30,140.47676580866,3.78329776348364,1.98089717261532,1.37,0,0,150,0
53,30,140.47676580866,3.78329776348364,1.98089717261532,7.2,0,0,161,0
53,30,140.47676580866,3.78329776348364,1.98089717261532,14.39,0,0,124,0
53,30,140.47676580866,3.78329776348364,1.98089717261532,21.31,0,0,90,0
54,30,57.4296175812304,2.60295137523179,1.15675450184798,0,101,30000,0,1
54,30,57.4296175812304,2.60295137523179,1.15675450184798,4.02,0,0,442,0
54,30,57.4296175812304,2.60295137523179,1.15675450184798,10.91,0,0,220,0
54,30,57.4296175812304,2.60295137523179,1.15675450184798,12.3,0,0,263,0
54,30,57.4296175812304,2.60295137523179,1.15675450184798,23.98,0,0,149,0
55,30,80.4801004398598,2.46761470305038,0.769486971738241,0,101,30000,0,1
55,30,80.4801004398598,2.46761470305038,0.769486971738241,2.31,0,0,243,0
55,30,80.4801004398598,2.46761470305038,0.769486971738241,3.26,0,0,324,0
55,30,80.4801004398598,2.46761470305038,0.769486971738241,11.89,0,0,260,0
55,30,80.4801004398598,2.46761470305038,0.769486971738241,18.59,0,0,229,0
56,30,74.8320923310481,4.94844532999269,0.974286556690084,0,101,30000,0,1
56,30,74.8320923310481,4.94844532999269,0.974286556690084,3.95,0,0,296,0
56,30,74.8320923310481,4.94844532999269,0.974286556690084,8.92,0,0,278,0
56,30,74.8320923310481,4.94844532999269,0.974286556690084,12.21,0,0,253,0
56,30,74.8320923310481,4.94844532999269,0.974286556690084,13.07,0,0,194,0
57,30,100.891428465735,4.14537994739258,0.70468321823505,0,101,30000,0,1
57,30,100.891428465735,4.14537994739258,0.70468321823505,3.59,0,0,185,0
57,30,100.891428465735,4.14537994739258,0.70468321823505,4.07,0,0,219,0
57,30,100.891428465735,4.14537994739258,0.70468321823505,4.83,0,0,304,0
57,30,100.891428465735,4.14537994739258,0.70468321823505,9.36,0,0,178,0
58,30,45.510779650361,3.83613049458064,1.51718534798059,0,101,30000,0,1
58,30,45.510779650361,3.83613049458064,1.51718534798059,6.85,0,0,364,0
58,30,45.510779650361,3.83613049458064,1.51718534798059,10.06,0,0,247,0
58,30,45.510779650361,3.83613049458064,1.51718534798059,11.63,0,0,179,0
58,30,45.510779650361,3.83613049458064,1.51718534798059,14.44,0,0,224,0
59,30,57.8529341560405,2.55882388728329,1.53988568768485,0,101,30000,0,1
59,30,57.8529341560405,2.55882388728329,1.53988568768485,1.21,0,0,423,0
59,30,57.8529341560405,2.55882388728329,1.53988568768485,6.39,0,0,483,0
59,30,57.8529341560405,2.55882388728329,1.53988568768485,8.22,0,0,263,0
59,30,57.8529341560405,2.55882388728329,1.53988568768485,14.65,0,0,235,0
60,30,70.5736280789613,4.03226611498376,0.836485123408172,0,101,30000,0,1
60,30,70.5736280789613,4.03226611498376,0.836485123408172,18.35,0,0,142,0
60,30,70.5736280789613,4.03226611498376,0.836485123408172,19.98,0,0,141,0
60,30,70.5736280789613,4.03226611498376,0.836485123408172,20.17,0,0,115,0
60,30,70.5736280789613,4.03226611498376,0.836485123408172,20.87,0,0,192,0
61,60,100.744431556718,3.11395963619414,1.0870719802834,0,101,60000,0,1
61,60,100.744431556718,3.11395963619414,1.0870719802834,12.82,0,0,217,0
61,60,100.744431556718,3.11395963619414,1.0870719802834,15.47,0,0,350,0
61,60,100.744431556718,3.11395963619414,1.0870719802834,18.33,0,0,369,0
61,60,100.744431556718,3.11395963619414,1.0870719802834,19.77,0,0,377,0
62,60,54.770700452673,4.65623918513757,1.14683272055638,0,101,60000,0,1
62,60,54.770700452673,4.65623918513757,1.14683272055638,3.16,0,0,932,0
62,60,54.770700452673,4.65623918513757,1.14683272055638,12.96,0,0,463,0
62,60,54.770700452673,4.65623918513757,1.14683272055638,13.65,0,0,579,0
62,60,54.770700452673,4.65623918513757,1.14683272055638,23.99,0,0,119,0
63,60,58.4214164549953,3.08189441084047,1.34171965038488,0,101,60000,0,1
63,60,58.4214164549953,3.08189441084047,1.34171965038488,13.77,0,0,536,0
63,60,58.4214164549953,3.08189441084047,1.34171965038488,14.62,0,0,434,0
63,60,58.4214164549953,3.08189441084047,1.34171965038488,22.78,0,0,266,0
63,60,58.4214164549953,3.08189441084047,1.34171965038488,22.93,0,0,247,0
64,60,62.4640295405927,5.14473121022661,0.558306517966579,0,101,60000,0,1
64,60,62.4640295405927,5.14473121022661,0.558306517966579,0.37,0,0,176,0
64,60,62.4640295405927,5.14473121022661,0.558306517966579,0.62,0,0,189,0
64,60,62.4640295405927,5.14473121022661,0.558306517966579,15.55,0,0,318,0
64,60,62.4640295405927,5.14473121022661,0.558306517966579,20.78,0,0,222,0
65,60,45.8282337318457,3.6090582944464,1.55589104857513,0,101,60000,0,1
65,60,45.8282337318457,3.6090582944464,1.55589104857513,9.16,0,0,860,0
65,60,45.8282337318457,3.6090582944464,1.55589104857513,13.02,0,0,660,0
65,60,45.8282337318457,3.6090582944464,1.55589104857513,16.62,0,0,369,0
65,60,45.8282337318457,3.6090582944464,1.55589104857513,16.66,0,0,424,0
66,60,88.3798559843433,1.98117063098123,0.60759286561891,0,101,60000,0,1
66,60,88.3798559843433,1.98117063098123,0.60759286561891,8.76,0,0,576,0
66,60,88.3798559843433,1.98117063098123,0.60759286561891,12.07,0,0,528,0
66,60,88.3798559843433,1.98117063098123,0.60759286561891,12.8,0,0,429,0
66,60,88.3798559843433,1.98117063098123,0.60759286561891,13.26,0,0,539,0
67,60,67.7885686557621,5.83672046905246,0.640798736793906,0,101,60000,0,1
67,60,67.7885686557621,5.83672046905246,0.640798736793906,3.24,0,0,496,0
67,60,67.7885686557621,5.83672046905246,0.640798736793906,5.78,0,0,542,0
67,60,67.7885686557621,5.83672046905246,0.640798736793906,22.48,0,0,162,0
67,60,67.7885686557621,5.83672046905246,0.640798736793906,23.43,0,0,143,0
68,60,73.5355060755491,4.21255313360322,1.11909462551759,0,101,60000,0,1
68,60,73.5355060755491,4.21255313360322,1.11909462551759,9.25,0,0,477,0
68,60,73.5355060755491,4.21255313360322,1.11909462551759,14.1,0,0,462,0
68,60,73.5355060755491,4.21255313360322,1.11909462551759,16.97,0,0,412,0
68,60,73.5355060755491,4.21255313360322,1.11909462551759,23.17,0,0,208,0
69,60,72.4871089204052,3.38106708438302,0.972335685202084,0,101,60000,0,1
69,60,72.4871089204052,3.38106708438302,0.972335685202084,2.41,0,0,562,0
69,60,72.4871089204052,3.38106708438302,0.972335685202084,8.97,0,0,682,0
69,60,72.4871089204052,3.38106708438302,0.972335685202084,13.91,0,0,393,0
69,60,72.4871089204052,3.38106708438302,0.972335685202084,23.15,0,0,285,0
70,60,131.954332663293,5.3039753464336,0.841658446649342,0,101,60000,0,1
70,60,131.954332663293,5.3039753464336,0.841658446649342,4,0,0,374,0
70,60,131.954332663293,5.3039753464336,0.841658446649342,5.17,0,0,396,0
70,60,131.954332663293,5.3039753464336,0.841658446649342,6.94,0,0,338,0
70,60,131.954332663293,5.3039753464336,0.841658446649342,15.63,0,0,231,0
71,60,46.5686215420176,2.90827370825493,1.5018433918651,0,101,60000,0,1
71,60,46.5686215420176,2.90827370825493,1.5018433918651,3.1,0,0,1454,0
71,60,46.5686215420176,2.90827370825493,1.5018433918651,11.98,0,0,688,0
71,60,46.5686215420176,2.90827370825493,1.5018433918651,14.45,0,0,593,0
71,60,46.5686215420176,2.90827370825493,1.5018433918651,17.55,0,0,457,0
72,60,41.4566987699288,3.75910923143523,1.05817132822232,0,101,60000,0,1
72,60,41.4566987699288,3.75910923143523,1.05817132822232,7.58,0,0,793,0
72,60,41.4566987699288,3.75910923143523,1.05817132822232,10.99,0,0,644,0
72,60,41.4566987699288,3.75910923143523,1.05817132822232,17.66,0,0,412,0
72,60,41.4566987699288,3.75910923143523,1.05817132822232,18.06,0,0,354,0
73,60,55.3528952360062,4.05326114923233,1.45098017240383,0,101,60000,0,1
73,60,55.3528952360062,4.05326114923233,1.45098017240383,3.76,0,0,943,0
73,60,55.3528952360062,4.05326114923233,1.45098017240383,9.27,0,0,453,0
73,60,55.3528952360062,4.05326114923233,1.45098017240383,11.63,0,0,532,0
73,60,55.3528952360062,4.05326114923233,1.45098017240383,20.83,0,0,258,0
74,60,50.4553306081841,3.23567693603392,0.840419228453533,0,101,60000,0,1
74,60,50.4553306081841,3.23567693603392,0.840419228453533,7.87,0,0,745,0
74,60,50.4553306081841,3.23567693603392,0.840419228453533,8.7,0,0,815,0
74,60,50.4553306081841,3.23567693603392,0.840419228453533,10.09,0,0,653,0
74,60,50.4553306081841,3.23567693603392,0.840419228453533,19.01,0,0,372,0
75,60,88.9245103972667,4.92412546997002,0.982014441437221,0,101,60000,0,1
75,60,88.9245103972667,4.92412546997002,0.982014441437221,0.74,0,0,372,0
75,60,88.9245103972667,4.92412546997002,0.982014441437221,1.13,0,0,369,0
75,60,88.9245103972667,4.92412546997002,0.982014441437221,16.03,0,0,350,0
75,60,88.9245103972667,4.92412546997002,0.982014441437221,18.14,0,0,217,0
76,60,90.2954855069267,3.7714861246215,0.568390285631038,0,101,60000,0,1
76,60,90.2954855069267,3.7714861246215,0.568390285631038,13.76,0,0,308,0
76,60,90.2954855069267,3.7714861246215,0.568390285631038,16.36,0,0,298,0
76,60,90.2954855069267,3.7714861246215,0.568390285631038,20,0,0,241,0
76,60,90.2954855069267,3.7714861246215,0.568390285631038,23.35,0,0,320,0
77,60,74.7015461471425,6.73501974218573,1.08347711003931,0,101,60000,0,1
77,60,74.7015461471425,6.73501974218573,1.08347711003931,3.63,0,0,571,0
77,60,74.7015461471425,6.73501974218573,1.08347711003931,4.14,0,0,733,0
77,60,74.7015461471425,6.73501974218573,1.08347711003931,9.75,0,0,332,0
77,60,74.7015461471425,6.73501974218573,1.08347711003931,9.89,0,0,271,0
78,60,52.7016646080019,3.31649572882094,0.801926486872712,0,101,60000,0,1
78,60,52.7016646080019,3.31649572882094,0.801926486872712,4.87,0,0,1398,0
78,60,52.7016646080019,3.31649572882094,0.801926486872712,18.26,0,0,428,0
78,60,52.7016646080019,3.31649572882094,0.801926486872712,22.1,0,0,299,0
78,60,52.7016646080019,3.31649572882094,0.801926486872712,22.23,0,0,377,0
79,60,42.0409279507397,4.12075998965156,0.514963144151716,0,101,60000,0,1
79,60,42.0409279507397,4.12075998965156,0.514963144151716,0.24,0,0,212,0
79,60,42.0409279507397,4.12075998965156,0.514963144151716,9.14,0,0,635,0
79,60,42.0409279507397,4.12075998965156,0.514963144151716,18.91,0,0,223,0
79,60,42.0409279507397,4.12075998965156,0.514963144151716,19.72,0,0,258,0
80,60,100.892411555721,2.95785850744606,1.17884247672136,0,101,60000,0,1
80,60,100.892411555721,2.95785850744606,1.17884247672136,2.77,0,0,715,0
80,60,100.892411555721,2.95785850744606,1.17884247672136,14.33,0,0,476,0
80,60,100.892411555721,2.95785850744606,1.17884247672136,15.02,0,0,376,0
80,60,100.892411555721,2.95785850744606,1.17884247672136,15.79,0,0,399,0
81,60,89.3066188960639,2.33544038641851,2.02993669019917,0,101,60000,0,1
81,60,89.3066188960639,2.33544038641851,2.02993669019917,6.83,0,0,500,0
81,60,89.3066188960639,2.33544038641851,2.02993669019917,9.71,0,0,459,0
81,60,89.3066188960639,2.33544038641851,2.02993669019917,18.79,0,0,471,0
81,60,89.3066188960639,2.33544038641851,2.02993669019917,19.63,0,0,468,0
82,60,76.7799495219683,3.07184049708199,1.3248039032037,0,101,60000,0,1
82,60,76.7799495219683,3.07184049708199,1.3248039032037,9.49,0,0,715,0
82,60,76.7799495219683,3.07184049708199,1.3248039032037,9.63,0,0,616,0
82,60,76.7799495219683,3.07184049708199,1.3248039032037,17.41,0,0,345,0
82,60,76.7799495219683,3.07184049708199,1.3248039032037,17.6,0,0,403,0
83,60,91.6172236631912,4.59657657648821,0.724978518948857,0,101,60000,0,1
83,60,91.6172236631912,4.59657657648821,0.724978518948857,5.37,0,0,438,0
83,60,91.6172236631912,4.59657657648821,0.724978518948857,9.93,0,0,393,0
83,60,91.6172236631912,4.59657657648821,0.724978518948857,12.03,0,0,432,0
83,60,91.6172236631912,4.59657657648821,0.724978518948857,15.75,0,0,270,0
84,60,116.134856677165,3.07197282015308,1.03799549656551,0,101,60000,0,1
84,60,116.134856677165,3.07197282015308,1.03799549656551,2.97,0,0,471,0
84,60,116.134856677165,3.07197282015308,1.03799549656551,5.18,0,0,454,0
84,60,116.134856677165,3.07197282015308,1.03799549656551,7.75,0,0,400,0
84,60,116.134856677165,3.07197282015308,1.03799549656551,17.16,0,0,313,0
85,60,69.0886354396525,3.80508113095703,0.642473565365138,0,101,60000,0,1
85,60,69.0886354396525,3.80508113095703,0.642473565365138,3.24,0,0,734,0
85,60,69.0886354396525,3.80508113095703,0.642473565365138,8.74,0,0,520,0
85,60,69.0886354396525,3.80508113095703,0.642473565365138,21.54,0,0,446,0
85,60,69.0886354396525,3.80508113095703,0.642473565365138,23.69,0,0,281,0
86,60,61.6844473391871,4.0063265614618,1.20987853144857,0,101,60000,0,1
86,60,61.6844473391871,4.0063265614618,1.20987853144857,6.51,0,0,751,0
86,60,61.6844473391871,4.0063265614618,1.20987853144857,17.01,0,0,474,0
86,60,61.6844473391871,4.0063265614618,1.20987853144857,18.37,0,0,298,0
86,60,61.6844473391871,4.0063265614618,1.20987853144857,22.75,0,0,239,0
87,60,48.8507478320399,3.91073476228521,0.99080994027737,0,101,60000,0,1
87,60,48.8507478320399,3.91073476228521,0.99080994027737,4.35,0,0,1141,0
87,60,48.8507478320399,3.91073476228521,0.99080994027737,12.65,0,0,639,0
87,60,48.8507478320399,3.91073476228521,0.99080994027737,18.27,0,0,467,0
87,60,48.8507478320399,3.91073476228521,0.99080994027737,22.51,0,0,200,0
88,60,65.8412695332514,6.54630006780921,1.51406540074905,0,101,60000,0,1
88,60,65.8412695332514,6.54630006780921,1.51406540074905,3.14,0,0,535,0
88,60,65.8412695332514,6.54630006780921,1.51406540074905,15.34,0,0,282,0
88,60,65.8412695332514,6.54630006780921,1.51406540074905,20.52,0,0,237,0
88,60,65.8412695332514,6.54630006780921,1.51406540074905,20.98,0,0,107,0
89,60,48.6729990166072,3.97167142951889,1.09754241479791,0,101,60000,0,1
89,60,48.6729990166072,3.97167142951889,1.09754241479791,0.26,0,0,500,0
89,60,48.6729990166072,3.97167142951889,1.09754241479791,11.16,0,0,498,0
89,60,48.6729990166072,3.97167142951889,1.09754241479791,20.42,0,0,261,0
89,60,48.6729990166072,3.97167142951889,1.09754241479791,20.62,0,0,214,0
90,60,60.6344628653096,4.05920947591721,0.887727407143751,0,101,60000,0,1
90,60,60.6344628653096,4.05920947591721,0.887727407143751,6.88,0,0,654,0
90,60,60.6344628653096,4.05920947591721,0.887727407143751,8.72,0,0,722,0
90,60,60.6344628653096,4.05920947591721,0.887727407143751,13.97,0,0,419,0
90,60,60.6344628653096,4.05920947591721,0.887727407143751,23.55,0,0,137,0
91,120,92.3941839537469,3.72174758663725,1.22563220489482,0,101,120000,0,1
91,120,92.3941839537469,3.72174758663725,1.22563220489482,6.75,0,0,921,0
91,120,92.3941839537469,3.72174758663725,1.22563220489482,13.9,0,0,673,0
91,120,92.3941839537469,3.72174758663725,1.22563220489482,21.19,0,0,446,0
91,120,92.3941839537469,3.72174758663725,1.22563220489482,23.55,0,0,568,0
92,120,89.9014346865569,3.25460833769987,1.22026299393797,0,101,120000,0,1
92,120,89.9014346865569,3.25460833769987,1.22026299393797,2.89,0,0,1365,0
92,120,89.9014346865569,3.25460833769987,1.22026299393797,9.94,0,0,716,0
92,120,89.9014346865569,3.25460833769987,1.22026299393797,13.61,0,0,692,0
92,120,89.9014346865569,3.25460833769987,1.22026299393797,23.36,0,0,750,0
93,120,121.886953297801,4.21665210294439,0.951591524924258,0,101,120000,0,1
93,120,121.886953297801,4.21665210294439,0.951591524924258,5.45,0,0,665,0
93,120,121.886953297801,4.21665210294439,0.951591524924258,14.21,0,0,731,0
93,120,121.886953297801,4.21665210294439,0.951591524924258,16.35,0,0,477,0
93,120,121.886953297801,4.21665210294439,0.951591524924258,21.17,0,0,480,0
94,120,56.5407330438354,4.13443375340089,1.27532879254011,0,101,120000,0,1
94,120,56.5407330438354,4.13443375340089,1.27532879254011,3.56,0,0,1797,0
94,120,56.5407330438354,4.13443375340089,1.27532879254011,5.78,0,0,1253,0
94,120,56.5407330438354,4.13443375340089,1.27532879254011,12.36,0,0,899,0
94,120,56.5407330438354,4.13443375340089,1.27532879254011,14.72,0,0,521,0
95,120,66.9255027342327,3.86906975848177,1.1444035903881,0,101,120000,0,1
95,120,66.9255027342327,3.86906975848177,1.1444035903881,0.5,0,0,607,0
95,120,66.9255027342327,3.86906975848177,1.1444035903881,1.08,0,0,1250,0
95,120,66.9255027342327,3.86906975848177,1.1444035903881,6.65,0,0,1511,0
95,120,66.9255027342327,3.86906975848177,1.1444035903881,8.7,0,0,784,0
96,120,99.6271819433969,3.14014143077379,1.27081167976292,0,101,120000,0,1
96,120,99.6271819433969,3.14014143077379,1.27081167976292,11.81,0,0,836,0
96,120,99.6271819433969,3.14014143077379,1.27081167976292,13.19,0,0,863,0
96,120,99.6271819433969,3.14014143077379,1.27081167976292,18.92,0,0,858,0
96,120,99.6271819433969,3.14014143077379,1.27081167976292,21.58,0,0,623,0
97,120,63.9867060630347,3.73871345975829,1.0626730738196,0,101,120000,0,1
97,120,63.9867060630347,3.73871345975829,1.0626730738196,5.51,0,0,1506,0
97,120,63.9867060630347,3.73871345975829,1.0626730738196,7.93,0,0,1140,0
97,120,63.9867060630347,3.73871345975829,1.0626730738196,12.66,0,0,848,0
97,120,63.9867060630347,3.73871345975829,1.0626730738196,20.77,0,0,743,0
98,120,87.9028526437649,3.21359344924384,0.835130999440292,0,101,120000,0,1
98,120,87.9028526437649,3.21359344924384,0.835130999440292,1.01,0,0,884,0
98,120,87.9028526437649,3.21359344924384,0.835130999440292,12.91,0,0,1022,0
98,120,87.9028526437649,3.21359344924384,0.835130999440292,19.74,0,0,610,0
98,120,87.9028526437649,3.21359344924384,0.835130999440292,20.02,0,0,675,0
99,120,35.8376967597022,4.10457395512377,0.8384546448961,0,101,120000,0,1
99,120,35.8376967597022,4.10457395512377,0.8384546448961,1.58,0,0,2342,0
99,120,35.8376967597022,4.10457395512377,0.8384546448961,11.18,0,0,1439,0
99,120,35.8376967597022,4.10457395512377,0.8384546448961,18.32,0,0,386,0
99,120,35.8376967597022,4.10457395512377,0.8384546448961,22.1,0,0,316,0
100,120,74.3257037158558,4.14185187203584,0.815773146097592,0,101,120000,0,1
100,120,74.3257037158558,4.14185187203584,0.815773146097592,14.22,0,0,920,0
100,120,74.3257037158558,4.14185187203584,0.815773146097592,15.11,0,0,832,0
100,120,74.3257037158558,4.14185187203584,0.815773146097592,16.83,0,0,949,0
100,120,74.3257037158558,4.14185187203584,0.815773146097592,21.52,0,0,491,0
101,120,90.6883642853579,3.55421079263439,0.648853064587122,0,101,120000,0,1
101,120,90.6883642853579,3.55421079263439,0.648853064587122,3.62,0,0,1160,0
101,120,90.6883642853579,3.55421079263439,0.648853064587122,11.85,0,0,913,0
101,120,90.6883642853579,3.55421079263439,0.648853064587122,16.6,0,0,782,0
101,120,90.6883642853579,3.55421079263439,0.648853064587122,19.25,0,0,671,0
102,120,100.83409725478,5.1810686354835,1.05233418491224,0,101,120000,0,1
102,120,100.83409725478,5.1810686354835,1.05233418491224,3.07,0,0,1330,0
102,120,100.83409725478,5.1810686354835,1.05233418491224,7.96,0,0,764,0
102,120,100.83409725478,5.1810686354835,1.05233418491224,13.84,0,0,643,0
102,120,100.83409725478,5.1810686354835,1.05233418491224,18.09,0,0,452,0
103,120,77.0635766783951,4.91889568825267,1.58599409351293,0,101,120000,0,1
103,120,77.0635766783951,4.91889568825267,1.58599409351293,0.27,0,0,410,0
103,120,77.0635766783951,4.91889568825267,1.58599409351293,6.83,0,0,917,0
103,120,77.0635766783951,4.91889568825267,1.58599409351293,12.62,0,0,605,0
103,120,77.0635766783951,4.91889568825267,1.58599409351293,15.95,0,0,740,0
104,120,68.5751411260398,2.95298746439125,0.924971408240327,0,101,120000,0,1
104,120,68.5751411260398,2.95298746439125,0.924971408240327,3.64,0,0,1194,0
104,120,68.5751411260398,2.95298746439125,0.924971408240327,6.59,0,0,1131,0
104,120,68.5751411260398,2.95298746439125,0.924971408240327,17.55,0,0,1551,0
104,120,68.5751411260398,2.95298746439125,0.924971408240327,21.36,0,0,709,0
105,120,88.6278719822426,4.74933369424407,0.520185295930783,0,101,120000,0,1
105,120,88.6278719822426,4.74933369424407,0.520185295930783,5.34,0,0,1059,0
105,120,88.6278719822426,4.74933369424407,0.520185295930783,12.57,0,0,620,0
105,120,88.6278719822426,4.74933369424407,0.520185295930783,21.4,0,0,356,0
105,120,88.6278719822426,4.74933369424407,0.520185295930783,23.35,0,0,341,0
106,120,90.2131421510527,7.59216788875528,1.14739845756344,0,101,120000,0,1
106,120,90.2131421510527,7.59216788875528,1.14739845756344,12.09,0,0,416,0
106,120,90.2131421510527,7.59216788875528,1.14739845756344,14.82,0,0,380,0
106,120,90.2131421510527,7.59216788875528,1.14739845756344,18.28,0,0,339,0
106,120,90.2131421510527,7.59216788875528,1.14739845756344,19.43,0,0,229,0
107,120,69.254405298481,5.21347058266952,0.569425691620219,0,101,120000,0,1
107,120,69.254405298481,5.21347058266952,0.569425691620219,0.74,0,0,540,0
107,120,69.254405298481,5.21347058266952,0.569425691620219,4.11,0,0,1146,0
107,120,69.254405298481,5.21347058266952,0.569425691620219,5.06,0,0,1372,0
107,120,69.254405298481,5.21347058266952,0.569425691620219,12.83,0,0,717,0
108,120,107.537838753595,5.60644858613056,1.1589554080472,0,101,120000,0,1
108,120,107.537838753595,5.60644858613056,1.1589554080472,0.4,0,0,375,0
108,120,107.537838753595,5.60644858613056,1.1589554080472,6.64,0,0,630,0
108,120,107.537838753595,5.60644858613056,1.1589554080472,10.02,0,0,663,0
108,120,107.537838753595,5.60644858613056,1.1589554080472,22.65,0,0,344,0
109,120,49.6201032722678,3.98036237033545,1.01530587708061,0,101,120000,0,1
109,120,49.6201032722678,3.98036237033545,1.01530587708061,3.6,0,0,1800,0
109,120,49.6201032722678,3.98036237033545,1.01530587708061,9.43,0,0,1296,0
109,120,49.6201032722678,3.98036237033545,1.01530587708061,19.51,0,0,639,0
109,120,49.6201032722678,3.98036237033545,1.01530587708061,20.2,0,0,506,0
110,120,69.1580241166268,2.50457473449753,0.788842432848293,0,101,120000,0,1
110,120,69.1580241166268,2.50457473449753,0.788842432848293,10.35,0,0,1168,0
110,120,69.1580241166268,2.50457473449753,0.788842432848293,13.55,0,0,1123,0
110,120,69.1580241166268,2.50457473449753,0.788842432848293,18.58,0,0,708,0
110,120,69.1580241166268,2.50457473449753,0.788842432848293,22.12,0,0,639,0
111,120,68.689723887207,3.21008812820218,1.55735425415409,0,101,120000,0,1
111,120,68.689723887207,3.21008812820218,1.55735425415409,1.57,0,0,1696,0
111,120,68.689723887207,3.21008812820218,1.55735425415409,11.34,0,0,1268,0
111,120,68.689723887207,3.21008812820218,1.55735425415409,15.21,0,0,655,0
111,120,68.689723887207,3.21008812820218,1.55735425415409,18.12,0,0,991,0
112,120,64.6091923316704,4.47877928599751,0.826587487839915,0,101,120000,0,1
112,120,64.6091923316704,4.47877928599751,0.826587487839915,7.97,0,0,860,0
112,120,64.6091923316704,4.47877928599751,0.826587487839915,11.77,0,0,1064,0
112,120,64.6091923316704,4.47877928599751,0.826587487839915,20.76,0,0,575,0
112,120,64.6091923316704,4.47877928599751,0.826587487839915,23.03,0,0,443,0
113,120,82.5054369276066,2.95579109122687,0.560302454756159,0,101,120000,0,1
113,120,82.5054369276066,2.95579109122687,0.560302454756159,14.49,0,0,1065,0
113,120,82.5054369276066,2.95579109122687,0.560302454756159,16.6,0,0,784,0
113,120,82.5054369276066,2.95579109122687,0.560302454756159,18.26,0,0,775,0
113,120,82.5054369276066,2.95579109122687,0.560302454756159,21.77,0,0,687,0
114,120,83.0461263941653,4.8632823661079,0.88050942251732,0,101,120000,0,1
114,120,83.0461263941653,4.8632823661079,0.88050942251732,0.07,0,0,88,0
114,120,83.0461263941653,4.8632823661079,0.88050942251732,6.34,0,0,1205,0
114,120,83.0461263941653,4.8632823661079,0.88050942251732,7,0,0,671,0
114,120,83.0461263941653,4.8632823661079,0.88050942251732,22.25,0,0,434,0
115,120,121.886953297801,4.21665210294439,0.951591524924258,0,101,120000,0,1
115,120,121.886953297801,4.21665210294439,0.951591524924258,5.45,0,0,665,0
115,120,121.886953297801,4.21665210294439,0.951591524924258,14.21,0,0,731,0
115,120,121.886953297801,4.21665210294439,0.951591524924258,16.35,0,0,477,0
115,120,121.886953297801,4.21665210294439,0.951591524924258,21.17,0,0,480,0
116,120,61.1208669906145,4.82274464240203,1.30385205278302,0,101,120000,0,1
116,120,61.1208669906145,4.82274464240203,1.30385205278302,2.98,0,0,1886,0
116,120,61.1208669906145,4.82274464240203,1.30385205278302,3.01,0,0,1702,0
116,120,61.1208669906145,4.82274464240203,1.30385205278302,22.18,0,0,243,0
116,120,61.1208669906145,4.82274464240203,1.30385205278302,23.98,0,0,342,0
117,120,67.956067349068,3.37292514322558,0.603777198688052,0,101,120000,0,1
117,120,67.956067349068,3.37292514322558,0.603777198688052,13.76,0,0,969,0
117,120,67.956067349068,3.37292514322558,0.603777198688052,14.62,0,0,1135,0
117,120,67.956067349068,3.37292514322558,0.603777198688052,17.69,0,0,738,0
117,120,67.956067349068,3.37292514322558,0.603777198688052,23.57,0,0,637,0
118,120,53.645913596531,5.36870703011844,0.877465462615164,0,101,120000,0,1
118,120,53.645913596531,5.36870703011844,0.877465462615164,2.56,0,0,2011,0
118,120,53.645913596531,5.36870703011844,0.877465462615164,5.59,0,0,1387,0
118,120,53.645913596531,5.36870703011844,0.877465462615164,11.88,0,0,631,0
118,120,53.645913596531,5.36870703011844,0.877465462615164,16.75,0,0,499,0
119,120,84.4137303128652,3.5336058462562,1.21592832827546,0,101,120000,0,1
119,120,84.4137303128652,3.5336058462562,1.21592832827546,2.32,0,0,1531,0
119,120,84.4137303128652,3.5336058462562,1.21592832827546,4.58,0,0,2202,0
119,120,84.4137303128652,3.5336058462562,1.21592832827546,7.03,0,0,987,0
119,120,84.4137303128652,3.5336058462562,1.21592832827546,7.1,0,0,1194,0
120,120,67.1630584170544,2.57372620382725,0.777540215360552,0,101,120000,0,1
120,120,67.1630584170544,2.57372620382725,0.777540215360552,0.69,0,0,874,0
120,120,67.1630584170544,2.57372620382725,0.777540215360552,12,0,0,1014,0
120,120,67.1630584170544,2.57372620382725,0.777540215360552,12.38,0,0,1010,0
120,120,67.1630584170544,2.57372620382725,0.777540215360552,17.73,0,0,872,0
