ID,DOSE,V,CL,KA,TIME,EVID,AMT,DV,EVIDNM
1,10,63.4849121546204,4.47020599299178,0.489696261809687,0,101,10000,0,1
1,10,63.4849121546204,4.47020599299178,0.489696261809687,2.66,0,0,130,0
1,10,63.4849121546204,4.47020599299178,0.489696261809687,11.41,0,0,74,0
1,10,63.4849121546204,4.47020599299178,0.489696261809687,14.02,0,0,62,0
1,10,63.4849121546204,4.47020599299178,0.489696261809687,21.23,0,0,35,0
2,10,31.6699689488522,6.18087174371092,0.741447910915829,0,101,10000,0,1
2,10,31.6699689488522,6.18087174371092,0.741447910915829,3.27,0,0,215,0
2,10,31.6699689488522,6.18087174371092,0.741447910915829,4.39,0,0,143,0
2,10,31.6699689488522,6.18087174371092,0.741447910915829,10.07,0,0,56,0
2,10,31.6699689488522,6.18087174371092,0.741447910915829,16.98,0,0,11,0
3,10,79.8971451603447,3.28941704108871,0.598195728418541,0,101,10000,0,1
3,10,79.8971451603447,3.28941704108871,0.598195728418541,0.33,0,0,13,0
3,10,79.8971451603447,3.28941704108871,0.598195728418541,13.02,0,0,87,0
3,10,79.8971451603447,3.28941704108871,0.598195728418541,14.55,0,0,66,0
3,10,79.8971451603447,3.28941704108871,0.598195728418541,22.96,0,0,45,0
4,10,58.9669677593296,4.81326449353585,0.767972543292418,0,101,10000,0,1
4,10,58.9669677593296,4.81326449353585,0.767972543292418,5.29,0,0,149,0
4,10,58.9669677593296,4.81326449353585,0.767972543292418,6.92,0,0,98,0
4,10,58.9669677593296,4.81326449353585,0.767972543292418,14.98,0,0,54,0
4,10,58.9669677593296,4.81326449353585,0.767972543292418,17.16,0,0,39,0
5,10,70.5128217282155,3.79942340021881,0.933165907066755,0,101,10000,0,1
5,10,70.5128217282155,3.79942340021881,0.933165907066755,2.11,0,0,121,0
5,10,70.5128217282155,3.79942340021881,0.933165907066755,12.31,0,0,74,0
5,10,70.5128217282155,3.79942340021881,0.933165907066755,22.56,0,0,38,0
5,10,70.5128217282155,3.79942340021881,0.933165907066755,22.57,0,0,46,0
6,10,112.254091342337,4.74155207838398,0.979919327636828,0,101,10000,0,1
6,10,112.254091342337,4.74155207838398,0.979919327636828,2.46,0,0,53,0
6,10,112.254091342337,4.74155207838398,0.979919327636828,10.15,0,0,57,0
6,10,112.254091342337,4.74155207838398,0.979919327636828,12.05,0,0,66,0
6,10,112.254091342337,4.74155207838398,0.979919327636828,18.07,0,0,49,0
7,10,71.8745636867389,4.5404393509924,1.41687334497865,0,101,10000,0,1
7,10,71.8745636867389,4.5404393509924,1.41687334497865,5.22,0,0,151,0
7,10,71.8745636867389,4.5404393509924,1.41687334497865,19.25,0,0,30,0
7,10,71.8745636867389,4.5404393509924,1.41687334497865,19.8,0,0,34,0
7,10,71.8745636867389,4.5404393509924,1.41687334497865,20.09,0,0,53,0
8,10,69.6536937798704,3.23235608012891,1.39410781612121,0,101,10000,0,1
8,10,69.6536937798704,3.23235608012891,1.39410781612121,1.26,0,0,127,0
8,10,69.6536937798704,3.23235608012891,1.39410781612121,7.67,0,0,95,0
8,10,69.6536937798704,3.23235608012891,1.39410781612121,7.83,0,0,88,0
8,10,69.6536937798704,3.23235608012891,1.39410781612121,16.14,0,0,77,0
9,10,142.737660702944,3.42151262495814,1.53345703708966,0,101,10000,0,1
9,10,142.737660702944,3.42151262495814,1.53345703708966,13.04,0,0,62,0
9,10,142.737660702944,3.42151262495814,1.53345703708966,17,0,0,32,0
9,10,142.737660702944,3.42151262495814,1.53345703708966,20.47,0,0,39,0
9,10,142.737660702944,3.42151262495814,1.53345703708966,23.55,0,0,44,0
10,10,125.572922775167,3.90975377390317,1.03487134657689,0,101,10000,0,1
10,10,125.572922775167,3.90975377390317,1.03487134657689,2.03,0,0,52,0
10,10,125.572922775167,3.90975377390317,1.03487134657689,5.83,0,0,65,0
10,10,125.572922775167,3.90975377390317,1.03487134657689,13.4,0,0,54,0
10,10,125.572922775167,3.90975377390317,1.03487134657689,17.94,0,0,46,0
11,10,65.4776755308883,4.52865120856081,0.82679716404393,0,101,10000,0,1
11,10,65.4776755308883,4.52865120856081,0.82679716404393,2.64,0,0,114,0
11,10,65.4776755308883,4.52865120856081,0.82679716404393,4.39,0,0,113,0
11,10,65.4776755308883,4.52865120856081,0.82679716404393,4.87,0,0,174,0
11,10,65.4776755308883,4.52865120856081,0.82679716404393,12.67,0,0,76,0
12,10,71.8945685743431,3.85603268835934,0.893614373240153,0,101,10000,0,1
12,10,71.8945685743431,3.85603268835934,0.893614373240153,6.23,0,0,78,0
12,10,71.8945685743431,3.85603268835934,0.893614373240153,8.67,0,0,108,0
12,10,71.8945685743431,3.85603268835934,0.893614373240153,15.54,0,0,64,0
12,10,71.8945685743431,3.85603268835934,0.893614373240153,20.38,0,0,49,0
13,10,55.0408117989114,4.98901761980302,1.43730415900032,0,101,10000,0,1
13,10,55.0408117989114,4.98901761980302,1.43730415900032,1.03,0,0,161,0
13,10,55.0408117989114,4.98901761980302,1.43730415900032,6.28,0,0,161,0
13,10,55.0408117989114,4.98901761980302,1.43730415900032,7.07,0,0,125,0
13,10,55.0408117989114,4.98901761980302,1.43730415900032,10.04,0,0,87,0
14,10,105.793704436387,5.01846179410888,0.772478775494193,0,101,10000,0,1
14,10,105.793704436387,5.01846179410888,0.772478775494193,1.89,0,0,81,0
14,10,105.793704436387,5.01846179410888,0.772478775494193,2.46,0,0,116,0
14,10,105.793704436387,5.01846179410888,0.772478775494193,2.81,0,0,86,0
14,10,105.793704436387,5.01846179410888,0.772478775494193,5.68,0,0,95,0
15,10,76.6919966050647,4.20866612913738,0.901229083676399,0,101,10000,0,1
15,10,76.6919966050647,4.20866612913738,0.901229083676399,6.52,0,0,105,0
15,10,76.6919966050647,4.20866612913738,0.901229083676399,7.75,0,0,79,0
15,10,76.6919966050647,4.20866612913738,0.901229083676399,10.38,0,0,70,0
15,10,76.6919966050647,4.20866612913738,0.901229083676399,11.21,0,0,74,0
16,10,102.292895030832,6.0225386561619,0.959525659102626,0,101,10000,0,1
16,10,102.292895030832,6.0225386561619,0.959525659102626,9.21,0,0,67,0
16,10,102.292895030832,6.0225386561619,0.959525659102626,14.27,0,0,44,0
16,10,102.292895030832,6.0225386561619,0.959525659102626,17.8,0,0,31,0
16,10,102.292895030832,6.0225386561619,0.959525659102626,20.48,0,0,26,0
17,10,67.0761685468086,3.90789845575883,1.25165435991142,0,101,10000,0,1
17,10,67.0761685468086,3.90789845575883,1.25165435991142,15.26,0,0,78,0
17,10,67.0761685468086,3.90789845575883,1.25165435991142,16.76,0,0,63,0
17,10,67.0761685468086,3.90789845575883,1.25165435991142,18.81,0,0,45,0
17,10,67.0761685468086,3.90789845575883,1.25165435991142,23.31,0,0,49,0
18,10,78.4174897571536,3.64778816486505,0.656496015038721,0,101,10000,0,1
18,10,78.4174897571536,3.64778816486505,0.656496015038721,10.09,0,0,82,0
18,10,78.4174897571536,3.64778816486505,0.656496015038721,10.3,0,0,60,0
18,10,78.4174897571536,3.64778816486505,0.656496015038721,10.52,0,0,103,0
18,10,78.4174897571536,3.64778816486505,0.656496015038721,19.6,0,0,51,0
19,10,88.9845017343353,6.51728955631387,1.40604786209372,0,101,10000,0,1
19,10,88.9845017343353,6.51728955631387,1.40604786209372,11.43,0,0,67,0
19,10,88.9845017343353,6.51728955631387,1.40604786209372,12.85,0,0,41,0
19,10,88.9845017343353,6.51728955631387,1.40604786209372,20.87,0,0,22,0
19,10,88.9845017343353,6.51728955631387,1.40604786209372,23.13,0,0,23,0
20,10,37.4622049561333,4.28925538236434,1.08590981095113,0,101,10000,0,1
20,10,37.4622049561333,4.28925538236434,1.08590981095113,0.86,0,0,163,0
20,10,37.4622049561333,4.28925538236434,1.08590981095113,3.37,0,0,196,0
20,10,37.4622049561333,4.28925538236434,1.08590981095113,4.03,0,0,288,0
20,10,37.4622049561333,4.28925538236434,1.08590981095113,7.48,0,0,116,0
21,10,70.9318966900586,7.97532320284146,0.695162273123202,0,101,10000,0,1
21,10,70.9318966900586,7.97532320284146,0.695162273123202,7.62,0,0,58,0
21,10,70.9318966900586,7.97532320284146,0.695162273123202,8.67,0,0,87,0
21,10,70.9318966900586,7.97532320284146,0.695162273123202,13.31,0,0,33,0
21,10,70.9318966900586,7.97532320284146,0.695162273123202,23.65,0,0,11,0
22,10,49.1408488999982,4.89190119589143,2.33410783888318,0,101,10000,0,1
22,10,49.1408488999982,4.89190119589143,2.33410783888318,5.58,0,0,95,0
22,10,49.1408488999982,4.89190119589143,2.33410783888318,13.64,0,0,53,0
22,10,49.1408488999982,4.89190119589143,2.33410783888318,15.56,0,0,46,0
22,10,49.1408488999982,4.89190119589143,2.33410783888318,22.05,0,0,20,0
23,10,80.9536248016183,3.6528777435142,0.827190344984032,0,101,10000,0,1
23,10,80.9536248016183,3.6528777435142,0.827190344984032,1.17,0,0,104,0
23,10,80.9536248016183,3.6528777435142,0.827190344984032,5.15,0,0,78,0
23,10,80.9536248016183,3.6528777435142,0.827190344984032,13.49,0,0,88,0
23,10,80.9536248016183,3.6528777435142,0.827190344984032,15.13,0,0,64,0
24,10,76.4004700094831,3.5529406514025,1.38083587301425,0,101,10000,0,1
24,10,76.4004700094831,3.5529406514025,1.38083587301425,13.77,0,0,64,0
24,10,76.4004700094831,3.5529406514025,1.38083587301425,13.9,0,0,69,0
24,10,76.4004700094831,3.5529406514025,1.38083587301425,17.12,0,0,68,0
24,10,76.4004700094831,3.5529406514025,1.38083587301425,19.2,0,0,43,0
25,10,83.4380804353577,4.65580462458306,0.865875600573103,0,101,10000,0,1
25,10,83.4380804353577,4.65580462458306,0.865875600573103,6.16,0,0,85,0
25,10,83.4380804353577,4.65580462458306,0.865875600573103,9.78,0,0,73,0
25,10,83.4380804353577,4.65580462458306,0.865875600573103,12.06,0,0,57,0
25,10,83.4380804353577,4.65580462458306,0.865875600573103,18.71,0,0,47,0
26,10,71.2343643799835,6.14153233391016,0.937600583977601,0,101,10000,0,1
26,10,71.2343643799835,6.14153233391016,0.937600583977601,17.07,0,0,33,0
26,10,71.2343643799835,6.14153233391016,0.937600583977601,19.25,0,0,22,0
26,10,71.2343643799835,6.14153233391016,0.937600583977601,23.05,0,0,29,0
26,10,71.2343643799835,6.14153233391016,0.937600583977601,23.48,0,0,24,0
27,10,82.0751358562061,4.01557524280968,0.915827340050859,0,101,10000,0,1
27,10,82.0751358562061,4.01557524280968,0.915827340050859,0.73,0,0,56,0
27,10,82.0751358562061,4.01557524280968,0.915827340050859,5.13,0,0,83,0
27,10,82.0751358562061,4.01557524280968,0.915827340050859,13.54,0,0,55,0
27,10,82.0751358562061,4.01557524280968,0.915827340050859,17.78,0,0,63,0
28,10,68.0515789712401,4.89184724622261,0.858845886234601,0,101,10000,0,1
28,10,68.0515789712401,4.89184724622261,0.858845886234601,3.04,0,0,179,0
28,10,68.0515789712401,4.89184724622261,0.858845886234601,4.76,0,0,107,0
28,10,68.0515789712401,4.89184724622261,0.858845886234601,13.12,0,0,59,0
28,10,68.0515789712401,4.89184724622261,0.858845886234601,14.4,0,0,46,0
29,10,74.2473260068832,2.94806148375593,0.982378709170192,0,101,10000,0,1
29,10,74.2473260068832,2.94806148375593,0.982378709170192,6.09,0,0,106,0
29,10,74.2473260068832,2.94806148375593,0.982378709170192,13.21,0,0,78,0
29,10,74.2473260068832,2.94806148375593,0.982378709170192,14.05,0,0,106,0
29,10,74.2473260068832,2.94806148375593,0.982378709170192,14.07,0,0,54,0
30,10,91.9715624208828,5.13496217429635,0.608270270374409,0,101,10000,0,1
30,10,91.9715624208828,5.13496217429635,0.608270270374409,2.03,0,0,60,0
30,10,91.9715624208828,5.13496217429635,0.608270270374409,18.75,0,0,44,0
30,10,91.9715624208828,5.13496217429635,0.608270270374409,23.9,0,0,36,0
30,10,91.9715624208828,5.13496217429635,0.608270270374409,23.98,0,0,33,0
31,30,43.0132598137271,2.63705362765443,1.20821805815509,0,101,30000,0,1
31,30,43.0132598137271,2.63705362765443,1.20821805815509,0.18,0,0,85,0
31,30,43.0132598137271,2.63705362765443,1.20821805815509,9.11,0,0,364,0
31,30,43.0132598137271,2.63705362765443,1.20821805815509,12.44,0,0,385,0
31,30,43.0132598137271,2.63705362765443,1.20821805815509,20.08,0,0,203,0
32,30,95.3536418196008,5.19364776205477,1.60481063624159,0,101,30000,0,1
32,30,95.3536418196008,5.19364776205477,1.60481063624159,12.29,0,0,118,0
32,30,95.3536418196008,5.19364776205477,1.60481063624159,13.48,0,0,195,0
32,30,95.3536418196008,5.19364776205477,1.60481063624159,16.38,0,0,115,0
32,30,95.3536418196008,5.19364776205477,1.60481063624159,18.31,0,0,114,0
33,30,102.106768717784,6.95959125064193,0.823244918491617,0,101,30000,0,1
33,30,102.106768717784,6.95959125064193,0.823244918491617,1.18,0,0,157,0
33,30,102.106768717784,6.95959125064193,0.823244918491617,17.5,0,0,89,0
33,30,102.106768717784,6.95959125064193,0.823244918491617,19.93,0,0,81,0
33,30,102.106768717784,6.95959125064193,0.823244918491617,23.67,0,0,52,0
34,30,73.5528533632609,2.79615424152336,0.816994857169953,0,101,30000,0,1
34,30,73.5528533632609,2.79615424152336,0.816994857169953,5.9,0,0,309,0
34,30,73.5528533632609,2.79615424152336,0.816994857169953,10.28,0,0,304,0
34,30,73.5528533632609,2.79615424152336,0.816994857169953,16.24,0,0,247,0
34,30,73.5528533632609,2.79615424152336,0.816994857169953,19.8,0,0,236,0
35,30,43.2354843116717,2.60886417463065,0.932342668416101,0,101,30000,0,1
35,30,43.2354843116717,2.60886417463065,0.932342668416101,4.51,0,0,542,0
35,30,43.2354843116717,2.60886417463065,0.932342668416101,6.54,0,0,348,0
35,30,43.2354843116717,2.60886417463065,0.932342668416101,10.1,0,0,408,0
35,30,43.2354843116717,2.60886417463065,0.932342668416101,11.35,0,0,320,0
36,30,95.544124938603,2.50304713429539,1.14657390989615,0,101,30000,0,1
36,30,95.544124938603,2.50304713429539,1.14657390989615,1.84,0,0,224,0
36,30,95.544124938603,2.50304713429539,1.14657390989615,6.13,0,0,253,0
36,30,95.544124938603,2.50304713429539,1.14657390989615,7.16,0,0,180,0
36,30,95.544124938603,2.50304713429539,1.14657390989615,9.71,0,0,307,0
37,30,64.7541787131696,4.92531190887974,0.888772606313338,0,101,30000,0,1
37,30,64.7541787131696,4.92531190887974,0.888772606313338,4.21,0,0,379,0
37,30,64.7541787131696,4.92531190887974,0.888772606313338,4.63,0,0,306,0
37,30,64.7541787131696,4.92531190887974,0.888772606313338,21.89,0,0,105,0
37,30,64.7541787131696,4.92531190887974,0.888772606313338,22.02,0,0,81,0
38,30,55.088027347464,4.63469227026106,1.16362550976691,0,101,30000,0,1
38,30,55.088027347464,4.63469227026106,1.16362550976691,4.41,0,0,411,0
38,30,55.088027347464,4.63469227026106,1.16362550976691,6.67,0,0,386,0
38,30,55.088027347464,4.63469227026106,1.16362550976691,6.93,0,0,471,0
38,30,55.088027347464,4.63469227026106,1.16362550976691,14.89,0,0,210,0
39,30,60.4014457211876,3.02452276132804,0.798593039504233,0,101,30000,0,1
39,30,60.4014457211876,3.02452276132804,0.798593039504233,4.04,0,0,358,0
39,30,60.4014457211876,3.02452276132804,0.798593039504233,12.49,0,0,262,0
39,30,60.4014457211876,3.02452276132804,0.798593039504233,16.29,0,0,263,0
39,30,60.4014457211876,3.02452276132804,0.798593039504233,22.86,0,0,170,0
40,30,41.4512439379616,3.53425119059389,1.49366443801915,0,101,30000,0,1
40,30,41.4512439379616,3.53425119059389,1.49366443801915,5.03,0,0,440,0
40,30,41.4512439379616,3.53425119059389,1.49366443801915,5.62,0,0,559,0
40,30,41.4512439379616,3.53425119059389,1.49366443801915,11.79,0,0,286,0
40,30,41.4512439379616,3.53425119059389,1.49366443801915,23.36,0,0,79,0
41,30,90.5884294670824,5.17822303647953,0.700979852998926,0,101,30000,0,1
41,30,90.5884294670824,5.17822303647953,0.700979852998926,2.08,0,0,270,0
41,30,90.5884294670824,5.17822303647953,0.700979852998926,2.86,0,0,276,0
41,30,90.5884294670824,5.17822303647953,0.700979852998926,13.61,0,0,141,0
41,30,90.5884294670824,5.17822303647953,0.700979852998926,14.49,0,0,165,0
42,30,80.4427787123033,4.58827977422834,0.640921425507257,0,101,30000,0,1
42,30,80.4427787123033,4.58827977422834,0.640921425507257,7.43,0,0,294,0
42,30,80.4427787123033,4.58827977422834,0.640921425507257,8.57,0,0,306,0
42,30,80.4427787123033,4.58827977422834,0.640921425507257,8.68,0,0,371,0
42,30,80.4427787123033,4.58827977422834,0.640921425507257,9.86,0,0,280,0
43,30,96.907313214258,2.22028275499634,0.951477783607604,0,101,30000,0,1
43,30,96.907313214258,2.22028275499634,0.951477783607604,4.01,0,0,303,0
43,30,96.907313214258,2.22028275499634,0.951477783607604,9.61,0,0,325,0
43,30,96.907313214258,2.22028275499634,0.951477783607604,14.76,0,0,252,0
43,30,96.907313214258,2.22028275499634,0.951477783607604,18.24,0,0,212,0
44,30,50.9453268286097,6.00011729123055,0.875121800694098,0,101,30000,0,1
44,30,50.9453268286097,6.00011729123055,0.875121800694098,8.77,0,0,258,0
44,30,50.9453268286097,6.00011729123055,0.875121800694098,10.92,0,0,217,0
44,30,50.9453268286097,6.00011729123055,0.875121800694098,16.94,0,0,78,0
44,30,50.9453268286097,6.00011729123055,0.875121800694098,19.02,0,0,61,0
45,30,75.4987929824225,3.68142322091687,1.02535455756734,0,101,30000,0,1
45,30,75.4987929824225,3.68142322091687,1.02535455756734,7.89,0,0,224,0
45,30,75.4987929824225,3.68142322091687,1.02535455756734,15.77,0,0,223,0
45,30,75.4987929824225,3.68142322091687,1.02535455756734,17.14,0,0,150,0
45,30,75.4987929824225,3.68142322091687,1.02535455756734,17.28,0,0,206,0
46,30,67.6321442016479,3.84204327529236,0.831805746935804,0,101,30000,0,1
46,30,67.6321442016479,3.84204327529236,0.831805746935804,6.03,0,0,324,0
46,30,67.6321442016479,3.84204327529236,0.831805746935804,19.07,0,0,157,0
46,30,67.6321442016479,3.84204327529236,0.831805746935804,19.33,0,0,135,0
46,30,67.6321442016479,3.84204327529236,0.831805746935804,20.09,0,0,128,0
47,30,46.0702977971728,3.55983493098156,1.11197334731111,0,101,30000,0,1
47,30,46.0702977971728,3.55983493098156,1.11197334731111,3.49,0,0,507,0
47,30,46.0702977971728,3.55983493098156,1.11197334731111,7.23,0,0,420,0
47,30,46.0702977971728,3.55983493098156,1.11197334731111,7.89,0,0,358,0
47,30,46.0702977971728,3.55983493098156,1.11197334731111,21.89,0,0,148,0
48,30,132.951177654267,3.99595776032785,1.68649264243681,0,101,30000,0,1
48,30,132.951177654267,3.99595776032785,1.68649264243681,0.92,0,0,193,0
48,30,132.951177654267,3.99595776032785,1.68649264243681,15.26,0,0,133,0
48,30,132.951177654267,3.99595776032785,1.68649264243681,16.17,0,0,135,0
48,30,132.951177654267,3.99595776032785,1.68649264243681,18.04,0,0,125,0
49,30,91.5135815116698,2.60040728120841,0.876062486614178,0,101,30000,0,1
49,30,91.5135815116698,2.60040728120841,0.876062486614178,7.47,0,0,256,0
49,30,91.5135815116698,2.60040728120841,0.876062486614178,9.35,0,0,271,0
49,30,91.5135815116698,2.60040728120841,0.876062486614178,12.59,0,0,339,0
49,30,91.5135815116698,2.60040728120841,0.876062486614178,22.64,0,0,176,0
50,30,41.828540046654,5.70524110533538,1.38463932175314,0,101,30000,0,1
50,30,41.828540046654,5.70524110533538,1.38463932175314,1.49,0,0,487,0
50,30,41.828540046654,5.70524110533538,1.38463932175314,4.14,0,0,375,0
50,30,41.828540046654,5.70524110533538,1.38463932175314,16.28,0,0,59,0
50,30,41.828540046654,5.70524110533538,1.38463932175314,17.95,0,0,49,0
51,30,51.1986904919477,4.22396720287351,0.66030519512718,0,101,30000,0,1
51,30,51.1986904919477,4.22396720287351,0.66030519512718,13.24,0,0,257,0
51,30,51.1986904919477,4.22396720287351,0.66030519512718,16.93,0,0,153,0
51,30,51.1986904919477,4.22396720287351,0.66030519512718,19.22,0,0,120,0
51,30,51.1986904919477,4.22396720287351,0.66030519512718,21.16,0,0,108,0
52,30,94.1906384137092,5.05509021042563,1.28727878582628,0,101,30000,0,1
52,30,94.1906384137092,5.05509021042563,1.28727878582628,0.26,0,0,69,0
52,30,94.1906384137092,5.05509021042563,1.28727878582628,15.93,0,0,120,0
52,30,94.1906384137092,5.05509021042563,1.28727878582628,19,0,0,105,0
52,30,94.1906384137092,5.05509021042563,1.28727878582628,20.54,0,0,112,0
53,30,63.7141660523037,6.60060697878268,1.40475525688535,0,101,30000,0,1
53,30,63.7141660523037,6.60060697878268,1.40475525688535,7.38,0,0,337,0
53,30,63.7141660523037,6.60060697878268,1.40475525688535,9.14,0,0,181,0
53,30,63.7141660523037,6.60060697878268,1.40475525688535,11.05,0,0,174,0
53,30,63.7141660523037,6.60060697878268,1.40475525688535,19.7,0,0,84,0
54,30,109.161347711533,4.68156522693087,0.8222020063439,0,101,30000,0,1
54,30,109.161347711533,4.68156522693087,0.8222020063439,16.65,0,0,108,0
54,30,109.161347711533,4.68156522693087,0.8222020063439,19.5,0,0,95,0
54,30,109.161347711533,4.68156522693087,0.8222020063439,21.59,0,0,94,0
54,30,109.161347711533,4.68156522693087,0.8222020063439,22.68,0,0,142,0
55,30,75.3772884049874,3.52608549902728,1.149993906569,0,101,30000,0,1
55,30,75.3772884049874,3.52608549902728,1.149993906569,6.4,0,0,313,0
55,30,75.3772884049874,3.52608549902728,1.149993906569,12.12,0,0,192,0
55,30,75.3772884049874,3.52608549902728,1.149993906569,20.02,0,0,147,0
55,30,75.3772884049874,3.52608549902728,1.149993906569,20.88,0,0,162,0
56,30,102.833365535879,3.15897876924921,0.993758387986387,0,101,30000,0,1
56,30,102.833365535879,3.15897876924921,0.993758387986387,4.03,0,0,223,0
56,30,102.833365535879,3.15897876924921,0.993758387986387,7.96,0,0,181,0
56,30,102.833365535879,3.15897876924921,0.993758387986387,14.99,0,0,200,0
56,30,102.833365535879,3.15897876924921,0.993758387986387,23.83,0,0,188,0
57,30,60.7489884550926,4.02685447894323,0.835700792775611,0,101,30000,0,1
57,30,60.7489884550926,4.02685447894323,0.835700792775611,2.89,0,0,408,0
57,30,60.7489884550926,4.02685447894323,0.835700792775611,12.32,0,0,271,0
57,30,60.7489884550926,4.02685447894323,0.835700792775611,22.56,0,0,89,0
57,30,60.7489884550926,4.02685447894323,0.835700792775611,23.71,0,0,91,0
58,30,74.8375492424122,5.1652875291236,1.01369827558371,0,101,30000,0,1
58,30,74.8375492424122,5.1652875291236,1.01369827558371,0.11,0,0,47,0
58,30,74.8375492424122,5.1652875291236,1.01369827558371,5.31,0,0,383,0
58,30,74.8375492424122,5.1652875291236,1.01369827558371,6.35,0,0,387,0
58,30,74.8375492424122,5.1652875291236,1.01369827558371,16.39,0,0,174,0
59,30,43.1459266065557,3.68434097278035,1.10633468527551,0,101,30000,0,1
59,30,43.1459266065557,3.68434097278035,1.10633468527551,1.6,0,0,688,0
59,30,43.1459266065557,3.68434097278035,1.10633468527551,1.65,0,0,415,0
59,30,43.1459266065557,3.68434097278035,1.10633468527551,17.39,0,0,133,0
59,30,43.1459266065557,3.68434097278035,1.10633468527551,21.98,0,0,132,0
60,30,84.4682689852227,5.89576024275771,0.996880148602242,0,101,30000,0,1
60,30,84.4682689852227,5.89576024275771,0.996880148602242,2.67,0,0,321,0
60,30,84.4682689852227,5.89576024275771,0.996880148602242,11.17,0,0,202,0
60,30,84.4682689852227,5.89576024275771,0.996880148602242,11.2,0,0,159,0
60,30,84.4682689852227,5.89576024275771,0.996880148602242,16.36,0,0,142,0
61,60,47.4578700148322,3.46953213215573,0.72071184680293,0,101,60000,0,1
61,60,47.4578700148322,3.46953213215573,0.72071184680293,1.85,0,0,909,0
61,60,47.4578700148322,3.46953213215573,0.72071184680293,3.86,0,0,579,0
61,60,47.4578700148322,3.46953213215573,0.72071184680293,6.07,0,0,875,0
61,60,47.4578700148322,3.46953213215573,0.72071184680293,18.46,0,0,360,0
62,60,102.587488214118,3.94979705571425,1.14353268003897,0,101,60000,0,1
62,60,102.587488214118,3.94979705571425,1.14353268003897,0.99,0,0,394,0
62,60,102.587488214118,3.94979705571425,1.14353268003897,3.46,0,0,490,0
62,60,102.587488214118,3.94979705571425,1.14353268003897,8.83,0,0,356,0
62,60,102.587488214118,3.94979705571425,1.14353268003897,13.48,0,0,403,0
63,60,89.878577316877,3.6273877214033,0.940057977286959,0,101,60000,0,1
63,60,89.878577316877,3.6273877214033,0.940057977286959,9.97,0,0,489,0
63,60,89.878577316877,3.6273877214033,0.940057977286959,14.84,0,0,362,0
63,60,89.878577316877,3.6273877214033,0.940057977286959,22.19,0,0,307,0
63,60,89.878577316877,3.6273877214033,0.940057977286959,23.77,0,0,270,0
64,60,62.1476203629196,3.66365138369596,1.46042145875143,0,101,60000,0,1
64,60,62.1476203629196,3.66365138369596,1.46042145875143,3.61,0,0,557,0
64,60,62.1476203629196,3.66365138369596,1.46042145875143,12.41,0,0,690,0
64,60,62.1476203629196,3.66365138369596,1.46042145875143,16.31,0,0,477,0
64,60,62.1476203629196,3.66365138369596,1.46042145875143,22.3,0,0,270,0
65,60,95.3456071352033,3.43199379968412,0.605890228848708,0,101,60000,0,1
65,60,95.3456071352033,3.43199379968412,0.605890228848708,2.15,0,0,463,0
65,60,95.3456071352033,3.43199379968412,0.605890228848708,8.74,0,0,506,0
65,60,95.3456071352033,3.43199379968412,0.605890228848708,14.09,0,0,360,0
65,60,95.3456071352033,3.43199379968412,0.605890228848708,17.91,0,0,404,0
66,60,69.3423731850572,3.18943703267013,1.00567020907933,0,101,60000,0,1
66,60,69.3423731850572,3.18943703267013,1.00567020907933,3.58,0,0,623,0
66,60,69.3423731850572,3.18943703267013,1.00567020907933,10.97,0,0,528,0
66,60,69.3423731850572,3.18943703267013,1.00567020907933,14.85,0,0,545,0
66,60,69.3423731850572,3.18943703267013,1.00567020907933,16.13,0,0,435,0
67,60,78.1783281585453,3.8547277086347,1.03294347889343,0,101,60000,0,1
67,60,78.1783281585453,3.8547277086347,1.03294347889343,0.66,0,0,433,0
67,60,78.1783281585453,3.8547277086347,1.03294347889343,9.48,0,0,397,0
67,60,78.1783281585453,3.8547277086347,1.03294347889343,19.46,0,0,331,0
67,60,78.1783281585453,3.8547277086347,1.03294347889343,22.06,0,0,258,0
68,60,40.9559104635173,7.20027882262479,1.58550231989142,0,101,60000,0,1
68,60,40.9559104635173,7.20027882262479,1.58550231989142,1.98,0,0,967,0
68,60,40.9559104635173,7.20027882262479,1.58550231989142,4.47,0,0,773,0
68,60,40.9559104635173,7.20027882262479,1.58550231989142,9.24,0,0,234,0
68,60,40.9559104635173,7.20027882262479,1.58550231989142,16.62,0,0,95,0
69,60,89.9152888378474,5.03231950776409,1.09605650643498,0,101,60000,0,1
69,60,89.9152888378474,5.03231950776409,1.09605650643498,5.86,0,0,604,0
69,60,89.9152888378474,5.03231950776409,1.09605650643498,12.62,0,0,454,0
69,60,89.9152888378474,5.03231950776409,1.09605650643498,18.92,0,0,264,0
69,60,89.9152888378474,5.03231950776409,1.09605650643498,23.36,0,0,197,0
70,60,67.036711211656,2.95973125371673,1.08335220019672,0,101,60000,0,1
70,60,67.036711211656,2.95973125371673,1.08335220019672,5.5,0,0,520,0
70,60,67.036711211656,2.95973125371673,1.08335220019672,8.44,0,0,558,0
70,60,67.036711211656,2.95973125371673,1.08335220019672,14.22,0,0,614,0
70,60,67.036711211656,2.95973125371673,1.08335220019672,15.04,0,0,649,0
71,60,65.9414032789127,3.96446544197124,1.16035341644748,0,101,60000,0,1
71,60,65.9414032789127,3.96446544197124,1.16035341644748,2.73,0,0,666,0
71,60,65.9414032789127,3.96446544197124,1.16035341644748,4.77,0,0,627,0
71,60,65.9414032789127,3.96446544197124,1.16035341644748,8.32,0,0,661,0
71,60,65.9414032789127,3.96446544197124,1.16035341644748,14.45,0,0,336,0
72,60,55.9848394197227,3.40685778943455,1.14759374879673,0,101,60000,0,1
72,60,55.9848394197227,3.40685778943455,1.14759374879673,15.89,0,0,370,0
72,60,55.9848394197227,3.40685778943455,1.14759374879673,16.9,0,0,269,0
72,60,55.9848394197227,3.40685778943455,1.14759374879673,17.25,0,0,370,0
72,60,55.9848394197227,3.40685778943455,1.14759374879673,23.15,0,0,301,0
73,60,65.4756877675985,5.32889863408081,0.858342242313947,0,101,60000,0,1
73,60,65.4756877675985,5.32889863408081,0.858342242313947,14.69,0,0,224,0
73,60,65.4756877675985,5.32889863408081,0.858342242313947,16.86,0,0,272,0
73,60,65.4756877675985,5.32889863408081,0.858342242313947,17.69,0,0,276,0
73,60,65.4756877675985,5.32889863408081,0.858342242313947,18.63,0,0,238,0
74,60,62.6537001988384,4.79941122872442,0.787183307570444,0,101,60000,0,1
74,60,62.6537001988384,4.79941122872442,0.787183307570444,23.37,0,0,226,0
74,60,62.6537001988384,4.79941122872442,0.787183307570444,23.38,0,0,171,0
74,60,62.6537001988384,4.79941122872442,0.787183307570444,23.53,0,0,114,0
74,60,62.6537001988384,4.79941122872442,0.787183307570444,23.75,0,0,188,0
75,60,40.7391188721384,3.8465105018565,1.21020933391153,0,101,60000,0,1
75,60,40.7391188721384,3.8465105018565,1.21020933391153,3.02,0,0,1478,0
75,60,40.7391188721384,3.8465105018565,1.21020933391153,3.2,0,0,1344,0
75,60,40.7391188721384,3.8465105018565,1.21020933391153,12.41,0,0,456,0
75,60,40.7391188721384,3.8465105018565,1.21020933391153,22.44,0,0,170,0
76,60,70.8782055154281,3.98112992698219,0.84566205780256,0,101,60000,0,1
76,60,70.8782055154281,3.98112992698219,0.84566205780256,0.29,0,0,133,0
76,60,70.8782055154281,3.98112992698219,0.84566205780256,15.59,0,0,373,0
76,60,70.8782055154281,3.98112992698219,0.84566205780256,21.22,0,0,327,0
76,60,70.8782055154281,3.98112992698219,0.84566205780256,21.67,0,0,291,0
77,60,85.3038620220389,3.49369044720878,1.02854098858889,0,101,60000,0,1
77,60,85.3038620220389,3.49369044720878,1.02854098858889,7.46,0,0,430,0
77,60,85.3038620220389,3.49369044720878,1.02854098858889,16.77,0,0,367,0
77,60,85.3038620220389,3.49369044720878,1.02854098858889,18.94,0,0,303,0
77,60,85.3038620220389,3.49369044720878,1.02854098858889,19.39,0,0,447,0
78,60,73.2603400937399,5.09614923109696,0.974053404442755,0,101,60000,0,1
78,60,73.2603400937399,5.09614923109696,0.974053404442755,4.3,0,0,424,0
78,60,73.2603400937399,5.09614923109696,0.974053404442755,4.8,0,0,710,0
78,60,73.2603400937399,5.09614923109696,0.974053404442755,8.95,0,0,615,0
78,60,73.2603400937399,5.09614923109696,0.974053404442755,17.58,0,0,284,0
79,60,94.5222028617748,3.0611524959329,1.17928690862689,0,101,60000,0,1
79,60,94.5222028617748,3.0611524959329,1.17928690862689,4.77,0,0,590,0
79,60,94.5222028617748,3.0611524959329,1.17928690862689,7.78,0,0,413,0
79,60,94.5222028617748,3.0611524959329,1.17928690862689,12.87,0,0,273,0
79,60,94.5222028617748,3.0611524959329,1.17928690862689,22.13,0,0,327,0
80,60,40.3541201844824,4.50375189599216,0.620367845437903,0,101,60000,0,1
80,60,40.3541201844824,4.50375189599216,0.620367845437903,5.03,0,0,686,0
80,60,40.3541201844824,4.50375189599216,0.620367845437903,11.68,0,0,483,0
80,60,40.3541201844824,4.50375189599216,0.620367845437903,18.08,0,0,262,0
80,60,40.3541201844824,4.50375189599216,0.620367845437903,20.99,0,0,224,0
81,60,83.3663102150006,3.34056404944068,1.33093971676666,0,101,60000,0,1
81,60,83.3663102150006,3.34056404944068,1.33093971676666,5.81,0,0,640,0
81,60,83.3663102150006,3.34056404944068,1.33093971676666,6.66,0,0,418,0
81,60,83.3663102150006,3.34056404944068,1.33093971676666,21.24,0,0,255,0
81,60,83.3663102150006,3.34056404944068,1.33093971676666,22.13,0,0,415,0
82,60,79.8834676234225,6.07698322424588,1.39379008492993,0,101,60000,0,1
82,60,79.8834676234225,6.07698322424588,1.39379008492993,6.53,0,0,437,0
82,60,79.8834676234225,6.07698322424588,1.39379008492993,8.15,0,0,401,0
82,60,79.8834676234225,6.07698322424588,1.39379008492993,12.26,0,0,322,0
82,60,79.8834676234225,6.07698322424588,1.39379008492993,15.22,0,0,263,0
83,60,78.2704930333316,2.41074672145796,1.13817502192774,0,101,60000,0,1
83,60,78.2704930333316,2.41074672145796,1.13817502192774,7.98,0,0,549,0
83,60,78.2704930333316,2.41074672145796,1.13817502192774,11.57,0,0,618,0
83,60,78.2704930333316,2.41074672145796,1.13817502192774,22.34,0,0,355,0
83,60,78.2704930333316,2.41074672145796,1.13817502192774,23.76,0,0,336,0
84,60,51.5194858953871,5.21153839309322,1.15910446686171,0,101,60000,0,1
84,60,51.5194858953871,5.21153839309322,1.15910446686171,6.81,0,0,571,0
84,60,51.5194858953871,5.21153839309322,1.15910446686171,9.92,0,0,717,0
84,60,51.5194858953871,5.21153839309322,1.15910446686171,12.9,0,0,316,0
84,60,51.5194858953871,5.21153839309322,1.15910446686171,16.85,0,0,329,0
85,60,45.8282337318457,3.6090582944464,1.55589104857513,0,101,60000,0,1
85,60,45.8282337318457,3.6090582944464,1.55589104857513,9.16,0,0,860,0
85,60,45.8282337318457,3.6090582944464,1.55589104857513,13.02,0,0,660,0
85,60,45.8282337318457,3.6090582944464,1.55589104857513,16.62,0,0,369,0
85,60,45.8282337318457,3.6090582944464,1.55589104857513,16.66,0,0,424,0
86,60,56.7911638943126,4.86782012188396,0.735505301787728,0,101,60000,0,1
86,60,56.7911638943126,4.86782012188396,0.735505301787728,1.53,0,0,646,0
86,60,56.7911638943126,4.86782012188396,0.735505301787728,6.82,0,0,591,0
86,60,56.7911638943126,4.86782012188396,0.735505301787728,16.56,0,0,317,0
86,60,56.7911638943126,4.86782012188396,0.735505301787728,18.98,0,0,279,0
87,60,65.7740715680787,4.17981525868559,0.556727768678198,0,101,60000,0,1
87,60,65.7740715680787,4.17981525868559,0.556727768678198,12.67,0,0,568,0
87,60,65.7740715680787,4.17981525868559,0.556727768678198,13.75,0,0,622,0
87,60,65.7740715680787,4.17981525868559,0.556727768678198,15.71,0,0,336,0
87,60,65.7740715680787,4.17981525868559,0.556727768678198,15.74,0,0,508,0
88,60,74.6308955390455,4.93618690298695,0.940086372210259,0,101,60000,0,1
88,60,74.6308955390455,4.93618690298695,0.940086372210259,1.57,0,0,719,0
88,60,74.6308955390455,4.93618690298695,0.940086372210259,2.59,0,0,639,0
88,60,74.6308955390455,4.93618690298695,0.940086372210259,5.96,0,0,788,0
88,60,74.6308955390455,4.93618690298695,0.940086372210259,21.2,0,0,171,0
89,60,87.3374384482697,2.92889152445106,1.06639561284471,0,101,60000,0,1
89,60,87.3374384482697,2.92889152445106,1.06639561284471,6.45,0,0,600,0
89,60,87.3374384482697,2.92889152445106,1.06639561284471,10.84,0,0,441,0
89,60,87.3374384482697,2.92889152445106,1.06639561284471,18.59,0,0,434,0
89,60,87.3374384482697,2.92889152445106,1.06639561284471,23.44,0,0,297,0
90,60,69.602092157374,5.03692899673068,0.669556142329845,0,101,60000,0,1
90,60,69.602092157374,5.03692899673068,0.669556142329845,2.33,0,0,690,0
90,60,69.602092157374,5.03692899673068,0.669556142329845,9.89,0,0,382,0
90,60,69.602092157374,5.03692899673068,0.669556142329845,13.47,0,0,334,0
90,60,69.602092157374,5.03692899673068,0.669556142329845,19.26,0,0,167,0
91,120,117.250331016261,2.21988358860992,0.938978437744407,0,101,120000,0,1
91,120,117.250331016261,2.21988358860992,0.938978437744407,5.88,0,0,990,0
91,120,117.250331016261,2.21988358860992,0.938978437744407,6.1,0,0,1057,0
91,120,117.250331016261,2.21988358860992,0.938978437744407,7.34,0,0,787,0
91,120,117.250331016261,2.21988358860992,0.938978437744407,8.84,0,0,871,0
92,120,58.8060052766473,4.03597673123214,1.39114588333865,0,101,120000,0,1
92,120,58.8060052766473,4.03597673123214,1.39114588333865,17.53,0,0,746,0
92,120,58.8060052766473,4.03597673123214,1.39114588333865,18.1,0,0,615,0
92,120,58.8060052766473,4.03597673123214,1.39114588333865,22.03,0,0,409,0
92,120,58.8060052766473,4.03597673123214,1.39114588333865,22.8,0,0,499,0
93,120,54.9335252094545,5.44065322023163,1.07660897611481,0,101,120000,0,1
93,120,54.9335252094545,5.44065322023163,1.07660897611481,11.06,0,0,833,0
93,120,54.9335252094545,5.44065322023163,1.07660897611481,18.79,0,0,413,0
93,120,54.9335252094545,5.44065322023163,1.07660897611481,20.1,0,0,390,0
93,120,54.9335252094545,5.44065322023163,1.07660897611481,20.44,0,0,372,0
94,120,65.9833138837873,2.67998316562815,1.14410873303687,0,101,120000,0,1
94,120,65.9833138837873,2.67998316562815,1.14410873303687,8.73,0,0,989,0
94,120,65.9833138837873,2.67998316562815,1.14410873303687,10.99,0,0,1359,0
94,120,65.9833138837873,2.67998316562815,1.14410873303687,19.16,0,0,689,0
94,120,65.9833138837873,2.67998316562815,1.14410873303687,23.57,0,0,802,0
95,120,90.0606227818132,3.39207801701294,1.59717808372937,0,101,120000,0,1
95,120,90.0606227818132,3.39207801701294,1.59717808372937,8.74,0,0,1092,0
95,120,90.0606227818132,3.39207801701294,1.59717808372937,14.37,0,0,833,0
95,120,90.0606227818132,3.39207801701294,1.59717808372937,15,0,0,790,0
95,120,90.0606227818132,3.39207801701294,1.59717808372937,20.32,0,0,488,0
96,120,64.691911271001,5.09482667673854,1.56331631947871,0,101,120000,0,1
96,120,64.691911271001,5.09482667673854,1.56331631947871,4.12,0,0,1224,0
96,120,64.691911271001,5.09482667673854,1.56331631947871,16.79,0,0,423,0
96,120,64.691911271001,5.09482667673854,1.56331631947871,22.1,0,0,262,0
96,120,64.691911271001,5.09482667673854,1.56331631947871,22.25,0,0,416,0
97,120,69.2573398804297,3.34356244668971,1.00694289342285,0,101,120000,0,1
97,120,69.2573398804297,3.34356244668971,1.00694289342285,4.2,0,0,1237,0
97,120,69.2573398804297,3.34356244668971,1.00694289342285,12,0,0,963,0
97,120,69.2573398804297,3.34356244668971,1.00694289342285,17.91,0,0,657,0
97,120,69.2573398804297,3.34356244668971,1.00694289342285,23.02,0,0,647,0
98,120,77.3318337076122,3.73482227942685,1.75629369100695,0,101,120000,0,1
98,120,77.3318337076122,3.73482227942685,1.75629369100695,3.79,0,0,944,0
98,120,77.3318337076122,3.73482227942685,1.75629369100695,17.38,0,0,725,0
98,120,77.3318337076122,3.73482227942685,1.75629369100695,18.05,0,0,603,0
98,120,77.3318337076122,3.73482227942685,1.75629369100695,21.1,0,0,496,0
99,120,63.7277571824481,3.91770432248877,0.914482085061371,0,101,120000,0,1
99,120,63.7277571824481,3.91770432248877,0.914482085061371,2.03,0,0,1545,0
99,120,63.7277571824481,3.91770432248877,0.914482085061371,2.09,0,0,1063,0
99,120,63.7277571824481,3.91770432248877,0.914482085061371,10.79,0,0,1273,0
99,120,63.7277571824481,3.91770432248877,0.914482085061371,12.23,0,0,1220,0
100,120,109.670803363992,3.5832638359765,0.850626024241976,0,101,120000,0,1
100,120,109.670803363992,3.5832638359765,0.850626024241976,4.05,0,0,1326,0
100,120,109.670803363992,3.5832638359765,0.850626024241976,4.52,0,0,1203,0
100,120,109.670803363992,3.5832638359765,0.850626024241976,6.74,0,0,1008,0
100,120,109.670803363992,3.5832638359765,0.850626024241976,15.27,0,0,720,0
101,120,57.810821991466,5.96135830343231,0.919603237111826,0,101,120000,0,1
101,120,57.810821991466,5.96135830343231,0.919603237111826,0.87,0,0,1454,0
101,120,57.810821991466,5.96135830343231,0.919603237111826,5.51,0,0,1070,0
101,120,57.810821991466,5.96135830343231,0.919603237111826,16.72,0,0,412,0
101,120,57.810821991466,5.96135830343231,0.919603237111826,19.92,0,0,499,0
102,120,52.8269545932605,10.2125065760807,0.826239437056361,0,101,120000,0,1
102,120,52.8269545932605,10.2125065760807,0.826239437056361,10.19,0,0,409,0
102,120,52.8269545932605,10.2125065760807,0.826239437056361,17.51,0,0,87,0
102,120,52.8269545932605,10.2125065760807,0.826239437056361,19.18,0,0,74,0
102,120,52.8269545932605,10.2125065760807,0.826239437056361,21.08,0,0,57,0
103,120,56.8594499584187,3.38937448521989,0.721700572422425,0,101,120000,0,1
103,120,56.8594499584187,3.38937448521989,0.721700572422425,3.33,0,0,1589,0
103,120,56.8594499584187,3.38937448521989,0.721700572422425,7.19,0,0,1523,0
103,120,56.8594499584187,3.38937448521989,0.721700572422425,20.59,0,0,710,0
103,120,56.8594499584187,3.38937448521989,0.721700572422425,23.73,0,0,518,0
104,120,101.127991654294,2.82869351572611,1.59576315051977,0,101,120000,0,1
104,120,101.127991654294,2.82869351572611,1.59576315051977,1.29,0,0,1047,0
104,120,101.127991654294,2.82869351572611,1.59576315051977,9.63,0,0,751,0
104,120,101.127991654294,2.82869351572611,1.59576315051977,15.11,0,0,787,0
104,120,101.127991654294,2.82869351572611,1.59576315051977,21.65,0,0,649,0
105,120,66.0607889808674,3.40483007234504,1.1521298978451,0,101,120000,0,1
105,120,66.0607889808674,3.40483007234504,1.1521298978451,9.2,0,0,953,0
105,120,66.0607889808674,3.40483007234504,1.1521298978451,10.51,0,0,1310,0
105,120,66.0607889808674,3.40483007234504,1.1521298978451,17.41,0,0,784,0
105,120,66.0607889808674,3.40483007234504,1.1521298978451,18.1,0,0,725,0
106,120,99.0833605590991,3.3432840121097,0.938931957182572,0,101,120000,0,1
106,120,99.0833605590991,3.3432840121097,0.938931957182572,7.16,0,0,1040,0
106,120,99.0833605590991,3.3432840121097,0.938931957182572,15.68,0,0,439,0
106,120,99.0833605590991,3.3432840121097,0.938931957182572,22.08,0,0,459,0
106,120,99.0833605590991,3.3432840121097,0.938931957182572,23.32,0,0,524,0
107,120,86.4459970707592,4.7525244787418,1.15552147294899,0,101,120000,0,1
107,120,86.4459970707592,4.7525244787418,1.15552147294899,0.85,0,0,962,0
107,120,86.4459970707592,4.7525244787418,1.15552147294899,4.32,0,0,1031,0
107,120,86.4459970707592,4.7525244787418,1.15552147294899,7.34,0,0,890,0
107,120,86.4459970707592,4.7525244787418,1.15552147294899,21.46,0,0,493,0
108,120,90.1040530377669,5.35638605284721,1.12356529965359,0,101,120000,0,1
108,120,90.1040530377669,5.35638605284721,1.12356529965359,3.11,0,0,1178,0
108,120,90.1040530377669,5.35638605284721,1.12356529965359,9.95,0,0,1043,0
108,120,90.1040530377669,5.35638605284721,1.12356529965359,15.37,0,0,551,0
108,120,90.1040530377669,5.35638605284721,1.12356529965359,22.83,0,0,378,0
109,120,105.134596980806,4.09929617599658,0.708317055126379,0,101,120000,0,1
109,120,105.134596980806,4.09929617599658,0.708317055126379,11.25,0,0,891,0
109,120,105.134596980806,4.09929617599658,0.708317055126379,15.41,0,0,796,0
109,120,105.134596980806,4.09929617599658,0.708317055126379,18.47,0,0,658,0
109,120,105.134596980806,4.09929617599658,0.708317055126379,19.37,0,0,425,0
110,120,54.9335252094545,5.44065322023163,1.07660897611481,0,101,120000,0,1
110,120,54.9335252094545,5.44065322023163,1.07660897611481,11.06,0,0,833,0
110,120,54.9335252094545,5.44065322023163,1.07660897611481,18.79,0,0,413,0
110,120,54.9335252094545,5.44065322023163,1.07660897611481,20.1,0,0,390,0
110,120,54.9335252094545,5.44065322023163,1.07660897611481,20.44,0,0,372,0
111,120,93.1943693691966,3.97017031683512,1.05617323792729,0,101,120000,0,1
111,120,93.1943693691966,3.97017031683512,1.05617323792729,17.82,0,0,695,0
111,120,93.1943693691966,3.97017031683512,1.05617323792729,19.04,0,0,656,0
111,120,93.1943693691966,3.97017031683512,1.05617323792729,19.96,0,0,477,0
111,120,93.1943693691966,3.97017031683512,1.05617323792729,23.8,0,0,545,0
112,120,111.69234871152,2.64386516327583,1.17294794522396,0,101,120000,0,1
112,120,111.69234871152,2.64386516327583,1.17294794522396,0.87,0,0,958,0
112,120,111.69234871152,2.64386516327583,1.17294794522396,12.43,0,0,735,0
112,120,111.69234871152,2.64386516327583,1.17294794522396,14.23,0,0,865,0
112,120,111.69234871152,2.64386516327583,1.17294794522396,19.75,0,0,855,0
113,120,49.1594013276388,3.41623310164562,1.34928559109487,0,101,120000,0,1
113,120,49.1594013276388,3.41623310164562,1.34928559109487,0.19,0,0,640,0
113,120,49.1594013276388,3.41623310164562,1.34928559109487,5.56,0,0,1193,0
113,120,49.1594013276388,3.41623310164562,1.34928559109487,11.44,0,0,1909,0
113,120,49.1594013276388,3.41623310164562,1.34928559109487,16.03,0,0,730,0
114,120,51.1183345434034,6.66603313721629,1.04444722766519,0,101,120000,0,1
114,120,51.1183345434034,6.66603313721629,1.04444722766519,3.09,0,0,1633,0
114,120,51.1183345434034,6.66603313721629,1.04444722766519,5.16,0,0,1136,0
114,120,51.1183345434034,6.66603313721629,1.04444722766519,11.47,0,0,726,0
114,120,51.1183345434034,6.66603313721629,1.04444722766519,15.17,0,0,273,0
115,120,68.2003887943184,1.60837084357497,0.823694036682115,0,101,120000,0,1
115,120,68.2003887943184,1.60837084357497,0.823694036682115,1.71,0,0,1414,0
115,120,68.2003887943184,1.60837084357497,0.823694036682115,2.6,0,0,1607,0
115,120,68.2003887943184,1.60837084357497,0.823694036682115,3.02,0,0,1939,0
115,120,68.2003887943184,1.60837084357497,0.823694036682115,9.46,0,0,1627,0
116,120,55.9886448750928,2.87586517802579,1.34541193668733,0,101,120000,0,1
116,120,55.9886448750928,2.87586517802579,1.34541193668733,8.24,0,0,1134,0
116,120,55.9886448750928,2.87586517802579,1.34541193668733,12.41,0,0,940,0
116,120,55.9886448750928,2.87586517802579,1.34541193668733,13.74,0,0,1114,0
116,120,55.9886448750928,2.87586517802579,1.34541193668733,14.74,0,0,1178,0
117,120,72.6568854926971,2.75419404108602,0.862046643230243,0,101,120000,0,1
117,120,72.6568854926971,2.75419404108602,0.862046643230243,1.03,0,0,1192,0
117,120,72.6568854926971,2.75419404108602,0.862046643230243,1.43,0,0,1371,0
117,120,72.6568854926971,2.75419404108602,0.862046643230243,4.71,0,0,1608,0
117,120,72.6568854926971,2.75419404108602,0.862046643230243,16.62,0,0,1179,0
118,120,100.105400797016,3.766637326861,0.501012880067018,0,101,120000,0,1
118,120,100.105400797016,3.766637326861,0.501012880067018,1.95,0,0,707,0
118,120,100.105400797016,3.766637326861,0.501012880067018,9,0,0,793,0
118,120,100.105400797016,3.766637326861,0.501012880067018,18.11,0,0,526,0
118,120,100.105400797016,3.766637326861,0.501012880067018,20.24,0,0,589,0
119,120,85.1033276644568,5.4753510080862,0.874990910522876,0,101,120000,0,1
119,120,85.1033276644568,5.4753510080862,0.874990910522876,4.98,0,0,1329,0
119,120,85.1033276644568,5.4753510080862,0.874990910522876,7.99,0,0,631,0
119,120,85.1033276644568,5.4753510080862,0.874990910522876,12.12,0,0,447,0
119,120,85.1033276644568,5.4753510080862,0.874990910522876,15.59,0,0,471,0
120,120,65.8903937160551,4.36898776384003,0.744372972121519,0,101,120000,0,1
120,120,65.8903937160551,4.36898776384003,0.744372972121519,1.76,0,0,1412,0
120,120,65.8903937160551,4.36898776384003,0.744372972121519,8.42,0,0,799,0
120,120,65.8903937160551,4.36898776384003,0.744372972121519,10.55,0,0,1223,0
120,120,65.8903937160551,4.36898776384003,0.744372972121519,17.02,0,0,579,0
