ID,DOSE,V,CL,KA,TIME,EVID,AMT,DV,EVIDNM
1,10,69.2735426761735,4.28490052534501,1.03043569324997,0,101,10000,0,1
1,10,69.2735426761735,4.28490052534501,1.03043569324997,7.34,0,0,64,0
1,10,69.2735426761735,4.28490052534501,1.03043569324997,9.21,0,0,69,0
1,10,69.2735426761735,4.28490052534501,1.03043569324997,12.07,0,0,105,0
1,10,69.2735426761735,4.28490052534501,1.03043569324997,18.1,0,0,49,0
2,10,74.4268367237299,2.53375576282092,1.37947537056127,0,101,10000,0,1
2,10,74.4268367237299,2.53375576282092,1.37947537056127,7.98,0,0,120,0
2,10,74.4268367237299,2.53375576282092,1.37947537056127,12.48,0,0,105,0
2,10,74.4268367237299,2.53375576282092,1.37947537056127,16.62,0,0,87,0
2,10,74.4268367237299,2.53375576282092,1.37947537056127,18.49,0,0,97,0
3,10,73.7789662408582,4.1614941949133,1.76463797365458,0,101,10000,0,1
3,10,73.7789662408582,4.1614941949133,1.76463797365458,0.96,0,0,113,0
3,10,73.7789662408582,4.1614941949133,1.76463797365458,5.08,0,0,132,0
3,10,73.7789662408582,4.1614941949133,1.76463797365458,13.86,0,0,81,0
3,10,73.7789662408582,4.1614941949133,1.76463797365458,17.94,0,0,50,0
4,10,72.2236498782193,2.67023822799034,0.967424613295248,0,101,10000,0,1
4,10,72.2236498782193,2.67023822799034,0.967424613295248,5.35,0,0,103,0
4,10,72.2236498782193,2.67023822799034,0.967424613295248,11.35,0,0,94,0
4,10,72.2236498782193,2.67023822799034,0.967424613295248,14.84,0,0,83,0
4,10,72.2236498782193,2.67023822799034,0.967424613295248,18.94,0,0,74,0
5,10,59.8819435860411,3.11288673577847,0.568967487605066,0,101,10000,0,1
5,10,59.8819435860411,3.11288673577847,0.568967487605066,7.16,0,0,119,0
5,10,59.8819435860411,3.11288673577847,0.568967487605066,12.34,0,0,97,0
5,10,59.8819435860411,3.11288673577847,0.568967487605066,17.41,0,0,67,0
5,10,59.8819435860411,3.11288673577847,0.568967487605066,20.81,0,0,57,0
6,10,64.7938938679317,3.15681438235201,1.20516442638139,0,101,10000,0,1
6,10,64.7938938679317,3.15681438235201,1.20516442638139,3.98,0,0,154,0
6,10,64.7938938679317,3.15681438235201,1.20516442638139,11.75,0,0,73,0
6,10,64.7938938679317,3.15681438235201,1.20516442638139,12.1,0,0,97,0
6,10,64.7938938679317,3.15681438235201,1.20516442638139,13.93,0,0,72,0
7,10,58.635394694053,3.98463008465672,0.714120987597182,0,101,10000,0,1
7,10,58.635394694053,3.98463008465672,0.714120987597182,3.04,0,0,111,0
7,10,58.635394694053,3.98463008465672,0.714120987597182,5.99,0,0,154,0
7,10,58.635394694053,3.98463008465672,0.714120987597182,14.55,0,0,106,0
7,10,58.635394694053,3.98463008465672,0.714120987597182,19.76,0,0,33,0
8,10,47.6077447412423,4.13599666146474,0.734347711464087,0,101,10000,0,1
8,10,47.6077447412423,4.13599666146474,0.734347711464087,1.2,0,0,109,0
8,10,47.6077447412423,4.13599666146474,0.734347711464087,10.23,0,0,78,0
8,10,47.6077447412423,4.13599666146474,0.734347711464087,12.19,0,0,136,0
8,10,47.6077447412423,4.13599666146474,0.734347711464087,14.22,0,0,49,0
9,10,101.851577756472,5.40169827352934,1.05341845083905,0,101,10000,0,1
9,10,101.851577756472,5.40169827352934,1.05341845083905,6.75,0,0,56,0
9,10,101.851577756472,5.40169827352934,1.05341845083905,18.45,0,0,32,0
9,10,101.851577756472,5.40169827352934,1.05341845083905,19.46,0,0,34,0
9,10,101.851577756472,5.40169827352934,1.05341845083905,19.61,0,0,25,0
10,10,68.3912942873396,6.74302391916399,0.948615081799711,0,101,10000,0,1
10,10,68.3912942873396,6.74302391916399,0.948615081799711,14.17,0,0,37,0
10,10,68.3912942873396,6.74302391916399,0.948615081799711,14.59,0,0,46,0
10,10,68.3912942873396,6.74302391916399,0.948615081799711,15.31,0,0,39,0
10,10,68.3912942873396,6.74302391916399,0.948615081799711,22.23,0,0,15,0
11,10,190.508325838209,4.731513932404,0.668196578665895,0,101,10000,0,1
11,10,190.508325838209,4.731513932404,0.668196578665895,1.27,0,0,34,0
11,10,190.508325838209,4.731513932404,0.668196578665895,12.87,0,0,35,0
11,10,190.508325838209,4.731513932404,0.668196578665895,14.98,0,0,31,0
11,10,190.508325838209,4.731513932404,0.668196578665895,22.14,0,0,27,0
12,10,54.1063071004817,3.89879051131553,1.07232111479249,0,101,10000,0,1
12,10,54.1063071004817,3.89879051131553,1.07232111479249,3.07,0,0,145,0
12,10,54.1063071004817,3.89879051131553,1.07232111479249,7.8,0,0,110,0
12,10,54.1063071004817,3.89879051131553,1.07232111479249,9.88,0,0,104,0
12,10,54.1063071004817,3.89879051131553,1.07232111479249,11.57,0,0,61,0
13,10,72.8393516913912,2.19839305811783,1.00745412973254,0,101,10000,0,1
13,10,72.8393516913912,2.19839305811783,1.00745412973254,3.08,0,0,100,0
13,10,72.8393516913912,2.19839305811783,1.00745412973254,8.64,0,0,73,0
13,10,72.8393516913912,2.19839305811783,1.00745412973254,15,0,0,89,0
13,10,72.8393516913912,2.19839305811783,1.00745412973254,22.83,0,0,71,0
14,10,48.8489724667607,2.47779563966486,1.01531195717371,0,101,10000,0,1
14,10,48.8489724667607,2.47779563966486,1.01531195717371,8.85,0,0,136,0
14,10,48.8489724667607,2.47779563966486,1.01531195717371,10.4,0,0,129,0
14,10,48.8489724667607,2.47779563966486,1.01531195717371,17.8,0,0,82,0
14,10,48.8489724667607,2.47779563966486,1.01531195717371,22.92,0,0,79,0
15,10,55.898982011622,2.15350092252437,1.55208680566026,0,101,10000,0,1
15,10,55.898982011622,2.15350092252437,1.55208680566026,5.43,0,0,126,0
15,10,55.898982011622,2.15350092252437,1.55208680566026,6.9,0,0,194,0
15,10,55.898982011622,2.15350092252437,1.55208680566026,11.85,0,0,143,0
15,10,55.898982011622,2.15350092252437,1.55208680566026,16.07,0,0,79,0
16,10,44.2259691050141,3.46323365623435,1.25098885540434,0,101,10000,0,1
16,10,44.2259691050141,3.46323365623435,1.25098885540434,6.97,0,0,151,0
16,10,44.2259691050141,3.46323365623435,1.25098885540434,10.4,0,0,96,0
16,10,44.2259691050141,3.46323365623435,1.25098885540434,16.68,0,0,76,0
16,10,44.2259691050141,3.46323365623435,1.25098885540434,18.93,0,0,46,0
17,10,45.1472020475492,2.50443904318152,1.02297327878069,0,101,10000,0,1
17,10,45.1472020475492,2.50443904318152,1.02297327878069,2.86,0,0,180,0
17,10,45.1472020475492,2.50443904318152,1.02297327878069,3.82,0,0,176,0
17,10,45.1472020475492,2.50443904318152,1.02297327878069,6.08,0,0,151,0
17,10,45.1472020475492,2.50443904318152,1.02297327878069,19.79,0,0,80,0
18,10,69.5098909785895,4.41948742917143,1.68994531406224,0,101,10000,0,1
18,10,69.5098909785895,4.41948742917143,1.68994531406224,1.01,0,0,70,0
18,10,69.5098909785895,4.41948742917143,1.68994531406224,2.89,0,0,103,0
18,10,69.5098909785895,4.41948742917143,1.68994531406224,11.41,0,0,74,0
18,10,69.5098909785895,4.41948742917143,1.68994531406224,15.51,0,0,48,0
19,10,90.7321008922673,4.21480850052211,0.643772899148123,0,101,10000,0,1
19,10,90.7321008922673,4.21480850052211,0.643772899148123,8.03,0,0,76,0
19,10,90.7321008922673,4.21480850052211,0.643772899148123,9.4,0,0,71,0
19,10,90.7321008922673,4.21480850052211,0.643772899148123,14.61,0,0,55,0
19,10,90.7321008922673,4.21480850052211,0.643772899148123,19.18,0,0,50,0
20,10,67.0761685468086,3.90789845575883,1.25165435991142,0,101,10000,0,1
20,10,67.0761685468086,3.90789845575883,1.25165435991142,15.26,0,0,78,0
20,10,67.0761685468086,3.90789845575883,1.25165435991142,16.76,0,0,63,0
20,10,67.0761685468086,3.90789845575883,1.25165435991142,18.81,0,0,45,0
20,10,67.0761685468086,3.90789845575883,1.25165435991142,23.31,0,0,49,0
21,10,40.9093137026941,3.9746312505936,1.44691311124281,0,101,10000,0,1
21,10,40.9093137026941,3.9746312505936,1.44691311124281,7.28,0,0,156,0
21,10,40.9093137026941,3.9746312505936,1.44691311124281,9.64,0,0,153,0
21,10,40.9093137026941,3.9746312505936,1.44691311124281,15.4,0,0,58,0
21,10,40.9093137026941,3.9746312505936,1.44691311124281,19.81,0,0,37,0
22,10,68.0352268004786,2.45313294290635,1.23967871168182,0,101,10000,0,1
22,10,68.0352268004786,2.45313294290635,1.23967871168182,1.34,0,0,125,0
22,10,68.0352268004786,2.45313294290635,1.23967871168182,2.39,0,0,103,0
22,10,68.0352268004786,2.45313294290635,1.23967871168182,16.46,0,0,110,0
22,10,68.0352268004786,2.45313294290635,1.23967871168182,20.66,0,0,70,0
23,10,58.8479392227715,4.08828416905354,1.23650370144295,0,101,10000,0,1
23,10,58.8479392227715,4.08828416905354,1.23650370144295,9.78,0,0,165,0
23,10,58.8479392227715,4.08828416905354,1.23650370144295,10.85,0,0,80,0
23,10,58.8479392227715,4.08828416905354,1.23650370144295,14.84,0,0,39,0
23,10,58.8479392227715,4.08828416905354,1.23650370144295,22.13,0,0,32,0
24,10,70.6249981645012,3.89291036370375,0.920404809044686,0,101,10000,0,1
24,10,70.6249981645012,3.89291036370375,0.920404809044686,0.27,0,0,43,0
24,10,70.6249981645012,3.89291036370375,0.920404809044686,4.3,0,0,151,0
24,10,70.6249981645012,3.89291036370375,0.920404809044686,16.87,0,0,51,0
24,10,70.6249981645012,3.89291036370375,0.920404809044686,21.14,0,0,74,0
25,10,48.6281770064393,2.11322810835952,0.789412961296832,0,101,10000,0,1
25,10,48.6281770064393,2.11322810835952,0.789412961296832,0.79,0,0,89,0
25,10,48.6281770064393,2.11322810835952,0.789412961296832,3.74,0,0,190,0
25,10,48.6281770064393,2.11322810835952,0.789412961296832,7.29,0,0,188,0
25,10,48.6281770064393,2.11322810835952,0.789412961296832,23.14,0,0,89,0
26,10,67.7376059953509,6.11161529514434,1.36762908689757,0,101,10000,0,1
26,10,67.7376059953509,6.11161529514434,1.36762908689757,7.76,0,0,105,0
26,10,67.7376059953509,6.11161529514434,1.36762908689757,7.92,0,0,103,0
26,10,67.7376059953509,6.11161529514434,1.36762908689757,20.87,0,0,25,0
26,10,67.7376059953509,6.11161529514434,1.36762908689757,21.03,0,0,27,0
27,10,58.1779137233058,2.61966106433142,0.867751018218469,0,101,10000,0,1
27,10,58.1779137233058,2.61966106433142,0.867751018218469,18.3,0,0,63,0
27,10,58.1779137233058,2.61966106433142,0.867751018218469,20.93,0,0,76,0
27,10,58.1779137233058,2.61966106433142,0.867751018218469,22.88,0,0,58,0
27,10,58.1779137233058,2.61966106433142,0.867751018218469,23.55,0,0,54,0
28,10,37.7240029789809,3.79530934159411,1.38114498517013,0,101,10000,0,1
28,10,37.7240029789809,3.79530934159411,1.38114498517013,7.5,0,0,109,0
28,10,37.7240029789809,3.79530934159411,1.38114498517013,11.38,0,0,125,0
28,10,37.7240029789809,3.79530934159411,1.38114498517013,15.18,0,0,89,0
28,10,37.7240029789809,3.79530934159411,1.38114498517013,23.56,0,0,26,0
29,10,100.846048157797,3.93816557814802,1.07633529671699,0,101,10000,0,1
29,10,100.846048157797,3.93816557814802,1.07633529671699,0.18,0,0,18,0
29,10,100.846048157797,3.93816557814802,1.07633529671699,2.24,0,0,83,0
29,10,100.846048157797,3.93816557814802,1.07633529671699,3.65,0,0,107,0
29,10,100.846048157797,3.93816557814802,1.07633529671699,23.74,0,0,46,0
30,10,73.8101578545437,2.20093850762431,1.08467764480696,0,101,10000,0,1
30,10,73.8101578545437,2.20093850762431,1.08467764480696,1.22,0,0,113,0
30,10,73.8101578545437,2.20093850762431,1.08467764480696,8.47,0,0,109,0
30,10,73.8101578545437,2.20093850762431,1.08467764480696,16.36,0,0,106,0
30,10,73.8101578545437,2.20093850762431,1.08467764480696,18.31,0,0,75,0
31,30,90.0362674313213,2.89585974853094,0.830347445985066,0,101,30000,0,1
31,30,90.0362674313213,2.89585974853094,0.830347445985066,0.45,0,0,145,0
31,30,90.0362674313213,2.89585974853094,0.830347445985066,6.77,0,0,351,0
31,30,90.0362674313213,2.89585974853094,0.830347445985066,7.15,0,0,313,0
31,30,90.0362674313213,2.89585974853094,0.830347445985066,7.23,0,0,262,0
32,30,84.0292339846517,7.95802624004068,0.831222970871179,0,101,30000,0,1
32,30,84.0292339846517,7.95802624004068,0.831222970871179,7.27,0,0,169,0
32,30,84.0292339846517,7.95802624004068,0.831222970871179,11.45,0,0,115,0
32,30,84.0292339846517,7.95802624004068,0.831222970871179,13.01,0,0,129,0
32,30,84.0292339846517,7.95802624004068,0.831222970871179,21.03,0,0,55,0
33,30,56.3155280600677,3.98174835241605,0.909778356964777,0,101,30000,0,1
33,30,56.3155280600677,3.98174835241605,0.909778356964777,1.84,0,0,292,0
33,30,56.3155280600677,3.98174835241605,0.909778356964777,2.06,0,0,341,0
33,30,56.3155280600677,3.98174835241605,0.909778356964777,2.74,0,0,462,0
33,30,56.3155280600677,3.98174835241605,0.909778356964777,19.13,0,0,152,0
34,30,65.3058708299174,6.85548499475493,1.34701243570087,0,101,30000,0,1
34,30,65.3058708299174,6.85548499475493,1.34701243570087,9.47,0,0,304,0
34,30,65.3058708299174,6.85548499475493,1.34701243570087,13.08,0,0,170,0
34,30,65.3058708299174,6.85548499475493,1.34701243570087,21.81,0,0,50,0
34,30,65.3058708299174,6.85548499475493,1.34701243570087,23.7,0,0,35,0
35,30,81.1299255511824,5.88389740706388,0.642939744131136,0,101,30000,0,1
35,30,81.1299255511824,5.88389740706388,0.642939744131136,0.67,0,0,131,0
35,30,81.1299255511824,5.88389740706388,0.642939744131136,4.23,0,0,335,0
35,30,81.1299255511824,5.88389740706388,0.642939744131136,9.95,0,0,199,0
35,30,81.1299255511824,5.88389740706388,0.642939744131136,13.72,0,0,183,0
36,30,95.0722742794989,3.71440725055397,1.06883458321227,0,101,30000,0,1
36,30,95.0722742794989,3.71440725055397,1.06883458321227,0.71,0,0,157,0
36,30,95.0722742794989,3.71440725055397,1.06883458321227,7.52,0,0,213,0
36,30,95.0722742794989,3.71440725055397,1.06883458321227,11.08,0,0,233,0
36,30,95.0722742794989,3.71440725055397,1.06883458321227,21.54,0,0,145,0
37,30,92.6021249559851,3.89847099655984,1.03792874967581,0,101,30000,0,1
37,30,92.6021249559851,3.89847099655984,1.03792874967581,8.16,0,0,220,0
37,30,92.6021249559851,3.89847099655984,1.03792874967581,12.35,0,0,286,0
37,30,92.6021249559851,3.89847099655984,1.03792874967581,17.44,0,0,147,0
37,30,92.6021249559851,3.89847099655984,1.03792874967581,17.95,0,0,132,0
38,30,49.9299360260714,3.10302655110485,1.49079880015909,0,101,30000,0,1
38,30,49.9299360260714,3.10302655110485,1.49079880015909,4.39,0,0,419,0
38,30,49.9299360260714,3.10302655110485,1.49079880015909,11.26,0,0,329,0
38,30,49.9299360260714,3.10302655110485,1.49079880015909,11.58,0,0,201,0
38,30,49.9299360260714,3.10302655110485,1.49079880015909,14.09,0,0,300,0
39,30,131.821787399837,3.11352343467176,0.852733641707877,0,101,30000,0,1
39,30,131.821787399837,3.11352343467176,0.852733641707877,2.47,0,0,214,0
39,30,131.821787399837,3.11352343467176,0.852733641707877,3.94,0,0,228,0
39,30,131.821787399837,3.11352343467176,0.852733641707877,6.67,0,0,183,0
39,30,131.821787399837,3.11352343467176,0.852733641707877,22.05,0,0,155,0
40,30,71.8905917247307,3.1097566995471,0.982474337925693,0,101,30000,0,1
40,30,71.8905917247307,3.1097566995471,0.982474337925693,3.23,0,0,556,0
40,30,71.8905917247307,3.1097566995471,0.982474337925693,11.12,0,0,240,0
40,30,71.8905917247307,3.1097566995471,0.982474337925693,13.46,0,0,295,0
40,30,71.8905917247307,3.1097566995471,0.982474337925693,13.64,0,0,195,0
41,30,82.8558303217459,2.89711965888025,1.02627545116136,0,101,30000,0,1
41,30,82.8558303217459,2.89711965888025,1.02627545116136,8.69,0,0,166,0
41,30,82.8558303217459,2.89711965888025,1.02627545116136,8.84,0,0,251,0
41,30,82.8558303217459,2.89711965888025,1.02627545116136,13.35,0,0,234,0
41,30,82.8558303217459,2.89711965888025,1.02627545116136,20.3,0,0,156,0
42,30,69.7880294664212,3.49663158247217,1.08958491667814,0,101,30000,0,1
42,30,69.7880294664212,3.49663158247217,1.08958491667814,3.51,0,0,255,0
42,30,69.7880294664212,3.49663158247217,1.08958491667814,4.84,0,0,271,0
42,30,69.7880294664212,3.49663158247217,1.08958491667814,6.78,0,0,296,0
42,30,69.7880294664212,3.49663158247217,1.08958491667814,17.09,0,0,221,0
43,30,109.539218039091,3.83519112586216,1.06440035922565,0,101,30000,0,1
43,30,109.539218039091,3.83519112586216,1.06440035922565,12.73,0,0,158,0
43,30,109.539218039091,3.83519112586216,1.06440035922565,13.05,0,0,206,0
43,30,109.539218039091,3.83519112586216,1.06440035922565,16.9,0,0,187,0
43,30,109.539218039091,3.83519112586216,1.06440035922565,22.28,0,0,128,0
44,30,81.8111914635916,2.62426890030433,1.06902198943802,0,101,30000,0,1
44,30,81.8111914635916,2.62426890030433,1.06902198943802,3.14,0,0,185,0
44,30,81.8111914635916,2.62426890030433,1.06902198943802,8.8,0,0,286,0
44,30,81.8111914635916,2.62426890030433,1.06902198943802,14.6,0,0,230,0
44,30,81.8111914635916,2.62426890030433,1.06902198943802,16.15,0,0,256,0
45,30,104.958538702402,1.8788724938036,0.948729635933222,0,101,30000,0,1
45,30,104.958538702402,1.8788724938036,0.948729635933222,0.58,0,0,131,0
45,30,104.958538702402,1.8788724938036,0.948729635933222,9.88,0,0,241,0
45,30,104.958538702402,1.8788724938036,0.948729635933222,10.86,0,0,241,0
45,30,104.958538702402,1.8788724938036,0.948729635933222,20.59,0,0,280,0
46,30,66.7805950221134,4.53165021811664,1.03844483320539,0,101,30000,0,1
46,30,66.7805950221134,4.53165021811664,1.03844483320539,6.14,0,0,229,0
46,30,66.7805950221134,4.53165021811664,1.03844483320539,6.24,0,0,346,0
46,30,66.7805950221134,4.53165021811664,1.03844483320539,8.84,0,0,311,0
46,30,66.7805950221134,4.53165021811664,1.03844483320539,20.78,0,0,99,0
47,30,67.517590720253,5.11589806630111,0.926208463713953,0,101,30000,0,1
47,30,67.517590720253,5.11589806630111,0.926208463713953,4.03,0,0,216,0
47,30,67.517590720253,5.11589806630111,0.926208463713953,7.51,0,0,435,0
47,30,67.517590720253,5.11589806630111,0.926208463713953,9.08,0,0,219,0
47,30,67.517590720253,5.11589806630111,0.926208463713953,16.17,0,0,166,0
48,30,60.6098349361524,3.50157772702085,0.791889917431,0,101,30000,0,1
48,30,60.6098349361524,3.50157772702085,0.791889917431,6.45,0,0,302,0
48,30,60.6098349361524,3.50157772702085,0.791889917431,11.39,0,0,221,0
48,30,60.6098349361524,3.50157772702085,0.791889917431,11.92,0,0,332,0
48,30,60.6098349361524,3.50157772702085,0.791889917431,21.32,0,0,217,0
49,30,49.8740398773756,3.72368575208443,1.13308762853248,0,101,30000,0,1
49,30,49.8740398773756,3.72368575208443,1.13308762853248,1.58,0,0,391,0
49,30,49.8740398773756,3.72368575208443,1.13308762853248,12.29,0,0,375,0
49,30,49.8740398773756,3.72368575208443,1.13308762853248,12.91,0,0,309,0
49,30,49.8740398773756,3.72368575208443,1.13308762853248,19.55,0,0,180,0
50,30,52.6486559733489,3.89273246531452,0.774267642223886,0,101,30000,0,1
50,30,52.6486559733489,3.89273246531452,0.774267642223886,7.13,0,0,317,0
50,30,52.6486559733489,3.89273246531452,0.774267642223886,7.9,0,0,324,0
50,30,52.6486559733489,3.89273246531452,0.774267642223886,16.46,0,0,169,0
50,30,52.6486559733489,3.89273246531452,0.774267642223886,19.86,0,0,163,0
51,30,47.6846019137386,5.30355757574447,0.924981201919417,0,101,30000,0,1
51,30,47.6846019137386,5.30355757574447,0.924981201919417,3.91,0,0,363,0
51,30,47.6846019137386,5.30355757574447,0.924981201919417,12.33,0,0,181,0
51,30,47.6846019137386,5.30355757574447,0.924981201919417,16.07,0,0,163,0
51,30,47.6846019137386,5.30355757574447,0.924981201919417,22.55,0,0,54,0
52,30,76.8082744112715,5.47918535155953,0.795402727108084,0,101,30000,0,1
52,30,76.8082744112715,5.47918535155953,0.795402727108084,4.86,0,0,332,0
52,30,76.8082744112715,5.47918535155953,0.795402727108084,9.48,0,0,321,0
52,30,76.8082744112715,5.47918535155953,0.795402727108084,9.74,0,0,310,0
52,30,76.8082744112715,5.47918535155953,0.795402727108084,16.29,0,0,159,0
53,30,111.805588698561,4.22860823478662,1.37165292034175,0,101,30000,0,1
53,30,111.805588698561,4.22860823478662,1.37165292034175,9.86,0,0,178,0
53,30,111.805588698561,4.22860823478662,1.37165292034175,14.07,0,0,187,0
53,30,111.805588698561,4.22860823478662,1.37165292034175,19.11,0,0,197,0
53,30,111.805588698561,4.22860823478662,1.37165292034175,21.81,0,0,128,0
54,30,82.290929288907,4.40798626117454,1.1641413973223,0,101,30000,0,1
54,30,82.290929288907,4.40798626117454,1.1641413973223,5.05,0,0,303,0
54,30,82.290929288907,4.40798626117454,1.1641413973223,16.72,0,0,245,0
54,30,82.290929288907,4.40798626117454,1.1641413973223,18.62,0,0,88,0
54,30,82.290929288907,4.40798626117454,1.1641413973223,20.24,0,0,106,0
55,30,36.009623974281,3.71417725898982,1.15046351423372,0,101,30000,0,1
55,30,36.009623974281,3.71417725898982,1.15046351423372,6.7,0,0,460,0
55,30,36.009623974281,3.71417725898982,1.15046351423372,7.04,0,0,444,0
55,30,36.009623974281,3.71417725898982,1.15046351423372,11.05,0,0,353,0
55,30,36.009623974281,3.71417725898982,1.15046351423372,19.97,0,0,77,0
56,30,78.0482586529457,3.7570189245993,1.34698901376637,0,101,30000,0,1
56,30,78.0482586529457,3.7570189245993,1.34698901376637,0.73,0,0,278,0
56,30,78.0482586529457,3.7570189245993,1.34698901376637,3.2,0,0,327,0
56,30,78.0482586529457,3.7570189245993,1.34698901376637,7.77,0,0,246,0
56,30,78.0482586529457,3.7570189245993,1.34698901376637,15.28,0,0,215,0
57,30,77.7363154067543,4.69465222908369,0.982723114248924,0,101,30000,0,1
57,30,77.7363154067543,4.69465222908369,0.982723114248924,9.75,0,0,227,0
57,30,77.7363154067543,4.69465222908369,0.982723114248924,17.77,0,0,131,0
57,30,77.7363154067543,4.69465222908369,0.982723114248924,19.52,0,0,133,0
57,30,77.7363154067543,4.69465222908369,0.982723114248924,23.72,0,0,135,0
58,30,51.6057200387734,6.51353455719088,1.20598565946442,0,101,30000,0,1
58,30,51.6057200387734,6.51353455719088,1.20598565946442,0.96,0,0,411,0
58,30,51.6057200387734,6.51353455719088,1.20598565946442,9.49,0,0,167,0
58,30,51.6057200387734,6.51353455719088,1.20598565946442,14.19,0,0,124,0
58,30,51.6057200387734,6.51353455719088,1.20598565946442,18.25,0,0,70,0
59,30,61.7495311334405,3.07888398620807,0.665095606780417,0,101,30000,0,1
59,30,61.7495311334405,3.07888398620807,0.665095606780417,3.16,0,0,362,0
59,30,61.7495311334405,3.07888398620807,0.665095606780417,3.45,0,0,452,0
59,30,61.7495311334405,3.07888398620807,0.665095606780417,3.74,0,0,398,0
59,30,61.7495311334405,3.07888398620807,0.665095606780417,15.74,0,0,286,0
60,30,57.1857140229783,5.50241706596281,1.25290612223965,0,101,30000,0,1
60,30,57.1857140229783,5.50241706596281,1.25290612223965,1.85,0,0,553,0
60,30,57.1857140229783,5.50241706596281,1.25290612223965,5.08,0,0,462,0
60,30,57.1857140229783,5.50241706596281,1.25290612223965,5.84,0,0,310,0
60,30,57.1857140229783,5.50241706596281,1.25290612223965,16.06,0,0,138,0
61,60,58.1919669466946,6.46290746708668,1.688142361965,0,101,60000,0,1
61,60,58.1919669466946,6.46290746708668,1.688142361965,5.95,0,0,688,0
61,60,58.1919669466946,6.46290746708668,1.688142361965,7.06,0,0,329,0
61,60,58.1919669466946,6.46290746708668,1.688142361965,13.38,0,0,252,0
61,60,58.1919669466946,6.46290746708668,1.688142361965,23.81,0,0,68,0
62,60,57.076088709007,4.46674112175129,1.75377754320892,0,101,60000,0,1
62,60,57.076088709007,4.46674112175129,1.75377754320892,0.2,0,0,259,0
62,60,57.076088709007,4.46674112175129,1.75377754320892,1.67,0,0,1056,0
62,60,57.076088709007,4.46674112175129,1.75377754320892,2.2,0,0,766,0
62,60,57.076088709007,4.46674112175129,1.75377754320892,13.69,0,0,358,0
63,60,53.8417033042948,3.48879841148912,0.548318234264429,0,101,60000,0,1
63,60,53.8417033042948,3.48879841148912,0.548318234264429,12.52,0,0,783,0
63,60,53.8417033042948,3.48879841148912,0.548318234264429,17.53,0,0,445,0
63,60,53.8417033042948,3.48879841148912,0.548318234264429,18.19,0,0,462,0
63,60,53.8417033042948,3.48879841148912,0.548318234264429,21.18,0,0,231,0
64,60,52.3230826509378,2.8850520735967,0.892001005036764,0,101,60000,0,1
64,60,52.3230826509378,2.8850520735967,0.892001005036764,7.59,0,0,846,0
64,60,52.3230826509378,2.8850520735967,0.892001005036764,9.83,0,0,665,0
64,60,52.3230826509378,2.8850520735967,0.892001005036764,12.73,0,0,485,0
64,60,52.3230826509378,2.8850520735967,0.892001005036764,17.23,0,0,475,0
65,60,77.1726699228265,3.42633717375436,0.704192198112525,0,101,60000,0,1
65,60,77.1726699228265,3.42633717375436,0.704192198112525,5.17,0,0,810,0
65,60,77.1726699228265,3.42633717375436,0.704192198112525,15.38,0,0,430,0
65,60,77.1726699228265,3.42633717375436,0.704192198112525,15.88,0,0,376,0
65,60,77.1726699228265,3.42633717375436,0.704192198112525,17.75,0,0,359,0
66,60,50.9704521104905,4.25748995727714,1.23724058990237,0,101,60000,0,1
66,60,50.9704521104905,4.25748995727714,1.23724058990237,8.54,0,0,700,0
66,60,50.9704521104905,4.25748995727714,1.23724058990237,13,0,0,394,0
66,60,50.9704521104905,4.25748995727714,1.23724058990237,20.78,0,0,296,0
66,60,50.9704521104905,4.25748995727714,1.23724058990237,21.21,0,0,200,0
67,60,100.589729594343,3.40616407783578,1.13143070648224,0,101,60000,0,1
67,60,100.589729594343,3.40616407783578,1.13143070648224,1.19,0,0,369,0
67,60,100.589729594343,3.40616407783578,1.13143070648224,8.34,0,0,570,0
67,60,100.589729594343,3.40616407783578,1.13143070648224,17.5,0,0,416,0
67,60,100.589729594343,3.40616407783578,1.13143070648224,19.83,0,0,237,0
68,60,63.8964946398403,2.51008537127021,1.24091248453678,0,101,60000,0,1
68,60,63.8964946398403,2.51008537127021,1.24091248453678,9.69,0,0,769,0
68,60,63.8964946398403,2.51008537127021,1.24091248453678,12.44,0,0,506,0
68,60,63.8964946398403,2.51008537127021,1.24091248453678,14.33,0,0,406,0
68,60,63.8964946398403,2.51008537127021,1.24091248453678,15.71,0,0,493,0
69,60,57.8347242876739,5.59924260920209,1.21118335179764,0,101,60000,0,1
69,60,57.8347242876739,5.59924260920209,1.21118335179764,15.19,0,0,185,0
69,60,57.8347242876739,5.59924260920209,1.21118335179764,17.68,0,0,278,0
69,60,57.8347242876739,5.59924260920209,1.21118335179764,19.89,0,0,137,0
69,60,57.8347242876739,5.59924260920209,1.21118335179764,21.36,0,0,178,0
70,60,73.2603400937399,5.09614923109696,0.974053404442755,0,101,60000,0,1
70,60,73.2603400937399,5.09614923109696,0.974053404442755,4.3,0,0,424,0
70,60,73.2603400937399,5.09614923109696,0.974053404442755,4.8,0,0,710,0
70,60,73.2603400937399,5.09614923109696,0.974053404442755,8.95,0,0,615,0
70,60,73.2603400937399,5.09614923109696,0.974053404442755,17.58,0,0,284,0
71,60,76.3095257722951,5.61056322055302,1.73408769303682,0,101,60000,0,1
71,60,76.3095257722951,5.61056322055302,1.73408769303682,0.83,0,0,598,0
71,60,76.3095257722951,5.61056322055302,1.73408769303682,7.83,0,0,314,0
71,60,76.3095257722951,5.61056322055302,1.73408769303682,17.45,0,0,303,0
71,60,76.3095257722951,5.61056322055302,1.73408769303682,23.25,0,0,141,0
72,60,46.616457282233,3.79940389785044,0.818498785617745,0,101,60000,0,1
72,60,46.616457282233,3.79940389785044,0.818498785617745,3.39,0,0,1201,0
72,60,46.616457282233,3.79940389785044,0.818498785617745,9.72,0,0,662,0
72,60,46.616457282233,3.79940389785044,0.818498785617745,19.25,0,0,355,0
72,60,46.616457282233,3.79940389785044,0.818498785617745,23.43,0,0,255,0
73,60,73.0139297541391,3.21828039167526,0.485117074389168,0,101,60000,0,1
73,60,73.0139297541391,3.21828039167526,0.485117074389168,5.13,0,0,642,0
73,60,73.0139297541391,3.21828039167526,0.485117074389168,18,0,0,443,0
73,60,73.0139297541391,3.21828039167526,0.485117074389168,19.08,0,0,349,0
73,60,73.0139297541391,3.21828039167526,0.485117074389168,20.45,0,0,436,0
74,60,65.2008306521583,3.3551503282266,0.980966518853897,0,101,60000,0,1
74,60,65.2008306521583,3.3551503282266,0.980966518853897,5.48,0,0,574,0
74,60,65.2008306521583,3.3551503282266,0.980966518853897,6.73,0,0,669,0
74,60,65.2008306521583,3.3551503282266,0.980966518853897,9.87,0,0,526,0
74,60,65.2008306521583,3.3551503282266,0.980966518853897,16.84,0,0,387,0
75,60,88.3448408673337,2.68282970721963,1.46561255367934,0,101,60000,0,1
75,60,88.3448408673337,2.68282970721963,1.46561255367934,1.39,0,0,477,0
75,60,88.3448408673337,2.68282970721963,1.46561255367934,3.4,0,0,688,0
75,60,88.3448408673337,2.68282970721963,1.46561255367934,13.08,0,0,444,0
75,60,88.3448408673337,2.68282970721963,1.46561255367934,13.52,0,0,550,0
76,60,72.2292858210645,3.66838540812401,0.978440680900408,0,101,60000,0,1
76,60,72.2292858210645,3.66838540812401,0.978440680900408,15.01,0,0,362,0
76,60,72.2292858210645,3.66838540812401,0.978440680900408,15.67,0,0,311,0
76,60,72.2292858210645,3.66838540812401,0.978440680900408,20.2,0,0,391,0
76,60,72.2292858210645,3.66838540812401,0.978440680900408,22.91,0,0,356,0
77,60,71.1379751112518,3.76821474943088,0.927954098712789,0,101,60000,0,1
77,60,71.1379751112518,3.76821474943088,0.927954098712789,0.53,0,0,439,0
77,60,71.1379751112518,3.76821474943088,0.927954098712789,11.54,0,0,457,0
77,60,71.1379751112518,3.76821474943088,0.927954098712789,15.6,0,0,373,0
77,60,71.1379751112518,3.76821474943088,0.927954098712789,16.53,0,0,372,0
78,60,79.7868277967942,4.44216963651872,0.916971191843672,0,101,60000,0,1
78,60,79.7868277967942,4.44216963651872,0.916971191843672,1.09,0,0,447,0
78,60,79.7868277967942,4.44216963651872,0.916971191843672,5.42,0,0,532,0
78,60,79.7868277967942,4.44216963651872,0.916971191843672,14.36,0,0,347,0
78,60,79.7868277967942,4.44216963651872,0.916971191843672,21.67,0,0,233,0
79,60,44.7123032469801,3.9496761022575,0.85538830701991,0,101,60000,0,1
79,60,44.7123032469801,3.9496761022575,0.85538830701991,6.1,0,0,809,0
79,60,44.7123032469801,3.9496761022575,0.85538830701991,7.17,0,0,635,0
79,60,44.7123032469801,3.9496761022575,0.85538830701991,8.1,0,0,602,0
79,60,44.7123032469801,3.9496761022575,0.85538830701991,11.88,0,0,496,0
80,60,61.9233130853276,4.6695510521776,0.941068200904592,0,101,60000,0,1
80,60,61.9233130853276,4.6695510521776,0.941068200904592,1.74,0,0,809,0
80,60,61.9233130853276,4.6695510521776,0.941068200904592,5.6,0,0,758,0
80,60,61.9233130853276,4.6695510521776,0.941068200904592,8.39,0,0,432,0
80,60,61.9233130853276,4.6695510521776,0.941068200904592,20.56,0,0,257,0
81,60,99.372208156724,6.23322007620812,1.22121078395172,0,101,60000,0,1
81,60,99.372208156724,6.23322007620812,1.22121078395172,4.5,0,0,422,0
81,60,99.372208156724,6.23322007620812,1.22121078395172,13.11,0,0,317,0
81,60,99.372208156724,6.23322007620812,1.22121078395172,18.4,0,0,137,0
81,60,99.372208156724,6.23322007620812,1.22121078395172,19.78,0,0,160,0
82,60,81.8416637256086,5.17997911851956,0.805547555154011,0,101,60000,0,1
82,60,81.8416637256086,5.17997911851956,0.805547555154011,2.93,0,0,709,0
82,60,81.8416637256086,5.17997911851956,0.805547555154011,6.55,0,0,543,0
82,60,81.8416637256086,5.17997911851956,0.805547555154011,14.59,0,0,291,0
82,60,81.8416637256086,5.17997911851956,0.805547555154011,14.73,0,0,322,0
83,60,73.7201110568359,2.97297672023209,0.543999105819385,0,101,60000,0,1
83,60,73.7201110568359,2.97297672023209,0.543999105819385,0.61,0,0,223,0
83,60,73.7201110568359,2.97297672023209,0.543999105819385,1.55,0,0,489,0
83,60,73.7201110568359,2.97297672023209,0.543999105819385,9.65,0,0,731,0
83,60,73.7201110568359,2.97297672023209,0.543999105819385,13.78,0,0,575,0
84,60,62.3851626628754,4.04025082464251,0.830017613911798,0,101,60000,0,1
84,60,62.3851626628754,4.04025082464251,0.830017613911798,3.91,0,0,837,0
84,60,62.3851626628754,4.04025082464251,0.830017613911798,5.82,0,0,714,0
84,60,62.3851626628754,4.04025082464251,0.830017613911798,11.13,0,0,348,0
84,60,62.3851626628754,4.04025082464251,0.830017613911798,15.12,0,0,331,0
85,60,54.5852256092532,7.2721243604529,1.6640118506182,0,101,60000,0,1
85,60,54.5852256092532,7.2721243604529,1.6640118506182,5.16,0,0,752,0
85,60,54.5852256092532,7.2721243604529,1.6640118506182,12.2,0,0,262,0
85,60,54.5852256092532,7.2721243604529,1.6640118506182,15.46,0,0,159,0
85,60,54.5852256092532,7.2721243604529,1.6640118506182,16.59,0,0,172,0
86,60,43.1624927169722,3.83552532491754,0.846076743232695,0,101,60000,0,1
86,60,43.1624927169722,3.83552532491754,0.846076743232695,3.25,0,0,1159,0
86,60,43.1624927169722,3.83552532491754,0.846076743232695,9.85,0,0,756,0
86,60,43.1624927169722,3.83552532491754,0.846076743232695,15.01,0,0,446,0
86,60,43.1624927169722,3.83552532491754,0.846076743232695,21.63,0,0,164,0
87,60,72.5032469079038,4.24800998013003,0.709656161267492,0,101,60000,0,1
87,60,72.5032469079038,4.24800998013003,0.709656161267492,7.49,0,0,828,0
87,60,72.5032469079038,4.24800998013003,0.709656161267492,12.03,0,0,559,0
87,60,72.5032469079038,4.24800998013003,0.709656161267492,13.87,0,0,458,0
87,60,72.5032469079038,4.24800998013003,0.709656161267492,21.13,0,0,273,0
88,60,57.5335894128005,2.56935125228437,1.12407195078569,0,101,60000,0,1
88,60,57.5335894128005,2.56935125228437,1.12407195078569,3,0,0,721,0
88,60,57.5335894128005,2.56935125228437,1.12407195078569,12.27,0,0,607,0
88,60,57.5335894128005,2.56935125228437,1.12407195078569,16.96,0,0,580,0
88,60,57.5335894128005,2.56935125228437,1.12407195078569,21.53,0,0,666,0
89,60,42.6190821745025,2.93114739827147,0.847482546077353,0,101,60000,0,1
89,60,42.6190821745025,2.93114739827147,0.847482546077353,2.34,0,0,892,0
89,60,42.6190821745025,2.93114739827147,0.847482546077353,6.98,0,0,1062,0
89,60,42.6190821745025,2.93114739827147,0.847482546077353,11.04,0,0,681,0
89,60,42.6190821745025,2.93114739827147,0.847482546077353,11.2,0,0,864,0
90,60,98.9255710804389,3.95026013071882,1.08375938662047,0,101,60000,0,1
90,60,98.9255710804389,3.95026013071882,1.08375938662047,4.41,0,0,364,0
90,60,98.9255710804389,3.95026013071882,1.08375938662047,4.87,0,0,435,0
90,60,98.9255710804389,3.95026013071882,1.08375938662047,6.85,0,0,569,0
90,60,98.9255710804389,3.95026013071882,1.08375938662047,10.73,0,0,475,0
91,120,69.6275171347934,3.74134098923458,0.897268741223274,0,101,120000,0,1
91,120,69.6275171347934,3.74134098923458,0.897268741223274,0.7,0,0,807,0
91,120,69.6275171347934,3.74134098923458,0.897268741223274,6.73,0,0,1832,0
91,120,69.6275171347934,3.74134098923458,0.897268741223274,22.27,0,0,510,0
91,120,69.6275171347934,3.74134098923458,0.897268741223274,23.75,0,0,491,0
92,120,75.1588533163131,4.55112289179296,1.4282195962847,0,101,120000,0,1
92,120,75.1588533163131,4.55112289179296,1.4282195962847,5.95,0,0,1590,0
92,120,75.1588533163131,4.55112289179296,1.4282195962847,12.9,0,0,709,0
92,120,75.1588533163131,4.55112289179296,1.4282195962847,17.88,0,0,593,0
92,120,75.1588533163131,4.55112289179296,1.4282195962847,22.66,0,0,371,0
93,120,106.521414132598,3.59376979915171,0.761465510438004,0,101,120000,0,1
93,120,106.521414132598,3.59376979915171,0.761465510438004,0.08,0,0,77,0
93,120,106.521414132598,3.59376979915171,0.761465510438004,4.6,0,0,985,0
93,120,106.521414132598,3.59376979915171,0.761465510438004,13.94,0,0,822,0
93,120,106.521414132598,3.59376979915171,0.761465510438004,15.96,0,0,650,0
94,120,106.521414132598,3.59376979915171,0.761465510438004,0,101,120000,0,1
94,120,106.521414132598,3.59376979915171,0.761465510438004,0.08,0,0,77,0
94,120,106.521414132598,3.59376979915171,0.761465510438004,4.6,0,0,985,0
94,120,106.521414132598,3.59376979915171,0.761465510438004,13.94,0,0,822,0
94,120,106.521414132598,3.59376979915171,0.761465510438004,15.96,0,0,650,0
95,120,109.313844285188,4.64514469123708,1.43673935239626,0,101,120000,0,1
95,120,109.313844285188,4.64514469123708,1.43673935239626,6.8,0,0,868,0
95,120,109.313844285188,4.64514469123708,1.43673935239626,12.13,0,0,872,0
95,120,109.313844285188,4.64514469123708,1.43673935239626,12.66,0,0,663,0
95,120,109.313844285188,4.64514469123708,1.43673935239626,17.6,0,0,443,0
96,120,102.176539586098,3.21799685037447,0.778789990016086,0,101,120000,0,1
96,120,102.176539586098,3.21799685037447,0.778789990016086,3.79,0,0,1197,0
96,120,102.176539586098,3.21799685037447,0.778789990016086,5.35,0,0,797,0
96,120,102.176539586098,3.21799685037447,0.778789990016086,5.77,0,0,836,0
96,120,102.176539586098,3.21799685037447,0.778789990016086,9.19,0,0,794,0
97,120,56.4367702088556,3.16888157358888,1.24221652236701,0,101,120000,0,1
97,120,56.4367702088556,3.16888157358888,1.24221652236701,2.92,0,0,1827,0
97,120,56.4367702088556,3.16888157358888,1.24221652236701,3.48,0,0,1594,0
97,120,56.4367702088556,3.16888157358888,1.24221652236701,18.84,0,0,918,0
97,120,56.4367702088556,3.16888157358888,1.24221652236701,20.63,0,0,674,0
98,120,48.6564336459922,2.99117742717831,0.850735751606953,0,101,120000,0,1
98,120,48.6564336459922,2.99117742717831,0.850735751606953,0.77,0,0,1356,0
98,120,48.6564336459922,2.99117742717831,0.850735751606953,6.02,0,0,2051,0
98,120,48.6564336459922,2.99117742717831,0.850735751606953,7.99,0,0,1742,0
98,120,48.6564336459922,2.99117742717831,0.850735751606953,16.07,0,0,820,0
99,120,69.8822691493835,4.37903788421827,0.837283699240582,0,101,120000,0,1
99,120,69.8822691493835,4.37903788421827,0.837283699240582,7.98,0,0,1024,0
99,120,69.8822691493835,4.37903788421827,0.837283699240582,11.29,0,0,828,0
99,120,69.8822691493835,4.37903788421827,0.837283699240582,13.27,0,0,781,0
99,120,69.8822691493835,4.37903788421827,0.837283699240582,23.12,0,0,416,0
100,120,67.9916804853607,4.95882454569362,0.847570730562583,0,101,120000,0,1
100,120,67.9916804853607,4.95882454569362,0.847570730562583,4.73,0,0,1311,0
100,120,67.9916804853607,4.95882454569362,0.847570730562583,13.33,0,0,730,0
100,120,67.9916804853607,4.95882454569362,0.847570730562583,15.03,0,0,650,0
100,120,67.9916804853607,4.95882454569362,0.847570730562583,16.29,0,0,506,0
101,120,101.080416454433,5.42001613677302,1.32341369046553,0,101,120000,0,1
101,120,101.080416454433,5.42001613677302,1.32341369046553,9.02,0,0,1165,0
101,120,101.080416454433,5.42001613677302,1.32341369046553,11.58,0,0,733,0
101,120,101.080416454433,5.42001613677302,1.32341369046553,13.82,0,0,642,0
101,120,101.080416454433,5.42001613677302,1.32341369046553,23.13,0,0,316,0
102,120,75.0025488021171,4.44092195369169,1.72812729244847,0,101,120000,0,1
102,120,75.0025488021171,4.44092195369169,1.72812729244847,15.23,0,0,695,0
102,120,75.0025488021171,4.44092195369169,1.72812729244847,18.3,0,0,864,0
102,120,75.0025488021171,4.44092195369169,1.72812729244847,19.66,0,0,594,0
102,120,75.0025488021171,4.44092195369169,1.72812729244847,22.51,0,0,391,0
103,120,98.5818924879874,4.26691021723541,0.733052397714967,0,101,120000,0,1
103,120,98.5818924879874,4.26691021723541,0.733052397714967,0.77,0,0,357,0
103,120,98.5818924879874,4.26691021723541,0.733052397714967,10.6,0,0,571,0
103,120,98.5818924879874,4.26691021723541,0.733052397714967,11.06,0,0,737,0
103,120,98.5818924879874,4.26691021723541,0.733052397714967,11.07,0,0,1337,0
104,120,56.9130536506154,4.27719429535284,1.46185868255877,0,101,120000,0,1
104,120,56.9130536506154,4.27719429535284,1.46185868255877,3.69,0,0,1826,0
104,120,56.9130536506154,4.27719429535284,1.46185868255877,7.08,0,0,1199,0
104,120,56.9130536506154,4.27719429535284,1.46185868255877,9.31,0,0,747,0
104,120,56.9130536506154,4.27719429535284,1.46185868255877,12.3,0,0,759,0
105,120,79.8655615583813,4.88242003170085,0.6986718370647,0,101,120000,0,1
105,120,79.8655615583813,4.88242003170085,0.6986718370647,6.27,0,0,1147,0
105,120,79.8655615583813,4.88242003170085,0.6986718370647,9.87,0,0,713,0
105,120,79.8655615583813,4.88242003170085,0.6986718370647,16.47,0,0,446,0
105,120,79.8655615583813,4.88242003170085,0.6986718370647,21.08,0,0,529,0
106,120,74.4035836822488,4.38029653761565,0.798721070321902,0,101,120000,0,1
106,120,74.4035836822488,4.38029653761565,0.798721070321902,7.04,0,0,1190,0
106,120,74.4035836822488,4.38029653761565,0.798721070321902,7.7,0,0,929,0
106,120,74.4035836822488,4.38029653761565,0.798721070321902,8.73,0,0,1121,0
106,120,74.4035836822488,4.38029653761565,0.798721070321902,20.76,0,0,524,0
107,120,122.132950410654,5.51663526788844,0.998968223675297,0,101,120000,0,1
107,120,122.132950410654,5.51663526788844,0.998968223675297,8.56,0,0,587,0
107,120,122.132950410654,5.51663526788844,0.998968223675297,14.37,0,0,526,0
107,120,122.132950410654,5.51663526788844,0.998968223675297,20.47,0,0,352,0
107,120,122.132950410654,5.51663526788844,0.998968223675297,23.39,0,0,308,0
108,120,71.6803630451387,7.25682829345905,0.830423029199278,0,101,120000,0,1
108,120,71.6803630451387,7.25682829345905,0.830423029199278,1.98,0,0,1168,0
108,120,71.6803630451387,7.25682829345905,0.830423029199278,8.11,0,0,984,0
108,120,71.6803630451387,7.25682829345905,0.830423029199278,11.81,0,0,564,0
108,120,71.6803630451387,7.25682829345905,0.830423029199278,14.94,0,0,482,0
109,120,98.7394276209777,3.50217350019795,0.700208912682932,0,101,120000,0,1
109,120,98.7394276209777,3.50217350019795,0.700208912682932,0.09,0,0,72,0
109,120,98.7394276209777,3.50217350019795,0.700208912682932,0.35,0,0,330,0
109,120,98.7394276209777,3.50217350019795,0.700208912682932,8.77,0,0,1093,0
109,120,98.7394276209777,3.50217350019795,0.700208912682932,16.32,0,0,661,0
110,120,56.8999275502067,4.20377980819715,0.937192177717125,0,101,120000,0,1
110,120,56.8999275502067,4.20377980819715,0.937192177717125,4.28,0,0,2142,0
110,120,56.8999275502067,4.20377980819715,0.937192177717125,10.86,0,0,1304,0
110,120,56.8999275502067,4.20377980819715,0.937192177717125,13.51,0,0,803,0
110,120,56.8999275502067,4.20377980819715,0.937192177717125,15.45,0,0,951,0
111,120,78.5684042882424,4.88930209310326,0.761366656932295,0,101,120000,0,1
111,120,78.5684042882424,4.88930209310326,0.761366656932295,8.57,0,0,1174,0
111,120,78.5684042882424,4.88930209310326,0.761366656932295,16.64,0,0,641,0
111,120,78.5684042882424,4.88930209310326,0.761366656932295,18.31,0,0,448,0
111,120,78.5684042882424,4.88930209310326,0.761366656932295,19.33,0,0,461,0
112,120,76.4327857789769,3.3486346585724,1.09124957703597,0,101,120000,0,1
112,120,76.4327857789769,3.3486346585724,1.09124957703597,6.44,0,0,1171,0
112,120,76.4327857789769,3.3486346585724,1.09124957703597,7.8,0,0,1101,0
112,120,76.4327857789769,3.3486346585724,1.09124957703597,11.01,0,0,905,0
112,120,76.4327857789769,3.3486346585724,1.09124957703597,15.94,0,0,494,0
113,120,59.5136065419446,2.75351345633699,1.34949070091867,0,101,120000,0,1
113,120,59.5136065419446,2.75351345633699,1.34949070091867,2.44,0,0,2150,0
113,120,59.5136065419446,2.75351345633699,1.34949070091867,8.81,0,0,1206,0
113,120,59.5136065419446,2.75351345633699,1.34949070091867,9.29,0,0,1044,0
113,120,59.5136065419446,2.75351345633699,1.34949070091867,14.37,0,0,1187,0
114,120,51.2439611869655,7.7392403306371,0.619067818852989,0,101,120000,0,1
114,120,51.2439611869655,7.7392403306371,0.619067818852989,0.48,0,0,608,0
114,120,51.2439611869655,7.7392403306371,0.619067818852989,3.24,0,0,1595,0
114,120,51.2439611869655,7.7392403306371,0.619067818852989,17.06,0,0,348,0
114,120,51.2439611869655,7.7392403306371,0.619067818852989,21.04,0,0,145,0
115,120,72.1124833786057,2.59863541552822,1.30902290215286,0,101,120000,0,1
115,120,72.1124833786057,2.59863541552822,1.30902290215286,2.93,0,0,1571,0
115,120,72.1124833786057,2.59863541552822,1.30902290215286,5.61,0,0,2347,0
115,120,72.1124833786057,2.59863541552822,1.30902290215286,15.19,0,0,869,0
115,120,72.1124833786057,2.59863541552822,1.30902290215286,19.6,0,0,1005,0
116,120,59.7120106294799,5.2008204702252,0.696652470935669,0,101,120000,0,1
116,120,59.7120106294799,5.2008204702252,0.696652470935669,7.62,0,0,1398,0
116,120,59.7120106294799,5.2008204702252,0.696652470935669,12.6,0,0,746,0
116,120,59.7120106294799,5.2008204702252,0.696652470935669,12.64,0,0,800,0
116,120,59.7120106294799,5.2008204702252,0.696652470935669,14.56,0,0,566,0
117,120,70.2453278613941,4.04474882480691,0.839335427687237,0,101,120000,0,1
117,120,70.2453278613941,4.04474882480691,0.839335427687237,2.84,0,0,1485,0
117,120,70.2453278613941,4.04474882480691,0.839335427687237,3.89,0,0,1576,0
117,120,70.2453278613941,4.04474882480691,0.839335427687237,4.19,0,0,1458,0
117,120,70.2453278613941,4.04474882480691,0.839335427687237,15.33,0,0,665,0
118,120,98.7948382637183,4.3940195627933,1.44390353414032,0,101,120000,0,1
118,120,98.7948382637183,4.3940195627933,1.44390353414032,9.6,0,0,1011,0
118,120,98.7948382637183,4.3940195627933,1.44390353414032,13.56,0,0,782,0
118,120,98.7948382637183,4.3940195627933,1.44390353414032,18.66,0,0,566,0
118,120,98.7948382637183,4.3940195627933,1.44390353414032,21.45,0,0,493,0
119,120,139.40505577756,4.30192143429791,0.911563939447825,0,101,120000,0,1
119,120,139.40505577756,4.30192143429791,0.911563939447825,8.26,0,0,434,0
119,120,139.40505577756,4.30192143429791,0.911563939447825,8.29,0,0,587,0
119,120,139.40505577756,4.30192143429791,0.911563939447825,11.39,0,0,505,0
119,120,139.40505577756,4.30192143429791,0.911563939447825,23.82,0,0,599,0
120,120,56.8125767700664,4.13474463055315,1.13601845566869,0,101,120000,0,1
120,120,56.8125767700664,4.13474463055315,1.13601845566869,2.1,0,0,1449,0
120,120,56.8125767700664,4.13474463055315,1.13601845566869,15.82,0,0,838,0
120,120,56.8125767700664,4.13474463055315,1.13601845566869,16.73,0,0,789,0
120,120,56.8125767700664,4.13474463055315,1.13601845566869,23.82,0,0,327,0
