ID,DOSE,V,CL,KA,TIME,EVID,AMT,DV,EVIDNM
1,10,55.9302799729744,6.08831871357816,1.31665770793909,0,101,10000,0,1
1,10,55.9302799729744,6.08831871357816,1.31665770793909,6.71,0,0,77,0
1,10,55.9302799729744,6.08831871357816,1.31665770793909,7.79,0,0,87,0
1,10,55.9302799729744,6.08831871357816,1.31665770793909,17.27,0,0,34,0
1,10,55.9302799729744,6.08831871357816,1.31665770793909,20.38,0,0,24,0
2,10,119.692981640209,5.2960198828758,0.808833006425565,0,101,10000,0,1
2,10,119.692981640209,5.2960198828758,0.808833006425565,5.44,0,0,61,0
2,10,119.692981640209,5.2960198828758,0.808833006425565,6.61,0,0,79,0
2,10,119.692981640209,5.2960198828758,0.808833006425565,15.55,0,0,55,0
2,10,119.692981640209,5.2960198828758,0.808833006425565,19.99,0,0,34,0
3,10,75.3261925101146,4.27557961641726,1.04265416805334,0,101,10000,0,1
3,10,75.3261925101146,4.27557961641726,1.04265416805334,9.15,0,0,77,0
3,10,75.3261925101146,4.27557961641726,1.04265416805334,10.03,0,0,90,0
3,10,75.3261925101146,4.27557961641726,1.04265416805334,21,0,0,24,0
3,10,75.3261925101146,4.27557961641726,1.04265416805334,22.74,0,0,36,0
4,10,48.924450749587,9.19389835458328,0.915813778014054,0,101,10000,0,1
4,10,48.924450749587,9.19389835458328,0.915813778014054,1.22,0,0,141,0
4,10,48.924450749587,9.19389835458328,0.915813778014054,7.74,0,0,67,0
4,10,48.924450749587,9.19389835458328,0.915813778014054,13.55,0,0,16,0
4,10,48.924450749587,9.19389835458328,0.915813778014054,21.36,0,0,5,0
5,10,84.0291411444788,4.12565552390764,1.79437250193021,0,101,10000,0,1
5,10,84.0291411444788,4.12565552390764,1.79437250193021,2.94,0,0,72,0
5,10,84.0291411444788,4.12565552390764,1.79437250193021,7.25,0,0,104,0
5,10,84.0291411444788,4.12565552390764,1.79437250193021,8.58,0,0,72,0
5,10,84.0291411444788,4.12565552390764,1.79437250193021,22.55,0,0,41,0
6,10,55.2050018966878,4.31053274062669,1.59230502078416,0,101,10000,0,1
6,10,55.2050018966878,4.31053274062669,1.59230502078416,6.84,0,0,104,0
6,10,55.2050018966878,4.31053274062669,1.59230502078416,12.81,0,0,80,0
6,10,55.2050018966878,4.31053274062669,1.59230502078416,15.66,0,0,46,0
6,10,55.2050018966878,4.31053274062669,1.59230502078416,19.83,0,0,47,0
7,10,54.8124496589085,2.57104205472932,0.457144949166972,0,101,10000,0,1
7,10,54.8124496589085,2.57104205472932,0.457144949166972,6.02,0,0,123,0
7,10,54.8124496589085,2.57104205472932,0.457144949166972,15.09,0,0,123,0
7,10,54.8124496589085,2.57104205472932,0.457144949166972,15.36,0,0,86,0
7,10,54.8124496589085,2.57104205472932,0.457144949166972,19.35,0,0,74,0
8,10,54.9925352181239,4.60777183588762,0.946293047139213,0,101,10000,0,1
8,10,54.9925352181239,4.60777183588762,0.946293047139213,2.11,0,0,201,0
8,10,54.9925352181239,4.60777183588762,0.946293047139213,6.94,0,0,162,0
8,10,54.9925352181239,4.60777183588762,0.946293047139213,15.07,0,0,70,0
8,10,54.9925352181239,4.60777183588762,0.946293047139213,22.9,0,0,32,0
9,10,46.9335740118174,4.47181814696205,1.1061424257434,0,101,10000,0,1
9,10,46.9335740118174,4.47181814696205,1.1061424257434,8.1,0,0,94,0
9,10,46.9335740118174,4.47181814696205,1.1061424257434,10.21,0,0,96,0
9,10,46.9335740118174,4.47181814696205,1.1061424257434,14.6,0,0,61,0
9,10,46.9335740118174,4.47181814696205,1.1061424257434,18.36,0,0,37,0
10,10,68.5107122750006,4.11008641352915,0.726100779940924,0,101,10000,0,1
10,10,68.5107122750006,4.11008641352915,0.726100779940924,4.58,0,0,129,0
10,10,68.5107122750006,4.11008641352915,0.726100779940924,11.31,0,0,114,0
10,10,68.5107122750006,4.11008641352915,0.726100779940924,14.81,0,0,67,0
10,10,68.5107122750006,4.11008641352915,0.726100779940924,19.95,0,0,31,0
11,10,90.344848945218,2.89777091192783,1.09494368994616,0,101,10000,0,1
11,10,90.344848945218,2.89777091192783,1.09494368994616,3.33,0,0,112,0
11,10,90.344848945218,2.89777091192783,1.09494368994616,6.86,0,0,82,0
11,10,90.344848945218,2.89777091192783,1.09494368994616,10.05,0,0,72,0
11,10,90.344848945218,2.89777091192783,1.09494368994616,20.52,0,0,71,0
12,10,65.1913004497333,6.01085443031783,1.1501230642149,0,101,10000,0,1
12,10,65.1913004497333,6.01085443031783,1.1501230642149,1.52,0,0,125,0
12,10,65.1913004497333,6.01085443031783,1.1501230642149,8.2,0,0,49,0
12,10,65.1913004497333,6.01085443031783,1.1501230642149,9.28,0,0,94,0
12,10,65.1913004497333,6.01085443031783,1.1501230642149,15.13,0,0,63,0
13,10,48.9298702131418,3.92532139857961,1.35874149804042,0,101,10000,0,1
13,10,48.9298702131418,3.92532139857961,1.35874149804042,6.36,0,0,183,0
13,10,48.9298702131418,3.92532139857961,1.35874149804042,9.36,0,0,115,0
13,10,48.9298702131418,3.92532139857961,1.35874149804042,11.8,0,0,61,0
13,10,48.9298702131418,3.92532139857961,1.35874149804042,12.73,0,0,58,0
14,10,94.2843640507784,4.50147857096228,0.99796404475207,0,101,10000,0,1
14,10,94.2843640507784,4.50147857096228,0.99796404475207,8.85,0,0,71,0
14,10,94.2843640507784,4.50147857096228,0.99796404475207,8.96,0,0,68,0
14,10,94.2843640507784,4.50147857096228,0.99796404475207,11.9,0,0,53,0
14,10,94.2843640507784,4.50147857096228,0.99796404475207,13.54,0,0,61,0
15,10,70.1407391852051,2.57783978104609,0.997657108666026,0,101,10000,0,1
15,10,70.1407391852051,2.57783978104609,0.997657108666026,19.91,0,0,61,0
15,10,70.1407391852051,2.57783978104609,0.997657108666026,21.22,0,0,80,0
15,10,70.1407391852051,2.57783978104609,0.997657108666026,21.53,0,0,56,0
15,10,70.1407391852051,2.57783978104609,0.997657108666026,21.69,0,0,99,0
16,10,74.8539546743402,5.14028446918603,0.689626949986627,0,101,10000,0,1
16,10,74.8539546743402,5.14028446918603,0.689626949986627,0.02,0,0,2,0
16,10,74.8539546743402,5.14028446918603,0.689626949986627,12.47,0,0,86,0
16,10,74.8539546743402,5.14028446918603,0.689626949986627,19.84,0,0,30,0
16,10,74.8539546743402,5.14028446918603,0.689626949986627,20.73,0,0,45,0
17,10,132.835393092813,4.08626826562471,0.910367786476241,0,101,10000,0,1
17,10,132.835393092813,4.08626826562471,0.910367786476241,4.11,0,0,89,0
17,10,132.835393092813,4.08626826562471,0.910367786476241,4.59,0,0,51,0
17,10,132.835393092813,4.08626826562471,0.910367786476241,7.64,0,0,61,0
17,10,132.835393092813,4.08626826562471,0.910367786476241,14.1,0,0,47,0
18,10,52.5003886373405,3.05490098617671,1.08958864225309,0,101,10000,0,1
18,10,52.5003886373405,3.05490098617671,1.08958864225309,7.08,0,0,100,0
18,10,52.5003886373405,3.05490098617671,1.08958864225309,8.94,0,0,88,0
18,10,52.5003886373405,3.05490098617671,1.08958864225309,11.21,0,0,83,0
18,10,52.5003886373405,3.05490098617671,1.08958864225309,12.59,0,0,115,0
19,10,118.016884237653,3.92952569934015,1.21819418808182,0,101,10000,0,1
19,10,118.016884237653,3.92952569934015,1.21819418808182,1.89,0,0,76,0
19,10,118.016884237653,3.92952569934015,1.21819418808182,6.32,0,0,73,0
19,10,118.016884237653,3.92952569934015,1.21819418808182,8.14,0,0,84,0
19,10,118.016884237653,3.92952569934015,1.21819418808182,11.4,0,0,82,0
20,10,126.325872974953,4.33339209297247,0.644508796417564,0,101,10000,0,1
20,10,126.325872974953,4.33339209297247,0.644508796417564,0.08,0,0,4,0
20,10,126.325872974953,4.33339209297247,0.644508796417564,5.73,0,0,47,0
20,10,126.325872974953,4.33339209297247,0.644508796417564,8.72,0,0,68,0
20,10,126.325872974953,4.33339209297247,0.644508796417564,13.55,0,0,49,0
21,10,65.0576246132418,6.45988230253688,1.56792902884943,0,101,10000,0,1
21,10,65.0576246132418,6.45988230253688,1.56792902884943,1.46,0,0,116,0
21,10,65.0576246132418,6.45988230253688,1.56792902884943,15.11,0,0,43,0
21,10,65.0576246132418,6.45988230253688,1.56792902884943,15.7,0,0,36,0
21,10,65.0576246132418,6.45988230253688,1.56792902884943,16.42,0,0,26,0
22,10,87.6299367220447,4.47430085092347,1.36552820758603,0,101,10000,0,1
22,10,87.6299367220447,4.47430085092347,1.36552820758603,1.43,0,0,88,0
22,10,87.6299367220447,4.47430085092347,1.36552820758603,1.74,0,0,109,0
22,10,87.6299367220447,4.47430085092347,1.36552820758603,13.83,0,0,58,0
22,10,87.6299367220447,4.47430085092347,1.36552820758603,19.06,0,0,42,0
23,10,57.1644971449315,2.92342499839701,1.78396195946854,0,101,10000,0,1
23,10,57.1644971449315,2.92342499839701,1.78396195946854,7.79,0,0,98,0
23,10,57.1644971449315,2.92342499839701,1.78396195946854,9.21,0,0,103,0
23,10,57.1644971449315,2.92342499839701,1.78396195946854,10.72,0,0,92,0
23,10,57.1644971449315,2.92342499839701,1.78396195946854,11.07,0,0,84,0
24,10,58.3300131820951,4.38183368096619,1.10329749369402,0,101,10000,0,1
24,10,58.3300131820951,4.38183368096619,1.10329749369402,0.53,0,0,108,0
24,10,58.3300131820951,4.38183368096619,1.10329749369402,6.74,0,0,98,0
24,10,58.3300131820951,4.38183368096619,1.10329749369402,7.62,0,0,92,0
24,10,58.3300131820951,4.38183368096619,1.10329749369402,10.76,0,0,69,0
25,10,73.332026351015,4.86477608351581,1.23462778576169,0,101,10000,0,1
25,10,73.332026351015,4.86477608351581,1.23462778576169,2.66,0,0,177,0
25,10,73.332026351015,4.86477608351581,1.23462778576169,3.72,0,0,99,0
25,10,73.332026351015,4.86477608351581,1.23462778576169,12.35,0,0,54,0
25,10,73.332026351015,4.86477608351581,1.23462778576169,13.3,0,0,69,0
26,10,76.8641497847503,4.22056833989669,1.20614376011312,0,101,10000,0,1
26,10,76.8641497847503,4.22056833989669,1.20614376011312,3.7,0,0,168,0
26,10,76.8641497847503,4.22056833989669,1.20614376011312,17.29,0,0,42,0
26,10,76.8641497847503,4.22056833989669,1.20614376011312,17.33,0,0,61,0
26,10,76.8641497847503,4.22056833989669,1.20614376011312,19.33,0,0,42,0
27,10,93.2505511550226,5.02985535819884,0.726390165416407,0,101,10000,0,1
27,10,93.2505511550226,5.02985535819884,0.726390165416407,0.63,0,0,30,0
27,10,93.2505511550226,5.02985535819884,0.726390165416407,8.8,0,0,68,0
27,10,93.2505511550226,5.02985535819884,0.726390165416407,13.27,0,0,67,0
27,10,93.2505511550226,5.02985535819884,0.726390165416407,22.64,0,0,40,0
28,10,63.7060493229421,7.64197691029684,0.611842858013555,0,101,10000,0,1
28,10,63.7060493229421,7.64197691029684,0.611842858013555,1.22,0,0,81,0
28,10,63.7060493229421,7.64197691029684,0.611842858013555,9.82,0,0,39,0
28,10,63.7060493229421,7.64197691029684,0.611842858013555,14.12,0,0,30,0
28,10,63.7060493229421,7.64197691029684,0.611842858013555,18.78,0,0,18,0
29,10,76.2068604512803,4.52080565700211,0.692881904261596,0,101,10000,0,1
29,10,76.2068604512803,4.52080565700211,0.692881904261596,4.91,0,0,88,0
29,10,76.2068604512803,4.52080565700211,0.692881904261596,9.75,0,0,64,0
29,10,76.2068604512803,4.52080565700211,0.692881904261596,10.72,0,0,62,0
29,10,76.2068604512803,4.52080565700211,0.692881904261596,23.12,0,0,42,0
30,10,69.0838588753168,4.0469898529511,1.10182590978482,0,101,10000,0,1
30,10,69.0838588753168,4.0469898529511,1.10182590978482,2.74,0,0,88,0
30,10,69.0838588753168,4.0469898529511,1.10182590978482,4.13,0,0,130,0
30,10,69.0838588753168,4.0469898529511,1.10182590978482,14.21,0,0,74,0
30,10,69.0838588753168,4.0469898529511,1.10182590978482,19.33,0,0,37,0
31,30,65.2308060781094,2.96843770012567,0.913823998510292,0,101,30000,0,1
31,30,65.2308060781094,2.96843770012567,0.913823998510292,1.23,0,0,367,0
31,30,65.2308060781094,2.96843770012567,0.913823998510292,2.83,0,0,286,0
31,30,65.2308060781094,2.96843770012567,0.913823998510292,12.15,0,0,305,0
31,30,65.2308060781094,2.96843770012567,0.913823998510292,12.22,0,0,287,0
32,30,114.044207768517,3.03945479069179,0.706548299537408,0,101,30000,0,1
32,30,114.044207768517,3.03945479069179,0.706548299537408,7.33,0,0,159,0
32,30,114.044207768517,3.03945479069179,0.706548299537408,14.55,0,0,193,0
32,30,114.044207768517,3.03945479069179,0.706548299537408,14.58,0,0,191,0
32,30,114.044207768517,3.03945479069179,0.706548299537408,22.03,0,0,169,0
33,30,102.387074355142,4.33625910387439,0.968694679315155,0,101,30000,0,1
33,30,102.387074355142,4.33625910387439,0.968694679315155,1.54,0,0,180,0
33,30,102.387074355142,4.33625910387439,0.968694679315155,12.05,0,0,145,0
33,30,102.387074355142,4.33625910387439,0.968694679315155,16.97,0,0,144,0
33,30,102.387074355142,4.33625910387439,0.968694679315155,20.91,0,0,143,0
34,30,58.4358804828914,3.4846026920291,1.0606715176383,0,101,30000,0,1
34,30,58.4358804828914,3.4846026920291,1.0606715176383,1.78,0,0,325,0
34,30,58.4358804828914,3.4846026920291,1.0606715176383,7.58,0,0,209,0
34,30,58.4358804828914,3.4846026920291,1.0606715176383,12.27,0,0,308,0
34,30,58.4358804828914,3.4846026920291,1.0606715176383,20.52,0,0,127,0
35,30,64.4203048613266,4.90784060577037,0.833743588183361,0,101,30000,0,1
35,30,64.4203048613266,4.90784060577037,0.833743588183361,0.68,0,0,178,0
35,30,64.4203048613266,4.90784060577037,0.833743588183361,1.88,0,0,305,0
35,30,64.4203048613266,4.90784060577037,0.833743588183361,3.32,0,0,275,0
35,30,64.4203048613266,4.90784060577037,0.833743588183361,22.96,0,0,77,0
36,30,59.3417347888382,2.41054397131103,1.43833985314197,0,101,30000,0,1
36,30,59.3417347888382,2.41054397131103,1.43833985314197,0.26,0,0,132,0
36,30,59.3417347888382,2.41054397131103,1.43833985314197,6.19,0,0,361,0
36,30,59.3417347888382,2.41054397131103,1.43833985314197,16.73,0,0,220,0
36,30,59.3417347888382,2.41054397131103,1.43833985314197,23.09,0,0,327,0
37,30,63.5822618982388,4.37759993411215,0.394973361906175,0,101,30000,0,1
37,30,63.5822618982388,4.37759993411215,0.394973361906175,10.38,0,0,291,0
37,30,63.5822618982388,4.37759993411215,0.394973361906175,16.74,0,0,211,0
37,30,63.5822618982388,4.37759993411215,0.394973361906175,19.93,0,0,130,0
37,30,63.5822618982388,4.37759993411215,0.394973361906175,21.2,0,0,108,0
38,30,129.508374913735,3.64436927650515,2.07290101085961,0,101,30000,0,1
38,30,129.508374913735,3.64436927650515,2.07290101085961,10.96,0,0,125,0
38,30,129.508374913735,3.64436927650515,2.07290101085961,11.84,0,0,178,0
38,30,129.508374913735,3.64436927650515,2.07290101085961,17.12,0,0,137,0
38,30,129.508374913735,3.64436927650515,2.07290101085961,17.8,0,0,141,0
39,30,92.2470289688667,3.62439953517015,1.30038168310313,0,101,30000,0,1
39,30,92.2470289688667,3.62439953517015,1.30038168310313,1.28,0,0,310,0
39,30,92.2470289688667,3.62439953517015,1.30038168310313,19.81,0,0,181,0
39,30,92.2470289688667,3.62439953517015,1.30038168310313,21.86,0,0,157,0
39,30,92.2470289688667,3.62439953517015,1.30038168310313,22.59,0,0,146,0
40,30,96.0171619704947,3.2739092287531,1.31683739211145,0,101,30000,0,1
40,30,96.0171619704947,3.2739092287531,1.31683739211145,10.67,0,0,189,0
40,30,96.0171619704947,3.2739092287531,1.31683739211145,15.03,0,0,220,0
40,30,96.0171619704947,3.2739092287531,1.31683739211145,22.65,0,0,132,0
40,30,96.0171619704947,3.2739092287531,1.31683739211145,23.93,0,0,85,0
41,30,60.2344675173901,3.15294858809623,1.2048579650695,0,101,30000,0,1
41,30,60.2344675173901,3.15294858809623,1.2048579650695,1.33,0,0,486,0
41,30,60.2344675173901,3.15294858809623,1.2048579650695,17.01,0,0,188,0
41,30,60.2344675173901,3.15294858809623,1.2048579650695,18.45,0,0,202,0
41,30,60.2344675173901,3.15294858809623,1.2048579650695,20.79,0,0,202,0
42,30,151.429034749101,3.54126543865631,1.87285550263699,0,101,30000,0,1
42,30,151.429034749101,3.54126543865631,1.87285550263699,5.24,0,0,179,0
42,30,151.429034749101,3.54126543865631,1.87285550263699,9.1,0,0,149,0
42,30,151.429034749101,3.54126543865631,1.87285550263699,18.03,0,0,179,0
42,30,151.429034749101,3.54126543865631,1.87285550263699,22.81,0,0,125,0
43,30,95.9292361095359,3.45254212161575,0.858830989709163,0,101,30000,0,1
43,30,95.9292361095359,3.45254212161575,0.858830989709163,0.56,0,0,124,0
43,30,95.9292361095359,3.45254212161575,0.858830989709163,3.8,0,0,198,0
43,30,95.9292361095359,3.45254212161575,0.858830989709163,11.24,0,0,201,0
43,30,95.9292361095359,3.45254212161575,0.858830989709163,20.93,0,0,135,0
44,30,126.800981114765,7.07808512008123,1.06256735895537,0,101,30000,0,1
44,30,126.800981114765,7.07808512008123,1.06256735895537,16.95,0,0,132,0
44,30,126.800981114765,7.07808512008123,1.06256735895537,18.28,0,0,109,0
44,30,126.800981114765,7.07808512008123,1.06256735895537,22,0,0,84,0
45,30,87.3104138487641,3.50810185669952,1.02618931452318,0,101,30000,0,1
45,30,87.3104138487641,3.50810185669952,1.02618931452318,14.43,0,0,197,0
45,30,87.3104138487641,3.50810185669952,1.02618931452318,15.22,0,0,183,0
45,30,87.3104138487641,3.50810185669952,1.02618931452318,15.79,0,0,151,0
45,30,87.3104138487641,3.50810185669952,1.02618931452318,22.73,0,0,100,0
46,30,64.4806804537688,4.68834691602163,1.360806239162,0,101,30000,0,1
46,30,64.4806804537688,4.68834691602163,1.360806239162,0.34,0,0,161,0
46,30,64.4806804537688,4.68834691602163,1.360806239162,1.74,0,0,382,0
46,30,64.4806804537688,4.68834691602163,1.360806239162,14.2,0,0,196,0
46,30,64.4806804537688,4.68834691602163,1.360806239162,20.62,0,0,105,0
47,30,115.063554817846,5.89267989003854,0.866846493870414,0,101,30000,0,1
47,30,115.063554817846,5.89267989003854,0.866846493870414,3.62,0,0,180,0
47,30,115.063554817846,5.89267989003854,0.866846493870414,7.24,0,0,206,0
47,30,115.063554817846,5.89267989003854,0.866846493870414,8.59,0,0,220,0
47,30,115.063554817846,5.89267989003854,0.866846493870414,12.35,0,0,107,0
48,30,47.3219742807738,3.42971475280665,1.17083630327151,0,101,30000,0,1
48,30,47.3219742807738,3.42971475280665,1.17083630327151,8.38,0,0,317,0
48,30,47.3219742807738,3.42971475280665,1.17083630327151,13.52,0,0,330,0
48,30,47.3219742807738,3.42971475280665,1.17083630327151,14.39,0,0,330,0
48,30,47.3219742807738,3.42971475280665,1.17083630327151,20.7,0,0,151,0
49,30,93.6719945023572,3.82801996663963,0.968991721456758,0,101,30000,0,1
49,30,93.6719945023572,3.82801996663963,0.968991721456758,2.23,0,0,308,0
49,30,93.6719945023572,3.82801996663963,0.968991721456758,11.52,0,0,151,0
49,30,93.6719945023572,3.82801996663963,0.968991721456758,16.3,0,0,196,0
49,30,93.6719945023572,3.82801996663963,0.968991721456758,17.9,0,0,163,0
50,30,56.35160315687,3.1736704829406,0.704040672616926,0,101,30000,0,1
50,30,56.35160315687,3.1736704829406,0.704040672616926,0.47,0,0,140,0
50,30,56.35160315687,3.1736704829406,0.704040672616926,12.87,0,0,287,0
50,30,56.35160315687,3.1736704829406,0.704040672616926,17.1,0,0,214,0
50,30,56.35160315687,3.1736704829406,0.704040672616926,19.43,0,0,228,0
51,30,50.7778949854212,3.05608918646204,1.48240502779616,0,101,30000,0,1
51,30,50.7778949854212,3.05608918646204,1.48240502779616,1.12,0,0,334,0
51,30,50.7778949854212,3.05608918646204,1.48240502779616,3.39,0,0,342,0
51,30,50.7778949854212,3.05608918646204,1.48240502779616,13.6,0,0,209,0
51,30,50.7778949854212,3.05608918646204,1.48240502779616,23.45,0,0,138,0
52,30,74.5309205345246,2.68276639028647,0.966694257396247,0,101,30000,0,1
52,30,74.5309205345246,2.68276639028647,0.966694257396247,2.91,0,0,248,0
52,30,74.5309205345246,2.68276639028647,0.966694257396247,3.18,0,0,344,0
52,30,74.5309205345246,2.68276639028647,0.966694257396247,16.03,0,0,259,0
52,30,74.5309205345246,2.68276639028647,0.966694257396247,23.34,0,0,227,0
53,30,64.7417418101691,3.41942509534508,1.47340939537165,0,101,30000,0,1
53,30,64.7417418101691,3.41942509534508,1.47340939537165,0.75,0,0,330,0
53,30,64.7417418101691,3.41942509534508,1.47340939537165,13.21,0,0,266,0
53,30,64.7417418101691,3.41942509534508,1.47340939537165,16.61,0,0,172,0
53,30,64.7417418101691,3.41942509534508,1.47340939537165,19.81,0,0,150,0
54,30,96.0896252617364,4.7725699336639,1.73469430206549,0,101,30000,0,1
54,30,96.0896252617364,4.7725699336639,1.73469430206549,8.79,0,0,177,0
54,30,96.0896252617364,4.7725699336639,1.73469430206549,13.53,0,0,154,0
54,30,96.0896252617364,4.7725699336639,1.73469430206549,17.38,0,0,175,0
54,30,96.0896252617364,4.7725699336639,1.73469430206549,17.52,0,0,144,0
55,30,92.3995985400516,3.72404423315841,0.964701069128532,0,101,30000,0,1
55,30,92.3995985400516,3.72404423315841,0.964701069128532,0.27,0,0,81,0
55,30,92.3995985400516,3.72404423315841,0.964701069128532,4.32,0,0,319,0
55,30,92.3995985400516,3.72404423315841,0.964701069128532,20.28,0,0,142,0
55,30,92.3995985400516,3.72404423315841,0.964701069128532,23.99,0,0,120,0
56,30,85.351530739963,3.04353922270666,0.754721461164868,0,101,30000,0,1
56,30,85.351530739963,3.04353922270666,0.754721461164868,3.17,0,0,337,0
56,30,85.351530739963,3.04353922270666,0.754721461164868,8.14,0,0,157,0
56,30,85.351530739963,3.04353922270666,0.754721461164868,18.92,0,0,237,0
56,30,85.351530739963,3.04353922270666,0.754721461164868,22.13,0,0,164,0
57,30,67.4136731298408,3.68819270892479,0.934062108508898,0,101,30000,0,1
57,30,67.4136731298408,3.68819270892479,0.934062108508898,5.43,0,0,347,0
57,30,67.4136731298408,3.68819270892479,0.934062108508898,14.03,0,0,313,0
57,30,67.4136731298408,3.68819270892479,0.934062108508898,15.68,0,0,140,0
57,30,67.4136731298408,3.68819270892479,0.934062108508898,16.61,0,0,210,0
58,30,41.3123214927886,2.09481275510054,0.749192564296024,0,101,30000,0,1
58,30,41.3123214927886,2.09481275510054,0.749192564296024,13.26,0,0,584,0
58,30,41.3123214927886,2.09481275510054,0.749192564296024,15.89,0,0,559,0
58,30,41.3123214927886,2.09481275510054,0.749192564296024,17.77,0,0,276,0
58,30,41.3123214927886,2.09481275510054,0.749192564296024,19.35,0,0,220,0
59,30,33.9803817296704,4.92633314512064,1.41965586816026,0,101,30000,0,1
59,30,33.9803817296704,4.92633314512064,1.41965586816026,4.68,0,0,546,0
59,30,33.9803817296704,4.92633314512064,1.41965586816026,11.12,0,0,231,0
59,30,33.9803817296704,4.92633314512064,1.41965586816026,17.39,0,0,99,0
59,30,33.9803817296704,4.92633314512064,1.41965586816026,23.41,0,0,27,0
60,30,128.184548364701,2.38680473644555,1.14238425501513,0,101,30000,0,1
60,30,128.184548364701,2.38680473644555,1.14238425501513,0.83,0,0,141,0
60,30,128.184548364701,2.38680473644555,1.14238425501513,13.12,0,0,262,0
60,30,128.184548364701,2.38680473644555,1.14238425501513,14.38,0,0,205,0
60,30,128.184548364701,2.38680473644555,1.14238425501513,17.33,0,0,153,0
61,60,116.770749411723,3.86306965152549,0.899626180093852,0,101,60000,0,1
61,60,116.770749411723,3.86306965152549,0.899626180093852,7.48,0,0,603,0
61,60,116.770749411723,3.86306965152549,0.899626180093852,14.28,0,0,360,0
61,60,116.770749411723,3.86306965152549,0.899626180093852,19.26,0,0,344,0
61,60,116.770749411723,3.86306965152549,0.899626180093852,23.2,0,0,237,0
62,60,57.4643239277126,6.25479609620825,1.15608714867613,0,101,60000,0,1
62,60,57.4643239277126,6.25479609620825,1.15608714867613,1.13,0,0,605,0
62,60,57.4643239277126,6.25479609620825,1.15608714867613,21.66,0,0,119,0
62,60,57.4643239277126,6.25479609620825,1.15608714867613,23.22,0,0,100,0
62,60,57.4643239277126,6.25479609620825,1.15608714867613,23.5,0,0,83,0
63,60,41.4566987699288,3.75910923143523,1.05817132822232,0,101,60000,0,1
63,60,41.4566987699288,3.75910923143523,1.05817132822232,7.58,0,0,793,0
63,60,41.4566987699288,3.75910923143523,1.05817132822232,10.99,0,0,644,0
63,60,41.4566987699288,3.75910923143523,1.05817132822232,17.66,0,0,412,0
63,60,41.4566987699288,3.75910923143523,1.05817132822232,18.06,0,0,354,0
64,60,53.8180393525485,2.29681511432282,0.844421347282478,0,101,60000,0,1
64,60,53.8180393525485,2.29681511432282,0.844421347282478,4.74,0,0,892,0
64,60,53.8180393525485,2.29681511432282,0.844421347282478,5.87,0,0,898,0
64,60,53.8180393525485,2.29681511432282,0.844421347282478,6.94,0,0,865,0
64,60,53.8180393525485,2.29681511432282,0.844421347282478,18.12,0,0,581,0
65,60,64.427499768872,2.79621054683852,1.52238246346357,0,101,60000,0,1
65,60,64.427499768872,2.79621054683852,1.52238246346357,5.44,0,0,692,0
65,60,64.427499768872,2.79621054683852,1.52238246346357,11.03,0,0,445,0
65,60,64.427499768872,2.79621054683852,1.52238246346357,12.56,0,0,490,0
65,60,64.427499768872,2.79621054683852,1.52238246346357,14.65,0,0,491,0
66,60,43.5896911855739,3.76163555907159,0.933032155434856,0,101,60000,0,1
66,60,43.5896911855739,3.76163555907159,0.933032155434856,0.96,0,0,586,0
66,60,43.5896911855739,3.76163555907159,0.933032155434856,1.15,0,0,701,0
66,60,43.5896911855739,3.76163555907159,0.933032155434856,8.55,0,0,771,0
66,60,43.5896911855739,3.76163555907159,0.933032155434856,20.73,0,0,264,0
67,60,44.7208324517214,4.25113579174278,0.855629251599072,0,101,60000,0,1
67,60,44.7208324517214,4.25113579174278,0.855629251599072,0.76,0,0,676,0
67,60,44.7208324517214,4.25113579174278,0.855629251599072,12.85,0,0,686,0
67,60,44.7208324517214,4.25113579174278,0.855629251599072,18.88,0,0,283,0
67,60,44.7208324517214,4.25113579174278,0.855629251599072,20.72,0,0,232,0
68,60,55.4281432233904,4.50701999799988,1.1540141813361,0,101,60000,0,1
68,60,55.4281432233904,4.50701999799988,1.1540141813361,14.73,0,0,249,0
68,60,55.4281432233904,4.50701999799988,1.1540141813361,15.06,0,0,237,0
68,60,55.4281432233904,4.50701999799988,1.1540141813361,16.01,0,0,375,0
68,60,55.4281432233904,4.50701999799988,1.1540141813361,20.53,0,0,202,0
69,60,30.5396380417873,3.9669969805364,0.885090445652837,0,101,60000,0,1
69,60,30.5396380417873,3.9669969805364,0.885090445652837,3.11,0,0,1275,0
69,60,30.5396380417873,3.9669969805364,0.885090445652837,3.19,0,0,1217,0
69,60,30.5396380417873,3.9669969805364,0.885090445652837,16.81,0,0,221,0
69,60,30.5396380417873,3.9669969805364,0.885090445652837,19.51,0,0,128,0
70,60,54.897434223792,1.73609099539407,1.03575417750804,0,101,60000,0,1
70,60,54.897434223792,1.73609099539407,1.03575417750804,10.48,0,0,1139,0
70,60,54.897434223792,1.73609099539407,1.03575417750804,12.84,0,0,533,0
70,60,54.897434223792,1.73609099539407,1.03575417750804,17.19,0,0,806,0
70,60,54.897434223792,1.73609099539407,1.03575417750804,19.18,0,0,706,0
71,60,72.8902150437723,3.15374112906366,1.0313518056468,0,101,60000,0,1
71,60,72.8902150437723,3.15374112906366,1.0313518056468,7.05,0,0,445,0
71,60,72.8902150437723,3.15374112906366,1.0313518056468,8.57,0,0,541,0
71,60,72.8902150437723,3.15374112906366,1.0313518056468,12.69,0,0,670,0
71,60,72.8902150437723,3.15374112906366,1.0313518056468,14.96,0,0,338,0
72,60,83.029647826118,3.99693732579396,1.09228922120992,0,101,60000,0,1
72,60,83.029647826118,3.99693732579396,1.09228922120992,9.03,0,0,635,0
72,60,83.029647826118,3.99693732579396,1.09228922120992,16.9,0,0,389,0
72,60,83.029647826118,3.99693732579396,1.09228922120992,22.69,0,0,229,0
72,60,83.029647826118,3.99693732579396,1.09228922120992,23.28,0,0,199,0
73,60,82.5802694132971,4.08732438702868,0.939310986361508,0,101,60000,0,1
73,60,82.5802694132971,4.08732438702868,0.939310986361508,2.51,0,0,534,0
73,60,82.5802694132971,4.08732438702868,0.939310986361508,7.14,0,0,588,0
73,60,82.5802694132971,4.08732438702868,0.939310986361508,7.51,0,0,485,0
73,60,82.5802694132971,4.08732438702868,0.939310986361508,18.9,0,0,294,0
74,60,69.325922355228,2.34973145400993,0.711723854534031,0,101,60000,0,1
74,60,69.325922355228,2.34973145400993,0.711723854534031,4.59,0,0,511,0
74,60,69.325922355228,2.34973145400993,0.711723854534031,18.63,0,0,442,0
74,60,69.325922355228,2.34973145400993,0.711723854534031,23.03,0,0,338,0
74,60,69.325922355228,2.34973145400993,0.711723854534031,23.05,0,0,383,0
75,60,78.1783281585453,3.8547277086347,1.03294347889343,0,101,60000,0,1
75,60,78.1783281585453,3.8547277086347,1.03294347889343,0.66,0,0,433,0
75,60,78.1783281585453,3.8547277086347,1.03294347889343,9.48,0,0,397,0
75,60,78.1783281585453,3.8547277086347,1.03294347889343,19.46,0,0,331,0
75,60,78.1783281585453,3.8547277086347,1.03294347889343,22.06,0,0,258,0
76,60,79.2627512675154,4.07199656459896,1.54857937057832,0,101,60000,0,1
76,60,79.2627512675154,4.07199656459896,1.54857937057832,0.52,0,0,448,0
76,60,79.2627512675154,4.07199656459896,1.54857937057832,12.29,0,0,512,0
76,60,79.2627512675154,4.07199656459896,1.54857937057832,16.72,0,0,358,0
76,60,79.2627512675154,4.07199656459896,1.54857937057832,23.78,0,0,169,0
77,60,59.6581101442208,4.66272514385439,0.82514095045788,0,101,60000,0,1
77,60,59.6581101442208,4.66272514385439,0.82514095045788,4.73,0,0,911,0
77,60,59.6581101442208,4.66272514385439,0.82514095045788,16.46,0,0,297,0
77,60,59.6581101442208,4.66272514385439,0.82514095045788,18.9,0,0,312,0
77,60,59.6581101442208,4.66272514385439,0.82514095045788,21.8,0,0,174,0
78,60,102.587488214118,3.94979705571425,1.14353268003897,0,101,60000,0,1
78,60,102.587488214118,3.94979705571425,1.14353268003897,0.99,0,0,394,0
78,60,102.587488214118,3.94979705571425,1.14353268003897,3.46,0,0,490,0
78,60,102.587488214118,3.94979705571425,1.14353268003897,8.83,0,0,356,0
78,60,102.587488214118,3.94979705571425,1.14353268003897,13.48,0,0,403,0
79,60,64.5400265393264,8.52657578516469,0.887863835550158,0,101,60000,0,1
79,60,64.5400265393264,8.52657578516469,0.887863835550158,1.47,0,0,558,0
79,60,64.5400265393264,8.52657578516469,0.887863835550158,12.48,0,0,295,0
79,60,64.5400265393264,8.52657578516469,0.887863835550158,15.67,0,0,101,0
79,60,64.5400265393264,8.52657578516469,0.887863835550158,19.73,0,0,94,0
80,60,64.8932276016421,4.27873152298588,1.31007509483037,0,101,60000,0,1
80,60,64.8932276016421,4.27873152298588,1.31007509483037,2.81,0,0,1063,0
80,60,64.8932276016421,4.27873152298588,1.31007509483037,6.71,0,0,727,0
80,60,64.8932276016421,4.27873152298588,1.31007509483037,14.99,0,0,339,0
80,60,64.8932276016421,4.27873152298588,1.31007509483037,17.18,0,0,257,0
81,60,59.2645625175963,3.96642083851157,0.82017802842729,0,101,60000,0,1
81,60,59.2645625175963,3.96642083851157,0.82017802842729,4.34,0,0,524,0
81,60,59.2645625175963,3.96642083851157,0.82017802842729,4.99,0,0,1031,0
81,60,59.2645625175963,3.96642083851157,0.82017802842729,21.5,0,0,176,0
81,60,59.2645625175963,3.96642083851157,0.82017802842729,22.46,0,0,224,0
82,60,80.0236544988843,5.6159353454647,1.054281315175,0,101,60000,0,1
82,60,80.0236544988843,5.6159353454647,1.054281315175,6.55,0,0,595,0
82,60,80.0236544988843,5.6159353454647,1.054281315175,7.49,0,0,243,0
82,60,80.0236544988843,5.6159353454647,1.054281315175,14.95,0,0,247,0
82,60,80.0236544988843,5.6159353454647,1.054281315175,23.76,0,0,335,0
83,60,65.1868528892808,3.86614560005124,0.781177732766717,0,101,60000,0,1
83,60,65.1868528892808,3.86614560005124,0.781177732766717,4.23,0,0,574,0
83,60,65.1868528892808,3.86614560005124,0.781177732766717,13.36,0,0,564,0
83,60,65.1868528892808,3.86614560005124,0.781177732766717,16.44,0,0,459,0
83,60,65.1868528892808,3.86614560005124,0.781177732766717,22.8,0,0,243,0
84,60,104.688573876254,6.01884245973535,0.883114637104601,0,101,60000,0,1
84,60,104.688573876254,6.01884245973535,0.883114637104601,8.11,0,0,363,0
84,60,104.688573876254,6.01884245973535,0.883114637104601,15.16,0,0,227,0
84,60,104.688573876254,6.01884245973535,0.883114637104601,18.45,0,0,219,0
84,60,104.688573876254,6.01884245973535,0.883114637104601,18.6,0,0,187,0
85,60,60.3205105039584,3.83386296953087,1.0568428006754,0,101,60000,0,1
85,60,60.3205105039584,3.83386296953087,1.0568428006754,13.91,0,0,572,0
85,60,60.3205105039584,3.83386296953087,1.0568428006754,20.4,0,0,306,0
85,60,60.3205105039584,3.83386296953087,1.0568428006754,22.8,0,0,244,0
85,60,60.3205105039584,3.83386296953087,1.0568428006754,23.06,0,0,298,0
86,60,101.055316925807,3.60061962607172,1.15669530221846,0,101,60000,0,1
86,60,101.055316925807,3.60061962607172,1.15669530221846,5.79,0,0,559,0
86,60,101.055316925807,3.60061962607172,1.15669530221846,12.89,0,0,546,0
86,60,101.055316925807,3.60061962607172,1.15669530221846,14.39,0,0,391,0
86,60,101.055316925807,3.60061962607172,1.15669530221846,15.99,0,0,257,0
87,60,91.6692951504402,4.87293985349806,0.886593417201573,0,101,60000,0,1
87,60,91.6692951504402,4.87293985349806,0.886593417201573,10.79,0,0,380,0
87,60,91.6692951504402,4.87293985349806,0.886593417201573,13.79,0,0,348,0
87,60,91.6692951504402,4.87293985349806,0.886593417201573,14.28,0,0,298,0
87,60,91.6692951504402,4.87293985349806,0.886593417201573,14.29,0,0,287,0
88,60,49.3243597459457,4.52660946777739,1.95354171687319,0,101,60000,0,1
88,60,49.3243597459457,4.52660946777739,1.95354171687319,2.88,0,0,819,0
88,60,49.3243597459457,4.52660946777739,1.95354171687319,7.2,0,0,474,0
88,60,49.3243597459457,4.52660946777739,1.95354171687319,12.27,0,0,390,0
88,60,49.3243597459457,4.52660946777739,1.95354171687319,13.69,0,0,296,0
89,60,56.4966997800776,6.09511848666259,1.2313759677085,0,101,60000,0,1
89,60,56.4966997800776,6.09511848666259,1.2313759677085,2.48,0,0,869,0
89,60,56.4966997800776,6.09511848666259,1.2313759677085,3.03,0,0,922,0
89,60,56.4966997800776,6.09511848666259,1.2313759677085,8.04,0,0,456,0
89,60,56.4966997800776,6.09511848666259,1.2313759677085,17.87,0,0,187,0
90,60,49.27474139915,3.91044829633007,1.03585458656257,0,101,60000,0,1
90,60,49.27474139915,3.91044829633007,1.03585458656257,3.64,0,0,959,0
90,60,49.27474139915,3.91044829633007,1.03585458656257,18.12,0,0,227,0
90,60,49.27474139915,3.91044829633007,1.03585458656257,21.46,0,0,251,0
90,60,49.27474139915,3.91044829633007,1.03585458656257,22.01,0,0,335,0
91,120,97.9921441756014,3.39802210244118,0.861854373623177,0,101,120000,0,1
91,120,97.9921441756014,3.39802210244118,0.861854373623177,1.18,0,0,939,0
91,120,97.9921441756014,3.39802210244118,0.861854373623177,2.53,0,0,692,0
91,120,97.9921441756014,3.39802210244118,0.861854373623177,6.32,0,0,803,0
91,120,97.9921441756014,3.39802210244118,0.861854373623177,22.54,0,0,552,0
92,120,83.5645301732291,3.6842891286722,0.614421513042476,0,101,120000,0,1
92,120,83.5645301732291,3.6842891286722,0.614421513042476,1.03,0,0,794,0
92,120,83.5645301732291,3.6842891286722,0.614421513042476,2.27,0,0,1143,0
92,120,83.5645301732291,3.6842891286722,0.614421513042476,7.67,0,0,1028,0
92,120,83.5645301732291,3.6842891286722,0.614421513042476,14.17,0,0,795,0
93,120,54.5860537002997,4.78801567122576,0.657060262074974,0,101,120000,0,1
93,120,54.5860537002997,4.78801567122576,0.657060262074974,6.94,0,0,1422,0
93,120,54.5860537002997,4.78801567122576,0.657060262074974,8.54,0,0,1041,0
93,120,54.5860537002997,4.78801567122576,0.657060262074974,8.81,0,0,1098,0
93,120,54.5860537002997,4.78801567122576,0.657060262074974,19.15,0,0,523,0
94,120,73.2752072025184,3.89514967525076,1.37868976925229,0,101,120000,0,1
94,120,73.2752072025184,3.89514967525076,1.37868976925229,0.05,0,0,88,0
94,120,73.2752072025184,3.89514967525076,1.37868976925229,10.17,0,0,876,0
94,120,73.2752072025184,3.89514967525076,1.37868976925229,10.44,0,0,927,0
94,120,73.2752072025184,3.89514967525076,1.37868976925229,12.32,0,0,1090,0
95,120,57.2862899197655,4.71709834956735,0.853170554792328,0,101,120000,0,1
95,120,57.2862899197655,4.71709834956735,0.853170554792328,3.87,0,0,1852,0
95,120,57.2862899197655,4.71709834956735,0.853170554792328,6.97,0,0,1354,0
95,120,57.2862899197655,4.71709834956735,0.853170554792328,17.47,0,0,556,0
95,120,57.2862899197655,4.71709834956735,0.853170554792328,23.78,0,0,433,0
96,120,63.5791205444627,2.40600815424587,1.41161592545832,0,101,120000,0,1
96,120,63.5791205444627,2.40600815424587,1.41161592545832,0.11,0,0,269,0
96,120,63.5791205444627,2.40600815424587,1.41161592545832,12.2,0,0,1306,0
96,120,63.5791205444627,2.40600815424587,1.41161592545832,17.1,0,0,1189,0
96,120,63.5791205444627,2.40600815424587,1.41161592545832,23.29,0,0,720,0
97,120,94.630186137595,6.50249907084843,1.2582436705143,0,101,120000,0,1
97,120,94.630186137595,6.50249907084843,1.2582436705143,13.1,0,0,392,0
97,120,94.630186137595,6.50249907084843,1.2582436705143,14.33,0,0,511,0
97,120,94.630186137595,6.50249907084843,1.2582436705143,15.22,0,0,523,0
97,120,94.630186137595,6.50249907084843,1.2582436705143,22.55,0,0,216,0
98,120,42.6522190334097,3.89130318250591,1.25667071346701,0,101,120000,0,1
98,120,42.6522190334097,3.89130318250591,1.25667071346701,4.09,0,0,3151,0
98,120,42.6522190334097,3.89130318250591,1.25667071346701,11.87,0,0,796,0
98,120,42.6522190334097,3.89130318250591,1.25667071346701,13.41,0,0,1157,0
98,120,42.6522190334097,3.89130318250591,1.25667071346701,18.28,0,0,699,0
99,120,50.6158931254861,3.83490800747927,0.470941957483502,0,101,120000,0,1
99,120,50.6158931254861,3.83490800747927,0.470941957483502,5.29,0,0,1507,0
99,120,50.6158931254861,3.83490800747927,0.470941957483502,14.53,0,0,929,0
99,120,50.6158931254861,3.83490800747927,0.470941957483502,17.92,0,0,574,0
99,120,50.6158931254861,3.83490800747927,0.470941957483502,20.55,0,0,503,0
100,120,89.4447978245154,2.29135717721873,0.988140553194738,0,101,120000,0,1
100,120,89.4447978245154,2.29135717721873,0.988140553194738,1.64,0,0,935,0
100,120,89.4447978245154,2.29135717721873,0.988140553194738,2.24,0,0,1495,0
100,120,89.4447978245154,2.29135717721873,0.988140553194738,13.04,0,0,851,0
100,120,89.4447978245154,2.29135717721873,0.988140553194738,17.78,0,0,872,0
101,120,75.8151158446636,3.1220633858761,1.01698594572594,0,101,120000,0,1
101,120,75.8151158446636,3.1220633858761,1.01698594572594,2.26,0,0,1596,0
101,120,75.8151158446636,3.1220633858761,1.01698594572594,7.46,0,0,1405,0
101,120,75.8151158446636,3.1220633858761,1.01698594572594,15.33,0,0,1061,0
101,120,75.8151158446636,3.1220633858761,1.01698594572594,22.12,0,0,595,0
102,120,83.9059012873683,4.00969760891853,0.657387243177432,0,101,120000,0,1
102,120,83.9059012873683,4.00969760891853,0.657387243177432,2.9,0,0,1181,0
102,120,83.9059012873683,4.00969760891853,0.657387243177432,5.77,0,0,1412,0
102,120,83.9059012873683,4.00969760891853,0.657387243177432,7.61,0,0,1257,0
102,120,83.9059012873683,4.00969760891853,0.657387243177432,7.82,0,0,1253,0
103,120,59.3011356815927,5.63927332666499,0.799810678351766,0,101,120000,0,1
103,120,59.3011356815927,5.63927332666499,0.799810678351766,1.66,0,0,1483,0
103,120,59.3011356815927,5.63927332666499,0.799810678351766,2.94,0,0,1501,0
103,120,59.3011356815927,5.63927332666499,0.799810678351766,8.57,0,0,1063,0
103,120,59.3011356815927,5.63927332666499,0.799810678351766,18.45,0,0,350,0
104,120,53.9033560390025,6.56265637226726,0.501702649261902,0,101,120000,0,1
104,120,53.9033560390025,6.56265637226726,0.501702649261902,3.18,0,0,1376,0
104,120,53.9033560390025,6.56265637226726,0.501702649261902,6.48,0,0,1199,0
104,120,53.9033560390025,6.56265637226726,0.501702649261902,17.84,0,0,317,0
104,120,53.9033560390025,6.56265637226726,0.501702649261902,19.01,0,0,405,0
105,120,73.6801988809755,6.08031008404028,1.35301628291888,0,101,120000,0,1
105,120,73.6801988809755,6.08031008404028,1.35301628291888,3.63,0,0,1426,0
105,120,73.6801988809755,6.08031008404028,1.35301628291888,12.08,0,0,679,0
105,120,73.6801988809755,6.08031008404028,1.35301628291888,16.69,0,0,352,0
105,120,73.6801988809755,6.08031008404028,1.35301628291888,20.03,0,0,432,0
106,120,70.7286423733219,3.62680809624118,1.32245279123637,0,101,120000,0,1
106,120,70.7286423733219,3.62680809624118,1.32245279123637,7.09,0,0,1604,0
106,120,70.7286423733219,3.62680809624118,1.32245279123637,8.36,0,0,1005,0
106,120,70.7286423733219,3.62680809624118,1.32245279123637,20.61,0,0,553,0
106,120,70.7286423733219,3.62680809624118,1.32245279123637,20.77,0,0,542,0
107,120,69.2784910035516,5.2035120739882,0.894560022447099,0,101,120000,0,1
107,120,69.2784910035516,5.2035120739882,0.894560022447099,0.67,0,0,678,0
107,120,69.2784910035516,5.2035120739882,0.894560022447099,2.84,0,0,1329,0
107,120,69.2784910035516,5.2035120739882,0.894560022447099,11.1,0,0,784,0
107,120,69.2784910035516,5.2035120739882,0.894560022447099,23.6,0,0,270,0
108,120,61.4867840257115,2.48126208944361,1.46569593690701,0,101,120000,0,1
108,120,61.4867840257115,2.48126208944361,1.46569593690701,1.16,0,0,1724,0
108,120,61.4867840257115,2.48126208944361,1.46569593690701,6.26,0,0,1826,0
108,120,61.4867840257115,2.48126208944361,1.46569593690701,21.55,0,0,927,0
108,120,61.4867840257115,2.48126208944361,1.46569593690701,22.59,0,0,569,0
109,120,51.0991755227176,3.29001402497203,1.03028480735839,0,101,120000,0,1
109,120,51.0991755227176,3.29001402497203,1.03028480735839,10.65,0,0,1097,0
109,120,51.0991755227176,3.29001402497203,1.03028480735839,16.9,0,0,990,0
109,120,51.0991755227176,3.29001402497203,1.03028480735839,21.59,0,0,746,0
109,120,51.0991755227176,3.29001402497203,1.03028480735839,22.05,0,0,698,0
110,120,72.9663139954777,4.02332446900071,1.12325949410917,0,101,120000,0,1
110,120,72.9663139954777,4.02332446900071,1.12325949410917,7.31,0,0,1824,0
110,120,72.9663139954777,4.02332446900071,1.12325949410917,14.71,0,0,573,0
110,120,72.9663139954777,4.02332446900071,1.12325949410917,14.96,0,0,735,0
110,120,72.9663139954777,4.02332446900071,1.12325949410917,17.59,0,0,563,0
111,120,65.8513313326351,4.34723465984426,1.50881899663568,0,101,120000,0,1
111,120,65.8513313326351,4.34723465984426,1.50881899663568,2.29,0,0,1491,0
111,120,65.8513313326351,4.34723465984426,1.50881899663568,13.3,0,0,927,0
111,120,65.8513313326351,4.34723465984426,1.50881899663568,19.12,0,0,540,0
111,120,65.8513313326351,4.34723465984426,1.50881899663568,21.32,0,0,476,0
112,120,93.6048187972171,2.97772924196295,1.52047253603192,0,101,120000,0,1
112,120,93.6048187972171,2.97772924196295,1.52047253603192,6.11,0,0,1048,0
112,120,93.6048187972171,2.97772924196295,1.52047253603192,9.1,0,0,1127,0
112,120,93.6048187972171,2.97772924196295,1.52047253603192,11.04,0,0,975,0
112,120,93.6048187972171,2.97772924196295,1.52047253603192,15.55,0,0,1310,0
113,120,72.9663139954777,4.02332446900071,1.12325949410917,0,101,120000,0,1
113,120,72.9663139954777,4.02332446900071,1.12325949410917,7.31,0,0,1824,0
113,120,72.9663139954777,4.02332446900071,1.12325949410917,14.71,0,0,573,0
113,120,72.9663139954777,4.02332446900071,1.12325949410917,14.96,0,0,735,0
113,120,72.9663139954777,4.02332446900071,1.12325949410917,17.59,0,0,563,0
114,120,68.9029344527298,3.48800858166969,0.790547693572852,0,101,120000,0,1
114,120,68.9029344527298,3.48800858166969,0.790547693572852,0.64,0,0,695,0
114,120,68.9029344527298,3.48800858166969,0.790547693572852,5.09,0,0,1533,0
114,120,68.9029344527298,3.48800858166969,0.790547693572852,11.2,0,0,783,0
114,120,68.9029344527298,3.48800858166969,0.790547693572852,21.23,0,0,487,0
115,120,72.6568854926971,2.75419404108602,0.862046643230243,0,101,120000,0,1
115,120,72.6568854926971,2.75419404108602,0.862046643230243,1.03,0,0,1192,0
115,120,72.6568854926971,2.75419404108602,0.862046643230243,1.43,0,0,1371,0
115,120,72.6568854926971,2.75419404108602,0.862046643230243,4.71,0,0,1608,0
115,120,72.6568854926971,2.75419404108602,0.862046643230243,16.62,0,0,1179,0
116,120,62.9545500890273,8.6213713384643,1.42869576286799,0,101,120000,0,1
116,120,62.9545500890273,8.6213713384643,1.42869576286799,4.58,0,0,1195,0
116,120,62.9545500890273,8.6213713384643,1.42869576286799,5.3,0,0,1439,0
116,120,62.9545500890273,8.6213713384643,1.42869576286799,7.74,0,0,618,0
116,120,62.9545500890273,8.6213713384643,1.42869576286799,15.11,0,0,248,0
117,120,48.8798414891165,4.62428259218088,1.03747567067028,0,101,120000,0,1
117,120,48.8798414891165,4.62428259218088,1.03747567067028,1.22,0,0,1309,0
117,120,48.8798414891165,4.62428259218088,1.03747567067028,6.15,0,0,1869,0
117,120,48.8798414891165,4.62428259218088,1.03747567067028,7.52,0,0,1152,0
117,120,48.8798414891165,4.62428259218088,1.03747567067028,8.69,0,0,846,0
118,120,88.230320526434,5.00045530539017,1.05421914538934,0,101,120000,0,1
118,120,88.230320526434,5.00045530539017,1.05421914538934,2.25,0,0,1213,0
118,120,88.230320526434,5.00045530539017,1.05421914538934,5.37,0,0,1114,0
118,120,88.230320526434,5.00045530539017,1.05421914538934,5.94,0,0,1233,0
118,120,88.230320526434,5.00045530539017,1.05421914538934,12.26,0,0,879,0
119,120,67.8303851078627,3.13067372303225,1.24575162595885,0,101,120000,0,1
119,120,67.8303851078627,3.13067372303225,1.24575162595885,2.6,0,0,1460,0
119,120,67.8303851078627,3.13067372303225,1.24575162595885,2.81,0,0,1793,0
119,120,67.8303851078627,3.13067372303225,1.24575162595885,3.05,0,0,1668,0
119,120,67.8303851078627,3.13067372303225,1.24575162595885,5.57,0,0,1431,0
120,120,119.648533890073,3.41079113436943,1.3481257141209,0,101,120000,0,1
120,120,119.648533890073,3.41079113436943,1.3481257141209,7.59,0,0,1122,0
120,120,119.648533890073,3.41079113436943,1.3481257141209,17.22,0,0,515,0
120,120,119.648533890073,3.41079113436943,1.3481257141209,18.5,0,0,556,0
120,120,119.648533890073,3.41079113436943,1.3481257141209,22.09,0,0,499,0
