ID,DOSE,V,CL,KA,TIME,EVID,AMT,DV,EVIDNM
1,10,51.9023861317196,3.23636060389046,1.04855377331337,0,101,10000,0,1
1,10,51.9023861317196,3.23636060389046,1.04855377331337,8.85,0,0,116,0
1,10,51.9023861317196,3.23636060389046,1.04855377331337,9.5,0,0,71,0
1,10,51.9023861317196,3.23636060389046,1.04855377331337,14.94,0,0,78,0
1,10,51.9023861317196,3.23636060389046,1.04855377331337,20.94,0,0,52,0
2,10,58.0880292371852,4.88266927409358,1.35753972534869,0,101,10000,0,1
2,10,58.0880292371852,4.88266927409358,1.35753972534869,1.05,0,0,111,0
2,10,58.0880292371852,4.88266927409358,1.35753972534869,11,0,0,69,0
2,10,58.0880292371852,4.88266927409358,1.35753972534869,12.63,0,0,75,0
2,10,58.0880292371852,4.88266927409358,1.35753972534869,16.19,0,0,42,0
3,10,80.6142382984277,3.46485415235356,0.732298880797658,0,101,10000,0,1
3,10,80.6142382984277,3.46485415235356,0.732298880797658,14.36,0,0,57,0
3,10,80.6142382984277,3.46485415235356,0.732298880797658,21.48,0,0,52,0
3,10,80.6142382984277,3.46485415235356,0.732298880797658,21.8,0,0,41,0
3,10,80.6142382984277,3.46485415235356,0.732298880797658,22.72,0,0,51,0
4,10,102.785658482314,4.90320181910165,0.632657990742472,0,101,10000,0,1
4,10,102.785658482314,4.90320181910165,0.632657990742472,2.21,0,0,79,0
4,10,102.785658482314,4.90320181910165,0.632657990742472,4.46,0,0,83,0
4,10,102.785658482314,4.90320181910165,0.632657990742472,14.09,0,0,66,0
4,10,102.785658482314,4.90320181910165,0.632657990742472,14.9,0,0,70,0
5,10,59.0631795035296,5.19920981570844,0.678472250194807,0,101,10000,0,1
5,10,59.0631795035296,5.19920981570844,0.678472250194807,2.41,0,0,100,0
5,10,59.0631795035296,5.19920981570844,0.678472250194807,3.34,0,0,140,0
5,10,59.0631795035296,5.19920981570844,0.678472250194807,7.1,0,0,147,0
5,10,59.0631795035296,5.19920981570844,0.678472250194807,18.28,0,0,30,0
6,10,60.8993891320935,3.57812399370236,1.00356523719594,0,101,10000,0,1
6,10,60.8993891320935,3.57812399370236,1.00356523719594,5.25,0,0,132,0
6,10,60.8993891320935,3.57812399370236,1.00356523719594,9.86,0,0,106,0
6,10,60.8993891320935,3.57812399370236,1.00356523719594,14.88,0,0,86,0
6,10,60.8993891320935,3.57812399370236,1.00356523719594,17.5,0,0,78,0
7,10,30.4232587225855,3.6890162532453,0.805834794010862,0,101,10000,0,1
7,10,30.4232587225855,3.6890162532453,0.805834794010862,7.05,0,0,147,0
7,10,30.4232587225855,3.6890162532453,0.805834794010862,10.83,0,0,93,0
7,10,30.4232587225855,3.6890162532453,0.805834794010862,12.15,0,0,60,0
7,10,30.4232587225855,3.6890162532453,0.805834794010862,22.89,0,0,33,0
8,10,61.7786132461588,4.69920278167333,0.859194877641184,0,101,10000,0,1
8,10,61.7786132461588,4.69920278167333,0.859194877641184,1.1,0,0,86,0
8,10,61.7786132461588,4.69920278167333,0.859194877641184,9.63,0,0,89,0
8,10,61.7786132461588,4.69920278167333,0.859194877641184,13.98,0,0,46,0
8,10,61.7786132461588,4.69920278167333,0.859194877641184,17.07,0,0,64,0
9,10,53.4615413134948,2.74442460098755,0.712918397022449,0,101,10000,0,1
9,10,53.4615413134948,2.74442460098755,0.712918397022449,3.39,0,0,190,0
9,10,53.4615413134948,2.74442460098755,0.712918397022449,12.44,0,0,92,0
9,10,53.4615413134948,2.74442460098755,0.712918397022449,19.29,0,0,76,0
9,10,53.4615413134948,2.74442460098755,0.712918397022449,20.65,0,0,74,0
10,10,80.90218387692,3.29282815327842,1.1342782414141,0,101,10000,0,1
10,10,80.90218387692,3.29282815327842,1.1342782414141,9.66,0,0,87,0
10,10,80.90218387692,3.29282815327842,1.1342782414141,10.73,0,0,94,0
10,10,80.90218387692,3.29282815327842,1.1342782414141,14.2,0,0,86,0
10,10,80.90218387692,3.29282815327842,1.1342782414141,22.84,0,0,43,0
11,10,82.2116222984714,4.88451416986628,1.72538259595775,0,101,10000,0,1
11,10,82.2116222984714,4.88451416986628,1.72538259595775,7.88,0,0,71,0
11,10,82.2116222984714,4.88451416986628,1.72538259595775,17.41,0,0,63,0
11,10,82.2116222984714,4.88451416986628,1.72538259595775,22.05,0,0,32,0
11,10,82.2116222984714,4.88451416986628,1.72538259595775,22.15,0,0,25,0
12,10,44.8077830632619,2.70801963477053,0.683383985167084,0,101,10000,0,1
12,10,44.8077830632619,2.70801963477053,0.683383985167084,1.02,0,0,99,0
12,10,44.8077830632619,2.70801963477053,0.683383985167084,13.25,0,0,81,0
12,10,44.8077830632619,2.70801963477053,0.683383985167084,19.07,0,0,74,0
12,10,44.8077830632619,2.70801963477053,0.683383985167084,22.15,0,0,78,0
13,10,73.2020196484497,3.99711453692496,0.775513031965676,0,101,10000,0,1
13,10,73.2020196484497,3.99711453692496,0.775513031965676,5.83,0,0,132,0
13,10,73.2020196484497,3.99711453692496,0.775513031965676,5.83,0,0,110,0
13,10,73.2020196484497,3.99711453692496,0.775513031965676,16.26,0,0,42,0
13,10,73.2020196484497,3.99711453692496,0.775513031965676,22.36,0,0,43,0
14,10,83.014932128734,3.75701123705834,0.89421491775534,0,101,10000,0,1
14,10,83.014932128734,3.75701123705834,0.89421491775534,8.76,0,0,100,0
14,10,83.014932128734,3.75701123705834,0.89421491775534,12.51,0,0,94,0
14,10,83.014932128734,3.75701123705834,0.89421491775534,17.3,0,0,64,0
14,10,83.014932128734,3.75701123705834,0.89421491775534,18.49,0,0,57,0
15,10,128.430493056082,3.00496634149856,0.705867756919925,0,101,10000,0,1
15,10,128.430493056082,3.00496634149856,0.705867756919925,6.22,0,0,59,0
15,10,128.430493056082,3.00496634149856,0.705867756919925,14.16,0,0,81,0
15,10,128.430493056082,3.00496634149856,0.705867756919925,22.54,0,0,66,0
15,10,128.430493056082,3.00496634149856,0.705867756919925,23.03,0,0,41,0
16,10,79.9914110122058,4.76123144549068,0.713381806050316,0,101,10000,0,1
16,10,79.9914110122058,4.76123144549068,0.713381806050316,7.62,0,0,81,0
16,10,79.9914110122058,4.76123144549068,0.713381806050316,10.04,0,0,68,0
16,10,79.9914110122058,4.76123144549068,0.713381806050316,10.27,0,0,88,0
16,10,79.9914110122058,4.76123144549068,0.713381806050316,16.94,0,0,53,0
17,10,98.2221961179815,5.26878379216045,1.35130181563471,0,101,10000,0,1
17,10,98.2221961179815,5.26878379216045,1.35130181563471,9,0,0,103,0
17,10,98.2221961179815,5.26878379216045,1.35130181563471,15.67,0,0,51,0
17,10,98.2221961179815,5.26878379216045,1.35130181563471,17.62,0,0,36,0
17,10,98.2221961179815,5.26878379216045,1.35130181563471,23.92,0,0,37,0
18,10,84.4013103035818,5.30740713205152,1.27960152243201,0,101,10000,0,1
18,10,84.4013103035818,5.30740713205152,1.27960152243201,4.13,0,0,109,0
18,10,84.4013103035818,5.30740713205152,1.27960152243201,4.63,0,0,87,0
18,10,84.4013103035818,5.30740713205152,1.27960152243201,14.69,0,0,52,0
18,10,84.4013103035818,5.30740713205152,1.27960152243201,21.15,0,0,32,0
19,10,105.76296718542,3.99923324529959,0.952247767450227,0,101,10000,0,1
19,10,105.76296718542,3.99923324529959,0.952247767450227,2.28,0,0,70,0
19,10,105.76296718542,3.99923324529959,0.952247767450227,12.71,0,0,49,0
19,10,105.76296718542,3.99923324529959,0.952247767450227,13.59,0,0,62,0
19,10,105.76296718542,3.99923324529959,0.952247767450227,20.74,0,0,45,0
20,10,92.5778626860518,3.45938537444338,0.970320236843865,0,101,10000,0,1
20,10,92.5778626860518,3.45938537444338,0.970320236843865,4.87,0,0,75,0
20,10,92.5778626860518,3.45938537444338,0.970320236843865,6.27,0,0,126,0
20,10,92.5778626860518,3.45938537444338,0.970320236843865,7.13,0,0,83,0
20,10,92.5778626860518,3.45938537444338,0.970320236843865,18.83,0,0,50,0
21,10,58.2152059451465,2.64427712309564,1.3744326739164,0,101,10000,0,1
21,10,58.2152059451465,2.64427712309564,1.3744326739164,8.35,0,0,132,0
21,10,58.2152059451465,2.64427712309564,1.3744326739164,21.68,0,0,87,0
21,10,58.2152059451465,2.64427712309564,1.3744326739164,23.02,0,0,93,0
21,10,58.2152059451465,2.64427712309564,1.3744326739164,23.51,0,0,94,0
22,10,101.201546564058,2.07084691289416,0.818636237200292,0,101,10000,0,1
22,10,101.201546564058,2.07084691289416,0.818636237200292,4.56,0,0,70,0
22,10,101.201546564058,2.07084691289416,0.818636237200292,14.23,0,0,71,0
22,10,101.201546564058,2.07084691289416,0.818636237200292,14.72,0,0,92,0
22,10,101.201546564058,2.07084691289416,0.818636237200292,19.49,0,0,52,0
23,10,74.1272804017632,4.29254962622765,1.27111950285381,0,101,10000,0,1
23,10,74.1272804017632,4.29254962622765,1.27111950285381,4.71,0,0,118,0
23,10,74.1272804017632,4.29254962622765,1.27111950285381,6.3,0,0,77,0
23,10,74.1272804017632,4.29254962622765,1.27111950285381,12.35,0,0,73,0
23,10,74.1272804017632,4.29254962622765,1.27111950285381,23.59,0,0,36,0
24,10,119.045703710626,4.99285235527149,0.886998881498989,0,101,10000,0,1
24,10,119.045703710626,4.99285235527149,0.886998881498989,0.99,0,0,49,0
24,10,119.045703710626,4.99285235527149,0.886998881498989,11.94,0,0,59,0
24,10,119.045703710626,4.99285235527149,0.886998881498989,16.43,0,0,52,0
24,10,119.045703710626,4.99285235527149,0.886998881498989,20.73,0,0,38,0
25,10,80.0947419432624,3.77394085613398,0.982567530692598,0,101,10000,0,1
25,10,80.0947419432624,3.77394085613398,0.982567530692598,4.99,0,0,87,0
25,10,80.0947419432624,3.77394085613398,0.982567530692598,5.59,0,0,128,0
25,10,80.0947419432624,3.77394085613398,0.982567530692598,7.44,0,0,106,0
25,10,80.0947419432624,3.77394085613398,0.982567530692598,11.1,0,0,63,0
26,10,76.7915860851599,3.96850764645655,0.77161351497783,0,101,10000,0,1
26,10,76.7915860851599,3.96850764645655,0.77161351497783,7.67,0,0,83,0
26,10,76.7915860851599,3.96850764645655,0.77161351497783,9.92,0,0,76,0
26,10,76.7915860851599,3.96850764645655,0.77161351497783,16.14,0,0,52,0
26,10,76.7915860851599,3.96850764645655,0.77161351497783,22.98,0,0,41,0
27,10,53.5239229229397,2.40440625984201,0.841825535728847,0,101,10000,0,1
27,10,53.5239229229397,2.40440625984201,0.841825535728847,2.55,0,0,177,0
27,10,53.5239229229397,2.40440625984201,0.841825535728847,10.5,0,0,118,0
27,10,53.5239229229397,2.40440625984201,0.841825535728847,16.97,0,0,113,0
27,10,53.5239229229397,2.40440625984201,0.841825535728847,21.24,0,0,71,0
28,10,101.289451193689,5.25954860479863,1.30345406210526,0,101,10000,0,1
28,10,101.289451193689,5.25954860479863,1.30345406210526,0.74,0,0,59,0
28,10,101.289451193689,5.25954860479863,1.30345406210526,15.67,0,0,39,0
28,10,101.289451193689,5.25954860479863,1.30345406210526,16.85,0,0,40,0
28,10,101.289451193689,5.25954860479863,1.30345406210526,21.87,0,0,38,0
29,10,53.1067222298559,3.27860608792611,1.49567552759723,0,101,10000,0,1
29,10,53.1067222298559,3.27860608792611,1.49567552759723,1.06,0,0,205,0
29,10,53.1067222298559,3.27860608792611,1.49567552759723,1.09,0,0,124,0
29,10,53.1067222298559,3.27860608792611,1.49567552759723,6.49,0,0,97,0
29,10,53.1067222298559,3.27860608792611,1.49567552759723,15.02,0,0,70,0
30,10,83.1765352138061,6.14497008218141,1.00884831330412,0,101,10000,0,1
30,10,83.1765352138061,6.14497008218141,1.00884831330412,3.9,0,0,127,0
30,10,83.1765352138061,6.14497008218141,1.00884831330412,15.74,0,0,49,0
30,10,83.1765352138061,6.14497008218141,1.00884831330412,18.99,0,0,34,0
30,10,83.1765352138061,6.14497008218141,1.00884831330412,19.09,0,0,24,0
31,30,62.3570030700373,3.06231187988638,1.17953550659717,0,101,30000,0,1
31,30,62.3570030700373,3.06231187988638,1.17953550659717,5.07,0,0,338,0
31,30,62.3570030700373,3.06231187988638,1.17953550659717,11.86,0,0,352,0
31,30,62.3570030700373,3.06231187988638,1.17953550659717,12.35,0,0,316,0
31,30,62.3570030700373,3.06231187988638,1.17953550659717,13.17,0,0,226,0
32,30,46.3448467831079,5.57609251454094,1.16496462801577,0,101,30000,0,1
32,30,46.3448467831079,5.57609251454094,1.16496462801577,1.81,0,0,287,0
32,30,46.3448467831079,5.57609251454094,1.16496462801577,3.48,0,0,304,0
32,30,46.3448467831079,5.57609251454094,1.16496462801577,11.23,0,0,166,0
32,30,46.3448467831079,5.57609251454094,1.16496462801577,14.15,0,0,119,0
33,30,95.9292361095359,3.45254212161575,0.858830989709163,0,101,30000,0,1
33,30,95.9292361095359,3.45254212161575,0.858830989709163,0.56,0,0,124,0
33,30,95.9292361095359,3.45254212161575,0.858830989709163,3.8,0,0,198,0
33,30,95.9292361095359,3.45254212161575,0.858830989709163,11.24,0,0,201,0
33,30,95.9292361095359,3.45254212161575,0.858830989709163,20.93,0,0,135,0
34,30,52.9233630315988,3.78719420643978,0.817152575826844,0,101,30000,0,1
34,30,52.9233630315988,3.78719420643978,0.817152575826844,0.7,0,0,288,0
34,30,52.9233630315988,3.78719420643978,0.817152575826844,2.58,0,0,372,0
34,30,52.9233630315988,3.78719420643978,0.817152575826844,12.72,0,0,237,0
34,30,52.9233630315988,3.78719420643978,0.817152575826844,15.71,0,0,188,0
35,30,51.6170073614162,2.42732323927798,1.18555406102591,0,101,30000,0,1
35,30,51.6170073614162,2.42732323927798,1.18555406102591,6.58,0,0,527,0
35,30,51.6170073614162,2.42732323927798,1.18555406102591,9.18,0,0,422,0
35,30,51.6170073614162,2.42732323927798,1.18555406102591,19.88,0,0,264,0
35,30,51.6170073614162,2.42732323927798,1.18555406102591,20.19,0,0,248,0
36,30,92.1134693808396,4.75593567536826,1.13202174879243,0,101,30000,0,1
36,30,92.1134693808396,4.75593567536826,1.13202174879243,4.35,0,0,237,0
36,30,92.1134693808396,4.75593567536826,1.13202174879243,12.31,0,0,188,0
36,30,92.1134693808396,4.75593567536826,1.13202174879243,12.74,0,0,187,0
36,30,92.1134693808396,4.75593567536826,1.13202174879243,16.71,0,0,116,0
37,30,53.8633613969351,4.31197131645404,0.795677108214613,0,101,30000,0,1
37,30,53.8633613969351,4.31197131645404,0.795677108214613,3.37,0,0,435,0
37,30,53.8633613969351,4.31197131645404,0.795677108214613,14.86,0,0,148,0
37,30,53.8633613969351,4.31197131645404,0.795677108214613,15.87,0,0,152,0
37,30,53.8633613969351,4.31197131645404,0.795677108214613,20.48,0,0,92,0
38,30,46.9767811256229,4.02449951279437,1.86934511510841,0,101,30000,0,1
38,30,46.9767811256229,4.02449951279437,1.86934511510841,5.14,0,0,420,0
38,30,46.9767811256229,4.02449951279437,1.86934511510841,8.17,0,0,314,0
38,30,46.9767811256229,4.02449951279437,1.86934511510841,20.75,0,0,145,0
38,30,46.9767811256229,4.02449951279437,1.86934511510841,22.95,0,0,135,0
39,30,67.9401216106938,4.37695858060671,0.912948051267792,0,101,30000,0,1
39,30,67.9401216106938,4.37695858060671,0.912948051267792,5.72,0,0,437,0
39,30,67.9401216106938,4.37695858060671,0.912948051267792,6.87,0,0,325,0
39,30,67.9401216106938,4.37695858060671,0.912948051267792,7.74,0,0,313,0
39,30,67.9401216106938,4.37695858060671,0.912948051267792,18.87,0,0,160,0
40,30,92.0669823941078,2.63798426043929,1.44445668160236,0,101,30000,0,1
40,30,92.0669823941078,2.63798426043929,1.44445668160236,11.8,0,0,302,0
40,30,92.0669823941078,2.63798426043929,1.44445668160236,18.28,0,0,183,0
40,30,92.0669823941078,2.63798426043929,1.44445668160236,22.57,0,0,233,0
40,30,92.0669823941078,2.63798426043929,1.44445668160236,23.46,0,0,162,0
41,30,96.9965126096397,3.22768423326439,1.04734128031078,0,101,30000,0,1
41,30,96.9965126096397,3.22768423326439,1.04734128031078,14.43,0,0,226,0
41,30,96.9965126096397,3.22768423326439,1.04734128031078,14.58,0,0,203,0
41,30,96.9965126096397,3.22768423326439,1.04734128031078,15.04,0,0,217,0
41,30,96.9965126096397,3.22768423326439,1.04734128031078,17.84,0,0,255,0
42,30,58.8437643294507,3.49593355662708,1.02738852958912,0,101,30000,0,1
42,30,58.8437643294507,3.49593355662708,1.02738852958912,1.06,0,0,320,0
42,30,58.8437643294507,3.49593355662708,1.02738852958912,3.88,0,0,355,0
42,30,58.8437643294507,3.49593355662708,1.02738852958912,7.11,0,0,471,0
42,30,58.8437643294507,3.49593355662708,1.02738852958912,17.08,0,0,242,0
43,30,50.3979078421693,5.66766085974479,0.460842265125399,0,101,30000,0,1
43,30,50.3979078421693,5.66766085974479,0.460842265125399,0.25,0,0,79,0
43,30,50.3979078421693,5.66766085974479,0.460842265125399,11.22,0,0,230,0
43,30,50.3979078421693,5.66766085974479,0.460842265125399,16.65,0,0,132,0
43,30,50.3979078421693,5.66766085974479,0.460842265125399,17.16,0,0,129,0
44,30,69.6723146318113,3.17097919788912,1.02992724128398,0,101,30000,0,1
44,30,69.6723146318113,3.17097919788912,1.02992724128398,9.98,0,0,312,0
44,30,69.6723146318113,3.17097919788912,1.02992724128398,11.89,0,0,241,0
44,30,69.6723146318113,3.17097919788912,1.02992724128398,12.55,0,0,263,0
44,30,69.6723146318113,3.17097919788912,1.02992724128398,20.92,0,0,190,0
45,30,84.5592571705647,4.70416897515309,0.986526579805296,0,101,30000,0,1
45,30,84.5592571705647,4.70416897515309,0.986526579805296,5.94,0,0,337,0
45,30,84.5592571705647,4.70416897515309,0.986526579805296,6.07,0,0,200,0
45,30,84.5592571705647,4.70416897515309,0.986526579805296,18.59,0,0,115,0
45,30,84.5592571705647,4.70416897515309,0.986526579805296,20.67,0,0,110,0
46,30,64.8433167734609,2.78786935069726,0.76258066804211,0,101,30000,0,1
46,30,64.8433167734609,2.78786935069726,0.76258066804211,9.16,0,0,384,0
46,30,64.8433167734609,2.78786935069726,0.76258066804211,12.7,0,0,324,0
46,30,64.8433167734609,2.78786935069726,0.76258066804211,13.89,0,0,262,0
46,30,64.8433167734609,2.78786935069726,0.76258066804211,13.95,0,0,369,0
47,30,107.072554719722,3.11409420164779,1.22594837295139,0,101,30000,0,1
47,30,107.072554719722,3.11409420164779,1.22594837295139,9.47,0,0,223,0
47,30,107.072554719722,3.11409420164779,1.22594837295139,13.65,0,0,223,0
47,30,107.072554719722,3.11409420164779,1.22594837295139,15.71,0,0,279,0
47,30,107.072554719722,3.11409420164779,1.22594837295139,18.65,0,0,156,0
48,30,70.6071354978191,4.45146579913349,1.24543118837276,0,101,30000,0,1
48,30,70.6071354978191,4.45146579913349,1.24543118837276,2.23,0,0,342,0
48,30,70.6071354978191,4.45146579913349,1.24543118837276,10.68,0,0,216,0
48,30,70.6071354978191,4.45146579913349,1.24543118837276,13.76,0,0,284,0
48,30,70.6071354978191,4.45146579913349,1.24543118837276,15.42,0,0,220,0
49,30,56.3654190595551,2.92547026017519,0.993547530481078,0,101,30000,0,1
49,30,56.3654190595551,2.92547026017519,0.993547530481078,3.38,0,0,368,0
49,30,56.3654190595551,2.92547026017519,0.993547530481078,5.42,0,0,506,0
49,30,56.3654190595551,2.92547026017519,0.993547530481078,9.01,0,0,463,0
49,30,56.3654190595551,2.92547026017519,0.993547530481078,14.23,0,0,221,0
50,30,44.5333470622646,1.48432485814185,1.0573077463404,0,101,30000,0,1
50,30,44.5333470622646,1.48432485814185,1.0573077463404,10.25,0,0,581,0
50,30,44.5333470622646,1.48432485814185,1.0573077463404,14.5,0,0,651,0
50,30,44.5333470622646,1.48432485814185,1.0573077463404,14.77,0,0,245,0
50,30,44.5333470622646,1.48432485814185,1.0573077463404,18.19,0,0,414,0
51,30,48.6545193043856,4.5053591989953,1.24144668156402,0,101,30000,0,1
51,30,48.6545193043856,4.5053591989953,1.24144668156402,3.27,0,0,458,0
51,30,48.6545193043856,4.5053591989953,1.24144668156402,5.65,0,0,455,0
51,30,48.6545193043856,4.5053591989953,1.24144668156402,21.59,0,0,107,0
51,30,48.6545193043856,4.5053591989953,1.24144668156402,22.24,0,0,49,0
52,30,44.1305549445068,3.01709712027175,0.832580181012475,0,101,30000,0,1
52,30,44.1305549445068,3.01709712027175,0.832580181012475,0.89,0,0,487,0
52,30,44.1305549445068,3.01709712027175,0.832580181012475,2.05,0,0,528,0
52,30,44.1305549445068,3.01709712027175,0.832580181012475,9.04,0,0,400,0
52,30,44.1305549445068,3.01709712027175,0.832580181012475,21.02,0,0,161,0
53,30,60.0841603701949,2.77181859931,0.921035396481823,0,101,30000,0,1
53,30,60.0841603701949,2.77181859931,0.921035396481823,0.23,0,0,118,0
53,30,60.0841603701949,2.77181859931,0.921035396481823,16.36,0,0,283,0
53,30,60.0841603701949,2.77181859931,0.921035396481823,17.33,0,0,194,0
53,30,60.0841603701949,2.77181859931,0.921035396481823,22.65,0,0,173,0
54,30,80.7578908397332,2.96953155979095,1.07787537595172,0,101,30000,0,1
54,30,80.7578908397332,2.96953155979095,1.07787537595172,2.1,0,0,301,0
54,30,80.7578908397332,2.96953155979095,1.07787537595172,12.4,0,0,272,0
54,30,80.7578908397332,2.96953155979095,1.07787537595172,12.99,0,0,177,0
54,30,80.7578908397332,2.96953155979095,1.07787537595172,20.15,0,0,129,0
55,30,94.3169878894477,3.63332699404816,0.896511316186381,0,101,30000,0,1
55,30,94.3169878894477,3.63332699404816,0.896511316186381,0.48,0,0,120,0
55,30,94.3169878894477,3.63332699404816,0.896511316186381,7.96,0,0,254,0
55,30,94.3169878894477,3.63332699404816,0.896511316186381,13.6,0,0,228,0
55,30,94.3169878894477,3.63332699404816,0.896511316186381,13.64,0,0,136,0
56,30,67.8487562813607,5.46365245146736,0.824093507307703,0,101,30000,0,1
56,30,67.8487562813607,5.46365245146736,0.824093507307703,4,0,0,365,0
56,30,67.8487562813607,5.46365245146736,0.824093507307703,5.96,0,0,286,0
56,30,67.8487562813607,5.46365245146736,0.824093507307703,19.11,0,0,113,0
56,30,67.8487562813607,5.46365245146736,0.824093507307703,22.14,0,0,88,0
57,30,109.782646678738,3.9832672156078,1.07613037554983,0,101,30000,0,1
57,30,109.782646678738,3.9832672156078,1.07613037554983,4.38,0,0,240,0
57,30,109.782646678738,3.9832672156078,1.07613037554983,10.44,0,0,164,0
57,30,109.782646678738,3.9832672156078,1.07613037554983,12.24,0,0,180,0
57,30,109.782646678738,3.9832672156078,1.07613037554983,20.91,0,0,138,0
58,30,76.8082744112715,5.47918535155953,0.795402727108084,0,101,30000,0,1
58,30,76.8082744112715,5.47918535155953,0.795402727108084,4.86,0,0,332,0
58,30,76.8082744112715,5.47918535155953,0.795402727108084,9.48,0,0,321,0
58,30,76.8082744112715,5.47918535155953,0.795402727108084,9.74,0,0,310,0
58,30,76.8082744112715,5.47918535155953,0.795402727108084,16.29,0,0,159,0
59,30,60.0738697714656,4.43109215356767,1.19601639759762,0,101,30000,0,1
59,30,60.0738697714656,4.43109215356767,1.19601639759762,6.56,0,0,456,0
59,30,60.0738697714656,4.43109215356767,1.19601639759762,7.71,0,0,284,0
59,30,60.0738697714656,4.43109215356767,1.19601639759762,14.49,0,0,176,0
59,30,60.0738697714656,4.43109215356767,1.19601639759762,18.92,0,0,142,0
60,30,79.1117698664784,4.62786014112065,0.766509677764068,0,101,30000,0,1
60,30,79.1117698664784,4.62786014112065,0.766509677764068,1.92,0,0,251,0
60,30,79.1117698664784,4.62786014112065,0.766509677764068,8.33,0,0,238,0
60,30,79.1117698664784,4.62786014112065,0.766509677764068,11.96,0,0,200,0
60,30,79.1117698664784,4.62786014112065,0.766509677764068,23.33,0,0,90,0
61,60,83.5632858318,4.72661292832084,0.691307791907879,0,101,60000,0,1
61,60,83.5632858318,4.72661292832084,0.691307791907879,3.37,0,0,755,0
61,60,83.5632858318,4.72661292832084,0.691307791907879,5.62,0,0,686,0
61,60,83.5632858318,4.72661292832084,0.691307791907879,7.68,0,0,476,0
61,60,83.5632858318,4.72661292832084,0.691307791907879,23.23,0,0,243,0
62,60,60.0876251518553,4.91190479506638,0.726152837051622,0,101,60000,0,1
62,60,60.0876251518553,4.91190479506638,0.726152837051622,3.44,0,0,773,0
62,60,60.0876251518553,4.91190479506638,0.726152837051622,7.42,0,0,629,0
62,60,60.0876251518553,4.91190479506638,0.726152837051622,15.61,0,0,292,0
62,60,60.0876251518553,4.91190479506638,0.726152837051622,20.79,0,0,196,0
63,60,39.973929495552,2.88567118767692,0.845467915573815,0,101,60000,0,1
63,60,39.973929495552,2.88567118767692,0.845467915573815,1.01,0,0,626,0
63,60,39.973929495552,2.88567118767692,0.845467915573815,1.69,0,0,845,0
63,60,39.973929495552,2.88567118767692,0.845467915573815,7.37,0,0,1177,0
63,60,39.973929495552,2.88567118767692,0.845467915573815,11.93,0,0,661,0
64,60,63.317397559201,3.71974456833586,0.774892189520242,0,101,60000,0,1
64,60,63.317397559201,3.71974456833586,0.774892189520242,6.83,0,0,664,0
64,60,63.317397559201,3.71974456833586,0.774892189520242,17.03,0,0,364,0
64,60,63.317397559201,3.71974456833586,0.774892189520242,21.26,0,0,329,0
64,60,63.317397559201,3.71974456833586,0.774892189520242,22.19,0,0,285,0
65,60,53.7715248380925,2.07204233566413,0.98838477342962,0,101,60000,0,1
65,60,53.7715248380925,2.07204233566413,0.98838477342962,3.36,0,0,807,0
65,60,53.7715248380925,2.07204233566413,0.98838477342962,5.42,0,0,853,0
65,60,53.7715248380925,2.07204233566413,0.98838477342962,7.7,0,0,752,0
65,60,53.7715248380925,2.07204233566413,0.98838477342962,23.25,0,0,469,0
66,60,55.164952628765,3.96419450686943,0.917285335364711,0,101,60000,0,1
66,60,55.164952628765,3.96419450686943,0.917285335364711,1.94,0,0,898,0
66,60,55.164952628765,3.96419450686943,0.917285335364711,2.48,0,0,898,0
66,60,55.164952628765,3.96419450686943,0.917285335364711,7.17,0,0,966,0
66,60,55.164952628765,3.96419450686943,0.917285335364711,21.2,0,0,268,0
67,60,66.8167830437724,7.17984712734263,0.738968443360795,0,101,60000,0,1
67,60,66.8167830437724,7.17984712734263,0.738968443360795,3.42,0,0,584,0
67,60,66.8167830437724,7.17984712734263,0.738968443360795,5.12,0,0,543,0
67,60,66.8167830437724,7.17984712734263,0.738968443360795,15.51,0,0,144,0
67,60,66.8167830437724,7.17984712734263,0.738968443360795,22.62,0,0,97,0
68,60,95.1956239664276,3.30581625817004,1.16526989117502,0,101,60000,0,1
68,60,95.1956239664276,3.30581625817004,1.16526989117502,1.04,0,0,430,0
68,60,95.1956239664276,3.30581625817004,1.16526989117502,7.72,0,0,596,0
68,60,95.1956239664276,3.30581625817004,1.16526989117502,20.34,0,0,236,0
68,60,95.1956239664276,3.30581625817004,1.16526989117502,21.62,0,0,323,0
69,60,104.688573876254,6.01884245973535,0.883114637104601,0,101,60000,0,1
69,60,104.688573876254,6.01884245973535,0.883114637104601,8.11,0,0,363,0
69,60,104.688573876254,6.01884245973535,0.883114637104601,15.16,0,0,227,0
69,60,104.688573876254,6.01884245973535,0.883114637104601,18.45,0,0,219,0
69,60,104.688573876254,6.01884245973535,0.883114637104601,18.6,0,0,187,0
70,60,101.314100454063,4.05152470826876,1.02244768683921,0,101,60000,0,1
70,60,101.314100454063,4.05152470826876,1.02244768683921,15.91,0,0,290,0
70,60,101.314100454063,4.05152470826876,1.02244768683921,16.37,0,0,499,0
70,60,101.314100454063,4.05152470826876,1.02244768683921,18.23,0,0,406,0
70,60,101.314100454063,4.05152470826876,1.02244768683921,21.2,0,0,261,0
71,60,115.64592531681,2.60033962238698,0.754357763075279,0,101,60000,0,1
71,60,115.64592531681,2.60033962238698,0.754357763075279,4.92,0,0,561,0
71,60,115.64592531681,2.60033962238698,0.754357763075279,15.99,0,0,354,0
71,60,115.64592531681,2.60033962238698,0.754357763075279,17.57,0,0,283,0
71,60,115.64592531681,2.60033962238698,0.754357763075279,18.49,0,0,322,0
72,60,90.6385619378042,4.83618209934766,0.563602794825746,0,101,60000,0,1
72,60,90.6385619378042,4.83618209934766,0.563602794825746,12.34,0,0,334,0
72,60,90.6385619378042,4.83618209934766,0.563602794825746,13.84,0,0,336,0
72,60,90.6385619378042,4.83618209934766,0.563602794825746,15.27,0,0,399,0
72,60,90.6385619378042,4.83618209934766,0.563602794825746,17.56,0,0,218,0
73,60,93.9598776369688,3.59701096145254,1.13684021384268,0,101,60000,0,1
73,60,93.9598776369688,3.59701096145254,1.13684021384268,5.17,0,0,525,0
73,60,93.9598776369688,3.59701096145254,1.13684021384268,17.51,0,0,481,0
73,60,93.9598776369688,3.59701096145254,1.13684021384268,19.32,0,0,288,0
73,60,93.9598776369688,3.59701096145254,1.13684021384268,20.74,0,0,280,0
74,60,68.5091682374122,7.7302969498245,1.36765718159864,0,101,60000,0,1
74,60,68.5091682374122,7.7302969498245,1.36765718159864,0.06,0,0,75,0
74,60,68.5091682374122,7.7302969498245,1.36765718159864,1.34,0,0,678,0
74,60,68.5091682374122,7.7302969498245,1.36765718159864,21.63,0,0,62,0
74,60,68.5091682374122,7.7302969498245,1.36765718159864,22.47,0,0,83,0
75,60,66.6603597523507,5.57260438034904,0.878828358586273,0,101,60000,0,1
75,60,66.6603597523507,5.57260438034904,0.878828358586273,4.86,0,0,555,0
75,60,66.6603597523507,5.57260438034904,0.878828358586273,6.96,0,0,848,0
75,60,66.6603597523507,5.57260438034904,0.878828358586273,14.25,0,0,368,0
75,60,66.6603597523507,5.57260438034904,0.878828358586273,14.89,0,0,359,0
76,60,97.0861307577057,3.02722076347119,0.98833292223176,0,101,60000,0,1
76,60,97.0861307577057,3.02722076347119,0.98833292223176,1.58,0,0,499,0
76,60,97.0861307577057,3.02722076347119,0.98833292223176,2.5,0,0,494,0
76,60,97.0861307577057,3.02722076347119,0.98833292223176,8.53,0,0,650,0
76,60,97.0861307577057,3.02722076347119,0.98833292223176,9.1,0,0,466,0
77,60,64.3811478141328,6.02469249056425,0.893542244740777,0,101,60000,0,1
77,60,64.3811478141328,6.02469249056425,0.893542244740777,2.09,0,0,566,0
77,60,64.3811478141328,6.02469249056425,0.893542244740777,9.65,0,0,372,0
77,60,64.3811478141328,6.02469249056425,0.893542244740777,16.03,0,0,379,0
77,60,64.3811478141328,6.02469249056425,0.893542244740777,22.94,0,0,129,0
78,60,74.8538725210152,4.07525201779046,1.37610376443318,0,101,60000,0,1
78,60,74.8538725210152,4.07525201779046,1.37610376443318,0.76,0,0,475,0
78,60,74.8538725210152,4.07525201779046,1.37610376443318,7.17,0,0,675,0
78,60,74.8538725210152,4.07525201779046,1.37610376443318,9.28,0,0,386,0
78,60,74.8538725210152,4.07525201779046,1.37610376443318,12.83,0,0,385,0
79,60,50.2606258648153,6.08925926073637,1.21495384066961,0,101,60000,0,1
79,60,50.2606258648153,6.08925926073637,1.21495384066961,0.32,0,0,452,0
79,60,50.2606258648153,6.08925926073637,1.21495384066961,6.45,0,0,478,0
79,60,50.2606258648153,6.08925926073637,1.21495384066961,11.59,0,0,232,0
79,60,50.2606258648153,6.08925926073637,1.21495384066961,18.4,0,0,160,0
80,60,71.4272252274723,3.81430382053753,0.689511127784604,0,101,60000,0,1
80,60,71.4272252274723,3.81430382053753,0.689511127784604,8.39,0,0,504,0
80,60,71.4272252274723,3.81430382053753,0.689511127784604,9.02,0,0,540,0
80,60,71.4272252274723,3.81430382053753,0.689511127784604,18.31,0,0,308,0
80,60,71.4272252274723,3.81430382053753,0.689511127784604,20.27,0,0,257,0
81,60,58.7287611070009,4.75127326046025,0.667811348899047,0,101,60000,0,1
81,60,58.7287611070009,4.75127326046025,0.667811348899047,7.75,0,0,605,0
81,60,58.7287611070009,4.75127326046025,0.667811348899047,15.41,0,0,370,0
81,60,58.7287611070009,4.75127326046025,0.667811348899047,21.62,0,0,291,0
81,60,58.7287611070009,4.75127326046025,0.667811348899047,23.69,0,0,110,0
82,60,46.4472082465512,2.5505488244228,0.690818854912601,0,101,60000,0,1
82,60,46.4472082465512,2.5505488244228,0.690818854912601,2.63,0,0,855,0
82,60,46.4472082465512,2.5505488244228,0.690818854912601,4.43,0,0,974,0
82,60,46.4472082465512,2.5505488244228,0.690818854912601,19.98,0,0,479,0
82,60,46.4472082465512,2.5505488244228,0.690818854912601,20.84,0,0,434,0
83,60,110.848687361835,2.91686960759168,1.15564111260175,0,101,60000,0,1
83,60,110.848687361835,2.91686960759168,1.15564111260175,11.2,0,0,461,0
83,60,110.848687361835,2.91686960759168,1.15564111260175,16.22,0,0,373,0
83,60,110.848687361835,2.91686960759168,1.15564111260175,22.44,0,0,334,0
83,60,110.848687361835,2.91686960759168,1.15564111260175,22.53,0,0,374,0
84,60,59.1152208357611,3.20371441922706,1.0946020376085,0,101,60000,0,1
84,60,59.1152208357611,3.20371441922706,1.0946020376085,9.8,0,0,579,0
84,60,59.1152208357611,3.20371441922706,1.0946020376085,11.73,0,0,511,0
84,60,59.1152208357611,3.20371441922706,1.0946020376085,17.41,0,0,435,0
84,60,59.1152208357611,3.20371441922706,1.0946020376085,23.8,0,0,273,0
85,60,98.1955697149381,3.18506151728453,1.36180160196473,0,101,60000,0,1
85,60,98.1955697149381,3.18506151728453,1.36180160196473,0.07,0,0,67,0
85,60,98.1955697149381,3.18506151728453,1.36180160196473,4.83,0,0,605,0
85,60,98.1955697149381,3.18506151728453,1.36180160196473,20.52,0,0,249,0
85,60,98.1955697149381,3.18506151728453,1.36180160196473,21.41,0,0,280,0
86,60,52.3230826509378,2.8850520735967,0.892001005036764,0,101,60000,0,1
86,60,52.3230826509378,2.8850520735967,0.892001005036764,7.59,0,0,846,0
86,60,52.3230826509378,2.8850520735967,0.892001005036764,9.83,0,0,665,0
86,60,52.3230826509378,2.8850520735967,0.892001005036764,12.73,0,0,485,0
86,60,52.3230826509378,2.8850520735967,0.892001005036764,17.23,0,0,475,0
87,60,66.5396004815415,2.77676242623258,0.882968699365288,0,101,60000,0,1
87,60,66.5396004815415,2.77676242623258,0.882968699365288,5.88,0,0,667,0
87,60,66.5396004815415,2.77676242623258,0.882968699365288,15.18,0,0,305,0
87,60,66.5396004815415,2.77676242623258,0.882968699365288,17.55,0,0,434,0
87,60,66.5396004815415,2.77676242623258,0.882968699365288,20.34,0,0,336,0
88,60,71.7895759870148,2.52083030829611,0.90390357627815,0,101,60000,0,1
88,60,71.7895759870148,2.52083030829611,0.90390357627815,20.15,0,0,504,0
88,60,71.7895759870148,2.52083030829611,0.90390357627815,20.32,0,0,573,0
88,60,71.7895759870148,2.52083030829611,0.90390357627815,21.13,0,0,364,0
88,60,71.7895759870148,2.52083030829611,0.90390357627815,23.25,0,0,383,0
89,60,50.5873413002249,3.87356140781356,0.904211508485593,0,101,60000,0,1
89,60,50.5873413002249,3.87356140781356,0.904211508485593,13.82,0,0,453,0
89,60,50.5873413002249,3.87356140781356,0.904211508485593,15.63,0,0,421,0
89,60,50.5873413002249,3.87356140781356,0.904211508485593,18.29,0,0,317,0
89,60,50.5873413002249,3.87356140781356,0.904211508485593,20.67,0,0,250,0
90,60,121.625122336278,3.49372354649392,1.28043611509445,0,101,60000,0,1
90,60,121.625122336278,3.49372354649392,1.28043611509445,0.15,0,0,97,0
90,60,121.625122336278,3.49372354649392,1.28043611509445,4.41,0,0,397,0
90,60,121.625122336278,3.49372354649392,1.28043611509445,14.67,0,0,378,0
90,60,121.625122336278,3.49372354649392,1.28043611509445,17.59,0,0,346,0
91,120,89.1749673823074,6.24888549479829,0.710794360099078,0,101,120000,0,1
91,120,89.1749673823074,6.24888549479829,0.710794360099078,2.64,0,0,1036,0
91,120,89.1749673823074,6.24888549479829,0.710794360099078,6.56,0,0,763,0
91,120,89.1749673823074,6.24888549479829,0.710794360099078,7.9,0,0,872,0
91,120,89.1749673823074,6.24888549479829,0.710794360099078,21.66,0,0,353,0
92,120,82.4657731806068,3.23683613832398,2.28781174794451,0,101,120000,0,1
92,120,82.4657731806068,3.23683613832398,2.28781174794451,1.36,0,0,1738,0
92,120,82.4657731806068,3.23683613832398,2.28781174794451,4.01,0,0,1842,0
92,120,82.4657731806068,3.23683613832398,2.28781174794451,7.22,0,0,1154,0
92,120,82.4657731806068,3.23683613832398,2.28781174794451,21.2,0,0,567,0
93,120,35.5694292491983,3.87525231719081,1.49292700353856,0,101,120000,0,1
93,120,35.5694292491983,3.87525231719081,1.49292700353856,3.91,0,0,3049,0
93,120,35.5694292491983,3.87525231719081,1.49292700353856,14.81,0,0,664,0
93,120,35.5694292491983,3.87525231719081,1.49292700353856,17.19,0,0,607,0
93,120,35.5694292491983,3.87525231719081,1.49292700353856,20.76,0,0,348,0
94,120,56.2256183360462,3.1535789158525,0.614480247895462,0,101,120000,0,1
94,120,56.2256183360462,3.1535789158525,0.614480247895462,6.92,0,0,1709,0
94,120,56.2256183360462,3.1535789158525,0.614480247895462,12.84,0,0,837,0
94,120,56.2256183360462,3.1535789158525,0.614480247895462,16.72,0,0,779,0
94,120,56.2256183360462,3.1535789158525,0.614480247895462,19.25,0,0,617,0
95,120,63.8631167340579,5.21054922405621,1.12763931190122,0,101,120000,0,1
95,120,63.8631167340579,5.21054922405621,1.12763931190122,1.39,0,0,1575,0
95,120,63.8631167340579,5.21054922405621,1.12763931190122,16.92,0,0,472,0
95,120,63.8631167340579,5.21054922405621,1.12763931190122,17.21,0,0,516,0
95,120,63.8631167340579,5.21054922405621,1.12763931190122,21.86,0,0,421,0
96,120,86.9933909753334,3.06250468381806,0.856910568566111,0,101,120000,0,1
96,120,86.9933909753334,3.06250468381806,0.856910568566111,9.88,0,0,779,0
96,120,86.9933909753334,3.06250468381806,0.856910568566111,11.89,0,0,1117,0
96,120,86.9933909753334,3.06250468381806,0.856910568566111,16.12,0,0,759,0
96,120,86.9933909753334,3.06250468381806,0.856910568566111,22.33,0,0,514,0
97,120,107.756337206131,3.22297639564399,0.986311695020995,0,101,120000,0,1
97,120,107.756337206131,3.22297639564399,0.986311695020995,2.53,0,0,709,0
97,120,107.756337206131,3.22297639564399,0.986311695020995,7.24,0,0,1147,0
97,120,107.756337206131,3.22297639564399,0.986311695020995,16.15,0,0,734,0
97,120,107.756337206131,3.22297639564399,0.986311695020995,21.79,0,0,599,0
98,120,46.1754786503982,5.35822203235091,0.604536870501798,0,101,120000,0,1
98,120,46.1754786503982,5.35822203235091,0.604536870501798,0.51,0,0,935,0
98,120,46.1754786503982,5.35822203235091,0.604536870501798,1.66,0,0,2116,0
98,120,46.1754786503982,5.35822203235091,0.604536870501798,9.2,0,0,1353,0
98,120,46.1754786503982,5.35822203235091,0.604536870501798,13.26,0,0,775,0
99,120,77.6695751294284,3.39097696013501,0.932031477424802,0,101,120000,0,1
99,120,77.6695751294284,3.39097696013501,0.932031477424802,2.4,0,0,1199,0
99,120,77.6695751294284,3.39097696013501,0.932031477424802,15.65,0,0,1061,0
99,120,77.6695751294284,3.39097696013501,0.932031477424802,16.1,0,0,793,0
99,120,77.6695751294284,3.39097696013501,0.932031477424802,20.66,0,0,561,0
100,120,103.0271335955,3.80964909391045,1.67635899093215,0,101,120000,0,1
100,120,103.0271335955,3.80964909391045,1.67635899093215,11.49,0,0,909,0
100,120,103.0271335955,3.80964909391045,1.67635899093215,15.78,0,0,726,0
100,120,103.0271335955,3.80964909391045,1.67635899093215,20.84,0,0,454,0
100,120,103.0271335955,3.80964909391045,1.67635899093215,22.53,0,0,465,0
101,120,62.3693646692636,2.40945305442618,1.160983959705,0,101,120000,0,1
101,120,62.3693646692636,2.40945305442618,1.160983959705,14.27,0,0,1188,0
101,120,62.3693646692636,2.40945305442618,1.160983959705,16.52,0,0,1145,0
101,120,62.3693646692636,2.40945305442618,1.160983959705,18.46,0,0,692,0
101,120,62.3693646692636,2.40945305442618,1.160983959705,23.05,0,0,701,0
102,120,86.9933909753334,3.06250468381806,0.856910568566111,0,101,120000,0,1
102,120,86.9933909753334,3.06250468381806,0.856910568566111,9.88,0,0,779,0
102,120,86.9933909753334,3.06250468381806,0.856910568566111,11.89,0,0,1117,0
102,120,86.9933909753334,3.06250468381806,0.856910568566111,16.12,0,0,759,0
102,120,86.9933909753334,3.06250468381806,0.856910568566111,22.33,0,0,514,0
103,120,71.8574147917763,2.44562541488512,1.15691597755397,0,101,120000,0,1
103,120,71.8574147917763,2.44562541488512,1.15691597755397,0.29,0,0,677,0
103,120,71.8574147917763,2.44562541488512,1.15691597755397,4.68,0,0,974,0
103,120,71.8574147917763,2.44562541488512,1.15691597755397,12.16,0,0,1003,0
103,120,71.8574147917763,2.44562541488512,1.15691597755397,12.98,0,0,1408,0
104,120,37.5181349355606,7.35601132453665,0.972237826379558,0,101,120000,0,1
104,120,37.5181349355606,7.35601132453665,0.972237826379558,6.66,0,0,749,0
104,120,37.5181349355606,7.35601132453665,0.972237826379558,13.28,0,0,319,0
104,120,37.5181349355606,7.35601132453665,0.972237826379558,15.92,0,0,163,0
104,120,37.5181349355606,7.35601132453665,0.972237826379558,22.99,0,0,50,0
105,120,46.9831586813033,3.59146620166259,1.11562795440626,0,101,120000,0,1
105,120,46.9831586813033,3.59146620166259,1.11562795440626,8.8,0,0,1165,0
105,120,46.9831586813033,3.59146620166259,1.11562795440626,9.93,0,0,1067,0
105,120,46.9831586813033,3.59146620166259,1.11562795440626,22.17,0,0,464,0
105,120,46.9831586813033,3.59146620166259,1.11562795440626,23.66,0,0,562,0
106,120,108.536564194004,2.91358819492882,0.728960273665827,0,101,120000,0,1
106,120,108.536564194004,2.91358819492882,0.728960273665827,0.4,0,0,278,0
106,120,108.536564194004,2.91358819492882,0.728960273665827,8.87,0,0,725,0
106,120,108.536564194004,2.91358819492882,0.728960273665827,10.13,0,0,752,0
106,120,108.536564194004,2.91358819492882,0.728960273665827,12.61,0,0,823,0
107,120,60.5715687179313,6.34468992926714,1.06451819363347,0,101,120000,0,1
107,120,60.5715687179313,6.34468992926714,1.06451819363347,8.14,0,0,1096,0
107,120,60.5715687179313,6.34468992926714,1.06451819363347,19.74,0,0,285,0
107,120,60.5715687179313,6.34468992926714,1.06451819363347,23.35,0,0,214,0
107,120,60.5715687179313,6.34468992926714,1.06451819363347,23.94,0,0,167,0
108,120,89.9026377274122,4.07844497147371,0.800851653696377,0,101,120000,0,1
108,120,89.9026377274122,4.07844497147371,0.800851653696377,2.55,0,0,901,0
108,120,89.9026377274122,4.07844497147371,0.800851653696377,3.09,0,0,1346,0
108,120,89.9026377274122,4.07844497147371,0.800851653696377,8.1,0,0,810,0
108,120,89.9026377274122,4.07844497147371,0.800851653696377,12.01,0,0,914,0
109,120,67.2164110975594,3.20341961848897,0.656713448802284,0,101,120000,0,1
109,120,67.2164110975594,3.20341961848897,0.656713448802284,2.55,0,0,942,0
109,120,67.2164110975594,3.20341961848897,0.656713448802284,2.56,0,0,1174,0
109,120,67.2164110975594,3.20341961848897,0.656713448802284,3.1,0,0,1633,0
109,120,67.2164110975594,3.20341961848897,0.656713448802284,5.41,0,0,2037,0
110,120,78.6979090347567,4.21128498385279,0.686016274192656,0,101,120000,0,1
110,120,78.6979090347567,4.21128498385279,0.686016274192656,0.12,0,0,100,0
110,120,78.6979090347567,4.21128498385279,0.686016274192656,5.85,0,0,1075,0
110,120,78.6979090347567,4.21128498385279,0.686016274192656,7.08,0,0,1165,0
110,120,78.6979090347567,4.21128498385279,0.686016274192656,15.45,0,0,588,0
111,120,34.5453908744685,2.4941904157673,0.830929875908732,0,101,120000,0,1
111,120,34.5453908744685,2.4941904157673,0.830929875908732,3.37,0,0,2961,0
111,120,34.5453908744685,2.4941904157673,0.830929875908732,8.11,0,0,1953,0
111,120,34.5453908744685,2.4941904157673,0.830929875908732,13.39,0,0,1739,0
111,120,34.5453908744685,2.4941904157673,0.830929875908732,23.4,0,0,720,0
112,120,44.390724606886,4.13990023106992,1.21981542944487,0,101,120000,0,1
112,120,44.390724606886,4.13990023106992,1.21981542944487,13.85,0,0,813,0
112,120,44.390724606886,4.13990023106992,1.21981542944487,15.67,0,0,555,0
112,120,44.390724606886,4.13990023106992,1.21981542944487,16.13,0,0,598,0
112,120,44.390724606886,4.13990023106992,1.21981542944487,21.47,0,0,414,0
113,120,50.1107475208274,2.65416484160729,1.58293927222658,0,101,120000,0,1
113,120,50.1107475208274,2.65416484160729,1.58293927222658,2.24,0,0,1902,0
113,120,50.1107475208274,2.65416484160729,1.58293927222658,2.65,0,0,2204,0
113,120,50.1107475208274,2.65416484160729,1.58293927222658,2.99,0,0,1917,0
113,120,50.1107475208274,2.65416484160729,1.58293927222658,23.59,0,0,755,0
114,120,115.174743252693,5.03923143581153,1.58821090417325,0,101,120000,0,1
114,120,115.174743252693,5.03923143581153,1.58821090417325,4.42,0,0,717,0
114,120,115.174743252693,5.03923143581153,1.58821090417325,11.06,0,0,494,0
114,120,115.174743252693,5.03923143581153,1.58821090417325,17.54,0,0,565,0
114,120,115.174743252693,5.03923143581153,1.58821090417325,18.81,0,0,418,0
115,120,74.8583762812273,6.46900652917345,1.19782743049493,0,101,120000,0,1
115,120,74.8583762812273,6.46900652917345,1.19782743049493,2.04,0,0,1190,0
115,120,74.8583762812273,6.46900652917345,1.19782743049493,5.55,0,0,1068,0
115,120,74.8583762812273,6.46900652917345,1.19782743049493,17.92,0,0,296,0
115,120,74.8583762812273,6.46900652917345,1.19782743049493,21.88,0,0,220,0
116,120,98.5216464781795,3.65397661301112,1.0333215510868,0,101,120000,0,1
116,120,98.5216464781795,3.65397661301112,1.0333215510868,2.11,0,0,1206,0
116,120,98.5216464781795,3.65397661301112,1.0333215510868,11.01,0,0,899,0
116,120,98.5216464781795,3.65397661301112,1.0333215510868,11.37,0,0,769,0
116,120,98.5216464781795,3.65397661301112,1.0333215510868,16.13,0,0,584,0
117,120,43.7603047673164,5.46872158120969,0.608296681363401,0,101,120000,0,1
117,120,43.7603047673164,5.46872158120969,0.608296681363401,18.37,0,0,343,0
117,120,43.7603047673164,5.46872158120969,0.608296681363401,20.25,0,0,282,0
117,120,43.7603047673164,5.46872158120969,0.608296681363401,22.33,0,0,265,0
117,120,43.7603047673164,5.46872158120969,0.608296681363401,23.31,0,0,231,0
118,120,43.8881102109182,3.18193518624839,1.12658108414201,0,101,120000,0,1
118,120,43.8881102109182,3.18193518624839,1.12658108414201,0.87,0,0,2052,0
118,120,43.8881102109182,3.18193518624839,1.12658108414201,9.04,0,0,1254,0
118,120,43.8881102109182,3.18193518624839,1.12658108414201,22.89,0,0,446,0
118,120,43.8881102109182,3.18193518624839,1.12658108414201,22.96,0,0,476,0
119,120,66.4397286170862,3.4578029348409,1.42417149126502,0,101,120000,0,1
119,120,66.4397286170862,3.4578029348409,1.42417149126502,11.61,0,0,926,0
119,120,66.4397286170862,3.4578029348409,1.42417149126502,13.87,0,0,868,0
119,120,66.4397286170862,3.4578029348409,1.42417149126502,15.51,0,0,631,0
119,120,66.4397286170862,3.4578029348409,1.42417149126502,23.77,0,0,487,0
120,120,47.5721684154662,3.63376068317179,1.08394649085523,0,101,120000,0,1
120,120,47.5721684154662,3.63376068317179,1.08394649085523,5.5,0,0,1478,0
120,120,47.5721684154662,3.63376068317179,1.08394649085523,7.48,0,0,1786,0
120,120,47.5721684154662,3.63376068317179,1.08394649085523,8.14,0,0,1954,0
120,120,47.5721684154662,3.63376068317179,1.08394649085523,11.71,0,0,1096,0
