ID,DOSE,V,CL,KA,TIME,EVID,AMT,DV,EVIDNM
1,10,83.4439000043985,2.60806057008961,1.58104557530719,0,101,10000,0,1
1,10,83.4439000043985,2.60806057008961,1.58104557530719,1.77,0,0,87,0
1,10,83.4439000043985,2.60806057008961,1.58104557530719,10.35,0,0,96,0
1,10,83.4439000043985,2.60806057008961,1.58104557530719,11.22,0,0,87,0
1,10,83.4439000043985,2.60806057008961,1.58104557530719,14.28,0,0,89,0
2,10,53.9603031039388,4.19659144673066,0.782894801700805,0,101,10000,0,1
2,10,53.9603031039388,4.19659144673066,0.782894801700805,1.78,0,0,157,0
2,10,53.9603031039388,4.19659144673066,0.782894801700805,18.12,0,0,51,0
2,10,53.9603031039388,4.19659144673066,0.782894801700805,19.73,0,0,34,0
2,10,53.9603031039388,4.19659144673066,0.782894801700805,21.9,0,0,29,0
3,10,57.3212411971938,5.85920514258378,1.11825017202191,0,101,10000,0,1
3,10,57.3212411971938,5.85920514258378,1.11825017202191,3.92,0,0,128,0
3,10,57.3212411971938,5.85920514258378,1.11825017202191,8.96,0,0,88,0
3,10,57.3212411971938,5.85920514258378,1.11825017202191,17.75,0,0,29,0
3,10,57.3212411971938,5.85920514258378,1.11825017202191,22.43,0,0,20,0
4,10,37.4622049561333,4.28925538236434,1.08590981095113,0,101,10000,0,1
4,10,37.4622049561333,4.28925538236434,1.08590981095113,0.86,0,0,163,0
4,10,37.4622049561333,4.28925538236434,1.08590981095113,3.37,0,0,196,0
4,10,37.4622049561333,4.28925538236434,1.08590981095113,4.03,0,0,288,0
4,10,37.4622049561333,4.28925538236434,1.08590981095113,7.48,0,0,116,0
5,10,67.6013755381711,3.43882442958518,1.17938643575805,0,101,10000,0,1
5,10,67.6013755381711,3.43882442958518,1.17938643575805,1.33,0,0,100,0
5,10,67.6013755381711,3.43882442958518,1.17938643575805,6.87,0,0,130,0
5,10,67.6013755381711,3.43882442958518,1.17938643575805,7.45,0,0,147,0
5,10,67.6013755381711,3.43882442958518,1.17938643575805,19.69,0,0,58,0
6,10,56.1941674098045,2.95494242088213,0.780470340566201,0,101,10000,0,1
6,10,56.1941674098045,2.95494242088213,0.780470340566201,0.69,0,0,83,0
6,10,56.1941674098045,2.95494242088213,0.780470340566201,3.82,0,0,175,0
6,10,56.1941674098045,2.95494242088213,0.780470340566201,13.03,0,0,97,0
6,10,56.1941674098045,2.95494242088213,0.780470340566201,13.75,0,0,78,0
7,10,52.2876839436767,5.08984931331459,1.46885059190654,0,101,10000,0,1
7,10,52.2876839436767,5.08984931331459,1.46885059190654,2.7,0,0,159,0
7,10,52.2876839436767,5.08984931331459,1.46885059190654,10.16,0,0,55,0
7,10,52.2876839436767,5.08984931331459,1.46885059190654,23.53,0,0,21,0
7,10,52.2876839436767,5.08984931331459,1.46885059190654,23.61,0,0,23,0
8,10,61.6607434458772,3.69748290729851,0.937672070746122,0,101,10000,0,1
8,10,61.6607434458772,3.69748290729851,0.937672070746122,8.18,0,0,75,0
8,10,61.6607434458772,3.69748290729851,0.937672070746122,14.16,0,0,89,0
8,10,61.6607434458772,3.69748290729851,0.937672070746122,19.85,0,0,55,0
8,10,61.6607434458772,3.69748290729851,0.937672070746122,21,0,0,41,0
9,10,68.6391890604667,3.26337531630294,1.69474461579396,0,101,10000,0,1
9,10,68.6391890604667,3.26337531630294,1.69474461579396,1.13,0,0,154,0
9,10,68.6391890604667,3.26337531630294,1.69474461579396,16.67,0,0,51,0
9,10,68.6391890604667,3.26337531630294,1.69474461579396,17.33,0,0,83,0
9,10,68.6391890604667,3.26337531630294,1.69474461579396,17.5,0,0,85,0
10,10,95.1631772689175,3.78097886050675,0.650680628374966,0,101,10000,0,1
10,10,95.1631772689175,3.78097886050675,0.650680628374966,6.35,0,0,85,0
10,10,95.1631772689175,3.78097886050675,0.650680628374966,18.15,0,0,59,0
10,10,95.1631772689175,3.78097886050675,0.650680628374966,19.17,0,0,65,0
10,10,95.1631772689175,3.78097886050675,0.650680628374966,21.22,0,0,38,0
11,10,80.7435569880909,4.76871635839197,1.33148777751226,0,101,10000,0,1
11,10,80.7435569880909,4.76871635839197,1.33148777751226,2.43,0,0,139,0
11,10,80.7435569880909,4.76871635839197,1.33148777751226,5.48,0,0,89,0
11,10,80.7435569880909,4.76871635839197,1.33148777751226,11.31,0,0,65,0
11,10,80.7435569880909,4.76871635839197,1.33148777751226,18.15,0,0,55,0
12,10,72.5443520925389,3.76062850736046,1.13393120227926,0,101,10000,0,1
12,10,72.5443520925389,3.76062850736046,1.13393120227926,2.97,0,0,146,0
12,10,72.5443520925389,3.76062850736046,1.13393120227926,4.4,0,0,121,0
12,10,72.5443520925389,3.76062850736046,1.13393120227926,5.47,0,0,125,0
12,10,72.5443520925389,3.76062850736046,1.13393120227926,11.77,0,0,76,0
13,10,76.8641497847503,4.22056833989669,1.20614376011312,0,101,10000,0,1
13,10,76.8641497847503,4.22056833989669,1.20614376011312,3.7,0,0,168,0
13,10,76.8641497847503,4.22056833989669,1.20614376011312,17.29,0,0,42,0
13,10,76.8641497847503,4.22056833989669,1.20614376011312,17.33,0,0,61,0
13,10,76.8641497847503,4.22056833989669,1.20614376011312,19.33,0,0,42,0
14,10,56.0786394242153,2.74600563954402,1.76527507303039,0,101,10000,0,1
14,10,56.0786394242153,2.74600563954402,1.76527507303039,4.15,0,0,193,0
14,10,56.0786394242153,2.74600563954402,1.76527507303039,4.37,0,0,98,0
14,10,56.0786394242153,2.74600563954402,1.76527507303039,14.13,0,0,91,0
14,10,56.0786394242153,2.74600563954402,1.76527507303039,21.44,0,0,61,0
15,10,93.303449556408,4.1804004314365,1.2170449048762,0,101,10000,0,1
15,10,93.303449556408,4.1804004314365,1.2170449048762,0.22,0,0,30,0
15,10,93.303449556408,4.1804004314365,1.2170449048762,2.59,0,0,89,0
15,10,93.303449556408,4.1804004314365,1.2170449048762,11.26,0,0,71,0
15,10,93.303449556408,4.1804004314365,1.2170449048762,23.39,0,0,42,0
16,10,57.8983745792762,7.19225403935815,1.01181979613015,0,101,10000,0,1
16,10,57.8983745792762,7.19225403935815,1.01181979613015,3.14,0,0,128,0
16,10,57.8983745792762,7.19225403935815,1.01181979613015,11.67,0,0,61,0
16,10,57.8983745792762,7.19225403935815,1.01181979613015,19.55,0,0,23,0
16,10,57.8983745792762,7.19225403935815,1.01181979613015,19.99,0,0,12,0
17,10,100.846048157797,3.93816557814802,1.07633529671699,0,101,10000,0,1
17,10,100.846048157797,3.93816557814802,1.07633529671699,0.18,0,0,18,0
17,10,100.846048157797,3.93816557814802,1.07633529671699,2.24,0,0,83,0
17,10,100.846048157797,3.93816557814802,1.07633529671699,3.65,0,0,107,0
17,10,100.846048157797,3.93816557814802,1.07633529671699,23.74,0,0,46,0
18,10,50.8131956532888,4.81481802620794,0.817770768574661,0,101,10000,0,1
18,10,50.8131956532888,4.81481802620794,0.817770768574661,5.98,0,0,131,0
18,10,50.8131956532888,4.81481802620794,0.817770768574661,9.34,0,0,101,0
18,10,50.8131956532888,4.81481802620794,0.817770768574661,19.47,0,0,37,0
18,10,50.8131956532888,4.81481802620794,0.817770768574661,20.99,0,0,34,0
19,10,90.7681624175756,4.62724651768085,1.13589362747811,0,101,10000,0,1
19,10,90.7681624175756,4.62724651768085,1.13589362747811,7.16,0,0,95,0
19,10,90.7681624175756,4.62724651768085,1.13589362747811,16.27,0,0,30,0
19,10,90.7681624175756,4.62724651768085,1.13589362747811,20.4,0,0,43,0
19,10,90.7681624175756,4.62724651768085,1.13589362747811,22.39,0,0,31,0
20,10,57.5200618441723,2.8628675842853,0.854801013866308,0,101,10000,0,1
20,10,57.5200618441723,2.8628675842853,0.854801013866308,4.55,0,0,149,0
20,10,57.5200618441723,2.8628675842853,0.854801013866308,4.76,0,0,160,0
20,10,57.5200618441723,2.8628675842853,0.854801013866308,9.04,0,0,119,0
20,10,57.5200618441723,2.8628675842853,0.854801013866308,23.79,0,0,74,0
21,10,66.3239117091232,3.13356543596379,0.897954971827247,0,101,10000,0,1
21,10,66.3239117091232,3.13356543596379,0.897954971827247,5.98,0,0,113,0
21,10,66.3239117091232,3.13356543596379,0.897954971827247,19.82,0,0,64,0
21,10,66.3239117091232,3.13356543596379,0.897954971827247,19.9,0,0,85,0
21,10,66.3239117091232,3.13356543596379,0.897954971827247,20.07,0,0,71,0
22,10,67.4958361123016,6.16919348325506,0.998551255792337,0,101,10000,0,1
22,10,67.4958361123016,6.16919348325506,0.998551255792337,1.49,0,0,105,0
22,10,67.4958361123016,6.16919348325506,0.998551255792337,4.28,0,0,126,0
22,10,67.4958361123016,6.16919348325506,0.998551255792337,6.62,0,0,114,0
22,10,67.4958361123016,6.16919348325506,0.998551255792337,19.93,0,0,17,0
23,10,72.8330744445168,3.70813891102266,1.14209722228354,0,101,10000,0,1
23,10,72.8330744445168,3.70813891102266,1.14209722228354,7.48,0,0,77,0
23,10,72.8330744445168,3.70813891102266,1.14209722228354,12.89,0,0,76,0
23,10,72.8330744445168,3.70813891102266,1.14209722228354,18.51,0,0,46,0
23,10,72.8330744445168,3.70813891102266,1.14209722228354,20.8,0,0,46,0
24,10,56.0546728714791,4.96299162486295,0.987326524906352,0,101,10000,0,1
24,10,56.0546728714791,4.96299162486295,0.987326524906352,2.96,0,0,145,0
24,10,56.0546728714791,4.96299162486295,0.987326524906352,17.73,0,0,52,0
24,10,56.0546728714791,4.96299162486295,0.987326524906352,19.28,0,0,32,0
24,10,56.0546728714791,4.96299162486295,0.987326524906352,20.16,0,0,34,0
25,10,77.3667416205059,3.7610567278356,1.01385379323791,0,101,10000,0,1
25,10,77.3667416205059,3.7610567278356,1.01385379323791,8.61,0,0,112,0
25,10,77.3667416205059,3.7610567278356,1.01385379323791,10.94,0,0,75,0
25,10,77.3667416205059,3.7610567278356,1.01385379323791,11.27,0,0,74,0
25,10,77.3667416205059,3.7610567278356,1.01385379323791,17.78,0,0,66,0
26,10,84.2527600150835,3.99874014444956,0.853614330091458,0,101,10000,0,1
26,10,84.2527600150835,3.99874014444956,0.853614330091458,3.42,0,0,121,0
26,10,84.2527600150835,3.99874014444956,0.853614330091458,6.3,0,0,82,0
26,10,84.2527600150835,3.99874014444956,0.853614330091458,9.16,0,0,58,0
26,10,84.2527600150835,3.99874014444956,0.853614330091458,18.41,0,0,47,0
27,10,53.9603031039388,4.19659144673066,0.782894801700805,0,101,10000,0,1
27,10,53.9603031039388,4.19659144673066,0.782894801700805,1.78,0,0,157,0
27,10,53.9603031039388,4.19659144673066,0.782894801700805,18.12,0,0,51,0
27,10,53.9603031039388,4.19659144673066,0.782894801700805,19.73,0,0,34,0
27,10,53.9603031039388,4.19659144673066,0.782894801700805,21.9,0,0,29,0
28,10,67.7376059953509,6.11161529514434,1.36762908689757,0,101,10000,0,1
28,10,67.7376059953509,6.11161529514434,1.36762908689757,7.76,0,0,105,0
28,10,67.7376059953509,6.11161529514434,1.36762908689757,7.92,0,0,103,0
28,10,67.7376059953509,6.11161529514434,1.36762908689757,20.87,0,0,25,0
28,10,67.7376059953509,6.11161529514434,1.36762908689757,21.03,0,0,27,0
29,10,85.1078900410763,6.1791317870785,1.62833301583992,0,101,10000,0,1
29,10,85.1078900410763,6.1791317870785,1.62833301583992,3.93,0,0,77,0
29,10,85.1078900410763,6.1791317870785,1.62833301583992,9.37,0,0,57,0
29,10,85.1078900410763,6.1791317870785,1.62833301583992,9.9,0,0,54,0
29,10,85.1078900410763,6.1791317870785,1.62833301583992,13.89,0,0,53,0
30,10,97.8886439251114,3.62079499291165,1.12612603503979,0,101,10000,0,1
30,10,97.8886439251114,3.62079499291165,1.12612603503979,0.61,0,0,54,0
30,10,97.8886439251114,3.62079499291165,1.12612603503979,5.08,0,0,118,0
30,10,97.8886439251114,3.62079499291165,1.12612603503979,15.97,0,0,67,0
30,10,97.8886439251114,3.62079499291165,1.12612603503979,21.28,0,0,53,0
31,30,49.6887891505922,3.60434541942601,1.14365291558094,0,101,30000,0,1
31,30,49.6887891505922,3.60434541942601,1.14365291558094,0.21,0,0,145,0
31,30,49.6887891505922,3.60434541942601,1.14365291558094,10.11,0,0,271,0
31,30,49.6887891505922,3.60434541942601,1.14365291558094,14.56,0,0,208,0
31,30,49.6887891505922,3.60434541942601,1.14365291558094,23.67,0,0,109,0
32,30,41.6024591684841,3.95867043247182,0.646197060703351,0,101,30000,0,1
32,30,41.6024591684841,3.95867043247182,0.646197060703351,0.06,0,0,28,0
32,30,41.6024591684841,3.95867043247182,0.646197060703351,2.42,0,0,624,0
32,30,41.6024591684841,3.95867043247182,0.646197060703351,4.53,0,0,387,0
32,30,41.6024591684841,3.95867043247182,0.646197060703351,12.15,0,0,322,0
33,30,59.7636793249149,2.89536634759421,1.03350554824083,0,101,30000,0,1
33,30,59.7636793249149,2.89536634759421,1.03350554824083,4.56,0,0,347,0
33,30,59.7636793249149,2.89536634759421,1.03350554824083,9.63,0,0,411,0
33,30,59.7636793249149,2.89536634759421,1.03350554824083,15.98,0,0,304,0
33,30,59.7636793249149,2.89536634759421,1.03350554824083,21.72,0,0,214,0
34,30,79.6828557759713,3.49041572022511,1.26610491141965,0,101,30000,0,1
34,30,79.6828557759713,3.49041572022511,1.26610491141965,0.23,0,0,114,0
34,30,79.6828557759713,3.49041572022511,1.26610491141965,15.09,0,0,137,0
34,30,79.6828557759713,3.49041572022511,1.26610491141965,19.67,0,0,179,0
34,30,79.6828557759713,3.49041572022511,1.26610491141965,23.19,0,0,183,0
35,30,38.0779737296813,3.39502485555024,1.16572996459746,0,101,30000,0,1
35,30,38.0779737296813,3.39502485555024,1.16572996459746,8.5,0,0,287,0
35,30,38.0779737296813,3.39502485555024,1.16572996459746,10.82,0,0,355,0
35,30,38.0779737296813,3.39502485555024,1.16572996459746,16,0,0,163,0
35,30,38.0779737296813,3.39502485555024,1.16572996459746,18.65,0,0,199,0
36,30,109.022006514545,2.98435961802374,1.09920392130476,0,101,30000,0,1
36,30,109.022006514545,2.98435961802374,1.09920392130476,8.12,0,0,245,0
36,30,109.022006514545,2.98435961802374,1.09920392130476,12.79,0,0,166,0
36,30,109.022006514545,2.98435961802374,1.09920392130476,14,0,0,188,0
36,30,109.022006514545,2.98435961802374,1.09920392130476,17.18,0,0,144,0
37,30,91.1602894575088,2.57260852532466,1.86422267080001,0,101,30000,0,1
37,30,91.1602894575088,2.57260852532466,1.86422267080001,10.57,0,0,242,0
37,30,91.1602894575088,2.57260852532466,1.86422267080001,14.93,0,0,162,0
37,30,91.1602894575088,2.57260852532466,1.86422267080001,16.57,0,0,194,0
37,30,91.1602894575088,2.57260852532466,1.86422267080001,17.2,0,0,183,0
38,30,82.4899186511504,4.24578701370028,1.04949040389385,0,101,30000,0,1
38,30,82.4899186511504,4.24578701370028,1.04949040389385,3.21,0,0,375,0
38,30,82.4899186511504,4.24578701370028,1.04949040389385,4.08,0,0,381,0
38,30,82.4899186511504,4.24578701370028,1.04949040389385,10.01,0,0,160,0
38,30,82.4899186511504,4.24578701370028,1.04949040389385,11.39,0,0,228,0
39,30,48.5138011351114,4.72559799223142,0.806513836012484,0,101,30000,0,1
39,30,48.5138011351114,4.72559799223142,0.806513836012484,5.9,0,0,439,0
39,30,48.5138011351114,4.72559799223142,0.806513836012484,6.94,0,0,391,0
39,30,48.5138011351114,4.72559799223142,0.806513836012484,13.6,0,0,170,0
39,30,48.5138011351114,4.72559799223142,0.806513836012484,17.14,0,0,123,0
40,30,54.9191656906261,4.90993097535638,0.850650105444478,0,101,30000,0,1
40,30,54.9191656906261,4.90993097535638,0.850650105444478,1.64,0,0,369,0
40,30,54.9191656906261,4.90993097535638,0.850650105444478,7.43,0,0,347,0
40,30,54.9191656906261,4.90993097535638,0.850650105444478,10.99,0,0,226,0
40,30,54.9191656906261,4.90993097535638,0.850650105444478,13.83,0,0,183,0
41,30,57.8853646674758,3.74940000862618,1.10405512368548,0,101,30000,0,1
41,30,57.8853646674758,3.74940000862618,1.10405512368548,4.07,0,0,451,0
41,30,57.8853646674758,3.74940000862618,1.10405512368548,10.24,0,0,323,0
41,30,57.8853646674758,3.74940000862618,1.10405512368548,13.25,0,0,320,0
41,30,57.8853646674758,3.74940000862618,1.10405512368548,19.07,0,0,197,0
42,30,96.8672443744232,3.90171940288509,0.924097696276627,0,101,30000,0,1
42,30,96.8672443744232,3.90171940288509,0.924097696276627,1.07,0,0,180,0
42,30,96.8672443744232,3.90171940288509,0.924097696276627,1.19,0,0,221,0
42,30,96.8672443744232,3.90171940288509,0.924097696276627,7.68,0,0,296,0
42,30,96.8672443744232,3.90171940288509,0.924097696276627,21.99,0,0,150,0
43,30,96.9965126096397,3.22768423326439,1.04734128031078,0,101,30000,0,1
43,30,96.9965126096397,3.22768423326439,1.04734128031078,14.43,0,0,226,0
43,30,96.9965126096397,3.22768423326439,1.04734128031078,14.58,0,0,203,0
43,30,96.9965126096397,3.22768423326439,1.04734128031078,15.04,0,0,217,0
43,30,96.9965126096397,3.22768423326439,1.04734128031078,17.84,0,0,255,0
44,30,83.0009639957206,3.35946670484837,0.493688475348568,0,101,30000,0,1
44,30,83.0009639957206,3.35946670484837,0.493688475348568,0.56,0,0,95,0
44,30,83.0009639957206,3.35946670484837,0.493688475348568,11.03,0,0,359,0
44,30,83.0009639957206,3.35946670484837,0.493688475348568,15.02,0,0,156,0
44,30,83.0009639957206,3.35946670484837,0.493688475348568,18.01,0,0,233,0
45,30,80.0412868035972,7.51650583554636,0.96080763981582,0,101,30000,0,1
45,30,80.0412868035972,7.51650583554636,0.96080763981582,5.31,0,0,174,0
45,30,80.0412868035972,7.51650583554636,0.96080763981582,6.63,0,0,147,0
45,30,80.0412868035972,7.51650583554636,0.96080763981582,14.29,0,0,103,0
45,30,80.0412868035972,7.51650583554636,0.96080763981582,18.83,0,0,62,0
46,30,69.5057470306383,6.32641068291401,0.811936089039382,0,101,30000,0,1
46,30,69.5057470306383,6.32641068291401,0.811936089039382,2.88,0,0,448,0
46,30,69.5057470306383,6.32641068291401,0.811936089039382,6.11,0,0,298,0
46,30,69.5057470306383,6.32641068291401,0.811936089039382,8.67,0,0,248,0
46,30,69.5057470306383,6.32641068291401,0.811936089039382,13.13,0,0,172,0
47,30,125.085195436022,4.28898831810377,1.73565647876282,0,101,30000,0,1
47,30,125.085195436022,4.28898831810377,1.73565647876282,3.45,0,0,196,0
47,30,125.085195436022,4.28898831810377,1.73565647876282,11.51,0,0,176,0
47,30,125.085195436022,4.28898831810377,1.73565647876282,16.56,0,0,96,0
47,30,125.085195436022,4.28898831810377,1.73565647876282,17,0,0,147,0
48,30,57.545263559201,7.08845272695965,0.848045391728477,0,101,30000,0,1
48,30,57.545263559201,7.08845272695965,0.848045391728477,17.62,0,0,78,0
48,30,57.545263559201,7.08845272695965,0.848045391728477,19.02,0,0,46,0
48,30,57.545263559201,7.08845272695965,0.848045391728477,19.15,0,0,53,0
48,30,57.545263559201,7.08845272695965,0.848045391728477,22.38,0,0,47,0
49,30,63.030177518252,3.9352488006575,1.33432351838699,0,101,30000,0,1
49,30,63.030177518252,3.9352488006575,1.33432351838699,3.94,0,0,384,0
49,30,63.030177518252,3.9352488006575,1.33432351838699,10.22,0,0,196,0
49,30,63.030177518252,3.9352488006575,1.33432351838699,19.52,0,0,138,0
49,30,63.030177518252,3.9352488006575,1.33432351838699,22.59,0,0,119,0
50,30,110.851406940185,3.87236170278094,1.16583930510628,0,101,30000,0,1
50,30,110.851406940185,3.87236170278094,1.16583930510628,11.07,0,0,250,0
50,30,110.851406940185,3.87236170278094,1.16583930510628,14.6,0,0,122,0
50,30,110.851406940185,3.87236170278094,1.16583930510628,15.85,0,0,214,0
50,30,110.851406940185,3.87236170278094,1.16583930510628,19.29,0,0,138,0
51,30,78.3248231083923,3.19898671786645,0.717872799999512,0,101,30000,0,1
51,30,78.3248231083923,3.19898671786645,0.717872799999512,10.3,0,0,290,0
51,30,78.3248231083923,3.19898671786645,0.717872799999512,10.41,0,0,290,0
51,30,78.3248231083923,3.19898671786645,0.717872799999512,11.91,0,0,263,0
51,30,78.3248231083923,3.19898671786645,0.717872799999512,12.62,0,0,267,0
52,30,144.652230971179,4.94725855811263,0.987067899561371,0,101,30000,0,1
52,30,144.652230971179,4.94725855811263,0.987067899561371,5.41,0,0,187,0
52,30,144.652230971179,4.94725855811263,0.987067899561371,6.23,0,0,170,0
52,30,144.652230971179,4.94725855811263,0.987067899561371,14.19,0,0,118,0
52,30,144.652230971179,4.94725855811263,0.987067899561371,18.2,0,0,108,0
53,30,74.1459750411256,3.37415658385141,1.09327410458001,0,101,30000,0,1
53,30,74.1459750411256,3.37415658385141,1.09327410458001,1.09,0,0,282,0
53,30,74.1459750411256,3.37415658385141,1.09327410458001,3.29,0,0,440,0
53,30,74.1459750411256,3.37415658385141,1.09327410458001,14.72,0,0,256,0
53,30,74.1459750411256,3.37415658385141,1.09327410458001,18.18,0,0,172,0
54,30,75.6847254988732,5.969188740628,0.900742882654411,0,101,30000,0,1
54,30,75.6847254988732,5.969188740628,0.900742882654411,2.53,0,0,354,0
54,30,75.6847254988732,5.969188740628,0.900742882654411,5.73,0,0,223,0
54,30,75.6847254988732,5.969188740628,0.900742882654411,8.19,0,0,273,0
54,30,75.6847254988732,5.969188740628,0.900742882654411,16.15,0,0,145,0
55,30,43.2230681464476,3.6128417991917,1.4143784221789,0,101,30000,0,1
55,30,43.2230681464476,3.6128417991917,1.4143784221789,0.83,0,0,513,0
55,30,43.2230681464476,3.6128417991917,1.4143784221789,4.74,0,0,374,0
55,30,43.2230681464476,3.6128417991917,1.4143784221789,8.95,0,0,598,0
55,30,43.2230681464476,3.6128417991917,1.4143784221789,21.48,0,0,99,0
56,30,122.194657537129,2.19171331467797,0.942736128073039,0,101,30000,0,1
56,30,122.194657537129,2.19171331467797,0.942736128073039,0.51,0,0,83,0
56,30,122.194657537129,2.19171331467797,0.942736128073039,13.52,0,0,169,0
56,30,122.194657537129,2.19171331467797,0.942736128073039,18.8,0,0,199,0
56,30,122.194657537129,2.19171331467797,0.942736128073039,23.16,0,0,176,0
57,30,87.2609151400543,3.74116661755568,1.03203527176848,0,101,30000,0,1
57,30,87.2609151400543,3.74116661755568,1.03203527176848,5.87,0,0,388,0
57,30,87.2609151400543,3.74116661755568,1.03203527176848,17.03,0,0,195,0
57,30,87.2609151400543,3.74116661755568,1.03203527176848,19.91,0,0,152,0
57,30,87.2609151400543,3.74116661755568,1.03203527176848,20.81,0,0,106,0
58,30,50.978753803415,3.60204374308874,1.37643680670506,0,101,30000,0,1
58,30,50.978753803415,3.60204374308874,1.37643680670506,0.28,0,0,193,0
58,30,50.978753803415,3.60204374308874,1.37643680670506,11.22,0,0,306,0
58,30,50.978753803415,3.60204374308874,1.37643680670506,11.97,0,0,299,0
58,30,50.978753803415,3.60204374308874,1.37643680670506,13.03,0,0,340,0
59,30,80.9757884272118,2.73847051069582,1.15895587604441,0,101,30000,0,1
59,30,80.9757884272118,2.73847051069582,1.15895587604441,0.72,0,0,186,0
59,30,80.9757884272118,2.73847051069582,1.15895587604441,9.56,0,0,306,0
59,30,80.9757884272118,2.73847051069582,1.15895587604441,12.52,0,0,240,0
59,30,80.9757884272118,2.73847051069582,1.15895587604441,21.66,0,0,176,0
60,30,77.3978731496878,3.24185753194331,1.60018591397502,0,101,30000,0,1
60,30,77.3978731496878,3.24185753194331,1.60018591397502,6.57,0,0,340,0
60,30,77.3978731496878,3.24185753194331,1.60018591397502,16.92,0,0,197,0
60,30,77.3978731496878,3.24185753194331,1.60018591397502,21.58,0,0,131,0
60,30,77.3978731496878,3.24185753194331,1.60018591397502,23.51,0,0,125,0
61,60,76.9960956521528,4.80508872754259,1.24122354502881,0,101,60000,0,1
61,60,76.9960956521528,4.80508872754259,1.24122354502881,14.4,0,0,304,0
61,60,76.9960956521528,4.80508872754259,1.24122354502881,15.7,0,0,406,0
61,60,76.9960956521528,4.80508872754259,1.24122354502881,19.78,0,0,269,0
61,60,76.9960956521528,4.80508872754259,1.24122354502881,23.95,0,0,179,0
62,60,49.5904705876088,3.8862250747924,0.731226950645892,0,101,60000,0,1
62,60,49.5904705876088,3.8862250747924,0.731226950645892,2.7,0,0,989,0
62,60,49.5904705876088,3.8862250747924,0.731226950645892,2.95,0,0,1151,0
62,60,49.5904705876088,3.8862250747924,0.731226950645892,7.34,0,0,800,0
62,60,49.5904705876088,3.8862250747924,0.731226950645892,7.52,0,0,621,0
63,60,56.2196449769302,4.20812866873992,0.690755036328102,0,101,60000,0,1
63,60,56.2196449769302,4.20812866873992,0.690755036328102,6.83,0,0,587,0
63,60,56.2196449769302,4.20812866873992,0.690755036328102,19.17,0,0,181,0
63,60,56.2196449769302,4.20812866873992,0.690755036328102,21.66,0,0,280,0
63,60,56.2196449769302,4.20812866873992,0.690755036328102,22.69,0,0,199,0
64,60,52.1615871134616,3.99227047919747,0.837811020258791,0,101,60000,0,1
64,60,52.1615871134616,3.99227047919747,0.837811020258791,2.74,0,0,516,0
64,60,52.1615871134616,3.99227047919747,0.837811020258791,5.35,0,0,538,0
64,60,52.1615871134616,3.99227047919747,0.837811020258791,13.34,0,0,534,0
64,60,52.1615871134616,3.99227047919747,0.837811020258791,17.17,0,0,297,0
65,60,63.7462732478115,3.84401284469972,1.26332116894388,0,101,60000,0,1
65,60,63.7462732478115,3.84401284469972,1.26332116894388,2.36,0,0,1037,0
65,60,63.7462732478115,3.84401284469972,1.26332116894388,6.45,0,0,544,0
65,60,63.7462732478115,3.84401284469972,1.26332116894388,9.67,0,0,561,0
65,60,63.7462732478115,3.84401284469972,1.26332116894388,15.5,0,0,367,0
66,60,80.743707244502,3.81358547294629,0.884861231914753,0,101,60000,0,1
66,60,80.743707244502,3.81358547294629,0.884861231914753,5.85,0,0,620,0
66,60,80.743707244502,3.81358547294629,0.884861231914753,9.4,0,0,424,0
66,60,80.743707244502,3.81358547294629,0.884861231914753,18.43,0,0,255,0
66,60,80.743707244502,3.81358547294629,0.884861231914753,22.88,0,0,262,0
67,60,55.3287577480186,3.97069404161691,1.36176392146472,0,101,60000,0,1
67,60,55.3287577480186,3.97069404161691,1.36176392146472,1.97,0,0,966,0
67,60,55.3287577480186,3.97069404161691,1.36176392146472,8.1,0,0,603,0
67,60,55.3287577480186,3.97069404161691,1.36176392146472,14.58,0,0,355,0
67,60,55.3287577480186,3.97069404161691,1.36176392146472,17.33,0,0,375,0
68,60,137.347063459962,3.27844827684995,1.02438060710818,0,101,60000,0,1
68,60,137.347063459962,3.27844827684995,1.02438060710818,7.51,0,0,359,0
68,60,137.347063459962,3.27844827684995,1.02438060710818,14.45,0,0,276,0
68,60,137.347063459962,3.27844827684995,1.02438060710818,15,0,0,347,0
68,60,137.347063459962,3.27844827684995,1.02438060710818,22.66,0,0,245,0
69,60,88.9464558502701,4.28485785771568,1.06457002305946,0,101,60000,0,1
69,60,88.9464558502701,4.28485785771568,1.06457002305946,3.08,0,0,622,0
69,60,88.9464558502701,4.28485785771568,1.06457002305946,10.58,0,0,382,0
69,60,88.9464558502701,4.28485785771568,1.06457002305946,18.9,0,0,402,0
69,60,88.9464558502701,4.28485785771568,1.06457002305946,21.49,0,0,207,0
70,60,51.7845387037367,4.04054202645214,0.732038597839277,0,101,60000,0,1
70,60,51.7845387037367,4.04054202645214,0.732038597839277,0.96,0,0,564,0
70,60,51.7845387037367,4.04054202645214,0.732038597839277,2.96,0,0,658,0
70,60,51.7845387037367,4.04054202645214,0.732038597839277,11.99,0,0,493,0
70,60,51.7845387037367,4.04054202645214,0.732038597839277,13.75,0,0,433,0
71,60,62.8317273830116,2.48870723019089,1.00435008960445,0,101,60000,0,1
71,60,62.8317273830116,2.48870723019089,1.00435008960445,0.76,0,0,638,0
71,60,62.8317273830116,2.48870723019089,1.00435008960445,4.41,0,0,581,0
71,60,62.8317273830116,2.48870723019089,1.00435008960445,9,0,0,909,0
71,60,62.8317273830116,2.48870723019089,1.00435008960445,17.75,0,0,483,0
72,60,69.4249897939637,4.58732581648869,1.23416610011053,0,101,60000,0,1
72,60,69.4249897939637,4.58732581648869,1.23416610011053,1.35,0,0,687,0
72,60,69.4249897939637,4.58732581648869,1.23416610011053,4.6,0,0,906,0
72,60,69.4249897939637,4.58732581648869,1.23416610011053,18.49,0,0,249,0
72,60,69.4249897939637,4.58732581648869,1.23416610011053,21.26,0,0,247,0
73,60,84.6183502652174,5.93659812867908,1.38858371508466,0,101,60000,0,1
73,60,84.6183502652174,5.93659812867908,1.38858371508466,2.06,0,0,629,0
73,60,84.6183502652174,5.93659812867908,1.38858371508466,6.88,0,0,488,0
73,60,84.6183502652174,5.93659812867908,1.38858371508466,19.13,0,0,215,0
73,60,84.6183502652174,5.93659812867908,1.38858371508466,19.58,0,0,178,0
74,60,42.5590618763877,5.0748111835583,1.11168564111049,0,101,60000,0,1
74,60,42.5590618763877,5.0748111835583,1.11168564111049,0.13,0,0,196,0
74,60,42.5590618763877,5.0748111835583,1.11168564111049,1.64,0,0,1556,0
74,60,42.5590618763877,5.0748111835583,1.11168564111049,19.5,0,0,126,0
74,60,42.5590618763877,5.0748111835583,1.11168564111049,21.5,0,0,97,0
75,60,48.2034657860721,1.81680773418603,0.855900216795896,0,101,60000,0,1
75,60,48.2034657860721,1.81680773418603,0.855900216795896,6.19,0,0,1080,0
75,60,48.2034657860721,1.81680773418603,0.855900216795896,11.28,0,0,991,0
75,60,48.2034657860721,1.81680773418603,0.855900216795896,17.61,0,0,645,0
75,60,48.2034657860721,1.81680773418603,0.855900216795896,18.38,0,0,458,0
76,60,82.3934175388797,4.64399916040904,1.20679505413321,0,101,60000,0,1
76,60,82.3934175388797,4.64399916040904,1.20679505413321,6.32,0,0,572,0
76,60,82.3934175388797,4.64399916040904,1.20679505413321,9.06,0,0,704,0
76,60,82.3934175388797,4.64399916040904,1.20679505413321,18.17,0,0,207,0
76,60,82.3934175388797,4.64399916040904,1.20679505413321,19.75,0,0,250,0
77,60,42.6781575352818,4.57632569716958,0.590167267645947,0,101,60000,0,1
77,60,42.6781575352818,4.57632569716958,0.590167267645947,5.15,0,0,890,0
77,60,42.6781575352818,4.57632569716958,0.590167267645947,10.04,0,0,554,0
77,60,42.6781575352818,4.57632569716958,0.590167267645947,10.4,0,0,427,0
77,60,42.6781575352818,4.57632569716958,0.590167267645947,13.14,0,0,424,0
78,60,102.267075581915,3.4088628655671,0.59515421225438,0,101,60000,0,1
78,60,102.267075581915,3.4088628655671,0.59515421225438,3.15,0,0,411,0
78,60,102.267075581915,3.4088628655671,0.59515421225438,9.69,0,0,678,0
78,60,102.267075581915,3.4088628655671,0.59515421225438,14.26,0,0,267,0
78,60,102.267075581915,3.4088628655671,0.59515421225438,19.22,0,0,330,0
79,60,37.2971797287607,3.84341690364531,0.941183992618358,0,101,60000,0,1
79,60,37.2971797287607,3.84341690364531,0.941183992618358,0.9,0,0,756,0
79,60,37.2971797287607,3.84341690364531,0.941183992618358,5.28,0,0,1250,0
79,60,37.2971797287607,3.84341690364531,0.941183992618358,6.23,0,0,1084,0
79,60,37.2971797287607,3.84341690364531,0.941183992618358,19.61,0,0,261,0
80,60,47.7400941326182,2.28691906505126,1.28149698927365,0,101,60000,0,1
80,60,47.7400941326182,2.28691906505126,1.28149698927365,4.12,0,0,1165,0
80,60,47.7400941326182,2.28691906505126,1.28149698927365,12.37,0,0,821,0
80,60,47.7400941326182,2.28691906505126,1.28149698927365,16.26,0,0,654,0
80,60,47.7400941326182,2.28691906505126,1.28149698927365,22.26,0,0,664,0
81,60,75.8993392929446,3.43448636625874,0.735502256859335,0,101,60000,0,1
81,60,75.8993392929446,3.43448636625874,0.735502256859335,4.83,0,0,753,0
81,60,75.8993392929446,3.43448636625874,0.735502256859335,15.59,0,0,286,0
81,60,75.8993392929446,3.43448636625874,0.735502256859335,18.87,0,0,411,0
81,60,75.8993392929446,3.43448636625874,0.735502256859335,23.23,0,0,216,0
82,60,66.8078970069807,5.48812019109181,0.537669033535605,0,101,60000,0,1
82,60,66.8078970069807,5.48812019109181,0.537669033535605,2.01,0,0,332,0
82,60,66.8078970069807,5.48812019109181,0.537669033535605,7.49,0,0,589,0
82,60,66.8078970069807,5.48812019109181,0.537669033535605,9.62,0,0,424,0
82,60,66.8078970069807,5.48812019109181,0.537669033535605,10.36,0,0,478,0
83,60,75.0449814122558,5.02392920134415,0.992996436855879,0,101,60000,0,1
83,60,75.0449814122558,5.02392920134415,0.992996436855879,7.13,0,0,399,0
83,60,75.0449814122558,5.02392920134415,0.992996436855879,11.07,0,0,485,0
83,60,75.0449814122558,5.02392920134415,0.992996436855879,19.96,0,0,292,0
83,60,75.0449814122558,5.02392920134415,0.992996436855879,21.47,0,0,222,0
84,60,85.3306761432528,3.34797585331888,0.616199527370037,0,101,60000,0,1
84,60,85.3306761432528,3.34797585331888,0.616199527370037,1.57,0,0,412,0
84,60,85.3306761432528,3.34797585331888,0.616199527370037,15.72,0,0,355,0
84,60,85.3306761432528,3.34797585331888,0.616199527370037,18.17,0,0,309,0
84,60,85.3306761432528,3.34797585331888,0.616199527370037,20.05,0,0,458,0
85,60,66.05234948556,5.12917671508443,0.75828624380203,0,101,60000,0,1
85,60,66.05234948556,5.12917671508443,0.75828624380203,5.13,0,0,577,0
85,60,66.05234948556,5.12917671508443,0.75828624380203,8.51,0,0,466,0
85,60,66.05234948556,5.12917671508443,0.75828624380203,11.63,0,0,323,0
85,60,66.05234948556,5.12917671508443,0.75828624380203,15.69,0,0,262,0
86,60,89.2593097309587,4.19230730004623,1.57602978377746,0,101,60000,0,1
86,60,89.2593097309587,4.19230730004623,1.57602978377746,8.54,0,0,473,0
86,60,89.2593097309587,4.19230730004623,1.57602978377746,12.77,0,0,309,0
86,60,89.2593097309587,4.19230730004623,1.57602978377746,17.97,0,0,270,0
86,60,89.2593097309587,4.19230730004623,1.57602978377746,20.89,0,0,334,0
87,60,35.5538690470579,5.63701822935802,0.61626606657122,0,101,60000,0,1
87,60,35.5538690470579,5.63701822935802,0.61626606657122,13.72,0,0,360,0
87,60,35.5538690470579,5.63701822935802,0.61626606657122,21.86,0,0,77,0
87,60,35.5538690470579,5.63701822935802,0.61626606657122,21.97,0,0,119,0
87,60,35.5538690470579,5.63701822935802,0.61626606657122,22.27,0,0,72,0
88,60,67.2639708017372,5.35025491223194,1.20638032055216,0,101,60000,0,1
88,60,67.2639708017372,5.35025491223194,1.20638032055216,0.28,0,0,242,0
88,60,67.2639708017372,5.35025491223194,1.20638032055216,6.49,0,0,598,0
88,60,67.2639708017372,5.35025491223194,1.20638032055216,7.84,0,0,598,0
88,60,67.2639708017372,5.35025491223194,1.20638032055216,17.45,0,0,293,0
89,60,78.7421037992067,4.61470254620987,0.628111879623074,0,101,60000,0,1
89,60,78.7421037992067,4.61470254620987,0.628111879623074,0.14,0,0,85,0
89,60,78.7421037992067,4.61470254620987,0.628111879623074,3.1,0,0,504,0
89,60,78.7421037992067,4.61470254620987,0.628111879623074,13.22,0,0,290,0
89,60,78.7421037992067,4.61470254620987,0.628111879623074,15.77,0,0,425,0
90,60,60.6632838949785,2.5509121875382,1.16085788384286,0,101,60000,0,1
90,60,60.6632838949785,2.5509121875382,1.16085788384286,2.93,0,0,998,0
90,60,60.6632838949785,2.5509121875382,1.16085788384286,6.54,0,0,693,0
90,60,60.6632838949785,2.5509121875382,1.16085788384286,20.34,0,0,397,0
90,60,60.6632838949785,2.5509121875382,1.16085788384286,21.23,0,0,385,0
91,120,89.0985372284581,8.08713695265263,0.950551351820033,0,101,120000,0,1
91,120,89.0985372284581,8.08713695265263,0.950551351820033,4.09,0,0,834,0
91,120,89.0985372284581,8.08713695265263,0.950551351820033,9.48,0,0,581,0
91,120,89.0985372284581,8.08713695265263,0.950551351820033,16.22,0,0,377,0
91,120,89.0985372284581,8.08713695265263,0.950551351820033,23.19,0,0,139,0
92,120,116.322099614957,2.42035202566863,1.05699841902272,0,101,120000,0,1
92,120,116.322099614957,2.42035202566863,1.05699841902272,9.29,0,0,756,0
92,120,116.322099614957,2.42035202566863,1.05699841902272,11.5,0,0,688,0
92,120,116.322099614957,2.42035202566863,1.05699841902272,16.11,0,0,743,0
92,120,116.322099614957,2.42035202566863,1.05699841902272,23.34,0,0,703,0
93,120,79.8655615583813,4.88242003170085,0.6986718370647,0,101,120000,0,1
93,120,79.8655615583813,4.88242003170085,0.6986718370647,6.27,0,0,1147,0
93,120,79.8655615583813,4.88242003170085,0.6986718370647,9.87,0,0,713,0
93,120,79.8655615583813,4.88242003170085,0.6986718370647,16.47,0,0,446,0
93,120,79.8655615583813,4.88242003170085,0.6986718370647,21.08,0,0,529,0
94,120,49.7483551246445,2.92762994512903,0.903880083198914,0,101,120000,0,1
94,120,49.7483551246445,2.92762994512903,0.903880083198914,8.57,0,0,1502,0
94,120,49.7483551246445,2.92762994512903,0.903880083198914,11.51,0,0,1211,0
94,120,49.7483551246445,2.92762994512903,0.903880083198914,18.63,0,0,874,0
94,120,49.7483551246445,2.92762994512903,0.903880083198914,21.73,0,0,772,0
95,120,60.8184730754019,3.26981606874651,1.22497448141873,0,101,120000,0,1
95,120,60.8184730754019,3.26981606874651,1.22497448141873,0.81,0,0,1015,0
95,120,60.8184730754019,3.26981606874651,1.22497448141873,3.81,0,0,1434,0
95,120,60.8184730754019,3.26981606874651,1.22497448141873,17.18,0,0,808,0
95,120,60.8184730754019,3.26981606874651,1.22497448141873,23.36,0,0,520,0
96,120,83.9493386903407,6.62740992530867,1.07016823219698,0,101,120000,0,1
96,120,83.9493386903407,6.62740992530867,1.07016823219698,8.51,0,0,940,0
96,120,83.9493386903407,6.62740992530867,1.07016823219698,11.71,0,0,493,0
96,120,83.9493386903407,6.62740992530867,1.07016823219698,17.34,0,0,354,0
96,120,83.9493386903407,6.62740992530867,1.07016823219698,20.41,0,0,251,0
97,120,78.0224086317212,4.40978300340624,1.03578401663354,0,101,120000,0,1
97,120,78.0224086317212,4.40978300340624,1.03578401663354,4.14,0,0,1509,0
97,120,78.0224086317212,4.40978300340624,1.03578401663354,12.44,0,0,958,0
97,120,78.0224086317212,4.40978300340624,1.03578401663354,18.38,0,0,704,0
97,120,78.0224086317212,4.40978300340624,1.03578401663354,18.6,0,0,747,0
98,120,70.8723119805079,4.76939619833647,0.926623585075616,0,101,120000,0,1
98,120,70.8723119805079,4.76939619833647,0.926623585075616,1.75,0,0,1556,0
98,120,70.8723119805079,4.76939619833647,0.926623585075616,6.4,0,0,1495,0
98,120,70.8723119805079,4.76939619833647,0.926623585075616,7.71,0,0,1331,0
98,120,70.8723119805079,4.76939619833647,0.926623585075616,18.01,0,0,723,0
99,120,60.6968984065864,6.27224750761801,0.989649567990195,0,101,120000,0,1
99,120,60.6968984065864,6.27224750761801,0.989649567990195,3.11,0,0,1691,0
99,120,60.6968984065864,6.27224750761801,0.989649567990195,10.55,0,0,960,0
99,120,60.6968984065864,6.27224750761801,0.989649567990195,13.01,0,0,639,0
99,120,60.6968984065864,6.27224750761801,0.989649567990195,19.39,0,0,271,0
100,120,113.92157294856,3.31124378944539,0.941728716856383,0,101,120000,0,1
100,120,113.92157294856,3.31124378944539,0.941728716856383,12.35,0,0,581,0
100,120,113.92157294856,3.31124378944539,0.941728716856383,14.93,0,0,612,0
100,120,113.92157294856,3.31124378944539,0.941728716856383,21.15,0,0,629,0
100,120,113.92157294856,3.31124378944539,0.941728716856383,22.54,0,0,355,0
101,120,61.9074039265217,5.06293077568245,0.646766663977837,0,101,120000,0,1
101,120,61.9074039265217,5.06293077568245,0.646766663977837,16.79,0,0,686,0
101,120,61.9074039265217,5.06293077568245,0.646766663977837,20.65,0,0,338,0
101,120,61.9074039265217,5.06293077568245,0.646766663977837,21.89,0,0,354,0
101,120,61.9074039265217,5.06293077568245,0.646766663977837,22.89,0,0,255,0
102,120,69.4695377418648,6.5056181201763,0.689033158806062,0,101,120000,0,1
102,120,69.4695377418648,6.5056181201763,0.689033158806062,5.61,0,0,1359,0
102,120,69.4695377418648,6.5056181201763,0.689033158806062,6.02,0,0,937,0
102,120,69.4695377418648,6.5056181201763,0.689033158806062,8.74,0,0,842,0
102,120,69.4695377418648,6.5056181201763,0.689033158806062,22.37,0,0,204,0
103,120,64.1639228408109,5.06538032425974,0.817831848817111,0,101,120000,0,1
103,120,64.1639228408109,5.06538032425974,0.817831848817111,1.13,0,0,1180,0
103,120,64.1639228408109,5.06538032425974,0.817831848817111,2.88,0,0,1738,0
103,120,64.1639228408109,5.06538032425974,0.817831848817111,4.32,0,0,1302,0
103,120,64.1639228408109,5.06538032425974,0.817831848817111,15.78,0,0,555,0
104,120,47.6689237503532,5.06043721364301,1.58122511059405,0,101,120000,0,1
104,120,47.6689237503532,5.06043721364301,1.58122511059405,3.78,0,0,2390,0
104,120,47.6689237503532,5.06043721364301,1.58122511059405,7.07,0,0,1095,0
104,120,47.6689237503532,5.06043721364301,1.58122511059405,21.88,0,0,250,0
104,120,47.6689237503532,5.06043721364301,1.58122511059405,23.27,0,0,259,0
105,120,54.2491224566689,2.97463443805557,0.848160046748522,0,101,120000,0,1
105,120,54.2491224566689,2.97463443805557,0.848160046748522,1.37,0,0,1529,0
105,120,54.2491224566689,2.97463443805557,0.848160046748522,11.46,0,0,1442,0
105,120,54.2491224566689,2.97463443805557,0.848160046748522,18.34,0,0,1102,0
105,120,54.2491224566689,2.97463443805557,0.848160046748522,22.43,0,0,866,0
106,120,67.1251755006715,4.69234232936641,1.28097666522641,0,101,120000,0,1
106,120,67.1251755006715,4.69234232936641,1.28097666522641,2.57,0,0,1351,0
106,120,67.1251755006715,4.69234232936641,1.28097666522641,3.8,0,0,1293,0
106,120,67.1251755006715,4.69234232936641,1.28097666522641,19.1,0,0,416,0
106,120,67.1251755006715,4.69234232936641,1.28097666522641,22.91,0,0,352,0
107,120,81.3081222849926,4.46542130160054,0.946165392004303,0,101,120000,0,1
107,120,81.3081222849926,4.46542130160054,0.946165392004303,8.23,0,0,954,0
107,120,81.3081222849926,4.46542130160054,0.946165392004303,8.8,0,0,1272,0
107,120,81.3081222849926,4.46542130160054,0.946165392004303,13.32,0,0,878,0
107,120,81.3081222849926,4.46542130160054,0.946165392004303,18.82,0,0,380,0
108,120,62.7807341381406,4.42998328388243,0.816066442461403,0,101,120000,0,1
108,120,62.7807341381406,4.42998328388243,0.816066442461403,0.42,0,0,534,0
108,120,62.7807341381406,4.42998328388243,0.816066442461403,9.04,0,0,1617,0
108,120,62.7807341381406,4.42998328388243,0.816066442461403,15.35,0,0,741,0
108,120,62.7807341381406,4.42998328388243,0.816066442461403,19.24,0,0,540,0
109,120,36.0131099400255,2.60479598027417,1.33894460334126,0,101,120000,0,1
109,120,36.0131099400255,2.60479598027417,1.33894460334126,7.32,0,0,2625,0
109,120,36.0131099400255,2.60479598027417,1.33894460334126,7.69,0,0,2016,0
109,120,36.0131099400255,2.60479598027417,1.33894460334126,11.85,0,0,1308,0
109,120,36.0131099400255,2.60479598027417,1.33894460334126,12.07,0,0,2021,0
110,120,66.2295020360543,3.28875430683695,1.58265772238755,0,101,120000,0,1
110,120,66.2295020360543,3.28875430683695,1.58265772238755,9.16,0,0,1642,0
110,120,66.2295020360543,3.28875430683695,1.58265772238755,9.92,0,0,936,0
110,120,66.2295020360543,3.28875430683695,1.58265772238755,11.53,0,0,1128,0
110,120,66.2295020360543,3.28875430683695,1.58265772238755,22.78,0,0,616,0
111,120,46.8298060107633,4.13316042879871,0.675814716138033,0,101,120000,0,1
111,120,46.8298060107633,4.13316042879871,0.675814716138033,6.29,0,0,1184,0
111,120,46.8298060107633,4.13316042879871,0.675814716138033,7.18,0,0,1472,0
111,120,46.8298060107633,4.13316042879871,0.675814716138033,14.05,0,0,1064,0
111,120,46.8298060107633,4.13316042879871,0.675814716138033,19.64,0,0,625,0
112,120,53.5739941401416,3.42400807200476,0.725364293760136,0,101,120000,0,1
112,120,53.5739941401416,3.42400807200476,0.725364293760136,4.98,0,0,1761,0
112,120,53.5739941401416,3.42400807200476,0.725364293760136,14.15,0,0,718,0
112,120,53.5739941401416,3.42400807200476,0.725364293760136,14.86,0,0,874,0
112,120,53.5739941401416,3.42400807200476,0.725364293760136,20.54,0,0,637,0
113,120,97.7686566717667,5.46277038522513,1.39915502806894,0,101,120000,0,1
113,120,97.7686566717667,5.46277038522513,1.39915502806894,0.12,0,0,133,0
113,120,97.7686566717667,5.46277038522513,1.39915502806894,0.87,0,0,705,0
113,120,97.7686566717667,5.46277038522513,1.39915502806894,14.34,0,0,551,0
113,120,97.7686566717667,5.46277038522513,1.39915502806894,17.75,0,0,590,0
114,120,50.2336917210662,3.7778696223971,0.846076448737566,0,101,120000,0,1
114,120,50.2336917210662,3.7778696223971,0.846076448737566,12.46,0,0,803,0
114,120,50.2336917210662,3.7778696223971,0.846076448737566,12.87,0,0,909,0
114,120,50.2336917210662,3.7778696223971,0.846076448737566,13.86,0,0,925,0
114,120,50.2336917210662,3.7778696223971,0.846076448737566,14.35,0,0,675,0
115,120,69.6128147274825,5.26399395749169,0.587698256920335,0,101,120000,0,1
115,120,69.6128147274825,5.26399395749169,0.587698256920335,1.47,0,0,1030,0
115,120,69.6128147274825,5.26399395749169,0.587698256920335,6.27,0,0,1082,0
115,120,69.6128147274825,5.26399395749169,0.587698256920335,18.57,0,0,698,0
115,120,69.6128147274825,5.26399395749169,0.587698256920335,20.26,0,0,426,0
116,120,80.5242366919516,5.32714746322054,0.681124031446666,0,101,120000,0,1
116,120,80.5242366919516,5.32714746322054,0.681124031446666,0.05,0,0,44,0
116,120,80.5242366919516,5.32714746322054,0.681124031446666,1.85,0,0,1332,0
116,120,80.5242366919516,5.32714746322054,0.681124031446666,13.57,0,0,713,0
116,120,80.5242366919516,5.32714746322054,0.681124031446666,19.89,0,0,425,0
117,120,83.5454950381121,3.76070946666945,1.3534681101884,0,101,120000,0,1
117,120,83.5454950381121,3.76070946666945,1.3534681101884,1.74,0,0,1859,0
117,120,83.5454950381121,3.76070946666945,1.3534681101884,19.53,0,0,578,0
117,120,83.5454950381121,3.76070946666945,1.3534681101884,22.26,0,0,502,0
117,120,83.5454950381121,3.76070946666945,1.3534681101884,22.69,0,0,600,0
118,120,39.4622126223085,5.27457269921152,0.815780132866888,0,101,120000,0,1
118,120,39.4622126223085,5.27457269921152,0.815780132866888,2.69,0,0,1974,0
118,120,39.4622126223085,5.27457269921152,0.815780132866888,10.56,0,0,813,0
118,120,39.4622126223085,5.27457269921152,0.815780132866888,16.03,0,0,349,0
118,120,39.4622126223085,5.27457269921152,0.815780132866888,17.16,0,0,385,0
119,120,54.9008723699411,3.63680833553308,1.87287449097677,0,101,120000,0,1
119,120,54.9008723699411,3.63680833553308,1.87287449097677,5.64,0,0,1562,0
119,120,54.9008723699411,3.63680833553308,1.87287449097677,15.3,0,0,709,0
119,120,54.9008723699411,3.63680833553308,1.87287449097677,22.36,0,0,318,0
119,120,54.9008723699411,3.63680833553308,1.87287449097677,23.6,0,0,791,0
120,120,57.5722498723557,6.32665532997569,0.822545097154582,0,101,120000,0,1
120,120,57.5722498723557,6.32665532997569,0.822545097154582,2.17,0,0,1628,0
120,120,57.5722498723557,6.32665532997569,0.822545097154582,17.55,0,0,349,0
120,120,57.5722498723557,6.32665532997569,0.822545097154582,22.91,0,0,178,0
120,120,57.5722498723557,6.32665532997569,0.822545097154582,23.51,0,0,208,0
