ID,DOSE,V,CL,KA,TIME,EVID,AMT,DV,EVIDNM
1,10,71.2532835184939,3.14250418281499,1.58643600325619,0,101,10000,0,1
1,10,71.2532835184939,3.14250418281499,1.58643600325619,0.66,0,0,89,0
1,10,71.2532835184939,3.14250418281499,1.58643600325619,9.4,0,0,101,0
1,10,71.2532835184939,3.14250418281499,1.58643600325619,9.44,0,0,116,0
1,10,71.2532835184939,3.14250418281499,1.58643600325619,23.57,0,0,43,0
2,10,83.9343162593118,3.92188869463683,1.31288121480096,0,101,10000,0,1
2,10,83.9343162593118,3.92188869463683,1.31288121480096,7.61,0,0,97,0
2,10,83.9343162593118,3.92188869463683,1.31288121480096,11.84,0,0,67,0
2,10,83.9343162593118,3.92188869463683,1.31288121480096,17.45,0,0,75,0
2,10,83.9343162593118,3.92188869463683,1.31288121480096,19.11,0,0,62,0
3,10,53.5858205991578,6.37774845713911,1.1578525813034,0,101,10000,0,1
3,10,53.5858205991578,6.37774845713911,1.1578525813034,3.55,0,0,135,0
3,10,53.5858205991578,6.37774845713911,1.1578525813034,15.75,0,0,28,0
3,10,53.5858205991578,6.37774845713911,1.1578525813034,20.88,0,0,18,0
3,10,53.5858205991578,6.37774845713911,1.1578525813034,22.69,0,0,17,0
4,10,70.8963775244784,4.88153952127691,1.80535511146775,0,101,10000,0,1
4,10,70.8963775244784,4.88153952127691,1.80535511146775,1.4,0,0,126,0
4,10,70.8963775244784,4.88153952127691,1.80535511146775,14.37,0,0,55,0
4,10,70.8963775244784,4.88153952127691,1.80535511146775,18.74,0,0,35,0
4,10,70.8963775244784,4.88153952127691,1.80535511146775,22.68,0,0,25,0
5,10,75.9139643686058,3.74895342958956,0.985031222533511,0,101,10000,0,1
5,10,75.9139643686058,3.74895342958956,0.985031222533511,7.83,0,0,85,0
5,10,75.9139643686058,3.74895342958956,0.985031222533511,13.54,0,0,77,0
5,10,75.9139643686058,3.74895342958956,0.985031222533511,14.06,0,0,77,0
5,10,75.9139643686058,3.74895342958956,0.985031222533511,21.16,0,0,42,0
6,10,78.9704929670087,2.7257528785262,0.793737973526984,0,101,10000,0,1
6,10,78.9704929670087,2.7257528785262,0.793737973526984,5.39,0,0,106,0
6,10,78.9704929670087,2.7257528785262,0.793737973526984,14.68,0,0,84,0
6,10,78.9704929670087,2.7257528785262,0.793737973526984,18.58,0,0,68,0
6,10,78.9704929670087,2.7257528785262,0.793737973526984,20.19,0,0,67,0
7,10,56.8596897103964,5.44745540803551,1.07386189790645,0,101,10000,0,1
7,10,56.8596897103964,5.44745540803551,1.07386189790645,10.17,0,0,54,0
7,10,56.8596897103964,5.44745540803551,1.07386189790645,11.54,0,0,84,0
7,10,56.8596897103964,5.44745540803551,1.07386189790645,15.27,0,0,44,0
7,10,56.8596897103964,5.44745540803551,1.07386189790645,17.33,0,0,33,0
8,10,97.1474511062456,4.92316353970578,0.837323392249989,0,101,10000,0,1
8,10,97.1474511062456,4.92316353970578,0.837323392249989,0.13,0,0,9,0
8,10,97.1474511062456,4.92316353970578,0.837323392249989,0.57,0,0,43,0
8,10,97.1474511062456,4.92316353970578,0.837323392249989,6.75,0,0,84,0
8,10,97.1474511062456,4.92316353970578,0.837323392249989,19.45,0,0,36,0
9,10,104.247070196593,5.24797970461063,0.87472448144289,0,101,10000,0,1
9,10,104.247070196593,5.24797970461063,0.87472448144289,0.32,0,0,19,0
9,10,104.247070196593,5.24797970461063,0.87472448144289,8.38,0,0,76,0
9,10,104.247070196593,5.24797970461063,0.87472448144289,13.4,0,0,58,0
9,10,104.247070196593,5.24797970461063,0.87472448144289,20.92,0,0,38,0
10,10,62.7056214813519,3.63462462871426,1.21367392492719,0,101,10000,0,1
10,10,62.7056214813519,3.63462462871426,1.21367392492719,0.65,0,0,75,0
10,10,62.7056214813519,3.63462462871426,1.21367392492719,7.46,0,0,123,0
10,10,62.7056214813519,3.63462462871426,1.21367392492719,14.2,0,0,56,0
10,10,62.7056214813519,3.63462462871426,1.21367392492719,23.75,0,0,46,0
11,10,54.7209926968327,3.45983130045288,0.994921079803456,0,101,10000,0,1
11,10,54.7209926968327,3.45983130045288,0.994921079803456,1.66,0,0,127,0
11,10,54.7209926968327,3.45983130045288,0.994921079803456,15.99,0,0,74,0
11,10,54.7209926968327,3.45983130045288,0.994921079803456,20.19,0,0,71,0
11,10,54.7209926968327,3.45983130045288,0.994921079803456,20.82,0,0,48,0
12,10,49.743230052226,2.48241113782975,0.919550982764018,0,101,10000,0,1
12,10,49.743230052226,2.48241113782975,0.919550982764018,0.12,0,0,29,0
12,10,49.743230052226,2.48241113782975,0.919550982764018,3.99,0,0,191,0
12,10,49.743230052226,2.48241113782975,0.919550982764018,5.95,0,0,219,0
12,10,49.743230052226,2.48241113782975,0.919550982764018,20.35,0,0,70,0
13,10,53.7280459021703,3.6335591413661,1.11521492594752,0,101,10000,0,1
13,10,53.7280459021703,3.6335591413661,1.11521492594752,9.37,0,0,124,0
13,10,53.7280459021703,3.6335591413661,1.11521492594752,11.4,0,0,79,0
13,10,53.7280459021703,3.6335591413661,1.11521492594752,11.87,0,0,81,0
13,10,53.7280459021703,3.6335591413661,1.11521492594752,21.93,0,0,58,0
14,10,62.650346790226,4.78395634294109,0.571777677587554,0,101,10000,0,1
14,10,62.650346790226,4.78395634294109,0.571777677587554,0.48,0,0,37,0
14,10,62.650346790226,4.78395634294109,0.571777677587554,3.77,0,0,103,0
14,10,62.650346790226,4.78395634294109,0.571777677587554,5.56,0,0,99,0
14,10,62.650346790226,4.78395634294109,0.571777677587554,18.37,0,0,44,0
15,10,71.8749561030352,4.13816251102672,0.564907111139417,0,101,10000,0,1
15,10,71.8749561030352,4.13816251102672,0.564907111139417,4.24,0,0,90,0
15,10,71.8749561030352,4.13816251102672,0.564907111139417,4.84,0,0,114,0
15,10,71.8749561030352,4.13816251102672,0.564907111139417,11.3,0,0,89,0
15,10,71.8749561030352,4.13816251102672,0.564907111139417,23.48,0,0,31,0
16,10,49.7974579182542,6.40511063850609,0.806241687867809,0,101,10000,0,1
16,10,49.7974579182542,6.40511063850609,0.806241687867809,1.3,0,0,118,0
16,10,49.7974579182542,6.40511063850609,0.806241687867809,4.64,0,0,94,0
16,10,49.7974579182542,6.40511063850609,0.806241687867809,6.84,0,0,99,0
16,10,49.7974579182542,6.40511063850609,0.806241687867809,7.4,0,0,105,0
17,10,74.2600499921031,3.29866097657867,1.00789560838628,0,101,10000,0,1
17,10,74.2600499921031,3.29866097657867,1.00789560838628,6.97,0,0,87,0
17,10,74.2600499921031,3.29866097657867,1.00789560838628,7.3,0,0,97,0
17,10,74.2600499921031,3.29866097657867,1.00789560838628,12.56,0,0,74,0
17,10,74.2600499921031,3.29866097657867,1.00789560838628,17.48,0,0,73,0
18,10,107.455447809367,2.87598929829768,0.887638470117155,0,101,10000,0,1
18,10,107.455447809367,2.87598929829768,0.887638470117155,3.08,0,0,70,0
18,10,107.455447809367,2.87598929829768,0.887638470117155,5.29,0,0,70,0
18,10,107.455447809367,2.87598929829768,0.887638470117155,15.4,0,0,60,0
18,10,107.455447809367,2.87598929829768,0.887638470117155,18.63,0,0,39,0
19,10,43.0403965932153,5.38539154952085,0.980928148724625,0,101,10000,0,1
19,10,43.0403965932153,5.38539154952085,0.980928148724625,6.05,0,0,102,0
19,10,43.0403965932153,5.38539154952085,0.980928148724625,19.18,0,0,35,0
19,10,43.0403965932153,5.38539154952085,0.980928148724625,20.49,0,0,22,0
19,10,43.0403965932153,5.38539154952085,0.980928148724625,21.71,0,0,30,0
20,10,68.1792571831558,4.73902534402174,0.851291937579367,0,101,10000,0,1
20,10,68.1792571831558,4.73902534402174,0.851291937579367,9.83,0,0,116,0
20,10,68.1792571831558,4.73902534402174,0.851291937579367,15.65,0,0,40,0
20,10,68.1792571831558,4.73902534402174,0.851291937579367,16.67,0,0,45,0
20,10,68.1792571831558,4.73902534402174,0.851291937579367,17.08,0,0,39,0
21,10,70.5159650899146,4.85757864292076,1.20986413807905,0,101,10000,0,1
21,10,70.5159650899146,4.85757864292076,1.20986413807905,10.64,0,0,75,0
21,10,70.5159650899146,4.85757864292076,1.20986413807905,21.67,0,0,36,0
21,10,70.5159650899146,4.85757864292076,1.20986413807905,22.86,0,0,36,0
21,10,70.5159650899146,4.85757864292076,1.20986413807905,23.1,0,0,21,0
22,10,58.882805571567,3.28563800823481,0.855996031669098,0,101,10000,0,1
22,10,58.882805571567,3.28563800823481,0.855996031669098,2.42,0,0,136,0
22,10,58.882805571567,3.28563800823481,0.855996031669098,13.66,0,0,124,0
22,10,58.882805571567,3.28563800823481,0.855996031669098,16.79,0,0,85,0
22,10,58.882805571567,3.28563800823481,0.855996031669098,16.89,0,0,76,0
23,10,81.6074860548167,3.1727394976569,0.881038011787767,0,101,10000,0,1
23,10,81.6074860548167,3.1727394976569,0.881038011787767,2.13,0,0,119,0
23,10,81.6074860548167,3.1727394976569,0.881038011787767,8.95,0,0,61,0
23,10,81.6074860548167,3.1727394976569,0.881038011787767,15.68,0,0,83,0
23,10,81.6074860548167,3.1727394976569,0.881038011787767,23.38,0,0,60,0
24,10,46.1382740202166,7.73086346813438,1.32004490479976,0,101,10000,0,1
24,10,46.1382740202166,7.73086346813438,1.32004490479976,3.52,0,0,125,0
24,10,46.1382740202166,7.73086346813438,1.32004490479976,8.8,0,0,50,0
24,10,46.1382740202166,7.73086346813438,1.32004490479976,9.7,0,0,35,0
24,10,46.1382740202166,7.73086346813438,1.32004490479976,16.62,0,0,15,0
25,10,114.617193027881,3.54619160160264,1.4786296123061,0,101,10000,0,1
25,10,114.617193027881,3.54619160160264,1.4786296123061,3.41,0,0,82,0
25,10,114.617193027881,3.54619160160264,1.4786296123061,8.18,0,0,64,0
25,10,114.617193027881,3.54619160160264,1.4786296123061,11.02,0,0,57,0
25,10,114.617193027881,3.54619160160264,1.4786296123061,14.38,0,0,59,0
26,10,86.9011422943229,5.82433168804886,1.1192644214981,0,101,10000,0,1
26,10,86.9011422943229,5.82433168804886,1.1192644214981,6.69,0,0,65,0
26,10,86.9011422943229,5.82433168804886,1.1192644214981,10.97,0,0,51,0
26,10,86.9011422943229,5.82433168804886,1.1192644214981,18.96,0,0,27,0
26,10,86.9011422943229,5.82433168804886,1.1192644214981,18.98,0,0,32,0
27,10,59.1997431616748,4.2883906425491,0.841204971277856,0,101,10000,0,1
27,10,59.1997431616748,4.2883906425491,0.841204971277856,4.42,0,0,129,0
27,10,59.1997431616748,4.2883906425491,0.841204971277856,21.82,0,0,35,0
27,10,59.1997431616748,4.2883906425491,0.841204971277856,22.8,0,0,52,0
27,10,59.1997431616748,4.2883906425491,0.841204971277856,23.41,0,0,46,0
28,10,69.7124214827834,3.07699236553192,1.08429070897124,0,101,10000,0,1
28,10,69.7124214827834,3.07699236553192,1.08429070897124,2.17,0,0,145,0
28,10,69.7124214827834,3.07699236553192,1.08429070897124,9.86,0,0,92,0
28,10,69.7124214827834,3.07699236553192,1.08429070897124,18.69,0,0,119,0
28,10,69.7124214827834,3.07699236553192,1.08429070897124,20.28,0,0,67,0
29,10,85.3782203847022,3.53743248554515,0.651173613462242,0,101,10000,0,1
29,10,85.3782203847022,3.53743248554515,0.651173613462242,2.73,0,0,74,0
29,10,85.3782203847022,3.53743248554515,0.651173613462242,5.48,0,0,85,0
29,10,85.3782203847022,3.53743248554515,0.651173613462242,7.78,0,0,92,0
29,10,85.3782203847022,3.53743248554515,0.651173613462242,11.09,0,0,90,0
30,10,73.7027403477423,4.76150148104826,1.33318782836285,0,101,10000,0,1
30,10,73.7027403477423,4.76150148104826,1.33318782836285,5.05,0,0,92,0
30,10,73.7027403477423,4.76150148104826,1.33318782836285,9.84,0,0,90,0
30,10,73.7027403477423,4.76150148104826,1.33318782836285,17.65,0,0,58,0
30,10,73.7027403477423,4.76150148104826,1.33318782836285,22.17,0,0,32,0
31,30,183.69946519446,4.84192162008268,1.3975453763916,0,101,30000,0,1
31,30,183.69946519446,4.84192162008268,1.3975453763916,1.85,0,0,131,0
31,30,183.69946519446,4.84192162008268,1.3975453763916,12.72,0,0,103,0
31,30,183.69946519446,4.84192162008268,1.3975453763916,13.37,0,0,132,0
31,30,183.69946519446,4.84192162008268,1.3975453763916,15.7,0,0,85,0
32,30,75.837584414333,3.85438819687193,0.920427749518189,0,101,30000,0,1
32,30,75.837584414333,3.85438819687193,0.920427749518189,1.96,0,0,230,0
32,30,75.837584414333,3.85438819687193,0.920427749518189,10.88,0,0,202,0
32,30,75.837584414333,3.85438819687193,0.920427749518189,15.99,0,0,165,0
32,30,75.837584414333,3.85438819687193,0.920427749518189,17.17,0,0,171,0
33,30,47.5102651728071,6.8494076839101,0.732424818022515,0,101,30000,0,1
33,30,47.5102651728071,6.8494076839101,0.732424818022515,1.65,0,0,508,0
33,30,47.5102651728071,6.8494076839101,0.732424818022515,5.82,0,0,412,0
33,30,47.5102651728071,6.8494076839101,0.732424818022515,9.54,0,0,216,0
33,30,47.5102651728071,6.8494076839101,0.732424818022515,23.38,0,0,27,0
34,30,64.1933188539485,7.3478994708698,1.06248245556621,0,101,30000,0,1
34,30,64.1933188539485,7.3478994708698,1.06248245556621,12.82,0,0,117,0
34,30,64.1933188539485,7.3478994708698,1.06248245556621,17.89,0,0,71,0
34,30,64.1933188539485,7.3478994708698,1.06248245556621,19.17,0,0,68,0
34,30,64.1933188539485,7.3478994708698,1.06248245556621,23.92,0,0,32,0
35,30,86.7458367093266,3.74851483696526,0.751806135095377,0,101,30000,0,1
35,30,86.7458367093266,3.74851483696526,0.751806135095377,11.99,0,0,178,0
35,30,86.7458367093266,3.74851483696526,0.751806135095377,15.56,0,0,160,0
35,30,86.7458367093266,3.74851483696526,0.751806135095377,22.43,0,0,119,0
35,30,86.7458367093266,3.74851483696526,0.751806135095377,23.72,0,0,159,0
36,30,49.8291337100261,3.51819513619634,0.73729653977341,0,101,30000,0,1
36,30,49.8291337100261,3.51819513619634,0.73729653977341,2.2,0,0,482,0
36,30,49.8291337100261,3.51819513619634,0.73729653977341,10.3,0,0,450,0
36,30,49.8291337100261,3.51819513619634,0.73729653977341,13.72,0,0,261,0
36,30,49.8291337100261,3.51819513619634,0.73729653977341,19,0,0,144,0
37,30,63.3507327699987,7.3471248661579,1.2591192691024,0,101,30000,0,1
37,30,63.3507327699987,7.3471248661579,1.2591192691024,3.06,0,0,295,0
37,30,63.3507327699987,7.3471248661579,1.2591192691024,5.94,0,0,330,0
37,30,63.3507327699987,7.3471248661579,1.2591192691024,14.62,0,0,67,0
37,30,63.3507327699987,7.3471248661579,1.2591192691024,18.93,0,0,86,0
38,30,64.5707867327543,6.87929943180222,0.542319652533734,0,101,30000,0,1
38,30,64.5707867327543,6.87929943180222,0.542319652533734,9.4,0,0,232,0
38,30,64.5707867327543,6.87929943180222,0.542319652533734,10.93,0,0,182,0
38,30,64.5707867327543,6.87929943180222,0.542319652533734,15.08,0,0,106,0
38,30,64.5707867327543,6.87929943180222,0.542319652533734,18.56,0,0,70,0
39,30,67.3237970821267,5.96734486413402,1.1918471919187,0,101,30000,0,1
39,30,67.3237970821267,5.96734486413402,1.1918471919187,3.35,0,0,350,0
39,30,67.3237970821267,5.96734486413402,1.1918471919187,9.89,0,0,200,0
39,30,67.3237970821267,5.96734486413402,1.1918471919187,11.12,0,0,205,0
39,30,67.3237970821267,5.96734486413402,1.1918471919187,22.47,0,0,58,0
40,30,81.9020019816933,3.51189551849026,1.10985214916081,0,101,30000,0,1
40,30,81.9020019816933,3.51189551849026,1.10985214916081,2.25,0,0,287,0
40,30,81.9020019816933,3.51189551849026,1.10985214916081,5.56,0,0,240,0
40,30,81.9020019816933,3.51189551849026,1.10985214916081,7.05,0,0,325,0
40,30,81.9020019816933,3.51189551849026,1.10985214916081,12.79,0,0,184,0
41,30,84.9124179990981,3.1028140596185,0.899228572322826,0,101,30000,0,1
41,30,84.9124179990981,3.1028140596185,0.899228572322826,2.28,0,0,261,0
41,30,84.9124179990981,3.1028140596185,0.899228572322826,3.87,0,0,328,0
41,30,84.9124179990981,3.1028140596185,0.899228572322826,11.72,0,0,346,0
41,30,84.9124179990981,3.1028140596185,0.899228572322826,12.04,0,0,271,0
42,30,47.540937589577,4.09330856118983,1.46989132331348,0,101,30000,0,1
42,30,47.540937589577,4.09330856118983,1.46989132331348,3.69,0,0,429,0
42,30,47.540937589577,4.09330856118983,1.46989132331348,5.53,0,0,238,0
42,30,47.540937589577,4.09330856118983,1.46989132331348,14.02,0,0,195,0
42,30,47.540937589577,4.09330856118983,1.46989132331348,19.89,0,0,157,0
43,30,89.8237234173136,7.22894483702928,0.773856534596113,0,101,30000,0,1
43,30,89.8237234173136,7.22894483702928,0.773856534596113,1.46,0,0,208,0
43,30,89.8237234173136,7.22894483702928,0.773856534596113,12.92,0,0,185,0
43,30,89.8237234173136,7.22894483702928,0.773856534596113,13.02,0,0,124,0
43,30,89.8237234173136,7.22894483702928,0.773856534596113,16.35,0,0,98,0
44,30,102.512121131601,2.46494945762223,1.02434279450932,0,101,30000,0,1
44,30,102.512121131601,2.46494945762223,1.02434279450932,0.78,0,0,160,0
44,30,102.512121131601,2.46494945762223,1.02434279450932,15.48,0,0,194,0
44,30,102.512121131601,2.46494945762223,1.02434279450932,18.37,0,0,200,0
44,30,102.512121131601,2.46494945762223,1.02434279450932,23.68,0,0,216,0
45,30,78.4300753243436,4.22760332565079,0.945692532466724,0,101,30000,0,1
45,30,78.4300753243436,4.22760332565079,0.945692532466724,8.74,0,0,220,0
45,30,78.4300753243436,4.22760332565079,0.945692532466724,10.67,0,0,281,0
45,30,78.4300753243436,4.22760332565079,0.945692532466724,12.62,0,0,174,0
45,30,78.4300753243436,4.22760332565079,0.945692532466724,14.05,0,0,185,0
46,30,76.3754482617989,5.41708238331791,1.09819010856745,0,101,30000,0,1
46,30,76.3754482617989,5.41708238331791,1.09819010856745,2.6,0,0,380,0
46,30,76.3754482617989,5.41708238331791,1.09819010856745,7.99,0,0,289,0
46,30,76.3754482617989,5.41708238331791,1.09819010856745,17.13,0,0,95,0
46,30,76.3754482617989,5.41708238331791,1.09819010856745,22.1,0,0,127,0
47,30,59.6406985381413,3.91035775981032,1.70249327281677,0,101,30000,0,1
47,30,59.6406985381413,3.91035775981032,1.70249327281677,1.73,0,0,505,0
47,30,59.6406985381413,3.91035775981032,1.70249327281677,3.55,0,0,423,0
47,30,59.6406985381413,3.91035775981032,1.70249327281677,10.02,0,0,243,0
47,30,59.6406985381413,3.91035775981032,1.70249327281677,19.55,0,0,164,0
48,30,92.3995985400516,3.72404423315841,0.964701069128532,0,101,30000,0,1
48,30,92.3995985400516,3.72404423315841,0.964701069128532,0.27,0,0,81,0
48,30,92.3995985400516,3.72404423315841,0.964701069128532,4.32,0,0,319,0
48,30,92.3995985400516,3.72404423315841,0.964701069128532,20.28,0,0,142,0
48,30,92.3995985400516,3.72404423315841,0.964701069128532,23.99,0,0,120,0
49,30,90.0362674313213,2.89585974853094,0.830347445985066,0,101,30000,0,1
49,30,90.0362674313213,2.89585974853094,0.830347445985066,0.45,0,0,145,0
49,30,90.0362674313213,2.89585974853094,0.830347445985066,6.77,0,0,351,0
49,30,90.0362674313213,2.89585974853094,0.830347445985066,7.15,0,0,313,0
49,30,90.0362674313213,2.89585974853094,0.830347445985066,7.23,0,0,262,0
50,30,73.7138557129655,4.03934699083276,0.828646432682141,0,101,30000,0,1
50,30,73.7138557129655,4.03934699083276,0.828646432682141,8.22,0,0,252,0
50,30,73.7138557129655,4.03934699083276,0.828646432682141,12.34,0,0,158,0
50,30,73.7138557129655,4.03934699083276,0.828646432682141,15.86,0,0,155,0
50,30,73.7138557129655,4.03934699083276,0.828646432682141,23.57,0,0,100,0
51,30,75.1679127744378,2.22167805559644,0.996110166487264,0,101,30000,0,1
51,30,75.1679127744378,2.22167805559644,0.996110166487264,1.28,0,0,282,0
51,30,75.1679127744378,2.22167805559644,0.996110166487264,5.43,0,0,394,0
51,30,75.1679127744378,2.22167805559644,0.996110166487264,5.83,0,0,334,0
51,30,75.1679127744378,2.22167805559644,0.996110166487264,6.73,0,0,388,0
52,30,69.927447195306,7.31687812368902,1.72837571183151,0,101,30000,0,1
52,30,69.927447195306,7.31687812368902,1.72837571183151,0.42,0,0,255,0
52,30,69.927447195306,7.31687812368902,1.72837571183151,2.2,0,0,417,0
52,30,69.927447195306,7.31687812368902,1.72837571183151,9.43,0,0,153,0
52,30,69.927447195306,7.31687812368902,1.72837571183151,14.94,0,0,85,0
53,30,44.9637995731909,5.90244661273845,0.906225038795577,0,101,30000,0,1
53,30,44.9637995731909,5.90244661273845,0.906225038795577,4.56,0,0,509,0
53,30,44.9637995731909,5.90244661273845,0.906225038795577,12.83,0,0,116,0
53,30,44.9637995731909,5.90244661273845,0.906225038795577,18.74,0,0,53,0
53,30,44.9637995731909,5.90244661273845,0.906225038795577,23.5,0,0,33,0
54,30,78.8336889023037,3.2976847469545,1.35282532724442,0,101,30000,0,1
54,30,78.8336889023037,3.2976847469545,1.35282532724442,9.39,0,0,224,0
54,30,78.8336889023037,3.2976847469545,1.35282532724442,9.81,0,0,210,0
54,30,78.8336889023037,3.2976847469545,1.35282532724442,14.45,0,0,175,0
54,30,78.8336889023037,3.2976847469545,1.35282532724442,15.35,0,0,148,0
55,30,61.3217200479298,2.85136876374194,1.09948985847595,0,101,30000,0,1
55,30,61.3217200479298,2.85136876374194,1.09948985847595,7.24,0,0,367,0
55,30,61.3217200479298,2.85136876374194,1.09948985847595,8.65,0,0,326,0
55,30,61.3217200479298,2.85136876374194,1.09948985847595,18.15,0,0,225,0
55,30,61.3217200479298,2.85136876374194,1.09948985847595,23.85,0,0,168,0
56,30,45.6017978782868,5.14087960827094,1.08586848761008,0,101,30000,0,1
56,30,45.6017978782868,5.14087960827094,1.08586848761008,2.63,0,0,493,0
56,30,45.6017978782868,5.14087960827094,1.08586848761008,8.49,0,0,266,0
56,30,45.6017978782868,5.14087960827094,1.08586848761008,9.99,0,0,251,0
56,30,45.6017978782868,5.14087960827094,1.08586848761008,10.27,0,0,242,0
57,30,70.3564440571406,3.81623559610011,0.884552061679402,0,101,30000,0,1
57,30,70.3564440571406,3.81623559610011,0.884552061679402,4.9,0,0,378,0
57,30,70.3564440571406,3.81623559610011,0.884552061679402,12.49,0,0,288,0
57,30,70.3564440571406,3.81623559610011,0.884552061679402,22.59,0,0,115,0
57,30,70.3564440571406,3.81623559610011,0.884552061679402,22.99,0,0,141,0
58,30,98.0388972547899,3.6924146862019,1.10048815303584,0,101,30000,0,1
58,30,98.0388972547899,3.6924146862019,1.10048815303584,2.79,0,0,315,0
58,30,98.0388972547899,3.6924146862019,1.10048815303584,5.22,0,0,210,0
58,30,98.0388972547899,3.6924146862019,1.10048815303584,8.21,0,0,182,0
58,30,98.0388972547899,3.6924146862019,1.10048815303584,18.38,0,0,118,0
59,30,41.5545542932258,2.96675910500693,1.06261107796764,0,101,30000,0,1
59,30,41.5545542932258,2.96675910500693,1.06261107796764,0.54,0,0,294,0
59,30,41.5545542932258,2.96675910500693,1.06261107796764,18.07,0,0,261,0
59,30,41.5545542932258,2.96675910500693,1.06261107796764,18.7,0,0,294,0
59,30,41.5545542932258,2.96675910500693,1.06261107796764,21.32,0,0,181,0
60,30,55.3017490337455,4.84791189603151,1.48980410158382,0,101,30000,0,1
60,30,55.3017490337455,4.84791189603151,1.48980410158382,0.5,0,0,347,0
60,30,55.3017490337455,4.84791189603151,1.48980410158382,4.34,0,0,388,0
60,30,55.3017490337455,4.84791189603151,1.48980410158382,11.58,0,0,143,0
60,30,55.3017490337455,4.84791189603151,1.48980410158382,12.48,0,0,283,0
61,60,81.7542773653432,5.65616129771939,0.383610620985037,0,101,60000,0,1
61,60,81.7542773653432,5.65616129771939,0.383610620985037,5.73,0,0,393,0
61,60,81.7542773653432,5.65616129771939,0.383610620985037,15.61,0,0,292,0
61,60,81.7542773653432,5.65616129771939,0.383610620985037,18.11,0,0,304,0
61,60,81.7542773653432,5.65616129771939,0.383610620985037,21.19,0,0,222,0
62,60,60.4595784458695,3.87152324954173,0.642184904254833,0,101,60000,0,1
62,60,60.4595784458695,3.87152324954173,0.642184904254833,1.83,0,0,722,0
62,60,60.4595784458695,3.87152324954173,0.642184904254833,16.39,0,0,356,0
62,60,60.4595784458695,3.87152324954173,0.642184904254833,16.51,0,0,395,0
62,60,60.4595784458695,3.87152324954173,0.642184904254833,20.39,0,0,252,0
63,60,62.1098422914211,3.1671954016501,1.40434168652166,0,101,60000,0,1
63,60,62.1098422914211,3.1671954016501,1.40434168652166,2.84,0,0,622,0
63,60,62.1098422914211,3.1671954016501,1.40434168652166,6.92,0,0,977,0
63,60,62.1098422914211,3.1671954016501,1.40434168652166,15.88,0,0,385,0
63,60,62.1098422914211,3.1671954016501,1.40434168652166,16.4,0,0,458,0
64,60,117.940942506117,5.8462905606554,1.12146012903789,0,101,60000,0,1
64,60,117.940942506117,5.8462905606554,1.12146012903789,8.3,0,0,448,0
64,60,117.940942506117,5.8462905606554,1.12146012903789,10.79,0,0,252,0
64,60,117.940942506117,5.8462905606554,1.12146012903789,18.92,0,0,253,0
64,60,117.940942506117,5.8462905606554,1.12146012903789,20.8,0,0,135,0
65,60,76.3217174090081,5.92360820033212,1.62794787133746,0,101,60000,0,1
65,60,76.3217174090081,5.92360820033212,1.62794787133746,1.68,0,0,582,0
65,60,76.3217174090081,5.92360820033212,1.62794787133746,19.81,0,0,236,0
65,60,76.3217174090081,5.92360820033212,1.62794787133746,23.03,0,0,141,0
65,60,76.3217174090081,5.92360820033212,1.62794787133746,23.57,0,0,137,0
66,60,67.2876909705577,4.33747095837029,0.694369376838203,0,101,60000,0,1
66,60,67.2876909705577,4.33747095837029,0.694369376838203,0.29,0,0,166,0
66,60,67.2876909705577,4.33747095837029,0.694369376838203,5.59,0,0,714,0
66,60,67.2876909705577,4.33747095837029,0.694369376838203,9.91,0,0,397,0
66,60,67.2876909705577,4.33747095837029,0.694369376838203,14.58,0,0,419,0
67,60,48.431884493321,5.09856627404578,1.35101807287455,0,101,60000,0,1
67,60,48.431884493321,5.09856627404578,1.35101807287455,11.6,0,0,321,0
67,60,48.431884493321,5.09856627404578,1.35101807287455,11.83,0,0,229,0
67,60,48.431884493321,5.09856627404578,1.35101807287455,22.19,0,0,184,0
67,60,48.431884493321,5.09856627404578,1.35101807287455,23.9,0,0,156,0
68,60,85.3592178909472,2.29090160178712,0.866854858801627,0,101,60000,0,1
68,60,85.3592178909472,2.29090160178712,0.866854858801627,2.56,0,0,536,0
68,60,85.3592178909472,2.29090160178712,0.866854858801627,4.67,0,0,438,0
68,60,85.3592178909472,2.29090160178712,0.866854858801627,15.01,0,0,453,0
68,60,85.3592178909472,2.29090160178712,0.866854858801627,15.74,0,0,418,0
69,60,57.485576171111,6.50264181971447,1.07568521549155,0,101,60000,0,1
69,60,57.485576171111,6.50264181971447,1.07568521549155,4.48,0,0,398,0
69,60,57.485576171111,6.50264181971447,1.07568521549155,11.67,0,0,477,0
69,60,57.485576171111,6.50264181971447,1.07568521549155,16.33,0,0,156,0
69,60,57.485576171111,6.50264181971447,1.07568521549155,23.56,0,0,66,0
70,60,72.4986078817644,5.5027049259274,0.964010759373819,0,101,60000,0,1
70,60,72.4986078817644,5.5027049259274,0.964010759373819,6.85,0,0,548,0
70,60,72.4986078817644,5.5027049259274,0.964010759373819,8.82,0,0,371,0
70,60,72.4986078817644,5.5027049259274,0.964010759373819,9.85,0,0,329,0
70,60,72.4986078817644,5.5027049259274,0.964010759373819,16.36,0,0,209,0
71,60,47.8190703686754,4.31732785100218,0.944609279433883,0,101,60000,0,1
71,60,47.8190703686754,4.31732785100218,0.944609279433883,3.74,0,0,780,0
71,60,47.8190703686754,4.31732785100218,0.944609279433883,5.05,0,0,884,0
71,60,47.8190703686754,4.31732785100218,0.944609279433883,20.7,0,0,273,0
71,60,47.8190703686754,4.31732785100218,0.944609279433883,20.79,0,0,217,0
72,60,70.3929569815762,3.48450703487735,0.661269870164222,0,101,60000,0,1
72,60,70.3929569815762,3.48450703487735,0.661269870164222,9.45,0,0,550,0
72,60,70.3929569815762,3.48450703487735,0.661269870164222,16.02,0,0,367,0
72,60,70.3929569815762,3.48450703487735,0.661269870164222,18.54,0,0,364,0
72,60,70.3929569815762,3.48450703487735,0.661269870164222,21.34,0,0,407,0
73,60,69.8366517878197,5.37592563843933,0.923098326986266,0,101,60000,0,1
73,60,69.8366517878197,5.37592563843933,0.923098326986266,9.38,0,0,357,0
73,60,69.8366517878197,5.37592563843933,0.923098326986266,14.93,0,0,291,0
73,60,69.8366517878197,5.37592563843933,0.923098326986266,17.56,0,0,140,0
73,60,69.8366517878197,5.37592563843933,0.923098326986266,20.1,0,0,215,0
74,60,61.5123436212487,3.47385330345687,1.37096441865598,0,101,60000,0,1
74,60,61.5123436212487,3.47385330345687,1.37096441865598,4.43,0,0,761,0
74,60,61.5123436212487,3.47385330345687,1.37096441865598,9.07,0,0,518,0
74,60,61.5123436212487,3.47385330345687,1.37096441865598,18.4,0,0,320,0
74,60,61.5123436212487,3.47385330345687,1.37096441865598,18.6,0,0,316,0
75,60,72.5032469079038,4.24800998013003,0.709656161267492,0,101,60000,0,1
75,60,72.5032469079038,4.24800998013003,0.709656161267492,7.49,0,0,828,0
75,60,72.5032469079038,4.24800998013003,0.709656161267492,12.03,0,0,559,0
75,60,72.5032469079038,4.24800998013003,0.709656161267492,13.87,0,0,458,0
75,60,72.5032469079038,4.24800998013003,0.709656161267492,21.13,0,0,273,0
76,60,80.1150015401905,5.23677133444726,0.947842421399972,0,101,60000,0,1
76,60,80.1150015401905,5.23677133444726,0.947842421399972,3.84,0,0,651,0
76,60,80.1150015401905,5.23677133444726,0.947842421399972,4.26,0,0,444,0
76,60,80.1150015401905,5.23677133444726,0.947842421399972,15.93,0,0,300,0
76,60,80.1150015401905,5.23677133444726,0.947842421399972,18.61,0,0,234,0
77,60,52.9707731942948,3.41575360272733,1.24163122693126,0,101,60000,0,1
77,60,52.9707731942948,3.41575360272733,1.24163122693126,0.08,0,0,163,0
77,60,52.9707731942948,3.41575360272733,1.24163122693126,3.49,0,0,607,0
77,60,52.9707731942948,3.41575360272733,1.24163122693126,13.84,0,0,601,0
77,60,52.9707731942948,3.41575360272733,1.24163122693126,22.55,0,0,273,0
78,60,73.0484166883019,5.69075274379982,1.21344196239855,0,101,60000,0,1
78,60,73.0484166883019,5.69075274379982,1.21344196239855,3.6,0,0,678,0
78,60,73.0484166883019,5.69075274379982,1.21344196239855,12.48,0,0,291,0
78,60,73.0484166883019,5.69075274379982,1.21344196239855,13.55,0,0,239,0
78,60,73.0484166883019,5.69075274379982,1.21344196239855,16.81,0,0,177,0
79,60,78.144360390214,4.6432433755269,1.26604613393679,0,101,60000,0,1
79,60,78.144360390214,4.6432433755269,1.26604613393679,4.56,0,0,668,0
79,60,78.144360390214,4.6432433755269,1.26604613393679,9.29,0,0,454,0
79,60,78.144360390214,4.6432433755269,1.26604613393679,20.38,0,0,190,0
79,60,78.144360390214,4.6432433755269,1.26604613393679,22.82,0,0,257,0
80,60,47.6881048170759,5.54316952417727,1.21451085119319,0,101,60000,0,1
80,60,47.6881048170759,5.54316952417727,1.21451085119319,2.17,0,0,880,0
80,60,47.6881048170759,5.54316952417727,1.21451085119319,16.91,0,0,158,0
80,60,47.6881048170759,5.54316952417727,1.21451085119319,17.4,0,0,209,0
80,60,47.6881048170759,5.54316952417727,1.21451085119319,19.9,0,0,172,0
81,60,50.4519421649336,2.9028985584048,0.889901175900292,0,101,60000,0,1
81,60,50.4519421649336,2.9028985584048,0.889901175900292,13.08,0,0,771,0
81,60,50.4519421649336,2.9028985584048,0.889901175900292,18.45,0,0,364,0
81,60,50.4519421649336,2.9028985584048,0.889901175900292,18.86,0,0,481,0
81,60,50.4519421649336,2.9028985584048,0.889901175900292,18.89,0,0,594,0
82,60,62.7139275046877,3.25897701757576,1.54418170179202,0,101,60000,0,1
82,60,62.7139275046877,3.25897701757576,1.54418170179202,7.47,0,0,658,0
82,60,62.7139275046877,3.25897701757576,1.54418170179202,12,0,0,771,0
82,60,62.7139275046877,3.25897701757576,1.54418170179202,14.86,0,0,527,0
82,60,62.7139275046877,3.25897701757576,1.54418170179202,15.69,0,0,427,0
83,60,63.9946556511117,4.1430599721232,1.08989252014885,0,101,60000,0,1
83,60,63.9946556511117,4.1430599721232,1.08989252014885,2.01,0,0,583,0
83,60,63.9946556511117,4.1430599721232,1.08989252014885,2.23,0,0,864,0
83,60,63.9946556511117,4.1430599721232,1.08989252014885,10.63,0,0,775,0
83,60,63.9946556511117,4.1430599721232,1.08989252014885,20.86,0,0,168,0
84,60,91.2475386023506,2.38862926404053,0.879556414773715,0,101,60000,0,1
84,60,91.2475386023506,2.38862926404053,0.879556414773715,9.65,0,0,492,0
84,60,91.2475386023506,2.38862926404053,0.879556414773715,12.51,0,0,449,0
84,60,91.2475386023506,2.38862926404053,0.879556414773715,20.2,0,0,453,0
84,60,91.2475386023506,2.38862926404053,0.879556414773715,20.73,0,0,301,0
85,60,67.1166508665361,3.47800301610934,1.78785835143363,0,101,60000,0,1
85,60,67.1166508665361,3.47800301610934,1.78785835143363,0.66,0,0,614,0
85,60,67.1166508665361,3.47800301610934,1.78785835143363,2.99,0,0,743,0
85,60,67.1166508665361,3.47800301610934,1.78785835143363,5.39,0,0,592,0
85,60,67.1166508665361,3.47800301610934,1.78785835143363,15.86,0,0,351,0
86,60,53.931029294576,2.72227932312055,0.469787828967042,0,101,60000,0,1
86,60,53.931029294576,2.72227932312055,0.469787828967042,2.37,0,0,654,0
86,60,53.931029294576,2.72227932312055,0.469787828967042,8.87,0,0,648,0
86,60,53.931029294576,2.72227932312055,0.469787828967042,16.19,0,0,412,0
86,60,53.931029294576,2.72227932312055,0.469787828967042,16.98,0,0,647,0
87,60,58.5463001310823,6.88760149152056,0.56003522540193,0,101,60000,0,1
87,60,58.5463001310823,6.88760149152056,0.56003522540193,7.93,0,0,434,0
87,60,58.5463001310823,6.88760149152056,0.56003522540193,13.1,0,0,251,0
87,60,58.5463001310823,6.88760149152056,0.56003522540193,17.13,0,0,177,0
87,60,58.5463001310823,6.88760149152056,0.56003522540193,22.79,0,0,117,0
88,60,82.1974218224863,3.76989290899727,1.1445798213103,0,101,60000,0,1
88,60,82.1974218224863,3.76989290899727,1.1445798213103,2.17,0,0,619,0
88,60,82.1974218224863,3.76989290899727,1.1445798213103,2.31,0,0,769,0
88,60,82.1974218224863,3.76989290899727,1.1445798213103,21.99,0,0,292,0
88,60,82.1974218224863,3.76989290899727,1.1445798213103,22.31,0,0,308,0
89,60,107.096502992387,2.91132194255042,0.563623382313325,0,101,60000,0,1
89,60,107.096502992387,2.91132194255042,0.563623382313325,4.26,0,0,694,0
89,60,107.096502992387,2.91132194255042,0.563623382313325,5.62,0,0,484,0
89,60,107.096502992387,2.91132194255042,0.563623382313325,10.85,0,0,673,0
89,60,107.096502992387,2.91132194255042,0.563623382313325,12.89,0,0,425,0
90,60,101.692414206354,4.59665083658547,0.719325287856787,0,101,60000,0,1
90,60,101.692414206354,4.59665083658547,0.719325287856787,0.8,0,0,211,0
90,60,101.692414206354,4.59665083658547,0.719325287856787,6.04,0,0,456,0
90,60,101.692414206354,4.59665083658547,0.719325287856787,11.41,0,0,432,0
90,60,101.692414206354,4.59665083658547,0.719325287856787,12.82,0,0,315,0
91,120,59.0528285392213,4.24731465610671,1.05943032083456,0,101,120000,0,1
91,120,59.0528285392213,4.24731465610671,1.05943032083456,13.64,0,0,989,0
91,120,59.0528285392213,4.24731465610671,1.05943032083456,20.98,0,0,459,0
91,120,59.0528285392213,4.24731465610671,1.05943032083456,21.52,0,0,385,0
91,120,59.0528285392213,4.24731465610671,1.05943032083456,22.2,0,0,348,0
92,120,92.4764841846203,3.88110501386445,1.41042339050407,0,101,120000,0,1
92,120,92.4764841846203,3.88110501386445,1.41042339050407,6.9,0,0,892,0
92,120,92.4764841846203,3.88110501386445,1.41042339050407,7.54,0,0,941,0
92,120,92.4764841846203,3.88110501386445,1.41042339050407,13.47,0,0,1058,0
92,120,92.4764841846203,3.88110501386445,1.41042339050407,23.83,0,0,444,0
93,120,58.1215524199953,1.74886230538632,0.788982162813282,0,101,120000,0,1
93,120,58.1215524199953,1.74886230538632,0.788982162813282,1.9,0,0,1106,0
93,120,58.1215524199953,1.74886230538632,0.788982162813282,7.2,0,0,1498,0
93,120,58.1215524199953,1.74886230538632,0.788982162813282,12.61,0,0,1687,0
93,120,58.1215524199953,1.74886230538632,0.788982162813282,15.13,0,0,1576,0
94,120,111.475102063658,3.28390223633806,0.856395403625926,0,101,120000,0,1
94,120,111.475102063658,3.28390223633806,0.856395403625926,1.05,0,0,424,0
94,120,111.475102063658,3.28390223633806,0.856395403625926,3.17,0,0,829,0
94,120,111.475102063658,3.28390223633806,0.856395403625926,12,0,0,878,0
94,120,111.475102063658,3.28390223633806,0.856395403625926,14.1,0,0,590,0
95,120,45.2907200461183,2.55366220274232,2.05944449622877,0,101,120000,0,1
95,120,45.2907200461183,2.55366220274232,2.05944449622877,0.76,0,0,2057,0
95,120,45.2907200461183,2.55366220274232,2.05944449622877,2.96,0,0,2188,0
95,120,45.2907200461183,2.55366220274232,2.05944449622877,11.08,0,0,1594,0
95,120,45.2907200461183,2.55366220274232,2.05944449622877,21.89,0,0,960,0
96,120,43.8990564882077,3.83260722906486,1.40293370702781,0,101,120000,0,1
96,120,43.8990564882077,3.83260722906486,1.40293370702781,12.08,0,0,1282,0
96,120,43.8990564882077,3.83260722906486,1.40293370702781,17.06,0,0,626,0
96,120,43.8990564882077,3.83260722906486,1.40293370702781,17.25,0,0,544,0
96,120,43.8990564882077,3.83260722906486,1.40293370702781,19.38,0,0,586,0
97,120,59.5649967966601,5.47061824668048,0.606969900753869,0,101,120000,0,1
97,120,59.5649967966601,5.47061824668048,0.606969900753869,1.71,0,0,1225,0
97,120,59.5649967966601,5.47061824668048,0.606969900753869,3.05,0,0,1965,0
97,120,59.5649967966601,5.47061824668048,0.606969900753869,13.06,0,0,722,0
97,120,59.5649967966601,5.47061824668048,0.606969900753869,19.24,0,0,332,0
98,120,65.8556452883017,3.0595267447588,0.631385974100571,0,101,120000,0,1
98,120,65.8556452883017,3.0595267447588,0.631385974100571,0.23,0,0,242,0
98,120,65.8556452883017,3.0595267447588,0.631385974100571,2.82,0,0,1397,0
98,120,65.8556452883017,3.0595267447588,0.631385974100571,7.02,0,0,1029,0
98,120,65.8556452883017,3.0595267447588,0.631385974100571,17.85,0,0,931,0
99,120,73.7909058770055,5.0901223944813,1.87178994565223,0,101,120000,0,1
99,120,73.7909058770055,5.0901223944813,1.87178994565223,2.21,0,0,1620,0
99,120,73.7909058770055,5.0901223944813,1.87178994565223,16.16,0,0,333,0
99,120,73.7909058770055,5.0901223944813,1.87178994565223,22.23,0,0,391,0
99,120,73.7909058770055,5.0901223944813,1.87178994565223,23.08,0,0,306,0
100,120,46.9831586813033,3.59146620166259,1.11562795440626,0,101,120000,0,1
100,120,46.9831586813033,3.59146620166259,1.11562795440626,8.8,0,0,1165,0
100,120,46.9831586813033,3.59146620166259,1.11562795440626,9.93,0,0,1067,0
100,120,46.9831586813033,3.59146620166259,1.11562795440626,22.17,0,0,464,0
100,120,46.9831586813033,3.59146620166259,1.11562795440626,23.66,0,0,562,0
101,120,70.4493942219603,6.40576544138038,0.775856511211395,0,101,120000,0,1
101,120,70.4493942219603,6.40576544138038,0.775856511211395,6.74,0,0,1125,0
101,120,70.4493942219603,6.40576544138038,0.775856511211395,9.96,0,0,537,0
101,120,70.4493942219603,6.40576544138038,0.775856511211395,13.83,0,0,673,0
101,120,70.4493942219603,6.40576544138038,0.775856511211395,17.07,0,0,587,0
102,120,67.5475500506153,2.87170870306119,1.03560842423945,0,101,120000,0,1
102,120,67.5475500506153,2.87170870306119,1.03560842423945,4.8,0,0,1679,0
102,120,67.5475500506153,2.87170870306119,1.03560842423945,10,0,0,832,0
102,120,67.5475500506153,2.87170870306119,1.03560842423945,15.77,0,0,1054,0
102,120,67.5475500506153,2.87170870306119,1.03560842423945,15.93,0,0,788,0
103,120,90.7027635181181,2.93386370836463,0.972707339209927,0,101,120000,0,1
103,120,90.7027635181181,2.93386370836463,0.972707339209927,5.72,0,0,1060,0
103,120,90.7027635181181,2.93386370836463,0.972707339209927,9.38,0,0,956,0
103,120,90.7027635181181,2.93386370836463,0.972707339209927,11.32,0,0,1280,0
103,120,90.7027635181181,2.93386370836463,0.972707339209927,12.59,0,0,898,0
104,120,75.0339050913869,3.55643323932012,0.795286604001818,0,101,120000,0,1
104,120,75.0339050913869,3.55643323932012,0.795286604001818,13.63,0,0,1203,0
104,120,75.0339050913869,3.55643323932012,0.795286604001818,17.84,0,0,802,0
104,120,75.0339050913869,3.55643323932012,0.795286604001818,20.62,0,0,620,0
104,120,75.0339050913869,3.55643323932012,0.795286604001818,21.14,0,0,563,0
105,120,79.8713413534785,2.89168378369376,2.11046012377101,0,101,120000,0,1
105,120,79.8713413534785,2.89168378369376,2.11046012377101,9.97,0,0,739,0
105,120,79.8713413534785,2.89168378369376,2.11046012377101,10.2,0,0,1211,0
105,120,79.8713413534785,2.89168378369376,2.11046012377101,16.06,0,0,1032,0
105,120,79.8713413534785,2.89168378369376,2.11046012377101,16.83,0,0,761,0
106,120,36.6830904463336,2.41744538803653,0.782319782073999,0,101,120000,0,1
106,120,36.6830904463336,2.41744538803653,0.782319782073999,7.22,0,0,3095,0
106,120,36.6830904463336,2.41744538803653,0.782319782073999,16.77,0,0,1223,0
106,120,36.6830904463336,2.41744538803653,0.782319782073999,19.04,0,0,764,0
106,120,36.6830904463336,2.41744538803653,0.782319782073999,23.13,0,0,550,0
107,120,67.2161199435441,4.13145727303945,1.36906712769107,0,101,120000,0,1
107,120,67.2161199435441,4.13145727303945,1.36906712769107,6.95,0,0,1066,0
107,120,67.2161199435441,4.13145727303945,1.36906712769107,11.92,0,0,721,0
107,120,67.2161199435441,4.13145727303945,1.36906712769107,17.48,0,0,573,0
107,120,67.2161199435441,4.13145727303945,1.36906712769107,21.42,0,0,595,0
108,120,80.9306992250053,3.19138483927812,0.807137673939748,0,101,120000,0,1
108,120,80.9306992250053,3.19138483927812,0.807137673939748,4.47,0,0,1239,0
108,120,80.9306992250053,3.19138483927812,0.807137673939748,10.49,0,0,837,0
108,120,80.9306992250053,3.19138483927812,0.807137673939748,12.11,0,0,818,0
108,120,80.9306992250053,3.19138483927812,0.807137673939748,19.54,0,0,869,0
109,120,53.5698780150095,5.64562414758717,1.04084617963536,0,101,120000,0,1
109,120,53.5698780150095,5.64562414758717,1.04084617963536,11.71,0,0,758,0
109,120,53.5698780150095,5.64562414758717,1.04084617963536,12.16,0,0,508,0
109,120,53.5698780150095,5.64562414758717,1.04084617963536,15.38,0,0,483,0
109,120,53.5698780150095,5.64562414758717,1.04084617963536,20.17,0,0,315,0
110,120,65.3774615632149,4.12459502979592,1.86402793054679,0,101,120000,0,1
110,120,65.3774615632149,4.12459502979592,1.86402793054679,1.58,0,0,1832,0
110,120,65.3774615632149,4.12459502979592,1.86402793054679,7.4,0,0,1674,0
110,120,65.3774615632149,4.12459502979592,1.86402793054679,16.45,0,0,839,0
110,120,65.3774615632149,4.12459502979592,1.86402793054679,23.3,0,0,399,0
111,120,50.1107475208274,2.65416484160729,1.58293927222658,0,101,120000,0,1
111,120,50.1107475208274,2.65416484160729,1.58293927222658,2.24,0,0,1902,0
111,120,50.1107475208274,2.65416484160729,1.58293927222658,2.65,0,0,2204,0
111,120,50.1107475208274,2.65416484160729,1.58293927222658,2.99,0,0,1917,0
111,120,50.1107475208274,2.65416484160729,1.58293927222658,23.59,0,0,755,0
112,120,90.6276917632966,4.37870754117872,0.558007885401327,0,101,120000,0,1
112,120,90.6276917632966,4.37870754117872,0.558007885401327,5.78,0,0,1238,0
112,120,90.6276917632966,4.37870754117872,0.558007885401327,8.63,0,0,619,0
112,120,90.6276917632966,4.37870754117872,0.558007885401327,13.55,0,0,628,0
112,120,90.6276917632966,4.37870754117872,0.558007885401327,15.75,0,0,647,0
113,120,67.9328575081517,3.85213946756885,1.28036716438786,0,101,120000,0,1
113,120,67.9328575081517,3.85213946756885,1.28036716438786,5.59,0,0,1318,0
113,120,67.9328575081517,3.85213946756885,1.28036716438786,7.38,0,0,1704,0
113,120,67.9328575081517,3.85213946756885,1.28036716438786,11.27,0,0,904,0
113,120,67.9328575081517,3.85213946756885,1.28036716438786,22.97,0,0,573,0
114,120,106.625033029834,2.20114892000155,1.14400059188363,0,101,120000,0,1
114,120,106.625033029834,2.20114892000155,1.14400059188363,1.25,0,0,756,0
114,120,106.625033029834,2.20114892000155,1.14400059188363,6.45,0,0,1113,0
114,120,106.625033029834,2.20114892000155,1.14400059188363,13.96,0,0,1116,0
114,120,106.625033029834,2.20114892000155,1.14400059188363,20.23,0,0,830,0
115,120,56.4645388177001,3.65434674602,1.11677470730446,0,101,120000,0,1
115,120,56.4645388177001,3.65434674602,1.11677470730446,5.66,0,0,1534,0
115,120,56.4645388177001,3.65434674602,1.11677470730446,7.71,0,0,1030,0
115,120,56.4645388177001,3.65434674602,1.11677470730446,12.51,0,0,1010,0
115,120,56.4645388177001,3.65434674602,1.11677470730446,17.82,0,0,950,0
116,120,63.2272322022462,2.71505894177232,0.50464374245042,0,101,120000,0,1
116,120,63.2272322022462,2.71505894177232,0.50464374245042,5.65,0,0,2103,0
116,120,63.2272322022462,2.71505894177232,0.50464374245042,13.46,0,0,1132,0
116,120,63.2272322022462,2.71505894177232,0.50464374245042,21.14,0,0,861,0
116,120,63.2272322022462,2.71505894177232,0.50464374245042,22.31,0,0,994,0
117,120,38.3961692232354,4.53853623192201,1.06887313301969,0,101,120000,0,1
117,120,38.3961692232354,4.53853623192201,1.06887313301969,18.25,0,0,358,0
117,120,38.3961692232354,4.53853623192201,1.06887313301969,19.31,0,0,301,0
117,120,38.3961692232354,4.53853623192201,1.06887313301969,19.59,0,0,389,0
117,120,38.3961692232354,4.53853623192201,1.06887313301969,23.66,0,0,210,0
118,120,67.0286278865249,2.71495604765003,0.685578817897178,0,101,120000,0,1
118,120,67.0286278865249,2.71495604765003,0.685578817897178,2.89,0,0,1614,0
118,120,67.0286278865249,2.71495604765003,0.685578817897178,3.3,0,0,1122,0
118,120,67.0286278865249,2.71495604765003,0.685578817897178,4.17,0,0,1374,0
118,120,67.0286278865249,2.71495604765003,0.685578817897178,8.48,0,0,1329,0
119,120,50.1931320638162,3.62670888591786,0.751538390129328,0,101,120000,0,1
119,120,50.1931320638162,3.62670888591786,0.751538390129328,3.98,0,0,1371,0
119,120,50.1931320638162,3.62670888591786,0.751538390129328,13.2,0,0,1123,0
119,120,50.1931320638162,3.62670888591786,0.751538390129328,18.44,0,0,558,0
119,120,50.1931320638162,3.62670888591786,0.751538390129328,19.81,0,0,594,0
120,120,89.672559210362,5.72392487154727,0.829050613360147,0,101,120000,0,1
120,120,89.672559210362,5.72392487154727,0.829050613360147,1.16,0,0,805,0
120,120,89.672559210362,5.72392487154727,0.829050613360147,3.05,0,0,881,0
120,120,89.672559210362,5.72392487154727,0.829050613360147,15.11,0,0,519,0
120,120,89.672559210362,5.72392487154727,0.829050613360147,18.45,0,0,455,0
