ID,DOSE,V,CL,KA,TIME,EVID,AMT,DV,EVIDNM
1,10,67.3490026203686,2.44100536649033,0.817695496770347,0,101,10000,0,1
1,10,67.3490026203686,2.44100536649033,0.817695496770347,3.9,0,0,115,0
1,10,67.3490026203686,2.44100536649033,0.817695496770347,4.6,0,0,135,0
1,10,67.3490026203686,2.44100536649033,0.817695496770347,7.5,0,0,133,0
1,10,67.3490026203686,2.44100536649033,0.817695496770347,20.4,0,0,72,0
2,10,87.0697364513526,3.20597708159395,0.925996837702284,0,101,10000,0,1
2,10,87.0697364513526,3.20597708159395,0.925996837702284,3.4,0,0,113,0
2,10,87.0697364513526,3.20597708159395,0.925996837702284,7.08,0,0,107,0
2,10,87.0697364513526,3.20597708159395,0.925996837702284,23.11,0,0,54,0
2,10,87.0697364513526,3.20597708159395,0.925996837702284,23.76,0,0,43,0
3,10,45.3154609431694,6.05857815978495,0.620183426626132,0,101,10000,0,1
3,10,45.3154609431694,6.05857815978495,0.620183426626132,7.56,0,0,109,0
3,10,45.3154609431694,6.05857815978495,0.620183426626132,11.74,0,0,61,0
3,10,45.3154609431694,6.05857815978495,0.620183426626132,12.73,0,0,62,0
3,10,45.3154609431694,6.05857815978495,0.620183426626132,15.58,0,0,31,0
4,10,55.2652538068637,3.12355475210027,0.691459543552155,0,101,10000,0,1
4,10,55.2652538068637,3.12355475210027,0.691459543552155,7.27,0,0,153,0
4,10,55.2652538068637,3.12355475210027,0.691459543552155,9.25,0,0,95,0
4,10,55.2652538068637,3.12355475210027,0.691459543552155,10.61,0,0,94,0
4,10,55.2652538068637,3.12355475210027,0.691459543552155,13.22,0,0,143,0
5,10,73.6098647657865,3.00623364626401,0.792679387522609,0,101,10000,0,1
5,10,73.6098647657865,3.00623364626401,0.792679387522609,1.73,0,0,124,0
5,10,73.6098647657865,3.00623364626401,0.792679387522609,6.23,0,0,137,0
5,10,73.6098647657865,3.00623364626401,0.792679387522609,18.83,0,0,80,0
5,10,73.6098647657865,3.00623364626401,0.792679387522609,19.23,0,0,71,0
6,10,59.2098548880275,3.51882657440477,0.83963527442416,0,101,10000,0,1
6,10,59.2098548880275,3.51882657440477,0.83963527442416,4.6,0,0,156,0
6,10,59.2098548880275,3.51882657440477,0.83963527442416,8.29,0,0,113,0
6,10,59.2098548880275,3.51882657440477,0.83963527442416,19.17,0,0,56,0
6,10,59.2098548880275,3.51882657440477,0.83963527442416,22.37,0,0,41,0
7,10,89.4083515777709,3.2095521961783,0.697672042566777,0,101,10000,0,1
7,10,89.4083515777709,3.2095521961783,0.697672042566777,13.34,0,0,85,0
7,10,89.4083515777709,3.2095521961783,0.697672042566777,19.84,0,0,62,0
7,10,89.4083515777709,3.2095521961783,0.697672042566777,19.94,0,0,69,0
7,10,89.4083515777709,3.2095521961783,0.697672042566777,20.26,0,0,60,0
8,10,72.4272626319014,3.65605811439456,1.26684777022035,0,101,10000,0,1
8,10,72.4272626319014,3.65605811439456,1.26684777022035,7.51,0,0,77,0
8,10,72.4272626319014,3.65605811439456,1.26684777022035,13.76,0,0,45,0
8,10,72.4272626319014,3.65605811439456,1.26684777022035,14.55,0,0,71,0
8,10,72.4272626319014,3.65605811439456,1.26684777022035,19.17,0,0,63,0
9,10,77.7568392696068,4.52257602176231,0.89321906607399,0,101,10000,0,1
9,10,77.7568392696068,4.52257602176231,0.89321906607399,3.1,0,0,110,0
9,10,77.7568392696068,4.52257602176231,0.89321906607399,12.13,0,0,64,0
9,10,77.7568392696068,4.52257602176231,0.89321906607399,15.41,0,0,59,0
9,10,77.7568392696068,4.52257602176231,0.89321906607399,22.57,0,0,27,0
10,10,68.3506048848417,2.92996683729124,0.983527678431035,0,101,10000,0,1
10,10,68.3506048848417,2.92996683729124,0.983527678431035,11.77,0,0,133,0
10,10,68.3506048848417,2.92996683729124,0.983527678431035,13.79,0,0,97,0
10,10,68.3506048848417,2.92996683729124,0.983527678431035,16.4,0,0,49,0
10,10,68.3506048848417,2.92996683729124,0.983527678431035,18.35,0,0,80,0
11,10,100.797200659178,2.65288851217136,0.681853600870356,0,101,10000,0,1
11,10,100.797200659178,2.65288851217136,0.681853600870356,3.19,0,0,92,0
11,10,100.797200659178,2.65288851217136,0.681853600870356,12.63,0,0,70,0
11,10,100.797200659178,2.65288851217136,0.681853600870356,13.88,0,0,80,0
11,10,100.797200659178,2.65288851217136,0.681853600870356,20.87,0,0,62,0
12,10,74.6954181276964,4.82166148300505,1.6888911952433,0,101,10000,0,1
12,10,74.6954181276964,4.82166148300505,1.6888911952433,13.44,0,0,51,0
12,10,74.6954181276964,4.82166148300505,1.6888911952433,15.47,0,0,66,0
12,10,74.6954181276964,4.82166148300505,1.6888911952433,23.63,0,0,35,0
12,10,74.6954181276964,4.82166148300505,1.6888911952433,23.65,0,0,33,0
13,10,114.782465340008,4.56647922772016,1.25337509532459,0,101,10000,0,1
13,10,114.782465340008,4.56647922772016,1.25337509532459,10.06,0,0,72,0
13,10,114.782465340008,4.56647922772016,1.25337509532459,11.6,0,0,72,0
13,10,114.782465340008,4.56647922772016,1.25337509532459,23.37,0,0,30,0
13,10,114.782465340008,4.56647922772016,1.25337509532459,23.87,0,0,40,0
14,10,92.3343403150331,5.25503857331571,0.933315249079867,0,101,10000,0,1
14,10,92.3343403150331,5.25503857331571,0.933315249079867,2.89,0,0,90,0
14,10,92.3343403150331,5.25503857331571,0.933315249079867,14.07,0,0,62,0
14,10,92.3343403150331,5.25503857331571,0.933315249079867,20.3,0,0,30,0
14,10,92.3343403150331,5.25503857331571,0.933315249079867,21.79,0,0,38,0
15,10,89.7489648107736,3.19054995795718,0.859525029034231,0,101,10000,0,1
15,10,89.7489648107736,3.19054995795718,0.859525029034231,9.29,0,0,108,0
15,10,89.7489648107736,3.19054995795718,0.859525029034231,20.63,0,0,64,0
15,10,89.7489648107736,3.19054995795718,0.859525029034231,20.74,0,0,57,0
15,10,89.7489648107736,3.19054995795718,0.859525029034231,21.84,0,0,55,0
16,10,43.5509791703924,5.26206880845002,0.626000045170652,0,101,10000,0,1
16,10,43.5509791703924,5.26206880845002,0.626000045170652,1.91,0,0,174,0
16,10,43.5509791703924,5.26206880845002,0.626000045170652,16.23,0,0,39,0
16,10,43.5509791703924,5.26206880845002,0.626000045170652,17.08,0,0,47,0
16,10,43.5509791703924,5.26206880845002,0.626000045170652,21.83,0,0,24,0
17,10,92.155165912295,4.75380989214526,0.613606107782614,0,101,10000,0,1
17,10,92.155165912295,4.75380989214526,0.613606107782614,13.5,0,0,46,0
17,10,92.155165912295,4.75380989214526,0.613606107782614,15.84,0,0,38,0
17,10,92.155165912295,4.75380989214526,0.613606107782614,17.72,0,0,54,0
17,10,92.155165912295,4.75380989214526,0.613606107782614,21.8,0,0,47,0
18,10,86.5902196708414,3.1234859965763,1.70465893233624,0,101,10000,0,1
18,10,86.5902196708414,3.1234859965763,1.70465893233624,2.97,0,0,90,0
18,10,86.5902196708414,3.1234859965763,1.70465893233624,6.91,0,0,93,0
18,10,86.5902196708414,3.1234859965763,1.70465893233624,17.81,0,0,52,0
18,10,86.5902196708414,3.1234859965763,1.70465893233624,23.7,0,0,73,0
19,10,71.2629406748895,4.03973565291905,0.914012312301328,0,101,10000,0,1
19,10,71.2629406748895,4.03973565291905,0.914012312301328,14.56,0,0,70,0
19,10,71.2629406748895,4.03973565291905,0.914012312301328,20.39,0,0,42,0
19,10,71.2629406748895,4.03973565291905,0.914012312301328,22.46,0,0,37,0
19,10,71.2629406748895,4.03973565291905,0.914012312301328,23.28,0,0,31,0
20,10,92.6427230323498,4.52802373433536,0.695601297575191,0,101,10000,0,1
20,10,92.6427230323498,4.52802373433536,0.695601297575191,1.8,0,0,75,0
20,10,92.6427230323498,4.52802373433536,0.695601297575191,8.85,0,0,61,0
20,10,92.6427230323498,4.52802373433536,0.695601297575191,9.47,0,0,99,0
20,10,92.6427230323498,4.52802373433536,0.695601297575191,23.29,0,0,57,0
21,10,90.1095554934882,3.47064325034628,0.661915493737527,0,101,10000,0,1
21,10,90.1095554934882,3.47064325034628,0.661915493737527,3.42,0,0,72,0
21,10,90.1095554934882,3.47064325034628,0.661915493737527,4.71,0,0,73,0
21,10,90.1095554934882,3.47064325034628,0.661915493737527,9.67,0,0,89,0
21,10,90.1095554934882,3.47064325034628,0.661915493737527,22.81,0,0,53,0
22,10,47.9263044025055,4.27124275525575,1.33531757358339,0,101,10000,0,1
22,10,47.9263044025055,4.27124275525575,1.33531757358339,1.83,0,0,178,0
22,10,47.9263044025055,4.27124275525575,1.33531757358339,7.95,0,0,144,0
22,10,47.9263044025055,4.27124275525575,1.33531757358339,12.64,0,0,58,0
22,10,47.9263044025055,4.27124275525575,1.33531757358339,14.96,0,0,55,0
23,10,55.2652538068637,3.12355475210027,0.691459543552155,0,101,10000,0,1
23,10,55.2652538068637,3.12355475210027,0.691459543552155,7.27,0,0,153,0
23,10,55.2652538068637,3.12355475210027,0.691459543552155,9.25,0,0,95,0
23,10,55.2652538068637,3.12355475210027,0.691459543552155,10.61,0,0,94,0
23,10,55.2652538068637,3.12355475210027,0.691459543552155,13.22,0,0,143,0
24,10,64.0906493776481,3.8318909335579,2.3151728218256,0,101,10000,0,1
24,10,64.0906493776481,3.8318909335579,2.3151728218256,0.22,0,0,62,0
24,10,64.0906493776481,3.8318909335579,2.3151728218256,3.15,0,0,125,0
24,10,64.0906493776481,3.8318909335579,2.3151728218256,8.69,0,0,77,0
24,10,64.0906493776481,3.8318909335579,2.3151728218256,16.47,0,0,61,0
25,10,55.4461937048561,3.66395240204236,1.01791531889413,0,101,10000,0,1
25,10,55.4461937048561,3.66395240204236,1.01791531889413,1.94,0,0,137,0
25,10,55.4461937048561,3.66395240204236,1.01791531889413,2,0,0,152,0
25,10,55.4461937048561,3.66395240204236,1.01791531889413,17.68,0,0,54,0
25,10,55.4461937048561,3.66395240204236,1.01791531889413,19.28,0,0,57,0
26,10,56.9447119774201,4.11637045782522,1.47964427131659,0,101,10000,0,1
26,10,56.9447119774201,4.11637045782522,1.47964427131659,1.99,0,0,160,0
26,10,56.9447119774201,4.11637045782522,1.47964427131659,3.97,0,0,133,0
26,10,56.9447119774201,4.11637045782522,1.47964427131659,16.75,0,0,28,0
26,10,56.9447119774201,4.11637045782522,1.47964427131659,19.41,0,0,45,0
27,10,76.7734435038509,2.42629559056918,0.781803878838838,0,101,10000,0,1
27,10,76.7734435038509,2.42629559056918,0.781803878838838,0.69,0,0,63,0
27,10,76.7734435038509,2.42629559056918,0.781803878838838,3.38,0,0,113,0
27,10,76.7734435038509,2.42629559056918,0.781803878838838,8.32,0,0,91,0
27,10,76.7734435038509,2.42629559056918,0.781803878838838,19.46,0,0,76,0
28,10,72.6390535765307,6.47259985835722,1.02964358431536,0,101,10000,0,1
28,10,72.6390535765307,6.47259985835722,1.02964358431536,1.47,0,0,84,0
28,10,72.6390535765307,6.47259985835722,1.02964358431536,14.03,0,0,37,0
28,10,72.6390535765307,6.47259985835722,1.02964358431536,15.43,0,0,45,0
28,10,72.6390535765307,6.47259985835722,1.02964358431536,18.61,0,0,34,0
29,10,57.8983745792762,7.19225403935815,1.01181979613015,0,101,10000,0,1
29,10,57.8983745792762,7.19225403935815,1.01181979613015,3.14,0,0,128,0
29,10,57.8983745792762,7.19225403935815,1.01181979613015,11.67,0,0,61,0
29,10,57.8983745792762,7.19225403935815,1.01181979613015,19.55,0,0,23,0
29,10,57.8983745792762,7.19225403935815,1.01181979613015,19.99,0,0,12,0
30,10,135.205944548729,3.11083351570085,0.847108261121598,0,101,10000,0,1
30,10,135.205944548729,3.11083351570085,0.847108261121598,0.75,0,0,26,0
30,10,135.205944548729,3.11083351570085,0.847108261121598,3.62,0,0,49,0
30,10,135.205944548729,3.11083351570085,0.847108261121598,11.26,0,0,67,0
30,10,135.205944548729,3.11083351570085,0.847108261121598,12.17,0,0,42,0
31,30,84.4383561956123,2.30108085798214,1.02375223035156,0,101,30000,0,1
31,30,84.4383561956123,2.30108085798214,1.02375223035156,5.83,0,0,315,0
31,30,84.4383561956123,2.30108085798214,1.02375223035156,7.47,0,0,269,0
31,30,84.4383561956123,2.30108085798214,1.02375223035156,8.61,0,0,298,0
31,30,84.4383561956123,2.30108085798214,1.02375223035156,23.31,0,0,149,0
32,30,76.3482831933251,3.71623931394365,1.24376373436343,0,101,30000,0,1
32,30,76.3482831933251,3.71623931394365,1.24376373436343,2.77,0,0,419,0
32,30,76.3482831933251,3.71623931394365,1.24376373436343,8.34,0,0,336,0
32,30,76.3482831933251,3.71623931394365,1.24376373436343,21.74,0,0,183,0
32,30,76.3482831933251,3.71623931394365,1.24376373436343,23.44,0,0,131,0
33,30,69.6062739568422,3.67843890761713,0.996887500371627,0,101,30000,0,1
33,30,69.6062739568422,3.67843890761713,0.996887500371627,18.58,0,0,205,0
33,30,69.6062739568422,3.67843890761713,0.996887500371627,20.43,0,0,122,0
33,30,69.6062739568422,3.67843890761713,0.996887500371627,23.55,0,0,120,0
33,30,69.6062739568422,3.67843890761713,0.996887500371627,23.84,0,0,141,0
34,30,58.1498571784847,4.82517971012654,0.803707676695804,0,101,30000,0,1
34,30,58.1498571784847,4.82517971012654,0.803707676695804,10.15,0,0,256,0
34,30,58.1498571784847,4.82517971012654,0.803707676695804,14.03,0,0,220,0
34,30,58.1498571784847,4.82517971012654,0.803707676695804,16.57,0,0,167,0
34,30,58.1498571784847,4.82517971012654,0.803707676695804,19.58,0,0,65,0
35,30,135.562314253157,2.69901040869695,0.87095802841273,0,101,30000,0,1
35,30,135.562314253157,2.69901040869695,0.87095802841273,4.2,0,0,291,0
35,30,135.562314253157,2.69901040869695,0.87095802841273,17.71,0,0,185,0
35,30,135.562314253157,2.69901040869695,0.87095802841273,20.34,0,0,133,0
35,30,135.562314253157,2.69901040869695,0.87095802841273,23.6,0,0,115,0
36,30,54.0888775853742,3.43804685626999,1.41160900768396,0,101,30000,0,1
36,30,54.0888775853742,3.43804685626999,1.41160900768396,2.82,0,0,487,0
36,30,54.0888775853742,3.43804685626999,1.41160900768396,3.93,0,0,359,0
36,30,54.0888775853742,3.43804685626999,1.41160900768396,9.85,0,0,224,0
36,30,54.0888775853742,3.43804685626999,1.41160900768396,19.49,0,0,183,0
37,30,78.5755821061119,3.37149624432365,0.670567893289225,0,101,30000,0,1
37,30,78.5755821061119,3.37149624432365,0.670567893289225,2.49,0,0,251,0
37,30,78.5755821061119,3.37149624432365,0.670567893289225,6.01,0,0,279,0
37,30,78.5755821061119,3.37149624432365,0.670567893289225,7.98,0,0,222,0
37,30,78.5755821061119,3.37149624432365,0.670567893289225,18.36,0,0,174,0
38,30,56.4985098904374,3.73457671698592,0.499236483092046,0,101,30000,0,1
38,30,56.4985098904374,3.73457671698592,0.499236483092046,9.94,0,0,363,0
38,30,56.4985098904374,3.73457671698592,0.499236483092046,9.98,0,0,268,0
38,30,56.4985098904374,3.73457671698592,0.499236483092046,10.36,0,0,294,0
38,30,56.4985098904374,3.73457671698592,0.499236483092046,23.86,0,0,115,0
39,30,76.3060411214701,4.20263481449671,0.987157000845709,0,101,30000,0,1
39,30,76.3060411214701,4.20263481449671,0.987157000845709,1.18,0,0,394,0
39,30,76.3060411214701,4.20263481449671,0.987157000845709,5.22,0,0,319,0
39,30,76.3060411214701,4.20263481449671,0.987157000845709,10.98,0,0,299,0
39,30,76.3060411214701,4.20263481449671,0.987157000845709,22.31,0,0,108,0
40,30,98.5527112335659,4.01563438145889,1.28046656736539,0,101,30000,0,1
40,30,98.5527112335659,4.01563438145889,1.28046656736539,0.93,0,0,208,0
40,30,98.5527112335659,4.01563438145889,1.28046656736539,1.38,0,0,299,0
40,30,98.5527112335659,4.01563438145889,1.28046656736539,5.43,0,0,432,0
40,30,98.5527112335659,4.01563438145889,1.28046656736539,15.37,0,0,169,0
41,30,43.2230681464476,3.6128417991917,1.4143784221789,0,101,30000,0,1
41,30,43.2230681464476,3.6128417991917,1.4143784221789,0.83,0,0,513,0
41,30,43.2230681464476,3.6128417991917,1.4143784221789,4.74,0,0,374,0
41,30,43.2230681464476,3.6128417991917,1.4143784221789,8.95,0,0,598,0
41,30,43.2230681464476,3.6128417991917,1.4143784221789,21.48,0,0,99,0
42,30,73.9599577026003,5.82727080255106,0.735321332604778,0,101,30000,0,1
42,30,73.9599577026003,5.82727080255106,0.735321332604778,0.56,0,0,124,0
42,30,73.9599577026003,5.82727080255106,0.735321332604778,2.89,0,0,351,0
42,30,73.9599577026003,5.82727080255106,0.735321332604778,8.45,0,0,218,0
42,30,73.9599577026003,5.82727080255106,0.735321332604778,12.85,0,0,155,0
43,30,46.4220903691087,4.06806699017076,1.93575841012535,0,101,30000,0,1
43,30,46.4220903691087,4.06806699017076,1.93575841012535,0.55,0,0,327,0
43,30,46.4220903691087,4.06806699017076,1.93575841012535,2.97,0,0,499,0
43,30,46.4220903691087,4.06806699017076,1.93575841012535,3.7,0,0,342,0
43,30,46.4220903691087,4.06806699017076,1.93575841012535,17.7,0,0,83,0
44,30,54.8637634908226,2.9988530614183,0.572895377818746,0,101,30000,0,1
44,30,54.8637634908226,2.9988530614183,0.572895377818746,12.71,0,0,270,0
44,30,54.8637634908226,2.9988530614183,0.572895377818746,14.04,0,0,227,0
44,30,54.8637634908226,2.9988530614183,0.572895377818746,14.78,0,0,304,0
44,30,54.8637634908226,2.9988530614183,0.572895377818746,20.5,0,0,210,0
45,30,77.1126104794215,3.57176623453056,0.918073696908202,0,101,30000,0,1
45,30,77.1126104794215,3.57176623453056,0.918073696908202,12.9,0,0,263,0
45,30,77.1126104794215,3.57176623453056,0.918073696908202,14.16,0,0,204,0
45,30,77.1126104794215,3.57176623453056,0.918073696908202,14.16,0,0,170,0
45,30,77.1126104794215,3.57176623453056,0.918073696908202,14.6,0,0,201,0
46,30,83.7958501987064,4.04880367710242,0.910030594247729,0,101,30000,0,1
46,30,83.7958501987064,4.04880367710242,0.910030594247729,1.82,0,0,360,0
46,30,83.7958501987064,4.04880367710242,0.910030594247729,2.62,0,0,266,0
46,30,83.7958501987064,4.04880367710242,0.910030594247729,5.67,0,0,273,0
46,30,83.7958501987064,4.04880367710242,0.910030594247729,22.3,0,0,119,0
47,30,109.457527022369,3.60020184413915,0.961930421214736,0,101,30000,0,1
47,30,109.457527022369,3.60020184413915,0.961930421214736,7.93,0,0,170,0
47,30,109.457527022369,3.60020184413915,0.961930421214736,8.23,0,0,144,0
47,30,109.457527022369,3.60020184413915,0.961930421214736,11,0,0,147,0
47,30,109.457527022369,3.60020184413915,0.961930421214736,22.9,0,0,117,0
48,30,55.0774990058361,3.99991196619019,0.688342908722476,0,101,30000,0,1
48,30,55.0774990058361,3.99991196619019,0.688342908722476,11.52,0,0,224,0
48,30,55.0774990058361,3.99991196619019,0.688342908722476,20.47,0,0,136,0
48,30,55.0774990058361,3.99991196619019,0.688342908722476,22.84,0,0,114,0
48,30,55.0774990058361,3.99991196619019,0.688342908722476,23.42,0,0,115,0
49,30,91.5388498383057,3.16960288271559,1.22721555682608,0,101,30000,0,1
49,30,91.5388498383057,3.16960288271559,1.22721555682608,5.96,0,0,314,0
49,30,91.5388498383057,3.16960288271559,1.22721555682608,6.73,0,0,240,0
49,30,91.5388498383057,3.16960288271559,1.22721555682608,19.5,0,0,162,0
49,30,91.5388498383057,3.16960288271559,1.22721555682608,21.71,0,0,123,0
50,30,49.6647082211658,4.06348690528523,0.833025959840248,0,101,30000,0,1
50,30,49.6647082211658,4.06348690528523,0.833025959840248,6.53,0,0,473,0
50,30,49.6647082211658,4.06348690528523,0.833025959840248,7.2,0,0,500,0
50,30,49.6647082211658,4.06348690528523,0.833025959840248,11.44,0,0,147,0
50,30,49.6647082211658,4.06348690528523,0.833025959840248,19.06,0,0,119,0
51,30,47.0898861674071,4.27223105673703,1.05089353070987,0,101,30000,0,1
51,30,47.0898861674071,4.27223105673703,1.05089353070987,5.62,0,0,434,0
51,30,47.0898861674071,4.27223105673703,1.05089353070987,14.94,0,0,142,0
51,30,47.0898861674071,4.27223105673703,1.05089353070987,22.54,0,0,78,0
51,30,47.0898861674071,4.27223105673703,1.05089353070987,22.59,0,0,84,0
52,30,51.246386346844,2.91985670295719,1.33993274337161,0,101,30000,0,1
52,30,51.246386346844,2.91985670295719,1.33993274337161,5.03,0,0,353,0
52,30,51.246386346844,2.91985670295719,1.33993274337161,9.15,0,0,448,0
52,30,51.246386346844,2.91985670295719,1.33993274337161,13.7,0,0,232,0
52,30,51.246386346844,2.91985670295719,1.33993274337161,23.52,0,0,156,0
53,30,111.805588698561,4.22860823478662,1.37165292034175,0,101,30000,0,1
53,30,111.805588698561,4.22860823478662,1.37165292034175,9.86,0,0,178,0
53,30,111.805588698561,4.22860823478662,1.37165292034175,14.07,0,0,187,0
53,30,111.805588698561,4.22860823478662,1.37165292034175,19.11,0,0,197,0
53,30,111.805588698561,4.22860823478662,1.37165292034175,21.81,0,0,128,0
54,30,70.1979204508746,5.26657329624402,0.710401617402541,0,101,30000,0,1
54,30,70.1979204508746,5.26657329624402,0.710401617402541,4.82,0,0,381,0
54,30,70.1979204508746,5.26657329624402,0.710401617402541,12.3,0,0,204,0
54,30,70.1979204508746,5.26657329624402,0.710401617402541,15.78,0,0,128,0
54,30,70.1979204508746,5.26657329624402,0.710401617402541,20.08,0,0,115,0
55,30,64.911625619806,5.33580087166423,1.27326981195055,0,101,30000,0,1
55,30,64.911625619806,5.33580087166423,1.27326981195055,0.83,0,0,243,0
55,30,64.911625619806,5.33580087166423,1.27326981195055,13.66,0,0,223,0
55,30,64.911625619806,5.33580087166423,1.27326981195055,18.67,0,0,104,0
55,30,64.911625619806,5.33580087166423,1.27326981195055,20.51,0,0,87,0
56,30,61.4556540738341,2.85064032691258,1.35860046692645,0,101,30000,0,1
56,30,61.4556540738341,2.85064032691258,1.35860046692645,0.05,0,0,37,0
56,30,61.4556540738341,2.85064032691258,1.35860046692645,8.02,0,0,370,0
56,30,61.4556540738341,2.85064032691258,1.35860046692645,9.14,0,0,380,0
56,30,61.4556540738341,2.85064032691258,1.35860046692645,16.44,0,0,226,0
57,30,47.9288301070384,3.25899254723946,1.3766583815389,0,101,30000,0,1
57,30,47.9288301070384,3.25899254723946,1.3766583815389,0.4,0,0,191,0
57,30,47.9288301070384,3.25899254723946,1.3766583815389,6.73,0,0,386,0
57,30,47.9288301070384,3.25899254723946,1.3766583815389,11.79,0,0,309,0
57,30,47.9288301070384,3.25899254723946,1.3766583815389,15.73,0,0,208,0
58,30,86.0433941131029,4.08154715642349,0.7907383627253,0,101,30000,0,1
58,30,86.0433941131029,4.08154715642349,0.7907383627253,4.66,0,0,271,0
58,30,86.0433941131029,4.08154715642349,0.7907383627253,4.86,0,0,373,0
58,30,86.0433941131029,4.08154715642349,0.7907383627253,7.98,0,0,276,0
58,30,86.0433941131029,4.08154715642349,0.7907383627253,20.14,0,0,128,0
59,30,86.4114540966615,3.84075263049035,1.01644052132136,0,101,30000,0,1
59,30,86.4114540966615,3.84075263049035,1.01644052132136,3.02,0,0,312,0
59,30,86.4114540966615,3.84075263049035,1.01644052132136,12.12,0,0,270,0
59,30,86.4114540966615,3.84075263049035,1.01644052132136,14.35,0,0,165,0
59,30,86.4114540966615,3.84075263049035,1.01644052132136,22.7,0,0,123,0
60,30,61.6616286087872,4.01217249392725,0.841824037145074,0,101,30000,0,1
60,30,61.6616286087872,4.01217249392725,0.841824037145074,3.55,0,0,283,0
60,30,61.6616286087872,4.01217249392725,0.841824037145074,8.83,0,0,312,0
60,30,61.6616286087872,4.01217249392725,0.841824037145074,16.27,0,0,169,0
60,30,61.6616286087872,4.01217249392725,0.841824037145074,18.36,0,0,192,0
61,60,71.467477529249,4.83247609460047,0.975708709809003,0,101,60000,0,1
61,60,71.467477529249,4.83247609460047,0.975708709809003,6.07,0,0,596,0
61,60,71.467477529249,4.83247609460047,0.975708709809003,16.81,0,0,265,0
61,60,71.467477529249,4.83247609460047,0.975708709809003,18.24,0,0,330,0
61,60,71.467477529249,4.83247609460047,0.975708709809003,23.7,0,0,239,0
62,60,71.9729274485599,3.9491467974955,0.779945999928394,0,101,60000,0,1
62,60,71.9729274485599,3.9491467974955,0.779945999928394,6.43,0,0,531,0
62,60,71.9729274485599,3.9491467974955,0.779945999928394,7.7,0,0,660,0
62,60,71.9729274485599,3.9491467974955,0.779945999928394,8.89,0,0,694,0
62,60,71.9729274485599,3.9491467974955,0.779945999928394,9.04,0,0,546,0
63,60,80.0684751633114,3.39357713014935,0.823412267319487,0,101,60000,0,1
63,60,80.0684751633114,3.39357713014935,0.823412267319487,0.18,0,0,98,0
63,60,80.0684751633114,3.39357713014935,0.823412267319487,6.16,0,0,487,0
63,60,80.0684751633114,3.39357713014935,0.823412267319487,11.1,0,0,544,0
63,60,80.0684751633114,3.39357713014935,0.823412267319487,13.26,0,0,389,0
64,60,64.7197447164574,3.93649385574137,0.736250528138425,0,101,60000,0,1
64,60,64.7197447164574,3.93649385574137,0.736250528138425,6.87,0,0,616,0
64,60,64.7197447164574,3.93649385574137,0.736250528138425,9.61,0,0,589,0
64,60,64.7197447164574,3.93649385574137,0.736250528138425,10.11,0,0,723,0
64,60,64.7197447164574,3.93649385574137,0.736250528138425,19.53,0,0,286,0
65,60,79.9259344059681,3.11949601207977,0.603664123584261,0,101,60000,0,1
65,60,79.9259344059681,3.11949601207977,0.603664123584261,16.55,0,0,318,0
65,60,79.9259344059681,3.11949601207977,0.603664123584261,16.77,0,0,447,0
65,60,79.9259344059681,3.11949601207977,0.603664123584261,22.42,0,0,368,0
65,60,79.9259344059681,3.11949601207977,0.603664123584261,22.53,0,0,434,0
66,60,58.309979698441,6.48238277854607,1.31910284645116,0,101,60000,0,1
66,60,58.309979698441,6.48238277854607,1.31910284645116,1.07,0,0,630,0
66,60,58.309979698441,6.48238277854607,1.31910284645116,4.8,0,0,731,0
66,60,58.309979698441,6.48238277854607,1.31910284645116,12.77,0,0,263,0
66,60,58.309979698441,6.48238277854607,1.31910284645116,14.96,0,0,238,0
67,60,124.277831183787,2.87678830769556,0.989975714799844,0,101,60000,0,1
67,60,124.277831183787,2.87678830769556,0.989975714799844,6.6,0,0,496,0
67,60,124.277831183787,2.87678830769556,0.989975714799844,10.96,0,0,339,0
67,60,124.277831183787,2.87678830769556,0.989975714799844,11.08,0,0,489,0
67,60,124.277831183787,2.87678830769556,0.989975714799844,20.38,0,0,288,0
68,60,76.7799495219683,3.07184049708199,1.3248039032037,0,101,60000,0,1
68,60,76.7799495219683,3.07184049708199,1.3248039032037,9.49,0,0,715,0
68,60,76.7799495219683,3.07184049708199,1.3248039032037,9.63,0,0,616,0
68,60,76.7799495219683,3.07184049708199,1.3248039032037,17.41,0,0,345,0
68,60,76.7799495219683,3.07184049708199,1.3248039032037,17.6,0,0,403,0
69,60,165.978339936593,2.88724666726213,0.677793870982241,0,101,60000,0,1
69,60,165.978339936593,2.88724666726213,0.677793870982241,5.65,0,0,219,0
69,60,165.978339936593,2.88724666726213,0.677793870982241,12.83,0,0,291,0
69,60,165.978339936593,2.88724666726213,0.677793870982241,15.27,0,0,320,0
69,60,165.978339936593,2.88724666726213,0.677793870982241,19.36,0,0,358,0
70,60,83.5777154977779,4.5941878020235,1.11281878129352,0,101,60000,0,1
70,60,83.5777154977779,4.5941878020235,1.11281878129352,1.01,0,0,315,0
70,60,83.5777154977779,4.5941878020235,1.11281878129352,5.8,0,0,613,0
70,60,83.5777154977779,4.5941878020235,1.11281878129352,17.75,0,0,215,0
70,60,83.5777154977779,4.5941878020235,1.11281878129352,20.98,0,0,283,0
71,60,72.2465213674851,5.83924977688274,1.59348192967418,0,101,60000,0,1
71,60,72.2465213674851,5.83924977688274,1.59348192967418,8.41,0,0,406,0
71,60,72.2465213674851,5.83924977688274,1.59348192967418,16.92,0,0,275,0
71,60,72.2465213674851,5.83924977688274,1.59348192967418,18.81,0,0,243,0
71,60,72.2465213674851,5.83924977688274,1.59348192967418,22.8,0,0,132,0
72,60,58.5362604070172,4.86631365166573,0.882989658595165,0,101,60000,0,1
72,60,58.5362604070172,4.86631365166573,0.882989658595165,1.01,0,0,478,0
72,60,58.5362604070172,4.86631365166573,0.882989658595165,8.84,0,0,453,0
72,60,58.5362604070172,4.86631365166573,0.882989658595165,23.09,0,0,229,0
72,60,58.5362604070172,4.86631365166573,0.882989658595165,23.15,0,0,128,0
73,60,117.080130239444,3.17764688560095,0.940022930924742,0,101,60000,0,1
73,60,117.080130239444,3.17764688560095,0.940022930924742,6.54,0,0,419,0
73,60,117.080130239444,3.17764688560095,0.940022930924742,9.37,0,0,512,0
73,60,117.080130239444,3.17764688560095,0.940022930924742,21.78,0,0,379,0
73,60,117.080130239444,3.17764688560095,0.940022930924742,23.29,0,0,385,0
74,60,47.5089914048117,5.74020908514206,1.02585705551933,0,101,60000,0,1
74,60,47.5089914048117,5.74020908514206,1.02585705551933,0.6,0,0,579,0
74,60,47.5089914048117,5.74020908514206,1.02585705551933,12.25,0,0,210,0
74,60,47.5089914048117,5.74020908514206,1.02585705551933,14.73,0,0,270,0
74,60,47.5089914048117,5.74020908514206,1.02585705551933,18.54,0,0,106,0
75,60,49.7712487029526,5.65710228964106,0.610205683848302,0,101,60000,0,1
75,60,49.7712487029526,5.65710228964106,0.610205683848302,3.8,0,0,992,0
75,60,49.7712487029526,5.65710228964106,0.610205683848302,10.89,0,0,456,0
75,60,49.7712487029526,5.65710228964106,0.610205683848302,15.57,0,0,273,0
75,60,49.7712487029526,5.65710228964106,0.610205683848302,19.48,0,0,174,0
76,60,85.2725391074156,3.13085650728598,1.56309623156997,0,101,60000,0,1
76,60,85.2725391074156,3.13085650728598,1.56309623156997,6.64,0,0,555,0
76,60,85.2725391074156,3.13085650728598,1.56309623156997,9.46,0,0,558,0
76,60,85.2725391074156,3.13085650728598,1.56309623156997,11.03,0,0,385,0
76,60,85.2725391074156,3.13085650728598,1.56309623156997,19.18,0,0,306,0
77,60,82.2038173482638,3.82429479167667,1.50493829377885,0,101,60000,0,1
77,60,82.2038173482638,3.82429479167667,1.50493829377885,7.85,0,0,452,0
77,60,82.2038173482638,3.82429479167667,1.50493829377885,14.94,0,0,385,0
77,60,82.2038173482638,3.82429479167667,1.50493829377885,18.79,0,0,310,0
77,60,82.2038173482638,3.82429479167667,1.50493829377885,23.55,0,0,251,0
78,60,53.5348016238223,4.67179553140404,0.954703963562598,0,101,60000,0,1
78,60,53.5348016238223,4.67179553140404,0.954703963562598,0.67,0,0,548,0
78,60,53.5348016238223,4.67179553140404,0.954703963562598,1.21,0,0,785,0
78,60,53.5348016238223,4.67179553140404,0.954703963562598,10.9,0,0,472,0
78,60,53.5348016238223,4.67179553140404,0.954703963562598,16.04,0,0,259,0
79,60,64.9610864118788,3.91205316775612,1.60457569727506,0,101,60000,0,1
79,60,64.9610864118788,3.91205316775612,1.60457569727506,1.94,0,0,826,0
79,60,64.9610864118788,3.91205316775612,1.60457569727506,3.38,0,0,756,0
79,60,64.9610864118788,3.91205316775612,1.60457569727506,13.46,0,0,462,0
79,60,64.9610864118788,3.91205316775612,1.60457569727506,14.34,0,0,314,0
80,60,62.6455200432518,3.30075450136907,1.00328815267418,0,101,60000,0,1
80,60,62.6455200432518,3.30075450136907,1.00328815267418,7.95,0,0,669,0
80,60,62.6455200432518,3.30075450136907,1.00328815267418,15.96,0,0,322,0
80,60,62.6455200432518,3.30075450136907,1.00328815267418,16.49,0,0,535,0
80,60,62.6455200432518,3.30075450136907,1.00328815267418,17.47,0,0,348,0
81,60,42.3306980298709,3.93172189713931,1.34519715488821,0,101,60000,0,1
81,60,42.3306980298709,3.93172189713931,1.34519715488821,14.63,0,0,435,0
81,60,42.3306980298709,3.93172189713931,1.34519715488821,16.06,0,0,347,0
81,60,42.3306980298709,3.93172189713931,1.34519715488821,20.02,0,0,243,0
81,60,42.3306980298709,3.93172189713931,1.34519715488821,23.88,0,0,241,0
82,60,57.0766309905368,4.33973574655131,1.38348346654554,0,101,60000,0,1
82,60,57.0766309905368,4.33973574655131,1.38348346654554,3.45,0,0,448,0
82,60,57.0766309905368,4.33973574655131,1.38348346654554,8.41,0,0,662,0
82,60,57.0766309905368,4.33973574655131,1.38348346654554,11.18,0,0,409,0
82,60,57.0766309905368,4.33973574655131,1.38348346654554,20.33,0,0,187,0
83,60,77.5290281198334,2.63143639128832,0.836334006406006,0,101,60000,0,1
83,60,77.5290281198334,2.63143639128832,0.836334006406006,5.74,0,0,680,0
83,60,77.5290281198334,2.63143639128832,0.836334006406006,13.64,0,0,921,0
83,60,77.5290281198334,2.63143639128832,0.836334006406006,21.47,0,0,432,0
83,60,77.5290281198334,2.63143639128832,0.836334006406006,21.82,0,0,407,0
84,60,61.7844312987254,7.05311185662411,1.16240454035034,0,101,60000,0,1
84,60,61.7844312987254,7.05311185662411,1.16240454035034,1.67,0,0,812,0
84,60,61.7844312987254,7.05311185662411,1.16240454035034,9.51,0,0,447,0
84,60,61.7844312987254,7.05311185662411,1.16240454035034,11.41,0,0,342,0
84,60,61.7844312987254,7.05311185662411,1.16240454035034,21.89,0,0,113,0
85,60,78.0994989107944,4.91287766443845,1.0490504547571,0,101,60000,0,1
85,60,78.0994989107944,4.91287766443845,1.0490504547571,6.97,0,0,556,0
85,60,78.0994989107944,4.91287766443845,1.0490504547571,8.27,0,0,420,0
85,60,78.0994989107944,4.91287766443845,1.0490504547571,11.86,0,0,390,0
85,60,78.0994989107944,4.91287766443845,1.0490504547571,23.98,0,0,159,0
86,60,96.8628675058776,2.9534262256754,0.76852981798624,0,101,60000,0,1
86,60,96.8628675058776,2.9534262256754,0.76852981798624,0.87,0,0,264,0
86,60,96.8628675058776,2.9534262256754,0.76852981798624,13.98,0,0,463,0
86,60,96.8628675058776,2.9534262256754,0.76852981798624,19.4,0,0,459,0
86,60,96.8628675058776,2.9534262256754,0.76852981798624,20.98,0,0,220,0
87,60,72.6420060604161,4.70344822823468,0.869760512450457,0,101,60000,0,1
87,60,72.6420060604161,4.70344822823468,0.869760512450457,12.19,0,0,458,0
87,60,72.6420060604161,4.70344822823468,0.869760512450457,14.72,0,0,240,0
87,60,72.6420060604161,4.70344822823468,0.869760512450457,15.54,0,0,308,0
87,60,72.6420060604161,4.70344822823468,0.869760512450457,17.77,0,0,392,0
88,60,65.1028451140707,2.6641738980108,1.42051278409107,0,101,60000,0,1
88,60,65.1028451140707,2.6641738980108,1.42051278409107,2.41,0,0,916,0
88,60,65.1028451140707,2.6641738980108,1.42051278409107,3.2,0,0,917,0
88,60,65.1028451140707,2.6641738980108,1.42051278409107,7.93,0,0,552,0
88,60,65.1028451140707,2.6641738980108,1.42051278409107,12.5,0,0,409,0
89,60,42.6781575352818,4.57632569716958,0.590167267645947,0,101,60000,0,1
89,60,42.6781575352818,4.57632569716958,0.590167267645947,5.15,0,0,890,0
89,60,42.6781575352818,4.57632569716958,0.590167267645947,10.04,0,0,554,0
89,60,42.6781575352818,4.57632569716958,0.590167267645947,10.4,0,0,427,0
89,60,42.6781575352818,4.57632569716958,0.590167267645947,13.14,0,0,424,0
90,60,83.473521619673,4.18273883227779,0.552141597393026,0,101,60000,0,1
90,60,83.473521619673,4.18273883227779,0.552141597393026,18.53,0,0,408,0
90,60,83.473521619673,4.18273883227779,0.552141597393026,23.31,0,0,292,0
90,60,83.473521619673,4.18273883227779,0.552141597393026,23.82,0,0,229,0
90,60,83.473521619673,4.18273883227779,0.552141597393026,23.96,0,0,229,0
91,120,64.1581893859505,5.19342052760644,0.747410762146889,0,101,120000,0,1
91,120,64.1581893859505,5.19342052760644,0.747410762146889,0.38,0,0,537,0
91,120,64.1581893859505,5.19342052760644,0.747410762146889,8.8,0,0,1427,0
91,120,64.1581893859505,5.19342052760644,0.747410762146889,14.04,0,0,761,0
91,120,64.1581893859505,5.19342052760644,0.747410762146889,14.5,0,0,541,0
92,120,88.8448579736601,4.07922001672368,0.783360245237055,0,101,120000,0,1
92,120,88.8448579736601,4.07922001672368,0.783360245237055,0.37,0,0,399,0
92,120,88.8448579736601,4.07922001672368,0.783360245237055,2.87,0,0,1208,0
92,120,88.8448579736601,4.07922001672368,0.783360245237055,3.55,0,0,1010,0
92,120,88.8448579736601,4.07922001672368,0.783360245237055,20.01,0,0,635,0
93,120,83.5645301732291,3.6842891286722,0.614421513042476,0,101,120000,0,1
93,120,83.5645301732291,3.6842891286722,0.614421513042476,1.03,0,0,794,0
93,120,83.5645301732291,3.6842891286722,0.614421513042476,2.27,0,0,1143,0
93,120,83.5645301732291,3.6842891286722,0.614421513042476,7.67,0,0,1028,0
93,120,83.5645301732291,3.6842891286722,0.614421513042476,14.17,0,0,795,0
94,120,78.5684042882424,4.88930209310326,0.761366656932295,0,101,120000,0,1
94,120,78.5684042882424,4.88930209310326,0.761366656932295,8.57,0,0,1174,0
94,120,78.5684042882424,4.88930209310326,0.761366656932295,16.64,0,0,641,0
94,120,78.5684042882424,4.88930209310326,0.761366656932295,18.31,0,0,448,0
94,120,78.5684042882424,4.88930209310326,0.761366656932295,19.33,0,0,461,0
95,120,78.3963187762366,3.12642432615849,1.33646562713976,0,101,120000,0,1
95,120,78.3963187762366,3.12642432615849,1.33646562713976,0.98,0,0,1082,0
95,120,78.3963187762366,3.12642432615849,1.33646562713976,10.31,0,0,1104,0
95,120,78.3963187762366,3.12642432615849,1.33646562713976,13.73,0,0,860,0
95,120,78.3963187762366,3.12642432615849,1.33646562713976,14.55,0,0,961,0
96,120,120.266633314796,7.82518410370744,0.812569144505525,0,101,120000,0,1
96,120,120.266633314796,7.82518410370744,0.812569144505525,4.4,0,0,739,0
96,120,120.266633314796,7.82518410370744,0.812569144505525,7.94,0,0,834,0
96,120,120.266633314796,7.82518410370744,0.812569144505525,8.35,0,0,460,0
96,120,120.266633314796,7.82518410370744,0.812569144505525,14.11,0,0,409,0
97,120,69.2573398804297,3.34356244668971,1.00694289342285,0,101,120000,0,1
97,120,69.2573398804297,3.34356244668971,1.00694289342285,4.2,0,0,1237,0
97,120,69.2573398804297,3.34356244668971,1.00694289342285,12,0,0,963,0
97,120,69.2573398804297,3.34356244668971,1.00694289342285,17.91,0,0,657,0
97,120,69.2573398804297,3.34356244668971,1.00694289342285,23.02,0,0,647,0
98,120,84.6699668941829,5.11164138249399,0.798325954895162,0,101,120000,0,1
98,120,84.6699668941829,5.11164138249399,0.798325954895162,4.08,0,0,1172,0
98,120,84.6699668941829,5.11164138249399,0.798325954895162,6.46,0,0,752,0
98,120,84.6699668941829,5.11164138249399,0.798325954895162,9.05,0,0,882,0
98,120,84.6699668941829,5.11164138249399,0.798325954895162,18.15,0,0,559,0
99,120,45.9905334834467,4.67238986350304,0.96836371687391,0,101,120000,0,1
99,120,45.9905334834467,4.67238986350304,0.96836371687391,8.68,0,0,1556,0
99,120,45.9905334834467,4.67238986350304,0.96836371687391,8.82,0,0,1096,0
99,120,45.9905334834467,4.67238986350304,0.96836371687391,10.38,0,0,989,0
99,120,45.9905334834467,4.67238986350304,0.96836371687391,22.02,0,0,245,0
100,120,78.5234929058629,3.12335105162496,1.40171174177445,0,101,120000,0,1
100,120,78.5234929058629,3.12335105162496,1.40171174177445,1.9,0,0,1186,0
100,120,78.5234929058629,3.12335105162496,1.40171174177445,10.81,0,0,801,0
100,120,78.5234929058629,3.12335105162496,1.40171174177445,12.09,0,0,1348,0
100,120,78.5234929058629,3.12335105162496,1.40171174177445,17.01,0,0,663,0
101,120,108.587236544905,3.16171160332842,0.848773402669301,0,101,120000,0,1
101,120,108.587236544905,3.16171160332842,0.848773402669301,0.15,0,0,95,0
101,120,108.587236544905,3.16171160332842,0.848773402669301,4.96,0,0,1002,0
101,120,108.587236544905,3.16171160332842,0.848773402669301,15.62,0,0,640,0
101,120,108.587236544905,3.16171160332842,0.848773402669301,17.28,0,0,525,0
102,120,73.2752072025184,3.89514967525076,1.37868976925229,0,101,120000,0,1
102,120,73.2752072025184,3.89514967525076,1.37868976925229,0.05,0,0,88,0
102,120,73.2752072025184,3.89514967525076,1.37868976925229,10.17,0,0,876,0
102,120,73.2752072025184,3.89514967525076,1.37868976925229,10.44,0,0,927,0
102,120,73.2752072025184,3.89514967525076,1.37868976925229,12.32,0,0,1090,0
103,120,87.9562954832852,4.70215553483918,1.89033781264107,0,101,120000,0,1
103,120,87.9562954832852,4.70215553483918,1.89033781264107,5.22,0,0,1052,0
103,120,87.9562954832852,4.70215553483918,1.89033781264107,5.57,0,0,1114,0
103,120,87.9562954832852,4.70215553483918,1.89033781264107,11.26,0,0,1128,0
103,120,87.9562954832852,4.70215553483918,1.89033781264107,23.5,0,0,386,0
104,120,47.5926630113294,4.54728551290789,1.97169554864374,0,101,120000,0,1
104,120,47.5926630113294,4.54728551290789,1.97169554864374,7.4,0,0,1186,0
104,120,47.5926630113294,4.54728551290789,1.97169554864374,9.48,0,0,1050,0
104,120,47.5926630113294,4.54728551290789,1.97169554864374,12.23,0,0,726,0
104,120,47.5926630113294,4.54728551290789,1.97169554864374,19.41,0,0,304,0
105,120,58.4124440077415,4.61386499780473,0.75314795986154,0,101,120000,0,1
105,120,58.4124440077415,4.61386499780473,0.75314795986154,4.53,0,0,2067,0
105,120,58.4124440077415,4.61386499780473,0.75314795986154,14.52,0,0,705,0
105,120,58.4124440077415,4.61386499780473,0.75314795986154,16.25,0,0,1038,0
105,120,58.4124440077415,4.61386499780473,0.75314795986154,23.4,0,0,307,0
106,120,53.5698780150095,5.64562414758717,1.04084617963536,0,101,120000,0,1
106,120,53.5698780150095,5.64562414758717,1.04084617963536,11.71,0,0,758,0
106,120,53.5698780150095,5.64562414758717,1.04084617963536,12.16,0,0,508,0
106,120,53.5698780150095,5.64562414758717,1.04084617963536,15.38,0,0,483,0
106,120,53.5698780150095,5.64562414758717,1.04084617963536,20.17,0,0,315,0
107,120,68.6105849292164,4.31300915515628,1.91195687486116,0,101,120000,0,1
107,120,68.6105849292164,4.31300915515628,1.91195687486116,7.87,0,0,981,0
107,120,68.6105849292164,4.31300915515628,1.91195687486116,12.09,0,0,808,0
107,120,68.6105849292164,4.31300915515628,1.91195687486116,17.46,0,0,627,0
107,120,68.6105849292164,4.31300915515628,1.91195687486116,19.02,0,0,583,0
108,120,45.291193276712,6.32369773867048,1.27099218329213,0,101,120000,0,1
108,120,45.291193276712,6.32369773867048,1.27099218329213,1.48,0,0,2204,0
108,120,45.291193276712,6.32369773867048,1.27099218329213,13.89,0,0,483,0
108,120,45.291193276712,6.32369773867048,1.27099218329213,15.23,0,0,294,0
108,120,45.291193276712,6.32369773867048,1.27099218329213,16.94,0,0,219,0
109,120,79.8655615583813,4.88242003170085,0.6986718370647,0,101,120000,0,1
109,120,79.8655615583813,4.88242003170085,0.6986718370647,6.27,0,0,1147,0
109,120,79.8655615583813,4.88242003170085,0.6986718370647,9.87,0,0,713,0
109,120,79.8655615583813,4.88242003170085,0.6986718370647,16.47,0,0,446,0
109,120,79.8655615583813,4.88242003170085,0.6986718370647,21.08,0,0,529,0
110,120,59.8168548485768,3.75271694635638,0.555647458568299,0,101,120000,0,1
110,120,59.8168548485768,3.75271694635638,0.555647458568299,2.88,0,0,1405,0
110,120,59.8168548485768,3.75271694635638,0.555647458568299,5.14,0,0,1318,0
110,120,59.8168548485768,3.75271694635638,0.555647458568299,13.2,0,0,1145,0
110,120,59.8168548485768,3.75271694635638,0.555647458568299,18.23,0,0,1111,0
111,120,104.317868282511,5.48543801113211,0.832190787776647,0,101,120000,0,1
111,120,104.317868282511,5.48543801113211,0.832190787776647,9.1,0,0,1120,0
111,120,104.317868282511,5.48543801113211,0.832190787776647,9.52,0,0,1166,0
111,120,104.317868282511,5.48543801113211,0.832190787776647,9.95,0,0,657,0
111,120,104.317868282511,5.48543801113211,0.832190787776647,13.07,0,0,549,0
112,120,62.6856280753873,3.49918328800643,0.742888756759851,0,101,120000,0,1
112,120,62.6856280753873,3.49918328800643,0.742888756759851,0.71,0,0,1050,0
112,120,62.6856280753873,3.49918328800643,0.742888756759851,3.94,0,0,2182,0
112,120,62.6856280753873,3.49918328800643,0.742888756759851,14.27,0,0,1038,0
112,120,62.6856280753873,3.49918328800643,0.742888756759851,23.94,0,0,583,0
113,120,35.7481539310611,5.80881784391096,1.05500498834935,0,101,120000,0,1
113,120,35.7481539310611,5.80881784391096,1.05500498834935,0.69,0,0,1527,0
113,120,35.7481539310611,5.80881784391096,1.05500498834935,5.21,0,0,1936,0
113,120,35.7481539310611,5.80881784391096,1.05500498834935,5.62,0,0,1108,0
113,120,35.7481539310611,5.80881784391096,1.05500498834935,17.11,0,0,227,0
114,120,127.298044331539,3.53371397935522,0.751459750522588,0,101,120000,0,1
114,120,127.298044331539,3.53371397935522,0.751459750522588,2.49,0,0,808,0
114,120,127.298044331539,3.53371397935522,0.751459750522588,3.36,0,0,617,0
114,120,127.298044331539,3.53371397935522,0.751459750522588,18.2,0,0,791,0
114,120,127.298044331539,3.53371397935522,0.751459750522588,20.02,0,0,482,0
115,120,45.0128779553635,2.37918871865717,1.17114539791755,0,101,120000,0,1
115,120,45.0128779553635,2.37918871865717,1.17114539791755,2.2,0,0,2259,0
115,120,45.0128779553635,2.37918871865717,1.17114539791755,3.67,0,0,1506,0
115,120,45.0128779553635,2.37918871865717,1.17114539791755,13.83,0,0,1251,0
115,120,45.0128779553635,2.37918871865717,1.17114539791755,23.27,0,0,933,0
116,120,75.9063536184669,4.38652763962492,1.34590719167164,0,101,120000,0,1
116,120,75.9063536184669,4.38652763962492,1.34590719167164,12.4,0,0,933,0
116,120,75.9063536184669,4.38652763962492,1.34590719167164,13.64,0,0,943,0
116,120,75.9063536184669,4.38652763962492,1.34590719167164,16.79,0,0,668,0
116,120,75.9063536184669,4.38652763962492,1.34590719167164,17.24,0,0,583,0
117,120,113.087081510083,4.68454752906472,0.791961441494403,0,101,120000,0,1
117,120,113.087081510083,4.68454752906472,0.791961441494403,3.01,0,0,895,0
117,120,113.087081510083,4.68454752906472,0.791961441494403,18.1,0,0,601,0
117,120,113.087081510083,4.68454752906472,0.791961441494403,19.61,0,0,586,0
117,120,113.087081510083,4.68454752906472,0.791961441494403,22.54,0,0,481,0
118,120,64.0110754534409,2.79009434973893,0.951368252240585,0,101,120000,0,1
118,120,64.0110754534409,2.79009434973893,0.951368252240585,0.11,0,0,161,0
118,120,64.0110754534409,2.79009434973893,0.951368252240585,4.47,0,0,1282,0
118,120,64.0110754534409,2.79009434973893,0.951368252240585,20.39,0,0,1083,0
118,120,64.0110754534409,2.79009434973893,0.951368252240585,21.4,0,0,898,0
119,120,41.2188608612949,5.58822641118626,1.00770245582375,0,101,120000,0,1
119,120,41.2188608612949,5.58822641118626,1.00770245582375,0.59,0,0,1107,0
119,120,41.2188608612949,5.58822641118626,1.00770245582375,10.1,0,0,1143,0
119,120,41.2188608612949,5.58822641118626,1.00770245582375,13.04,0,0,469,0
119,120,41.2188608612949,5.58822641118626,1.00770245582375,20.41,0,0,189,0
120,120,70.9163693470589,3.39373933755035,0.711090430084535,0,101,120000,0,1
120,120,70.9163693470589,3.39373933755035,0.711090430084535,4.45,0,0,1256,0
120,120,70.9163693470589,3.39373933755035,0.711090430084535,16.33,0,0,898,0
120,120,70.9163693470589,3.39373933755035,0.711090430084535,19.45,0,0,750,0
120,120,70.9163693470589,3.39373933755035,0.711090430084535,19.78,0,0,595,0
