ID,DOSE,V,CL,KA,TIME,EVID,AMT,DV,EVIDNM
1,10,87.4766514239345,7.53865445094803,0.957085129242803,0,101,10000,0,1
1,10,87.4766514239345,7.53865445094803,0.957085129242803,0.52,0,0,60,0
1,10,87.4766514239345,7.53865445094803,0.957085129242803,10.03,0,0,36,0
1,10,87.4766514239345,7.53865445094803,0.957085129242803,12,0,0,38,0
1,10,87.4766514239345,7.53865445094803,0.957085129242803,20.72,0,0,16,0
2,10,71.0566839045885,4.53511248460605,0.783870329569058,0,101,10000,0,1
2,10,71.0566839045885,4.53511248460605,0.783870329569058,3.23,0,0,128,0
2,10,71.0566839045885,4.53511248460605,0.783870329569058,13.31,0,0,40,0
2,10,71.0566839045885,4.53511248460605,0.783870329569058,14.42,0,0,80,0
2,10,71.0566839045885,4.53511248460605,0.783870329569058,18.65,0,0,36,0
3,10,63.3671133776932,4.88573785006578,0.597059374909528,0,101,10000,0,1
3,10,63.3671133776932,4.88573785006578,0.597059374909528,2.62,0,0,148,0
3,10,63.3671133776932,4.88573785006578,0.597059374909528,3.79,0,0,115,0
3,10,63.3671133776932,4.88573785006578,0.597059374909528,9.8,0,0,84,0
3,10,63.3671133776932,4.88573785006578,0.597059374909528,13.77,0,0,59,0
4,10,99.3610091673285,5.45451882602154,1.60284259257457,0,101,10000,0,1
4,10,99.3610091673285,5.45451882602154,1.60284259257457,0.89,0,0,72,0
4,10,99.3610091673285,5.45451882602154,1.60284259257457,6.28,0,0,84,0
4,10,99.3610091673285,5.45451882602154,1.60284259257457,11.33,0,0,37,0
4,10,99.3610091673285,5.45451882602154,1.60284259257457,13.21,0,0,70,0
5,10,97.3741444240999,1.97812466867669,0.946468074113598,0,101,10000,0,1
5,10,97.3741444240999,1.97812466867669,0.946468074113598,0.57,0,0,56,0
5,10,97.3741444240999,1.97812466867669,0.946468074113598,5.68,0,0,95,0
5,10,97.3741444240999,1.97812466867669,0.946468074113598,11.57,0,0,91,0
5,10,97.3741444240999,1.97812466867669,0.946468074113598,20.74,0,0,61,0
6,10,65.3561851459628,2.59554752651075,0.527735426702489,0,101,10000,0,1
6,10,65.3561851459628,2.59554752651075,0.527735426702489,2.05,0,0,92,0
6,10,65.3561851459628,2.59554752651075,0.527735426702489,12.9,0,0,123,0
6,10,65.3561851459628,2.59554752651075,0.527735426702489,14.38,0,0,119,0
6,10,65.3561851459628,2.59554752651075,0.527735426702489,21.07,0,0,87,0
7,10,43.2926135497019,5.09502119918945,0.99939797815897,0,101,10000,0,1
7,10,43.2926135497019,5.09502119918945,0.99939797815897,0.95,0,0,129,0
7,10,43.2926135497019,5.09502119918945,0.99939797815897,1.92,0,0,181,0
7,10,43.2926135497019,5.09502119918945,0.99939797815897,6.27,0,0,170,0
7,10,43.2926135497019,5.09502119918945,0.99939797815897,21.19,0,0,17,0
8,10,61.9531683475386,3.27792321657881,0.895487699303612,0,101,10000,0,1
8,10,61.9531683475386,3.27792321657881,0.895487699303612,0.35,0,0,28,0
8,10,61.9531683475386,3.27792321657881,0.895487699303612,10.1,0,0,71,0
8,10,61.9531683475386,3.27792321657881,0.895487699303612,14.81,0,0,56,0
8,10,61.9531683475386,3.27792321657881,0.895487699303612,16.25,0,0,62,0
9,10,75.4845649063944,3.07875851522051,0.967135953502291,0,101,10000,0,1
9,10,75.4845649063944,3.07875851522051,0.967135953502291,6.15,0,0,101,0
9,10,75.4845649063944,3.07875851522051,0.967135953502291,9.75,0,0,100,0
9,10,75.4845649063944,3.07875851522051,0.967135953502291,16.74,0,0,65,0
9,10,75.4845649063944,3.07875851522051,0.967135953502291,22.82,0,0,75,0
10,10,62.2661577293549,6.66540704688192,1.20182039928911,0,101,10000,0,1
10,10,62.2661577293549,6.66540704688192,1.20182039928911,2.72,0,0,167,0
10,10,62.2661577293549,6.66540704688192,1.20182039928911,8.61,0,0,85,0
10,10,62.2661577293549,6.66540704688192,1.20182039928911,13.57,0,0,53,0
10,10,62.2661577293549,6.66540704688192,1.20182039928911,17.17,0,0,24,0
11,10,68.5705367594342,3.67902200175704,0.874254110740132,0,101,10000,0,1
11,10,68.5705367594342,3.67902200175704,0.874254110740132,12.4,0,0,71,0
11,10,68.5705367594342,3.67902200175704,0.874254110740132,21.62,0,0,50,0
11,10,68.5705367594342,3.67902200175704,0.874254110740132,21.85,0,0,72,0
11,10,68.5705367594342,3.67902200175704,0.874254110740132,23.51,0,0,43,0
12,10,52.0622572461772,3.74017201220127,0.655453877597587,0,101,10000,0,1
12,10,52.0622572461772,3.74017201220127,0.655453877597587,0.97,0,0,86,0
12,10,52.0622572461772,3.74017201220127,0.655453877597587,3.27,0,0,175,0
12,10,52.0622572461772,3.74017201220127,0.655453877597587,7.59,0,0,96,0
12,10,52.0622572461772,3.74017201220127,0.655453877597587,15.04,0,0,63,0
13,10,63.0491322611644,2.76977938869535,1.02717680518689,0,101,10000,0,1
13,10,63.0491322611644,2.76977938869535,1.02717680518689,8.21,0,0,148,0
13,10,63.0491322611644,2.76977938869535,1.02717680518689,10.37,0,0,111,0
13,10,63.0491322611644,2.76977938869535,1.02717680518689,15.94,0,0,126,0
13,10,63.0491322611644,2.76977938869535,1.02717680518689,22.53,0,0,57,0
14,10,74.4231137043809,4.12010006330224,1.29037560707632,0,101,10000,0,1
14,10,74.4231137043809,4.12010006330224,1.29037560707632,11.71,0,0,52,0
14,10,74.4231137043809,4.12010006330224,1.29037560707632,12.06,0,0,55,0
14,10,74.4231137043809,4.12010006330224,1.29037560707632,15.02,0,0,56,0
14,10,74.4231137043809,4.12010006330224,1.29037560707632,21.89,0,0,56,0
15,10,67.8574458141824,3.86220625331563,0.663052410512317,0,101,10000,0,1
15,10,67.8574458141824,3.86220625331563,0.663052410512317,5.84,0,0,105,0
15,10,67.8574458141824,3.86220625331563,0.663052410512317,6.62,0,0,108,0
15,10,67.8574458141824,3.86220625331563,0.663052410512317,10.56,0,0,73,0
15,10,67.8574458141824,3.86220625331563,0.663052410512317,22.51,0,0,57,0
16,10,57.4311452448825,7.40426769953771,1.44171453568991,0,101,10000,0,1
16,10,57.4311452448825,7.40426769953771,1.44171453568991,7.13,0,0,79,0
16,10,57.4311452448825,7.40426769953771,1.44171453568991,13.62,0,0,35,0
16,10,57.4311452448825,7.40426769953771,1.44171453568991,18.5,0,0,16,0
16,10,57.4311452448825,7.40426769953771,1.44171453568991,19.03,0,0,22,0
17,10,118.323360785932,4.97812379109931,0.534011824787503,0,101,10000,0,1
17,10,118.323360785932,4.97812379109931,0.534011824787503,7.2,0,0,64,0
17,10,118.323360785932,4.97812379109931,0.534011824787503,8.74,0,0,54,0
17,10,118.323360785932,4.97812379109931,0.534011824787503,15.99,0,0,45,0
17,10,118.323360785932,4.97812379109931,0.534011824787503,21.9,0,0,31,0
18,10,118.699978606403,4.13170986458131,1.3952840881277,0,101,10000,0,1
18,10,118.699978606403,4.13170986458131,1.3952840881277,1.58,0,0,66,0
18,10,118.699978606403,4.13170986458131,1.3952840881277,8.15,0,0,60,0
18,10,118.699978606403,4.13170986458131,1.3952840881277,18.39,0,0,49,0
18,10,118.699978606403,4.13170986458131,1.3952840881277,20.73,0,0,49,0
19,10,112.217236381175,3.10990743622289,1.18784277309851,0,101,10000,0,1
19,10,112.217236381175,3.10990743622289,1.18784277309851,4.44,0,0,63,0
19,10,112.217236381175,3.10990743622289,1.18784277309851,6.59,0,0,101,0
19,10,112.217236381175,3.10990743622289,1.18784277309851,10.85,0,0,76,0
19,10,112.217236381175,3.10990743622289,1.18784277309851,17.8,0,0,53,0
20,10,101.442038493705,3.07231457639768,1.20777728421415,0,101,10000,0,1
20,10,101.442038493705,3.07231457639768,1.20777728421415,0.42,0,0,33,0
20,10,101.442038493705,3.07231457639768,1.20777728421415,11.32,0,0,68,0
20,10,101.442038493705,3.07231457639768,1.20777728421415,14.77,0,0,61,0
20,10,101.442038493705,3.07231457639768,1.20777728421415,19.67,0,0,76,0
21,10,129.469014661911,1.91967898637945,1.05134245566192,0,101,10000,0,1
21,10,129.469014661911,1.91967898637945,1.05134245566192,13.94,0,0,77,0
21,10,129.469014661911,1.91967898637945,1.05134245566192,22.99,0,0,74,0
21,10,129.469014661911,1.91967898637945,1.05134245566192,23.23,0,0,50,0
21,10,129.469014661911,1.91967898637945,1.05134245566192,23.87,0,0,81,0
22,10,66.5232487996609,2.90329294287251,0.633969899528011,0,101,10000,0,1
22,10,66.5232487996609,2.90329294287251,0.633969899528011,9.3,0,0,108,0
22,10,66.5232487996609,2.90329294287251,0.633969899528011,11.66,0,0,91,0
22,10,66.5232487996609,2.90329294287251,0.633969899528011,12.08,0,0,60,0
22,10,66.5232487996609,2.90329294287251,0.633969899528011,19.21,0,0,50,0
23,10,56.1428598927814,3.78528547229247,0.835253160477984,0,101,10000,0,1
23,10,56.1428598927814,3.78528547229247,0.835253160477984,7.7,0,0,102,0
23,10,56.1428598927814,3.78528547229247,0.835253160477984,7.72,0,0,92,0
23,10,56.1428598927814,3.78528547229247,0.835253160477984,14.17,0,0,59,0
23,10,56.1428598927814,3.78528547229247,0.835253160477984,15.81,0,0,77,0
24,10,71.6506076452767,3.84251381839912,1.5212018995902,0,101,10000,0,1
24,10,71.6506076452767,3.84251381839912,1.5212018995902,5.48,0,0,83,0
24,10,71.6506076452767,3.84251381839912,1.5212018995902,12.86,0,0,97,0
24,10,71.6506076452767,3.84251381839912,1.5212018995902,15.54,0,0,72,0
24,10,71.6506076452767,3.84251381839912,1.5212018995902,19.89,0,0,67,0
25,10,48.0546226151191,2.0920252361259,0.712993526364788,0,101,10000,0,1
25,10,48.0546226151191,2.0920252361259,0.712993526364788,2.91,0,0,135,0
25,10,48.0546226151191,2.0920252361259,0.712993526364788,14.96,0,0,159,0
25,10,48.0546226151191,2.0920252361259,0.712993526364788,15.29,0,0,126,0
25,10,48.0546226151191,2.0920252361259,0.712993526364788,23.83,0,0,76,0
26,10,85.2742109762616,5.38732583558798,0.694699766112031,0,101,10000,0,1
26,10,85.2742109762616,5.38732583558798,0.694699766112031,2.73,0,0,84,0
26,10,85.2742109762616,5.38732583558798,0.694699766112031,3.67,0,0,72,0
26,10,85.2742109762616,5.38732583558798,0.694699766112031,10.34,0,0,62,0
26,10,85.2742109762616,5.38732583558798,0.694699766112031,14.71,0,0,47,0
27,10,71.171050414992,4.58678348832516,0.825761691473106,0,101,10000,0,1
27,10,71.171050414992,4.58678348832516,0.825761691473106,12.19,0,0,64,0
27,10,71.171050414992,4.58678348832516,0.825761691473106,13.17,0,0,58,0
27,10,71.171050414992,4.58678348832516,0.825761691473106,14.65,0,0,66,0
27,10,71.171050414992,4.58678348832516,0.825761691473106,20.41,0,0,36,0
28,10,90.0442807683106,3.09291900965288,0.871708607910454,0,101,10000,0,1
28,10,90.0442807683106,3.09291900965288,0.871708607910454,6.66,0,0,66,0
28,10,90.0442807683106,3.09291900965288,0.871708607910454,17.82,0,0,72,0
28,10,90.0442807683106,3.09291900965288,0.871708607910454,18.49,0,0,84,0
28,10,90.0442807683106,3.09291900965288,0.871708607910454,18.85,0,0,55,0
29,10,52.179341434257,6.59323840855732,1.00773198181414,0,101,10000,0,1
29,10,52.179341434257,6.59323840855732,1.00773198181414,2.53,0,0,122,0
29,10,52.179341434257,6.59323840855732,1.00773198181414,7.99,0,0,76,0
29,10,52.179341434257,6.59323840855732,1.00773198181414,22.24,0,0,10,0
29,10,52.179341434257,6.59323840855732,1.00773198181414,23.63,0,0,13,0
30,10,110.114621689169,4.81700732276214,1.87675374979233,0,101,10000,0,1
30,10,110.114621689169,4.81700732276214,1.87675374979233,0.33,0,0,37,0
30,10,110.114621689169,4.81700732276214,1.87675374979233,1.72,0,0,131,0
30,10,110.114621689169,4.81700732276214,1.87675374979233,3.15,0,0,70,0
30,10,110.114621689169,4.81700732276214,1.87675374979233,9.44,0,0,83,0
31,30,44.6167747091645,4.0604190540787,0.774271597818167,0,101,30000,0,1
31,30,44.6167747091645,4.0604190540787,0.774271597818167,1.17,0,0,479,0
31,30,44.6167747091645,4.0604190540787,0.774271597818167,9.39,0,0,343,0
31,30,44.6167747091645,4.0604190540787,0.774271597818167,19.42,0,0,110,0
31,30,44.6167747091645,4.0604190540787,0.774271597818167,21.48,0,0,103,0
32,30,60.0263617968545,3.36973403988367,1.13909337270761,0,101,30000,0,1
32,30,60.0263617968545,3.36973403988367,1.13909337270761,4.81,0,0,357,0
32,30,60.0263617968545,3.36973403988367,1.13909337270761,13.48,0,0,232,0
32,30,60.0263617968545,3.36973403988367,1.13909337270761,14.15,0,0,240,0
32,30,60.0263617968545,3.36973403988367,1.13909337270761,22.31,0,0,164,0
33,30,80.1657172738965,4.24140777381182,1.12579464980463,0,101,30000,0,1
33,30,80.1657172738965,4.24140777381182,1.12579464980463,2.19,0,0,294,0
33,30,80.1657172738965,4.24140777381182,1.12579464980463,6.36,0,0,241,0
33,30,80.1657172738965,4.24140777381182,1.12579464980463,20.29,0,0,132,0
33,30,80.1657172738965,4.24140777381182,1.12579464980463,21.05,0,0,122,0
34,30,84.016109796224,5.43551428450343,1.40290186179637,0,101,30000,0,1
34,30,84.016109796224,5.43551428450343,1.40290186179637,9.45,0,0,163,0
34,30,84.016109796224,5.43551428450343,1.40290186179637,17.23,0,0,131,0
34,30,84.016109796224,5.43551428450343,1.40290186179637,20.15,0,0,121,0
34,30,84.016109796224,5.43551428450343,1.40290186179637,21.77,0,0,77,0
35,30,82.290929288907,4.40798626117454,1.1641413973223,0,101,30000,0,1
35,30,82.290929288907,4.40798626117454,1.1641413973223,5.05,0,0,303,0
35,30,82.290929288907,4.40798626117454,1.1641413973223,16.72,0,0,245,0
35,30,82.290929288907,4.40798626117454,1.1641413973223,18.62,0,0,88,0
35,30,82.290929288907,4.40798626117454,1.1641413973223,20.24,0,0,106,0
36,30,85.5538272216676,4.22796483532729,1.17083591503672,0,101,30000,0,1
36,30,85.5538272216676,4.22796483532729,1.17083591503672,1.81,0,0,305,0
36,30,85.5538272216676,4.22796483532729,1.17083591503672,5.37,0,0,282,0
36,30,85.5538272216676,4.22796483532729,1.17083591503672,16.91,0,0,155,0
36,30,85.5538272216676,4.22796483532729,1.17083591503672,23.49,0,0,93,0
37,30,81.4839335013046,5.15292787260323,1.10307953426429,0,101,30000,0,1
37,30,81.4839335013046,5.15292787260323,1.10307953426429,2.48,0,0,301,0
37,30,81.4839335013046,5.15292787260323,1.10307953426429,8.68,0,0,246,0
37,30,81.4839335013046,5.15292787260323,1.10307953426429,16.91,0,0,170,0
37,30,81.4839335013046,5.15292787260323,1.10307953426429,20.25,0,0,92,0
38,30,81.1562381796752,2.91482004629344,1.11756381827945,0,101,30000,0,1
38,30,81.1562381796752,2.91482004629344,1.11756381827945,5.92,0,0,429,0
38,30,81.1562381796752,2.91482004629344,1.11756381827945,6.44,0,0,218,0
38,30,81.1562381796752,2.91482004629344,1.11756381827945,16.16,0,0,234,0
38,30,81.1562381796752,2.91482004629344,1.11756381827945,20.26,0,0,238,0
39,30,81.8955518869839,3.69205909845083,1.33121794963056,0,101,30000,0,1
39,30,81.8955518869839,3.69205909845083,1.33121794963056,1.42,0,0,321,0
39,30,81.8955518869839,3.69205909845083,1.33121794963056,5.62,0,0,200,0
39,30,81.8955518869839,3.69205909845083,1.33121794963056,9.45,0,0,216,0
39,30,81.8955518869839,3.69205909845083,1.33121794963056,9.54,0,0,272,0
40,30,49.3561849251964,3.32475375317329,0.652677299337931,0,101,30000,0,1
40,30,49.3561849251964,3.32475375317329,0.652677299337931,1.36,0,0,371,0
40,30,49.3561849251964,3.32475375317329,0.652677299337931,2.09,0,0,427,0
40,30,49.3561849251964,3.32475375317329,0.652677299337931,11.13,0,0,306,0
40,30,49.3561849251964,3.32475375317329,0.652677299337931,21.86,0,0,183,0
41,30,111.75425715532,3.39577909625282,0.799243458453588,0,101,30000,0,1
41,30,111.75425715532,3.39577909625282,0.799243458453588,4.17,0,0,196,0
41,30,111.75425715532,3.39577909625282,0.799243458453588,7.39,0,0,212,0
41,30,111.75425715532,3.39577909625282,0.799243458453588,7.55,0,0,192,0
41,30,111.75425715532,3.39577909625282,0.799243458453588,21.66,0,0,158,0
42,30,63.030177518252,3.9352488006575,1.33432351838699,0,101,30000,0,1
42,30,63.030177518252,3.9352488006575,1.33432351838699,3.94,0,0,384,0
42,30,63.030177518252,3.9352488006575,1.33432351838699,10.22,0,0,196,0
42,30,63.030177518252,3.9352488006575,1.33432351838699,19.52,0,0,138,0
42,30,63.030177518252,3.9352488006575,1.33432351838699,22.59,0,0,119,0
43,30,92.6861404059596,4.68047859234846,1.40049136569904,0,101,30000,0,1
43,30,92.6861404059596,4.68047859234846,1.40049136569904,1.63,0,0,259,0
43,30,92.6861404059596,4.68047859234846,1.40049136569904,3.77,0,0,297,0
43,30,92.6861404059596,4.68047859234846,1.40049136569904,7.14,0,0,292,0
43,30,92.6861404059596,4.68047859234846,1.40049136569904,10.55,0,0,208,0
44,30,85.1044489436934,6.16373822392852,0.938064641246604,0,101,30000,0,1
44,30,85.1044489436934,6.16373822392852,0.938064641246604,3.7,0,0,320,0
44,30,85.1044489436934,6.16373822392852,0.938064641246604,7.22,0,0,256,0
44,30,85.1044489436934,6.16373822392852,0.938064641246604,12.16,0,0,141,0
44,30,85.1044489436934,6.16373822392852,0.938064641246604,22.8,0,0,85,0
45,30,88.9173055242577,6.64078240778721,1.01399543958578,0,101,30000,0,1
45,30,88.9173055242577,6.64078240778721,1.01399543958578,0.42,0,0,145,0
45,30,88.9173055242577,6.64078240778721,1.01399543958578,4.66,0,0,204,0
45,30,88.9173055242577,6.64078240778721,1.01399543958578,16.26,0,0,90,0
45,30,88.9173055242577,6.64078240778721,1.01399543958578,22.14,0,0,72,0
46,30,72.2082687537583,3.8260332237463,0.892356791974735,0,101,30000,0,1
46,30,72.2082687537583,3.8260332237463,0.892356791974735,0.96,0,0,246,0
46,30,72.2082687537583,3.8260332237463,0.892356791974735,8.27,0,0,322,0
46,30,72.2082687537583,3.8260332237463,0.892356791974735,8.82,0,0,268,0
46,30,72.2082687537583,3.8260332237463,0.892356791974735,19.69,0,0,128,0
47,30,124.361664250306,3.00007639466615,0.809558445487119,0,101,30000,0,1
47,30,124.361664250306,3.00007639466615,0.809558445487119,1.88,0,0,204,0
47,30,124.361664250306,3.00007639466615,0.809558445487119,5.77,0,0,225,0
47,30,124.361664250306,3.00007639466615,0.809558445487119,6.27,0,0,151,0
47,30,124.361664250306,3.00007639466615,0.809558445487119,20.62,0,0,167,0
48,30,107.563532498502,2.99215933805293,0.928576622163982,0,101,30000,0,1
48,30,107.563532498502,2.99215933805293,0.928576622163982,3.43,0,0,277,0
48,30,107.563532498502,2.99215933805293,0.928576622163982,9.44,0,0,194,0
48,30,107.563532498502,2.99215933805293,0.928576622163982,22.62,0,0,125,0
48,30,107.563532498502,2.99215933805293,0.928576622163982,23.63,0,0,199,0
49,30,93.8665244835841,4.02957174553019,0.578783499276394,0,101,30000,0,1
49,30,93.8665244835841,4.02957174553019,0.578783499276394,1.05,0,0,151,0
49,30,93.8665244835841,4.02957174553019,0.578783499276394,3.38,0,0,237,0
49,30,93.8665244835841,4.02957174553019,0.578783499276394,6.1,0,0,246,0
49,30,93.8665244835841,4.02957174553019,0.578783499276394,12.5,0,0,256,0
50,30,86.5389158700529,2.55926637981113,1.33190608303853,0,101,30000,0,1
50,30,86.5389158700529,2.55926637981113,1.33190608303853,1.09,0,0,262,0
50,30,86.5389158700529,2.55926637981113,1.33190608303853,7.24,0,0,439,0
50,30,86.5389158700529,2.55926637981113,1.33190608303853,17.5,0,0,244,0
50,30,86.5389158700529,2.55926637981113,1.33190608303853,20.06,0,0,286,0
51,30,69.6275974973926,2.33842716172091,2.12325163045498,0,101,30000,0,1
51,30,69.6275974973926,2.33842716172091,2.12325163045498,1.78,0,0,410,0
51,30,69.6275974973926,2.33842716172091,2.12325163045498,2.52,0,0,477,0
51,30,69.6275974973926,2.33842716172091,2.12325163045498,2.64,0,0,393,0
51,30,69.6275974973926,2.33842716172091,2.12325163045498,8.13,0,0,405,0
52,30,73.2523935650773,5.06475597902617,0.943996684362388,0,101,30000,0,1
52,30,73.2523935650773,5.06475597902617,0.943996684362388,1.2,0,0,258,0
52,30,73.2523935650773,5.06475597902617,0.943996684362388,4.56,0,0,389,0
52,30,73.2523935650773,5.06475597902617,0.943996684362388,11.03,0,0,353,0
52,30,73.2523935650773,5.06475597902617,0.943996684362388,18.62,0,0,108,0
53,30,69.947548418922,3.33003460048882,0.969992215399218,0,101,30000,0,1
53,30,69.947548418922,3.33003460048882,0.969992215399218,6.15,0,0,289,0
53,30,69.947548418922,3.33003460048882,0.969992215399218,14.31,0,0,206,0
53,30,69.947548418922,3.33003460048882,0.969992215399218,18.4,0,0,164,0
53,30,69.947548418922,3.33003460048882,0.969992215399218,19.02,0,0,189,0
54,30,60.0263617968545,3.36973403988367,1.13909337270761,0,101,30000,0,1
54,30,60.0263617968545,3.36973403988367,1.13909337270761,4.81,0,0,357,0
54,30,60.0263617968545,3.36973403988367,1.13909337270761,13.48,0,0,232,0
54,30,60.0263617968545,3.36973403988367,1.13909337270761,14.15,0,0,240,0
54,30,60.0263617968545,3.36973403988367,1.13909337270761,22.31,0,0,164,0
55,30,104.646992041211,3.02912494797559,0.96415368321688,0,101,30000,0,1
55,30,104.646992041211,3.02912494797559,0.96415368321688,8.44,0,0,273,0
55,30,104.646992041211,3.02912494797559,0.96415368321688,13.34,0,0,193,0
55,30,104.646992041211,3.02912494797559,0.96415368321688,14.92,0,0,235,0
55,30,104.646992041211,3.02912494797559,0.96415368321688,17.19,0,0,288,0
56,30,116.53304376397,3.19242460129125,0.739070835266115,0,101,30000,0,1
56,30,116.53304376397,3.19242460129125,0.739070835266115,0.03,0,0,5,0
56,30,116.53304376397,3.19242460129125,0.739070835266115,12.89,0,0,143,0
56,30,116.53304376397,3.19242460129125,0.739070835266115,14.42,0,0,148,0
56,30,116.53304376397,3.19242460129125,0.739070835266115,21.47,0,0,144,0
57,30,88.5212246310672,3.94883310865126,1.06533225978882,0,101,30000,0,1
57,30,88.5212246310672,3.94883310865126,1.06533225978882,4.93,0,0,308,0
57,30,88.5212246310672,3.94883310865126,1.06533225978882,7.77,0,0,257,0
57,30,88.5212246310672,3.94883310865126,1.06533225978882,9.53,0,0,194,0
57,30,88.5212246310672,3.94883310865126,1.06533225978882,16.57,0,0,228,0
58,30,66.4897656937086,3.45190712305638,0.98517970910642,0,101,30000,0,1
58,30,66.4897656937086,3.45190712305638,0.98517970910642,0.72,0,0,235,0
58,30,66.4897656937086,3.45190712305638,0.98517970910642,5.97,0,0,340,0
58,30,66.4897656937086,3.45190712305638,0.98517970910642,11.67,0,0,236,0
58,30,66.4897656937086,3.45190712305638,0.98517970910642,19.05,0,0,251,0
59,30,69.5686881730451,3.16183551583968,1.37520916652778,0,101,30000,0,1
59,30,69.5686881730451,3.16183551583968,1.37520916652778,8.4,0,0,313,0
59,30,69.5686881730451,3.16183551583968,1.37520916652778,12.15,0,0,195,0
59,30,69.5686881730451,3.16183551583968,1.37520916652778,20.5,0,0,104,0
59,30,69.5686881730451,3.16183551583968,1.37520916652778,22.48,0,0,233,0
60,30,55.7456746231845,2.7607982936075,1.26663043383992,0,101,30000,0,1
60,30,55.7456746231845,2.7607982936075,1.26663043383992,16.18,0,0,228,0
60,30,55.7456746231845,2.7607982936075,1.26663043383992,21.33,0,0,206,0
60,30,55.7456746231845,2.7607982936075,1.26663043383992,21.66,0,0,144,0
60,30,55.7456746231845,2.7607982936075,1.26663043383992,22.06,0,0,156,0
61,60,46.956155092551,4.15672733197904,1.18415121296722,0,101,60000,0,1
61,60,46.956155092551,4.15672733197904,1.18415121296722,0.39,0,0,536,0
61,60,46.956155092551,4.15672733197904,1.18415121296722,13.28,0,0,357,0
61,60,46.956155092551,4.15672733197904,1.18415121296722,13.48,0,0,379,0
61,60,46.956155092551,4.15672733197904,1.18415121296722,17.91,0,0,306,0
62,60,113.353386769877,5.39040210118512,0.63948910261461,0,101,60000,0,1
62,60,113.353386769877,5.39040210118512,0.63948910261461,2.57,0,0,589,0
62,60,113.353386769877,5.39040210118512,0.63948910261461,15.78,0,0,259,0
62,60,113.353386769877,5.39040210118512,0.63948910261461,17.09,0,0,227,0
62,60,113.353386769877,5.39040210118512,0.63948910261461,18.83,0,0,195,0
63,60,42.7087469576726,3.80622720331252,0.911201436603718,0,101,60000,0,1
63,60,42.7087469576726,3.80622720331252,0.911201436603718,1.57,0,0,728,0
63,60,42.7087469576726,3.80622720331252,0.911201436603718,18.65,0,0,242,0
63,60,42.7087469576726,3.80622720331252,0.911201436603718,19.32,0,0,203,0
63,60,42.7087469576726,3.80622720331252,0.911201436603718,22.8,0,0,211,0
64,60,59.2639032729753,3.93422515090097,1.01403215325821,0,101,60000,0,1
64,60,59.2639032729753,3.93422515090097,1.01403215325821,13.21,0,0,375,0
64,60,59.2639032729753,3.93422515090097,1.01403215325821,15.93,0,0,395,0
64,60,59.2639032729753,3.93422515090097,1.01403215325821,17.07,0,0,318,0
64,60,59.2639032729753,3.93422515090097,1.01403215325821,21.53,0,0,312,0
65,60,55.3223436139932,3.83784271944998,0.855363342246643,0,101,60000,0,1
65,60,55.3223436139932,3.83784271944998,0.855363342246643,14.02,0,0,386,0
65,60,55.3223436139932,3.83784271944998,0.855363342246643,17.57,0,0,311,0
65,60,55.3223436139932,3.83784271944998,0.855363342246643,19.45,0,0,320,0
65,60,55.3223436139932,3.83784271944998,0.855363342246643,23.13,0,0,259,0
66,60,67.8024558933376,3.77829770310207,1.55578043607704,0,101,60000,0,1
66,60,67.8024558933376,3.77829770310207,1.55578043607704,9.03,0,0,334,0
66,60,67.8024558933376,3.77829770310207,1.55578043607704,12.34,0,0,520,0
66,60,67.8024558933376,3.77829770310207,1.55578043607704,14.48,0,0,343,0
66,60,67.8024558933376,3.77829770310207,1.55578043607704,18.17,0,0,543,0
67,60,69.3406832810147,3.33464223375229,1.30051762056748,0,101,60000,0,1
67,60,69.3406832810147,3.33464223375229,1.30051762056748,3.41,0,0,870,0
67,60,69.3406832810147,3.33464223375229,1.30051762056748,7.93,0,0,629,0
67,60,69.3406832810147,3.33464223375229,1.30051762056748,8,0,0,629,0
67,60,69.3406832810147,3.33464223375229,1.30051762056748,16.24,0,0,360,0
68,60,86.9939758481842,4.75682998906095,1.19867803826299,0,101,60000,0,1
68,60,86.9939758481842,4.75682998906095,1.19867803826299,0.32,0,0,226,0
68,60,86.9939758481842,4.75682998906095,1.19867803826299,14.3,0,0,384,0
68,60,86.9939758481842,4.75682998906095,1.19867803826299,16.17,0,0,294,0
68,60,86.9939758481842,4.75682998906095,1.19867803826299,22.03,0,0,218,0
69,60,41.7570927233791,4.48194987064626,0.772893461409256,0,101,60000,0,1
69,60,41.7570927233791,4.48194987064626,0.772893461409256,3.17,0,0,1051,0
69,60,41.7570927233791,4.48194987064626,0.772893461409256,7.93,0,0,730,0
69,60,41.7570927233791,4.48194987064626,0.772893461409256,15.42,0,0,327,0
69,60,41.7570927233791,4.48194987064626,0.772893461409256,20.82,0,0,185,0
70,60,68.0319548041963,5.81632692545306,1.17445017626609,0,101,60000,0,1
70,60,68.0319548041963,5.81632692545306,1.17445017626609,4.59,0,0,544,0
70,60,68.0319548041963,5.81632692545306,1.17445017626609,8.32,0,0,437,0
70,60,68.0319548041963,5.81632692545306,1.17445017626609,13.86,0,0,255,0
70,60,68.0319548041963,5.81632692545306,1.17445017626609,17.91,0,0,240,0
71,60,77.1446465553768,2.56151054076504,1.16808829202258,0,101,60000,0,1
71,60,77.1446465553768,2.56151054076504,1.16808829202258,10.6,0,0,685,0
71,60,77.1446465553768,2.56151054076504,1.16808829202258,22.25,0,0,302,0
71,60,77.1446465553768,2.56151054076504,1.16808829202258,22.99,0,0,372,0
71,60,77.1446465553768,2.56151054076504,1.16808829202258,23.05,0,0,470,0
72,60,35.5538690470579,5.63701822935802,0.61626606657122,0,101,60000,0,1
72,60,35.5538690470579,5.63701822935802,0.61626606657122,13.72,0,0,360,0
72,60,35.5538690470579,5.63701822935802,0.61626606657122,21.86,0,0,77,0
72,60,35.5538690470579,5.63701822935802,0.61626606657122,21.97,0,0,119,0
72,60,35.5538690470579,5.63701822935802,0.61626606657122,22.27,0,0,72,0
73,60,51.8666888570792,4.16860743684145,0.786553333706563,0,101,60000,0,1
73,60,51.8666888570792,4.16860743684145,0.786553333706563,1.66,0,0,950,0
73,60,51.8666888570792,4.16860743684145,0.786553333706563,2.12,0,0,699,0
73,60,51.8666888570792,4.16860743684145,0.786553333706563,17.8,0,0,240,0
73,60,51.8666888570792,4.16860743684145,0.786553333706563,21.95,0,0,295,0
74,60,52.8281439687574,5.55378024478673,0.847350557305662,0,101,60000,0,1
74,60,52.8281439687574,5.55378024478673,0.847350557305662,11.94,0,0,384,0
74,60,52.8281439687574,5.55378024478673,0.847350557305662,13.67,0,0,283,0
74,60,52.8281439687574,5.55378024478673,0.847350557305662,15.47,0,0,299,0
74,60,52.8281439687574,5.55378024478673,0.847350557305662,18.85,0,0,139,0
75,60,53.51890618666,3.24596135498435,0.816766045124817,0,101,60000,0,1
75,60,53.51890618666,3.24596135498435,0.816766045124817,9.98,0,0,791,0
75,60,53.51890618666,3.24596135498435,0.816766045124817,20.06,0,0,478,0
75,60,53.51890618666,3.24596135498435,0.816766045124817,21.49,0,0,382,0
75,60,53.51890618666,3.24596135498435,0.816766045124817,22.34,0,0,446,0
76,60,72.2363118043086,3.75087176944109,0.945219500392144,0,101,60000,0,1
76,60,72.2363118043086,3.75087176944109,0.945219500392144,6.15,0,0,565,0
76,60,72.2363118043086,3.75087176944109,0.945219500392144,7.28,0,0,750,0
76,60,72.2363118043086,3.75087176944109,0.945219500392144,10.08,0,0,495,0
76,60,72.2363118043086,3.75087176944109,0.945219500392144,15.04,0,0,470,0
77,60,44.0374267205574,4.29762949602813,1.43953549710191,0,101,60000,0,1
77,60,44.0374267205574,4.29762949602813,1.43953549710191,4.67,0,0,897,0
77,60,44.0374267205574,4.29762949602813,1.43953549710191,15.67,0,0,365,0
77,60,44.0374267205574,4.29762949602813,1.43953549710191,16.14,0,0,260,0
77,60,44.0374267205574,4.29762949602813,1.43953549710191,22.21,0,0,175,0
78,60,68.3233753471497,2.93987704057242,2.06679064763684,0,101,60000,0,1
78,60,68.3233753471497,2.93987704057242,2.06679064763684,0.72,0,0,678,0
78,60,68.3233753471497,2.93987704057242,2.06679064763684,2.62,0,0,746,0
78,60,68.3233753471497,2.93987704057242,2.06679064763684,3.41,0,0,507,0
78,60,68.3233753471497,2.93987704057242,2.06679064763684,13.7,0,0,617,0
79,60,55.27336884599,5.48555645498012,0.680826203281548,0,101,60000,0,1
79,60,55.27336884599,5.48555645498012,0.680826203281548,1.26,0,0,644,0
79,60,55.27336884599,5.48555645498012,0.680826203281548,12.46,0,0,404,0
79,60,55.27336884599,5.48555645498012,0.680826203281548,17.75,0,0,217,0
79,60,55.27336884599,5.48555645498012,0.680826203281548,23.62,0,0,107,0
80,60,77.3650212183968,3.71762416444674,1.2646671533327,0,101,60000,0,1
80,60,77.3650212183968,3.71762416444674,1.2646671533327,11.13,0,0,402,0
80,60,77.3650212183968,3.71762416444674,1.2646671533327,14.37,0,0,418,0
80,60,77.3650212183968,3.71762416444674,1.2646671533327,17.09,0,0,265,0
80,60,77.3650212183968,3.71762416444674,1.2646671533327,21.2,0,0,369,0
81,60,137.662064467628,3.58782558670229,1.07529062277952,0,101,60000,0,1
81,60,137.662064467628,3.58782558670229,1.07529062277952,5.23,0,0,362,0
81,60,137.662064467628,3.58782558670229,1.07529062277952,14.87,0,0,335,0
81,60,137.662064467628,3.58782558670229,1.07529062277952,20.45,0,0,286,0
81,60,137.662064467628,3.58782558670229,1.07529062277952,22.72,0,0,230,0
82,60,76.3559790461502,5.3550213005394,1.34675259883966,0,101,60000,0,1
82,60,76.3559790461502,5.3550213005394,1.34675259883966,8.09,0,0,424,0
82,60,76.3559790461502,5.3550213005394,1.34675259883966,9.21,0,0,431,0
82,60,76.3559790461502,5.3550213005394,1.34675259883966,15.9,0,0,340,0
82,60,76.3559790461502,5.3550213005394,1.34675259883966,19.85,0,0,167,0
83,60,71.7481390707772,4.77065120421665,0.913597490381838,0,101,60000,0,1
83,60,71.7481390707772,4.77065120421665,0.913597490381838,13.99,0,0,328,0
83,60,71.7481390707772,4.77065120421665,0.913597490381838,15.5,0,0,318,0
83,60,71.7481390707772,4.77065120421665,0.913597490381838,16.23,0,0,366,0
83,60,71.7481390707772,4.77065120421665,0.913597490381838,17.14,0,0,398,0
84,60,73.0916122281374,4.41709297801136,1.26098625908991,0,101,60000,0,1
84,60,73.0916122281374,4.41709297801136,1.26098625908991,12.86,0,0,443,0
84,60,73.0916122281374,4.41709297801136,1.26098625908991,13.86,0,0,295,0
84,60,73.0916122281374,4.41709297801136,1.26098625908991,14.37,0,0,391,0
84,60,73.0916122281374,4.41709297801136,1.26098625908991,20.68,0,0,320,0
85,60,125.641122397242,5.4498932297326,1.26754558141646,0,101,60000,0,1
85,60,125.641122397242,5.4498932297326,1.26754558141646,3.88,0,0,573,0
85,60,125.641122397242,5.4498932297326,1.26754558141646,13.17,0,0,320,0
85,60,125.641122397242,5.4498932297326,1.26754558141646,16.76,0,0,166,0
85,60,125.641122397242,5.4498932297326,1.26754558141646,19.36,0,0,239,0
86,60,95.4196569644028,4.29058063998437,1.01841838286752,0,101,60000,0,1
86,60,95.4196569644028,4.29058063998437,1.01841838286752,17.63,0,0,420,0
86,60,95.4196569644028,4.29058063998437,1.01841838286752,22.99,0,0,173,0
86,60,95.4196569644028,4.29058063998437,1.01841838286752,23.42,0,0,248,0
86,60,95.4196569644028,4.29058063998437,1.01841838286752,23.79,0,0,238,0
87,60,102.977565855891,3.06842257988521,0.889662897218868,0,101,60000,0,1
87,60,102.977565855891,3.06842257988521,0.889662897218868,10.15,0,0,425,0
87,60,102.977565855891,3.06842257988521,0.889662897218868,11.01,0,0,524,0
87,60,102.977565855891,3.06842257988521,0.889662897218868,11.49,0,0,385,0
87,60,102.977565855891,3.06842257988521,0.889662897218868,17.87,0,0,506,0
88,60,53.4089578297143,2.70440181373171,1.27229327227237,0,101,60000,0,1
88,60,53.4089578297143,2.70440181373171,1.27229327227237,0.03,0,0,35,0
88,60,53.4089578297143,2.70440181373171,1.27229327227237,8.63,0,0,733,0
88,60,53.4089578297143,2.70440181373171,1.27229327227237,14.46,0,0,548,0
88,60,53.4089578297143,2.70440181373171,1.27229327227237,20.97,0,0,357,0
89,60,80.1150015401905,5.23677133444726,0.947842421399972,0,101,60000,0,1
89,60,80.1150015401905,5.23677133444726,0.947842421399972,3.84,0,0,651,0
89,60,80.1150015401905,5.23677133444726,0.947842421399972,4.26,0,0,444,0
89,60,80.1150015401905,5.23677133444726,0.947842421399972,15.93,0,0,300,0
89,60,80.1150015401905,5.23677133444726,0.947842421399972,18.61,0,0,234,0
90,60,69.3406832810147,3.33464223375229,1.30051762056748,0,101,60000,0,1
90,60,69.3406832810147,3.33464223375229,1.30051762056748,3.41,0,0,870,0
90,60,69.3406832810147,3.33464223375229,1.30051762056748,7.93,0,0,629,0
90,60,69.3406832810147,3.33464223375229,1.30051762056748,8,0,0,629,0
90,60,69.3406832810147,3.33464223375229,1.30051762056748,16.24,0,0,360,0
91,120,46.0975945793033,4.36872983830952,2.02774613117645,0,101,120000,0,1
91,120,46.0975945793033,4.36872983830952,2.02774613117645,1.39,0,0,1816,0
91,120,46.0975945793033,4.36872983830952,2.02774613117645,3.57,0,0,2427,0
91,120,46.0975945793033,4.36872983830952,2.02774613117645,7.72,0,0,1505,0
91,120,46.0975945793033,4.36872983830952,2.02774613117645,8.38,0,0,851,0
92,120,54.6414540025781,4.42804083248263,0.591159183410652,0,101,120000,0,1
92,120,54.6414540025781,4.42804083248263,0.591159183410652,6.83,0,0,1272,0
92,120,54.6414540025781,4.42804083248263,0.591159183410652,12.47,0,0,914,0
92,120,54.6414540025781,4.42804083248263,0.591159183410652,13.96,0,0,1042,0
92,120,54.6414540025781,4.42804083248263,0.591159183410652,22.5,0,0,404,0
93,120,110.927793573249,3.19513014610529,0.620038846014459,0,101,120000,0,1
93,120,110.927793573249,3.19513014610529,0.620038846014459,10.76,0,0,1014,0
93,120,110.927793573249,3.19513014610529,0.620038846014459,13.44,0,0,697,0
93,120,110.927793573249,3.19513014610529,0.620038846014459,13.61,0,0,722,0
93,120,110.927793573249,3.19513014610529,0.620038846014459,22.14,0,0,676,0
94,120,52.9191849881657,4.43281326441939,1.71267581582113,0,101,120000,0,1
94,120,52.9191849881657,4.43281326441939,1.71267581582113,3.49,0,0,2115,0
94,120,52.9191849881657,4.43281326441939,1.71267581582113,4.16,0,0,1834,0
94,120,52.9191849881657,4.43281326441939,1.71267581582113,10.2,0,0,1244,0
94,120,52.9191849881657,4.43281326441939,1.71267581582113,10.64,0,0,1342,0
95,120,98.7394276209777,3.50217350019795,0.700208912682932,0,101,120000,0,1
95,120,98.7394276209777,3.50217350019795,0.700208912682932,0.09,0,0,72,0
95,120,98.7394276209777,3.50217350019795,0.700208912682932,0.35,0,0,330,0
95,120,98.7394276209777,3.50217350019795,0.700208912682932,8.77,0,0,1093,0
95,120,98.7394276209777,3.50217350019795,0.700208912682932,16.32,0,0,661,0
96,120,67.7017753858014,5.52264918146564,1.22696690454513,0,101,120000,0,1
96,120,67.7017753858014,5.52264918146564,1.22696690454513,6.44,0,0,1006,0
96,120,67.7017753858014,5.52264918146564,1.22696690454513,20.04,0,0,442,0
96,120,67.7017753858014,5.52264918146564,1.22696690454513,20.8,0,0,375,0
96,120,67.7017753858014,5.52264918146564,1.22696690454513,22.32,0,0,333,0
97,120,119.046500418329,2.3385414007374,1.21700649028171,0,101,120000,0,1
97,120,119.046500418329,2.3385414007374,1.21700649028171,5.42,0,0,878,0
97,120,119.046500418329,2.3385414007374,1.21700649028171,10.88,0,0,1075,0
97,120,119.046500418329,2.3385414007374,1.21700649028171,13.4,0,0,898,0
97,120,119.046500418329,2.3385414007374,1.21700649028171,23.43,0,0,780,0
98,120,86.9328768580122,6.48333016472182,0.603258442186341,0,101,120000,0,1
98,120,86.9328768580122,6.48333016472182,0.603258442186341,4.2,0,0,832,0
98,120,86.9328768580122,6.48333016472182,0.603258442186341,4.33,0,0,803,0
98,120,86.9328768580122,6.48333016472182,0.603258442186341,7.94,0,0,1152,0
98,120,86.9328768580122,6.48333016472182,0.603258442186341,14.47,0,0,400,0
99,120,76.2848361585481,3.53214981398809,1.74647211553758,0,101,120000,0,1
99,120,76.2848361585481,3.53214981398809,1.74647211553758,0.95,0,0,828,0
99,120,76.2848361585481,3.53214981398809,1.74647211553758,12.99,0,0,871,0
99,120,76.2848361585481,3.53214981398809,1.74647211553758,13.43,0,0,909,0
99,120,76.2848361585481,3.53214981398809,1.74647211553758,21.36,0,0,607,0
100,120,54.4861228097277,4.75798517084254,1.7121445130582,0,101,120000,0,1
100,120,54.4861228097277,4.75798517084254,1.7121445130582,4.37,0,0,1759,0
100,120,54.4861228097277,4.75798517084254,1.7121445130582,6.35,0,0,1149,0
100,120,54.4861228097277,4.75798517084254,1.7121445130582,9.23,0,0,919,0
100,120,54.4861228097277,4.75798517084254,1.7121445130582,18.81,0,0,403,0
101,120,59.3011356815927,5.63927332666499,0.799810678351766,0,101,120000,0,1
101,120,59.3011356815927,5.63927332666499,0.799810678351766,1.66,0,0,1483,0
101,120,59.3011356815927,5.63927332666499,0.799810678351766,2.94,0,0,1501,0
101,120,59.3011356815927,5.63927332666499,0.799810678351766,8.57,0,0,1063,0
101,120,59.3011356815927,5.63927332666499,0.799810678351766,18.45,0,0,350,0
102,120,77.6695751294284,3.39097696013501,0.932031477424802,0,101,120000,0,1
102,120,77.6695751294284,3.39097696013501,0.932031477424802,2.4,0,0,1199,0
102,120,77.6695751294284,3.39097696013501,0.932031477424802,15.65,0,0,1061,0
102,120,77.6695751294284,3.39097696013501,0.932031477424802,16.1,0,0,793,0
102,120,77.6695751294284,3.39097696013501,0.932031477424802,20.66,0,0,561,0
103,120,71.099993068682,4.28159989018791,1.15832374420894,0,101,120000,0,1
103,120,71.099993068682,4.28159989018791,1.15832374420894,10.47,0,0,1027,0
103,120,71.099993068682,4.28159989018791,1.15832374420894,13.62,0,0,714,0
103,120,71.099993068682,4.28159989018791,1.15832374420894,13.83,0,0,764,0
103,120,71.099993068682,4.28159989018791,1.15832374420894,23.33,0,0,502,0
104,120,164.359871667972,3.98715616936015,1.0169899561277,0,101,120000,0,1
104,120,164.359871667972,3.98715616936015,1.0169899561277,3.57,0,0,568,0
104,120,164.359871667972,3.98715616936015,1.0169899561277,4.02,0,0,602,0
104,120,164.359871667972,3.98715616936015,1.0169899561277,19.79,0,0,586,0
104,120,164.359871667972,3.98715616936015,1.0169899561277,20.88,0,0,510,0
105,120,105.410239667708,4.16395403810531,0.653949096473608,0,101,120000,0,1
105,120,105.410239667708,4.16395403810531,0.653949096473608,0.21,0,0,100,0
105,120,105.410239667708,4.16395403810531,0.653949096473608,1.46,0,0,724,0
105,120,105.410239667708,4.16395403810531,0.653949096473608,21.61,0,0,478,0
105,120,105.410239667708,4.16395403810531,0.653949096473608,22.21,0,0,484,0
106,120,84.7463372762929,4.97039275259915,0.959363957348233,0,101,120000,0,1
106,120,84.7463372762929,4.97039275259915,0.959363957348233,4.5,0,0,1264,0
106,120,84.7463372762929,4.97039275259915,0.959363957348233,18,0,0,527,0
106,120,84.7463372762929,4.97039275259915,0.959363957348233,21.07,0,0,469,0
106,120,84.7463372762929,4.97039275259915,0.959363957348233,22.93,0,0,435,0
107,120,63.662903549373,1.81435467335233,0.919174709360189,0,101,120000,0,1
107,120,63.662903549373,1.81435467335233,0.919174709360189,10.83,0,0,1185,0
107,120,63.662903549373,1.81435467335233,0.919174709360189,15.97,0,0,1099,0
107,120,63.662903549373,1.81435467335233,0.919174709360189,17.38,0,0,847,0
107,120,63.662903549373,1.81435467335233,0.919174709360189,23,0,0,798,0
108,120,40.2721761917106,4.18617146374935,1.66422365048687,0,101,120000,0,1
108,120,40.2721761917106,4.18617146374935,1.66422365048687,4.41,0,0,2122,0
108,120,40.2721761917106,4.18617146374935,1.66422365048687,4.47,0,0,1999,0
108,120,40.2721761917106,4.18617146374935,1.66422365048687,7.97,0,0,1731,0
108,120,40.2721761917106,4.18617146374935,1.66422365048687,22.24,0,0,357,0
109,120,105.81083107806,2.9727493244946,1.29677942389356,0,101,120000,0,1
109,120,105.81083107806,2.9727493244946,1.29677942389356,1.2,0,0,1099,0
109,120,105.81083107806,2.9727493244946,1.29677942389356,7.76,0,0,1055,0
109,120,105.81083107806,2.9727493244946,1.29677942389356,9.56,0,0,811,0
109,120,105.81083107806,2.9727493244946,1.29677942389356,17.78,0,0,697,0
110,120,73.2477371837846,5.95942719049539,1.05800002632635,0,101,120000,0,1
110,120,73.2477371837846,5.95942719049539,1.05800002632635,12.04,0,0,512,0
110,120,73.2477371837846,5.95942719049539,1.05800002632635,12.72,0,0,617,0
110,120,73.2477371837846,5.95942719049539,1.05800002632635,16.25,0,0,563,0
110,120,73.2477371837846,5.95942719049539,1.05800002632635,22.73,0,0,224,0
111,120,95.059900435978,3.41839835461451,1.54666416405871,0,101,120000,0,1
111,120,95.059900435978,3.41839835461451,1.54666416405871,5.63,0,0,1325,0
111,120,95.059900435978,3.41839835461451,1.54666416405871,15.58,0,0,902,0
111,120,95.059900435978,3.41839835461451,1.54666416405871,18.49,0,0,917,0
111,120,95.059900435978,3.41839835461451,1.54666416405871,21.89,0,0,682,0
112,120,96.3597689820108,5.41495101470651,2.08417559210809,0,101,120000,0,1
112,120,96.3597689820108,5.41495101470651,2.08417559210809,1.11,0,0,1481,0
112,120,96.3597689820108,5.41495101470651,2.08417559210809,15.53,0,0,422,0
112,120,96.3597689820108,5.41495101470651,2.08417559210809,19.36,0,0,420,0
112,120,96.3597689820108,5.41495101470651,2.08417559210809,21.07,0,0,498,0
113,120,60.7981937983778,3.42690158343878,1.00637358900975,0,101,120000,0,1
113,120,60.7981937983778,3.42690158343878,1.00637358900975,12.97,0,0,1225,0
113,120,60.7981937983778,3.42690158343878,1.00637358900975,15.98,0,0,1127,0
113,120,60.7981937983778,3.42690158343878,1.00637358900975,21.72,0,0,444,0
113,120,60.7981937983778,3.42690158343878,1.00637358900975,23.67,0,0,563,0
114,120,66.8155420554274,5.42807348596825,0.771590701578381,0,101,120000,0,1
114,120,66.8155420554274,5.42807348596825,0.771590701578381,5.71,0,0,1224,0
114,120,66.8155420554274,5.42807348596825,0.771590701578381,8.77,0,0,1187,0
114,120,66.8155420554274,5.42807348596825,0.771590701578381,19.56,0,0,417,0
114,120,66.8155420554274,5.42807348596825,0.771590701578381,23.08,0,0,307,0
115,120,75.7955719276637,2.15594828759255,0.936450294226207,0,101,120000,0,1
115,120,75.7955719276637,2.15594828759255,0.936450294226207,10.79,0,0,1390,0
115,120,75.7955719276637,2.15594828759255,0.936450294226207,16.65,0,0,938,0
115,120,75.7955719276637,2.15594828759255,0.936450294226207,19.12,0,0,761,0
115,120,75.7955719276637,2.15594828759255,0.936450294226207,21.8,0,0,973,0
116,120,81.3219896525095,3.78218955263994,0.592763877226225,0,101,120000,0,1
116,120,81.3219896525095,3.78218955263994,0.592763877226225,0.23,0,0,205,0
116,120,81.3219896525095,3.78218955263994,0.592763877226225,1.12,0,0,437,0
116,120,81.3219896525095,3.78218955263994,0.592763877226225,9.74,0,0,962,0
116,120,81.3219896525095,3.78218955263994,0.592763877226225,16.75,0,0,909,0
117,120,178.810522233838,2.94823362399126,0.795610417177233,0,101,120000,0,1
117,120,178.810522233838,2.94823362399126,0.795610417177233,0.3,0,0,105,0
117,120,178.810522233838,2.94823362399126,0.795610417177233,3.59,0,0,507,0
117,120,178.810522233838,2.94823362399126,0.795610417177233,9.34,0,0,567,0
117,120,178.810522233838,2.94823362399126,0.795610417177233,17.78,0,0,543,0
118,120,129.316281442828,3.92582997209581,1.3441617095139,0,101,120000,0,1
118,120,129.316281442828,3.92582997209581,1.3441617095139,13.32,0,0,564,0
118,120,129.316281442828,3.92582997209581,1.3441617095139,14.19,0,0,657,0
118,120,129.316281442828,3.92582997209581,1.3441617095139,21.57,0,0,360,0
118,120,129.316281442828,3.92582997209581,1.3441617095139,23.9,0,0,381,0
119,120,67.956067349068,3.37292514322558,0.603777198688052,0,101,120000,0,1
119,120,67.956067349068,3.37292514322558,0.603777198688052,13.76,0,0,969,0
119,120,67.956067349068,3.37292514322558,0.603777198688052,14.62,0,0,1135,0
119,120,67.956067349068,3.37292514322558,0.603777198688052,17.69,0,0,738,0
119,120,67.956067349068,3.37292514322558,0.603777198688052,23.57,0,0,637,0
120,120,66.9255027342327,3.86906975848177,1.1444035903881,0,101,120000,0,1
120,120,66.9255027342327,3.86906975848177,1.1444035903881,0.5,0,0,607,0
120,120,66.9255027342327,3.86906975848177,1.1444035903881,1.08,0,0,1250,0
120,120,66.9255027342327,3.86906975848177,1.1444035903881,6.65,0,0,1511,0
120,120,66.9255027342327,3.86906975848177,1.1444035903881,8.7,0,0,784,0
