ID,DOSE,V,CL,KA,TIME,EVID,AMT,DV,EVIDNM
1,10,41.7549939815487,4.35560664764444,0.85498132071751,0,101,10000,0,1
1,10,41.7549939815487,4.35560664764444,0.85498132071751,1.61,0,0,155,0
1,10,41.7549939815487,4.35560664764444,0.85498132071751,6.91,0,0,126,0
1,10,41.7549939815487,4.35560664764444,0.85498132071751,14.67,0,0,70,0
1,10,41.7549939815487,4.35560664764444,0.85498132071751,17.51,0,0,56,0
2,10,68.1854319919203,4.09673763839692,2.11267146961998,0,101,10000,0,1
2,10,68.1854319919203,4.09673763839692,2.11267146961998,6.8,0,0,103,0
2,10,68.1854319919203,4.09673763839692,2.11267146961998,11.03,0,0,87,0
2,10,68.1854319919203,4.09673763839692,2.11267146961998,12.3,0,0,89,0
2,10,68.1854319919203,4.09673763839692,2.11267146961998,22.3,0,0,45,0
3,10,74.1372506344342,7.27962410904961,1.33919655437808,0,101,10000,0,1
3,10,74.1372506344342,7.27962410904961,1.33919655437808,2.53,0,0,94,0
3,10,74.1372506344342,7.27962410904961,1.33919655437808,6.54,0,0,66,0
3,10,74.1372506344342,7.27962410904961,1.33919655437808,15.27,0,0,43,0
3,10,74.1372506344342,7.27962410904961,1.33919655437808,17.87,0,0,31,0
4,10,61.2832214285451,3.21380839307147,2.1532594945851,0,101,10000,0,1
4,10,61.2832214285451,3.21380839307147,2.1532594945851,7.1,0,0,145,0
4,10,61.2832214285451,3.21380839307147,2.1532594945851,8.52,0,0,133,0
4,10,61.2832214285451,3.21380839307147,2.1532594945851,14.13,0,0,93,0
4,10,61.2832214285451,3.21380839307147,2.1532594945851,23.58,0,0,84,0
5,10,94.2566667748726,5.6500111953071,0.723651818358591,0,101,10000,0,1
5,10,94.2566667748726,5.6500111953071,0.723651818358591,0.2,0,0,12,0
5,10,94.2566667748726,5.6500111953071,0.723651818358591,0.53,0,0,36,0
5,10,94.2566667748726,5.6500111953071,0.723651818358591,7.73,0,0,58,0
5,10,94.2566667748726,5.6500111953071,0.723651818358591,22.18,0,0,20,0
6,10,64.1884832499756,3.46517614163582,1.08248894081234,0,101,10000,0,1
6,10,64.1884832499756,3.46517614163582,1.08248894081234,2.85,0,0,106,0
6,10,64.1884832499756,3.46517614163582,1.08248894081234,9.78,0,0,85,0
6,10,64.1884832499756,3.46517614163582,1.08248894081234,13.29,0,0,108,0
6,10,64.1884832499756,3.46517614163582,1.08248894081234,15.33,0,0,49,0
7,10,108.725119209145,5.0310540051807,1.22771116288425,0,101,10000,0,1
7,10,108.725119209145,5.0310540051807,1.22771116288425,8.63,0,0,63,0
7,10,108.725119209145,5.0310540051807,1.22771116288425,10.62,0,0,84,0
7,10,108.725119209145,5.0310540051807,1.22771116288425,13.04,0,0,51,0
7,10,108.725119209145,5.0310540051807,1.22771116288425,20.76,0,0,28,0
8,10,113.210940402288,5.14208404483648,1.15042650266565,0,101,10000,0,1
8,10,113.210940402288,5.14208404483648,1.15042650266565,6.01,0,0,69,0
8,10,113.210940402288,5.14208404483648,1.15042650266565,11.74,0,0,55,0
8,10,113.210940402288,5.14208404483648,1.15042650266565,12.73,0,0,51,0
8,10,113.210940402288,5.14208404483648,1.15042650266565,22.86,0,0,38,0
9,10,48.1338248626838,2.48672160740762,1.06504610067955,0,101,10000,0,1
9,10,48.1338248626838,2.48672160740762,1.06504610067955,1.86,0,0,137,0
9,10,48.1338248626838,2.48672160740762,1.06504610067955,2.57,0,0,181,0
9,10,48.1338248626838,2.48672160740762,1.06504610067955,17.32,0,0,65,0
9,10,48.1338248626838,2.48672160740762,1.06504610067955,18.68,0,0,78,0
10,10,68.1792571831558,4.73902534402174,0.851291937579367,0,101,10000,0,1
10,10,68.1792571831558,4.73902534402174,0.851291937579367,9.83,0,0,116,0
10,10,68.1792571831558,4.73902534402174,0.851291937579367,15.65,0,0,40,0
10,10,68.1792571831558,4.73902534402174,0.851291937579367,16.67,0,0,45,0
10,10,68.1792571831558,4.73902534402174,0.851291937579367,17.08,0,0,39,0
11,10,54.7554944438443,3.69062864649433,0.876071061484151,0,101,10000,0,1
11,10,54.7554944438443,3.69062864649433,0.876071061484151,3.74,0,0,144,0
11,10,54.7554944438443,3.69062864649433,0.876071061484151,5.75,0,0,90,0
11,10,54.7554944438443,3.69062864649433,0.876071061484151,8.03,0,0,129,0
11,10,54.7554944438443,3.69062864649433,0.876071061484151,16.88,0,0,58,0
12,10,40.5191347224847,3.66979913137843,1.05096256123499,0,101,10000,0,1
12,10,40.5191347224847,3.66979913137843,1.05096256123499,2.03,0,0,139,0
12,10,40.5191347224847,3.66979913137843,1.05096256123499,14.69,0,0,73,0
12,10,40.5191347224847,3.66979913137843,1.05096256123499,17.41,0,0,56,0
12,10,40.5191347224847,3.66979913137843,1.05096256123499,22.95,0,0,43,0
13,10,87.5349428133148,3.99840194646408,1.16472310724139,0,101,10000,0,1
13,10,87.5349428133148,3.99840194646408,1.16472310724139,10.52,0,0,68,0
13,10,87.5349428133148,3.99840194646408,1.16472310724139,13.66,0,0,70,0
13,10,87.5349428133148,3.99840194646408,1.16472310724139,15.83,0,0,73,0
13,10,87.5349428133148,3.99840194646408,1.16472310724139,16.78,0,0,48,0
14,10,83.785548786682,3.52082441940561,1.75260503068361,0,101,10000,0,1
14,10,83.785548786682,3.52082441940561,1.75260503068361,2.96,0,0,80,0
14,10,83.785548786682,3.52082441940561,1.75260503068361,6.6,0,0,131,0
14,10,83.785548786682,3.52082441940561,1.75260503068361,12.95,0,0,101,0
14,10,83.785548786682,3.52082441940561,1.75260503068361,18.84,0,0,70,0
15,10,72.5850780046467,5.53420757788602,1.5111720024892,0,101,10000,0,1
15,10,72.5850780046467,5.53420757788602,1.5111720024892,3.25,0,0,90,0
15,10,72.5850780046467,5.53420757788602,1.5111720024892,5.36,0,0,96,0
15,10,72.5850780046467,5.53420757788602,1.5111720024892,20.73,0,0,22,0
15,10,72.5850780046467,5.53420757788602,1.5111720024892,20.97,0,0,30,0
16,10,67.4497767645946,4.44740064758066,1.29991294670813,0,101,10000,0,1
16,10,67.4497767645946,4.44740064758066,1.29991294670813,0.2,0,0,28,0
16,10,67.4497767645946,4.44740064758066,1.29991294670813,21.13,0,0,41,0
16,10,67.4497767645946,4.44740064758066,1.29991294670813,23.47,0,0,52,0
16,10,67.4497767645946,4.44740064758066,1.29991294670813,23.77,0,0,28,0
17,10,87.0639908604703,4.52234167894297,1.03407473743517,0,101,10000,0,1
17,10,87.0639908604703,4.52234167894297,1.03407473743517,8.36,0,0,49,0
17,10,87.0639908604703,4.52234167894297,1.03407473743517,11.23,0,0,63,0
17,10,87.0639908604703,4.52234167894297,1.03407473743517,18.72,0,0,56,0
17,10,87.0639908604703,4.52234167894297,1.03407473743517,21.89,0,0,31,0
18,10,46.8226156510893,3.69631560162465,0.965234102008026,0,101,10000,0,1
18,10,46.8226156510893,3.69631560162465,0.965234102008026,1.42,0,0,158,0
18,10,46.8226156510893,3.69631560162465,0.965234102008026,7.86,0,0,148,0
18,10,46.8226156510893,3.69631560162465,0.965234102008026,18.48,0,0,61,0
18,10,46.8226156510893,3.69631560162465,0.965234102008026,18.71,0,0,58,0
19,10,90.7321008922673,4.21480850052211,0.643772899148123,0,101,10000,0,1
19,10,90.7321008922673,4.21480850052211,0.643772899148123,8.03,0,0,76,0
19,10,90.7321008922673,4.21480850052211,0.643772899148123,9.4,0,0,71,0
19,10,90.7321008922673,4.21480850052211,0.643772899148123,14.61,0,0,55,0
19,10,90.7321008922673,4.21480850052211,0.643772899148123,19.18,0,0,50,0
20,10,86.6796740835808,3.25654128068582,1.63379590440937,0,101,10000,0,1
20,10,86.6796740835808,3.25654128068582,1.63379590440937,2.03,0,0,116,0
20,10,86.6796740835808,3.25654128068582,1.63379590440937,10.13,0,0,70,0
20,10,86.6796740835808,3.25654128068582,1.63379590440937,15.61,0,0,43,0
20,10,86.6796740835808,3.25654128068582,1.63379590440937,23.26,0,0,44,0
21,10,83.9043187391095,3.22776398009848,2.92796894400849,0,101,10000,0,1
21,10,83.9043187391095,3.22776398009848,2.92796894400849,2.74,0,0,134,0
21,10,83.9043187391095,3.22776398009848,2.92796894400849,17.62,0,0,64,0
21,10,83.9043187391095,3.22776398009848,2.92796894400849,18.11,0,0,64,0
21,10,83.9043187391095,3.22776398009848,2.92796894400849,22.48,0,0,55,0
22,10,64.6578831953646,3.89909354333334,0.634228154520049,0,101,10000,0,1
22,10,64.6578831953646,3.89909354333334,0.634228154520049,3.21,0,0,113,0
22,10,64.6578831953646,3.89909354333334,0.634228154520049,6.12,0,0,165,0
22,10,64.6578831953646,3.89909354333334,0.634228154520049,14.65,0,0,74,0
22,10,64.6578831953646,3.89909354333334,0.634228154520049,18.16,0,0,62,0
23,10,74.1372506344342,7.27962410904961,1.33919655437808,0,101,10000,0,1
23,10,74.1372506344342,7.27962410904961,1.33919655437808,2.53,0,0,94,0
23,10,74.1372506344342,7.27962410904961,1.33919655437808,6.54,0,0,66,0
23,10,74.1372506344342,7.27962410904961,1.33919655437808,15.27,0,0,43,0
23,10,74.1372506344342,7.27962410904961,1.33919655437808,17.87,0,0,31,0
24,10,81.0430834073385,4.28970677632306,1.067872893943,0,101,10000,0,1
24,10,81.0430834073385,4.28970677632306,1.067872893943,4.35,0,0,108,0
24,10,81.0430834073385,4.28970677632306,1.067872893943,7.19,0,0,81,0
24,10,81.0430834073385,4.28970677632306,1.067872893943,15.37,0,0,83,0
24,10,81.0430834073385,4.28970677632306,1.067872893943,16.67,0,0,47,0
25,10,52.4486538024602,4.97298371397658,0.912278787808928,0,101,10000,0,1
25,10,52.4486538024602,4.97298371397658,0.912278787808928,4.13,0,0,142,0
25,10,52.4486538024602,4.97298371397658,0.912278787808928,5.05,0,0,90,0
25,10,52.4486538024602,4.97298371397658,0.912278787808928,12.87,0,0,64,0
25,10,52.4486538024602,4.97298371397658,0.912278787808928,22.43,0,0,29,0
26,10,102.950705395227,2.73647850963433,1.33283288024514,0,101,10000,0,1
26,10,102.950705395227,2.73647850963433,1.33283288024514,15.79,0,0,70,0
26,10,102.950705395227,2.73647850963433,1.33283288024514,16.83,0,0,58,0
26,10,102.950705395227,2.73647850963433,1.33283288024514,20.98,0,0,58,0
26,10,102.950705395227,2.73647850963433,1.33283288024514,21.28,0,0,61,0
27,10,107.455447809367,2.87598929829768,0.887638470117155,0,101,10000,0,1
27,10,107.455447809367,2.87598929829768,0.887638470117155,3.08,0,0,70,0
27,10,107.455447809367,2.87598929829768,0.887638470117155,5.29,0,0,70,0
27,10,107.455447809367,2.87598929829768,0.887638470117155,15.4,0,0,60,0
27,10,107.455447809367,2.87598929829768,0.887638470117155,18.63,0,0,39,0
28,10,118.016884237653,3.92952569934015,1.21819418808182,0,101,10000,0,1
28,10,118.016884237653,3.92952569934015,1.21819418808182,1.89,0,0,76,0
28,10,118.016884237653,3.92952569934015,1.21819418808182,6.32,0,0,73,0
28,10,118.016884237653,3.92952569934015,1.21819418808182,8.14,0,0,84,0
28,10,118.016884237653,3.92952569934015,1.21819418808182,11.4,0,0,82,0
29,10,102.936089693908,6.43929215847348,0.704417553806,0,101,10000,0,1
29,10,102.936089693908,6.43929215847348,0.704417553806,12.63,0,0,60,0
29,10,102.936089693908,6.43929215847348,0.704417553806,13.53,0,0,51,0
29,10,102.936089693908,6.43929215847348,0.704417553806,16.39,0,0,30,0
29,10,102.936089693908,6.43929215847348,0.704417553806,19.49,0,0,30,0
30,10,87.8005460651662,3.67399195440209,1.03332386096028,0,101,10000,0,1
30,10,87.8005460651662,3.67399195440209,1.03332386096028,1.66,0,0,114,0
30,10,87.8005460651662,3.67399195440209,1.03332386096028,8.93,0,0,76,0
30,10,87.8005460651662,3.67399195440209,1.03332386096028,20.81,0,0,53,0
30,10,87.8005460651662,3.67399195440209,1.03332386096028,21.74,0,0,46,0
31,30,47.2567392891228,3.99737163916044,1.08349998672303,0,101,30000,0,1
31,30,47.2567392891228,3.99737163916044,1.08349998672303,7.75,0,0,253,0
31,30,47.2567392891228,3.99737163916044,1.08349998672303,9.36,0,0,389,0
31,30,47.2567392891228,3.99737163916044,1.08349998672303,12.04,0,0,196,0
31,30,47.2567392891228,3.99737163916044,1.08349998672303,17.97,0,0,159,0
32,30,80.9779821292154,4.53131408725858,0.849712688720481,0,101,30000,0,1
32,30,80.9779821292154,4.53131408725858,0.849712688720481,2.43,0,0,316,0
32,30,80.9779821292154,4.53131408725858,0.849712688720481,14.12,0,0,178,0
32,30,80.9779821292154,4.53131408725858,0.849712688720481,17.76,0,0,210,0
32,30,80.9779821292154,4.53131408725858,0.849712688720481,20.98,0,0,90,0
33,30,114.048410298404,5.46925491524059,1.28522612567994,0,101,30000,0,1
33,30,114.048410298404,5.46925491524059,1.28522612567994,0.27,0,0,92,0
33,30,114.048410298404,5.46925491524059,1.28522612567994,4.54,0,0,183,0
33,30,114.048410298404,5.46925491524059,1.28522612567994,10.92,0,0,179,0
33,30,114.048410298404,5.46925491524059,1.28522612567994,13.21,0,0,138,0
34,30,114.441229838431,3.53986769478373,1.3453670299338,0,101,30000,0,1
34,30,114.441229838431,3.53986769478373,1.3453670299338,3.17,0,0,178,0
34,30,114.441229838431,3.53986769478373,1.3453670299338,15.57,0,0,168,0
34,30,114.441229838431,3.53986769478373,1.3453670299338,19.37,0,0,140,0
34,30,114.441229838431,3.53986769478373,1.3453670299338,21.99,0,0,126,0
35,30,79.0701161014509,2.77445167775137,0.872042823478669,0,101,30000,0,1
35,30,79.0701161014509,2.77445167775137,0.872042823478669,4.03,0,0,284,0
35,30,79.0701161014509,2.77445167775137,0.872042823478669,8.05,0,0,343,0
35,30,79.0701161014509,2.77445167775137,0.872042823478669,10.96,0,0,319,0
35,30,79.0701161014509,2.77445167775137,0.872042823478669,16.38,0,0,192,0
36,30,93.508495995857,9.82267251028495,0.755425462156171,0,101,30000,0,1
36,30,93.508495995857,9.82267251028495,0.755425462156171,6,0,0,209,0
36,30,93.508495995857,9.82267251028495,0.755425462156171,13.16,0,0,85,0
36,30,93.508495995857,9.82267251028495,0.755425462156171,13.85,0,0,92,0
36,30,93.508495995857,9.82267251028495,0.755425462156171,16.11,0,0,68,0
37,30,50.1536704972342,3.10876018246781,0.953778357996968,0,101,30000,0,1
37,30,50.1536704972342,3.10876018246781,0.953778357996968,11.4,0,0,295,0
37,30,50.1536704972342,3.10876018246781,0.953778357996968,17.81,0,0,202,0
37,30,50.1536704972342,3.10876018246781,0.953778357996968,19.87,0,0,190,0
37,30,50.1536704972342,3.10876018246781,0.953778357996968,23.16,0,0,146,0
38,30,67.1181098863457,4.40526869680986,0.84407723208009,0,101,30000,0,1
38,30,67.1181098863457,4.40526869680986,0.84407723208009,3.81,0,0,541,0
38,30,67.1181098863457,4.40526869680986,0.84407723208009,13.32,0,0,171,0
38,30,67.1181098863457,4.40526869680986,0.84407723208009,18.58,0,0,110,0
38,30,67.1181098863457,4.40526869680986,0.84407723208009,23.84,0,0,90,0
39,30,74.2150136198093,3.08749690960894,1.16462640416527,0,101,30000,0,1
39,30,74.2150136198093,3.08749690960894,1.16462640416527,1.67,0,0,298,0
39,30,74.2150136198093,3.08749690960894,1.16462640416527,4.33,0,0,341,0
39,30,74.2150136198093,3.08749690960894,1.16462640416527,11.25,0,0,344,0
39,30,74.2150136198093,3.08749690960894,1.16462640416527,18.58,0,0,220,0
40,30,108.373823502282,3.70535223544653,1.37261967571555,0,101,30000,0,1
40,30,108.373823502282,3.70535223544653,1.37261967571555,9.42,0,0,194,0
40,30,108.373823502282,3.70535223544653,1.37261967571555,10.99,0,0,203,0
40,30,108.373823502282,3.70535223544653,1.37261967571555,15.93,0,0,222,0
40,30,108.373823502282,3.70535223544653,1.37261967571555,16.67,0,0,149,0
41,30,43.0879477239093,3.09221105846719,0.66958828724556,0,101,30000,0,1
41,30,43.0879477239093,3.09221105846719,0.66958828724556,9.09,0,0,345,0
41,30,43.0879477239093,3.09221105846719,0.66958828724556,9.44,0,0,396,0
41,30,43.0879477239093,3.09221105846719,0.66958828724556,9.81,0,0,315,0
41,30,43.0879477239093,3.09221105846719,0.66958828724556,11.1,0,0,385,0
42,30,79.1117698664784,4.62786014112065,0.766509677764068,0,101,30000,0,1
42,30,79.1117698664784,4.62786014112065,0.766509677764068,1.92,0,0,251,0
42,30,79.1117698664784,4.62786014112065,0.766509677764068,8.33,0,0,238,0
42,30,79.1117698664784,4.62786014112065,0.766509677764068,11.96,0,0,200,0
42,30,79.1117698664784,4.62786014112065,0.766509677764068,23.33,0,0,90,0
43,30,77.0568935915419,3.96558637421798,0.949144295310289,0,101,30000,0,1
43,30,77.0568935915419,3.96558637421798,0.949144295310289,5.11,0,0,334,0
43,30,77.0568935915419,3.96558637421798,0.949144295310289,6.81,0,0,251,0
43,30,77.0568935915419,3.96558637421798,0.949144295310289,8.23,0,0,289,0
43,30,77.0568935915419,3.96558637421798,0.949144295310289,14.08,0,0,315,0
44,30,96.8060257359116,3.31617425805219,1.82115650391148,0,101,30000,0,1
44,30,96.8060257359116,3.31617425805219,1.82115650391148,10.5,0,0,176,0
44,30,96.8060257359116,3.31617425805219,1.82115650391148,13.33,0,0,170,0
44,30,96.8060257359116,3.31617425805219,1.82115650391148,14.73,0,0,294,0
44,30,96.8060257359116,3.31617425805219,1.82115650391148,21.93,0,0,118,0
45,30,36.009623974281,3.71417725898982,1.15046351423372,0,101,30000,0,1
45,30,36.009623974281,3.71417725898982,1.15046351423372,6.7,0,0,460,0
45,30,36.009623974281,3.71417725898982,1.15046351423372,7.04,0,0,444,0
45,30,36.009623974281,3.71417725898982,1.15046351423372,11.05,0,0,353,0
45,30,36.009623974281,3.71417725898982,1.15046351423372,19.97,0,0,77,0
46,30,71.8763193946038,3.98226696021743,0.783958028903878,0,101,30000,0,1
46,30,71.8763193946038,3.98226696021743,0.783958028903878,4.89,0,0,350,0
46,30,71.8763193946038,3.98226696021743,0.783958028903878,9.56,0,0,229,0
46,30,71.8763193946038,3.98226696021743,0.783958028903878,10.54,0,0,250,0
46,30,71.8763193946038,3.98226696021743,0.783958028903878,21.17,0,0,143,0
47,30,47.8238537286034,2.42073541561468,0.918840735426697,0,101,30000,0,1
47,30,47.8238537286034,2.42073541561468,0.918840735426697,10.16,0,0,320,0
47,30,47.8238537286034,2.42073541561468,0.918840735426697,15.39,0,0,207,0
47,30,47.8238537286034,2.42073541561468,0.918840735426697,20.71,0,0,248,0
47,30,47.8238537286034,2.42073541561468,0.918840735426697,23.32,0,0,264,0
48,30,45.8980777073418,4.99430637039933,1.12842198922211,0,101,30000,0,1
48,30,45.8980777073418,4.99430637039933,1.12842198922211,2.96,0,0,461,0
48,30,45.8980777073418,4.99430637039933,1.12842198922211,5.38,0,0,488,0
48,30,45.8980777073418,4.99430637039933,1.12842198922211,15.19,0,0,145,0
48,30,45.8980777073418,4.99430637039933,1.12842198922211,19.73,0,0,84,0
49,30,81.9808775006268,4.60773427197658,1.16255730773294,0,101,30000,0,1
49,30,81.9808775006268,4.60773427197658,1.16255730773294,9.59,0,0,197,0
49,30,81.9808775006268,4.60773427197658,1.16255730773294,14.38,0,0,271,0
49,30,81.9808775006268,4.60773427197658,1.16255730773294,21.18,0,0,140,0
49,30,81.9808775006268,4.60773427197658,1.16255730773294,23.84,0,0,85,0
50,30,68.7466853738674,4.10784706412186,0.725716574261596,0,101,30000,0,1
50,30,68.7466853738674,4.10784706412186,0.725716574261596,7.33,0,0,476,0
50,30,68.7466853738674,4.10784706412186,0.725716574261596,9.7,0,0,350,0
50,30,68.7466853738674,4.10784706412186,0.725716574261596,15.24,0,0,145,0
50,30,68.7466853738674,4.10784706412186,0.725716574261596,22.23,0,0,143,0
51,30,85.2057608288372,5.96283925347259,0.778943041457517,0,101,30000,0,1
51,30,85.2057608288372,5.96283925347259,0.778943041457517,2.38,0,0,242,0
51,30,85.2057608288372,5.96283925347259,0.778943041457517,7.08,0,0,203,0
51,30,85.2057608288372,5.96283925347259,0.778943041457517,9.63,0,0,209,0
51,30,85.2057608288372,5.96283925347259,0.778943041457517,18.06,0,0,95,0
52,30,83.8370828684449,2.91421886888659,1.10903522762293,0,101,30000,0,1
52,30,83.8370828684449,2.91421886888659,1.10903522762293,1.75,0,0,296,0
52,30,83.8370828684449,2.91421886888659,1.10903522762293,7.8,0,0,214,0
52,30,83.8370828684449,2.91421886888659,1.10903522762293,21.51,0,0,202,0
52,30,83.8370828684449,2.91421886888659,1.10903522762293,21.61,0,0,175,0
53,30,80.9069808294704,6.90219220917283,0.773180740269085,0,101,30000,0,1
53,30,80.9069808294704,6.90219220917283,0.773180740269085,1.8,0,0,328,0
53,30,80.9069808294704,6.90219220917283,0.773180740269085,13.19,0,0,177,0
53,30,80.9069808294704,6.90219220917283,0.773180740269085,18.61,0,0,96,0
53,30,80.9069808294704,6.90219220917283,0.773180740269085,23.74,0,0,49,0
54,30,102.307647022258,5.99310292809948,0.797098720018093,0,101,30000,0,1
54,30,102.307647022258,5.99310292809948,0.797098720018093,3.26,0,0,161,0
54,30,102.307647022258,5.99310292809948,0.797098720018093,11.38,0,0,139,0
54,30,102.307647022258,5.99310292809948,0.797098720018093,18.04,0,0,179,0
54,30,102.307647022258,5.99310292809948,0.797098720018093,20.34,0,0,93,0
55,30,44.2122953434842,4.60693385962314,0.777367504430711,0,101,30000,0,1
55,30,44.2122953434842,4.60693385962314,0.777367504430711,3.92,0,0,549,0
55,30,44.2122953434842,4.60693385962314,0.777367504430711,9.59,0,0,311,0
55,30,44.2122953434842,4.60693385962314,0.777367504430711,11.13,0,0,274,0
55,30,44.2122953434842,4.60693385962314,0.777367504430711,17.99,0,0,101,0
56,30,49.048897919239,7.2434336308178,0.766310598066201,0,101,30000,0,1
56,30,49.048897919239,7.2434336308178,0.766310598066201,2.13,0,0,335,0
56,30,49.048897919239,7.2434336308178,0.766310598066201,5.21,0,0,397,0
56,30,49.048897919239,7.2434336308178,0.766310598066201,20.23,0,0,34,0
56,30,49.048897919239,7.2434336308178,0.766310598066201,22.8,0,0,24,0
57,30,53.3072502577528,4.42174201423825,0.88482674201076,0,101,30000,0,1
57,30,53.3072502577528,4.42174201423825,0.88482674201076,1.49,0,0,392,0
57,30,53.3072502577528,4.42174201423825,0.88482674201076,10.53,0,0,280,0
57,30,53.3072502577528,4.42174201423825,0.88482674201076,15.75,0,0,265,0
57,30,53.3072502577528,4.42174201423825,0.88482674201076,17.53,0,0,153,0
58,30,52.9233630315988,3.78719420643978,0.817152575826844,0,101,30000,0,1
58,30,52.9233630315988,3.78719420643978,0.817152575826844,0.7,0,0,288,0
58,30,52.9233630315988,3.78719420643978,0.817152575826844,2.58,0,0,372,0
58,30,52.9233630315988,3.78719420643978,0.817152575826844,12.72,0,0,237,0
58,30,52.9233630315988,3.78719420643978,0.817152575826844,15.71,0,0,188,0
59,30,60.1909736686374,4.78036322269966,1.21323955702334,0,101,30000,0,1
59,30,60.1909736686374,4.78036322269966,1.21323955702334,2.42,0,0,319,0
59,30,60.1909736686374,4.78036322269966,1.21323955702334,10.11,0,0,201,0
59,30,60.1909736686374,4.78036322269966,1.21323955702334,10.64,0,0,270,0
59,30,60.1909736686374,4.78036322269966,1.21323955702334,13.48,0,0,266,0
60,30,97.4877125279834,3.19104655855884,1.4723985592931,0,101,30000,0,1
60,30,97.4877125279834,3.19104655855884,1.4723985592931,3.77,0,0,201,0
60,30,97.4877125279834,3.19104655855884,1.4723985592931,8.1,0,0,178,0
60,30,97.4877125279834,3.19104655855884,1.4723985592931,17,0,0,237,0
60,30,97.4877125279834,3.19104655855884,1.4723985592931,17.09,0,0,189,0
61,60,77.8082806028424,3.44885040519948,1.47433335888869,0,101,60000,0,1
61,60,77.8082806028424,3.44885040519948,1.47433335888869,0.54,0,0,356,0
61,60,77.8082806028424,3.44885040519948,1.47433335888869,4.61,0,0,600,0
61,60,77.8082806028424,3.44885040519948,1.47433335888869,13.94,0,0,432,0
61,60,77.8082806028424,3.44885040519948,1.47433335888869,15.07,0,0,339,0
62,60,53.7429476396895,3.94926597261061,0.711434647625339,0,101,60000,0,1
62,60,53.7429476396895,3.94926597261061,0.711434647625339,5,0,0,706,0
62,60,53.7429476396895,3.94926597261061,0.711434647625339,5.18,0,0,1003,0
62,60,53.7429476396895,3.94926597261061,0.711434647625339,18.02,0,0,411,0
62,60,53.7429476396895,3.94926597261061,0.711434647625339,21.02,0,0,370,0
63,60,84.4208112738229,5.43605117455987,0.88317663904199,0,101,60000,0,1
63,60,84.4208112738229,5.43605117455987,0.88317663904199,0.57,0,0,243,0
63,60,84.4208112738229,5.43605117455987,0.88317663904199,3.98,0,0,602,0
63,60,84.4208112738229,5.43605117455987,0.88317663904199,22.52,0,0,139,0
63,60,84.4208112738229,5.43605117455987,0.88317663904199,22.7,0,0,194,0
64,60,97.9147426972966,2.33190179054252,0.831629346045382,0,101,60000,0,1
64,60,97.9147426972966,2.33190179054252,0.831629346045382,1.16,0,0,335,0
64,60,97.9147426972966,2.33190179054252,0.831629346045382,1.6,0,0,475,0
64,60,97.9147426972966,2.33190179054252,0.831629346045382,5.95,0,0,739,0
64,60,97.9147426972966,2.33190179054252,0.831629346045382,15.76,0,0,448,0
65,60,71.03284572833,5.16465331879503,0.843716505430459,0,101,60000,0,1
65,60,71.03284572833,5.16465331879503,0.843716505430459,11.47,0,0,267,0
65,60,71.03284572833,5.16465331879503,0.843716505430459,17.56,0,0,281,0
65,60,71.03284572833,5.16465331879503,0.843716505430459,21.58,0,0,187,0
65,60,71.03284572833,5.16465331879503,0.843716505430459,21.72,0,0,209,0
66,60,65.7740715680787,4.17981525868559,0.556727768678198,0,101,60000,0,1
66,60,65.7740715680787,4.17981525868559,0.556727768678198,12.67,0,0,568,0
66,60,65.7740715680787,4.17981525868559,0.556727768678198,13.75,0,0,622,0
66,60,65.7740715680787,4.17981525868559,0.556727768678198,15.71,0,0,336,0
66,60,65.7740715680787,4.17981525868559,0.556727768678198,15.74,0,0,508,0
67,60,77.789150568798,3.50533866836048,0.923111285932267,0,101,60000,0,1
67,60,77.789150568798,3.50533866836048,0.923111285932267,13.15,0,0,558,0
67,60,77.789150568798,3.50533866836048,0.923111285932267,17.3,0,0,236,0
67,60,77.789150568798,3.50533866836048,0.923111285932267,19.26,0,0,278,0
67,60,77.789150568798,3.50533866836048,0.923111285932267,23.49,0,0,256,0
68,60,49.31552486195,3.92925649895819,0.88736710879506,0,101,60000,0,1
68,60,49.31552486195,3.92925649895819,0.88736710879506,1.74,0,0,795,0
68,60,49.31552486195,3.92925649895819,0.88736710879506,3.64,0,0,986,0
68,60,49.31552486195,3.92925649895819,0.88736710879506,12.4,0,0,458,0
68,60,49.31552486195,3.92925649895819,0.88736710879506,18.6,0,0,333,0
69,60,62.0928917044401,5.36809767195325,1.04687875591702,0,101,60000,0,1
69,60,62.0928917044401,5.36809767195325,1.04687875591702,5.18,0,0,588,0
69,60,62.0928917044401,5.36809767195325,1.04687875591702,13.46,0,0,268,0
69,60,62.0928917044401,5.36809767195325,1.04687875591702,14.01,0,0,279,0
69,60,62.0928917044401,5.36809767195325,1.04687875591702,17.92,0,0,166,0
70,60,83.2279832167815,4.56092511683929,1.10618850188572,0,101,60000,0,1
70,60,83.2279832167815,4.56092511683929,1.10618850188572,3.14,0,0,498,0
70,60,83.2279832167815,4.56092511683929,1.10618850188572,5.15,0,0,670,0
70,60,83.2279832167815,4.56092511683929,1.10618850188572,10.99,0,0,367,0
70,60,83.2279832167815,4.56092511683929,1.10618850188572,17.52,0,0,330,0
71,60,84.7764640764925,3.58973455377175,0.941643754608401,0,101,60000,0,1
71,60,84.7764640764925,3.58973455377175,0.941643754608401,9.88,0,0,385,0
71,60,84.7764640764925,3.58973455377175,0.941643754608401,14.59,0,0,496,0
71,60,84.7764640764925,3.58973455377175,0.941643754608401,22.04,0,0,352,0
71,60,84.7764640764925,3.58973455377175,0.941643754608401,22.42,0,0,256,0
72,60,84.6183502652174,5.93659812867908,1.38858371508466,0,101,60000,0,1
72,60,84.6183502652174,5.93659812867908,1.38858371508466,2.06,0,0,629,0
72,60,84.6183502652174,5.93659812867908,1.38858371508466,6.88,0,0,488,0
72,60,84.6183502652174,5.93659812867908,1.38858371508466,19.13,0,0,215,0
72,60,84.6183502652174,5.93659812867908,1.38858371508466,19.58,0,0,178,0
73,60,100.684340214724,3.38676277278531,1.3096053849696,0,101,60000,0,1
73,60,100.684340214724,3.38676277278531,1.3096053849696,6.24,0,0,489,0
73,60,100.684340214724,3.38676277278531,1.3096053849696,9.2,0,0,446,0
73,60,100.684340214724,3.38676277278531,1.3096053849696,14.32,0,0,325,0
73,60,100.684340214724,3.38676277278531,1.3096053849696,19.33,0,0,381,0
74,60,62.6712508159597,6.80291053003002,0.852646411991098,0,101,60000,0,1
74,60,62.6712508159597,6.80291053003002,0.852646411991098,16.01,0,0,201,0
74,60,62.6712508159597,6.80291053003002,0.852646411991098,16.02,0,0,212,0
74,60,62.6712508159597,6.80291053003002,0.852646411991098,16.74,0,0,180,0
74,60,62.6712508159597,6.80291053003002,0.852646411991098,17.33,0,0,193,0
75,60,72.5796506706211,5.04807958355631,1.3269994706658,0,101,60000,0,1
75,60,72.5796506706211,5.04807958355631,1.3269994706658,0.36,0,0,383,0
75,60,72.5796506706211,5.04807958355631,1.3269994706658,14.64,0,0,202,0
75,60,72.5796506706211,5.04807958355631,1.3269994706658,17.13,0,0,302,0
75,60,72.5796506706211,5.04807958355631,1.3269994706658,23.69,0,0,173,0
76,60,101.02652913217,5.91071962521974,1.0218876536307,0,101,60000,0,1
76,60,101.02652913217,5.91071962521974,1.0218876536307,1.06,0,0,478,0
76,60,101.02652913217,5.91071962521974,1.0218876536307,4.61,0,0,512,0
76,60,101.02652913217,5.91071962521974,1.0218876536307,4.73,0,0,412,0
76,60,101.02652913217,5.91071962521974,1.0218876536307,9.69,0,0,382,0
77,60,75.5893648760376,4.27811537333816,0.513702859854512,0,101,60000,0,1
77,60,75.5893648760376,4.27811537333816,0.513702859854512,1.29,0,0,414,0
77,60,75.5893648760376,4.27811537333816,0.513702859854512,2.91,0,0,566,0
77,60,75.5893648760376,4.27811537333816,0.513702859854512,3.93,0,0,570,0
77,60,75.5893648760376,4.27811537333816,0.513702859854512,19.47,0,0,354,0
78,60,59.0652761791006,2.72192620940101,1.12613228905772,0,101,60000,0,1
78,60,59.0652761791006,2.72192620940101,1.12613228905772,2.14,0,0,908,0
78,60,59.0652761791006,2.72192620940101,1.12613228905772,14.11,0,0,449,0
78,60,59.0652761791006,2.72192620940101,1.12613228905772,17.47,0,0,586,0
78,60,59.0652761791006,2.72192620940101,1.12613228905772,23.24,0,0,380,0
79,60,74.2467491800144,4.85199503897523,2.13630151038248,0,101,60000,0,1
79,60,74.2467491800144,4.85199503897523,2.13630151038248,0.42,0,0,387,0
79,60,74.2467491800144,4.85199503897523,2.13630151038248,2.58,0,0,570,0
79,60,74.2467491800144,4.85199503897523,2.13630151038248,5.9,0,0,570,0
79,60,74.2467491800144,4.85199503897523,2.13630151038248,13.01,0,0,328,0
80,60,78.1307691732458,3.33527993248435,0.88009064864687,0,101,60000,0,1
80,60,78.1307691732458,3.33527993248435,0.88009064864687,0.04,0,0,39,0
80,60,78.1307691732458,3.33527993248435,0.88009064864687,3.8,0,0,597,0
80,60,78.1307691732458,3.33527993248435,0.88009064864687,9.41,0,0,704,0
80,60,78.1307691732458,3.33527993248435,0.88009064864687,10.48,0,0,528,0
81,60,85.4925809097492,3.16782875613165,1.01830735966564,0,101,60000,0,1
81,60,85.4925809097492,3.16782875613165,1.01830735966564,3.12,0,0,528,0
81,60,85.4925809097492,3.16782875613165,1.01830735966564,8.2,0,0,531,0
81,60,85.4925809097492,3.16782875613165,1.01830735966564,8.38,0,0,400,0
81,60,85.4925809097492,3.16782875613165,1.01830735966564,9.91,0,0,524,0
82,60,111.88427291906,2.77324587940089,0.815227849993674,0,101,60000,0,1
82,60,111.88427291906,2.77324587940089,0.815227849993674,1.71,0,0,523,0
82,60,111.88427291906,2.77324587940089,0.815227849993674,6.31,0,0,402,0
82,60,111.88427291906,2.77324587940089,0.815227849993674,10.27,0,0,509,0
82,60,111.88427291906,2.77324587940089,0.815227849993674,20.04,0,0,367,0
83,60,45.0253062141515,2.69116875444429,1.15578650806203,0,101,60000,0,1
83,60,45.0253062141515,2.69116875444429,1.15578650806203,1.82,0,0,1290,0
83,60,45.0253062141515,2.69116875444429,1.15578650806203,6.84,0,0,766,0
83,60,45.0253062141515,2.69116875444429,1.15578650806203,11.09,0,0,593,0
83,60,45.0253062141515,2.69116875444429,1.15578650806203,18.36,0,0,496,0
84,60,65.0987872170597,3.4010102107135,0.729411800026497,0,101,60000,0,1
84,60,65.0987872170597,3.4010102107135,0.729411800026497,1.12,0,0,577,0
84,60,65.0987872170597,3.4010102107135,0.729411800026497,18.11,0,0,340,0
84,60,65.0987872170597,3.4010102107135,0.729411800026497,20.59,0,0,442,0
84,60,65.0987872170597,3.4010102107135,0.729411800026497,21.04,0,0,320,0
85,60,73.5662368644844,2.94881953059796,0.584171912770221,0,101,60000,0,1
85,60,73.5662368644844,2.94881953059796,0.584171912770221,3.29,0,0,749,0
85,60,73.5662368644844,2.94881953059796,0.584171912770221,5.76,0,0,766,0
85,60,73.5662368644844,2.94881953059796,0.584171912770221,12.78,0,0,507,0
85,60,73.5662368644844,2.94881953059796,0.584171912770221,19.54,0,0,366,0
86,60,94.8449935632766,5.35826128379465,1.23574661158385,0,101,60000,0,1
86,60,94.8449935632766,5.35826128379465,1.23574661158385,2.01,0,0,724,0
86,60,94.8449935632766,5.35826128379465,1.23574661158385,2.03,0,0,488,0
86,60,94.8449935632766,5.35826128379465,1.23574661158385,11.97,0,0,335,0
86,60,94.8449935632766,5.35826128379465,1.23574661158385,17.05,0,0,281,0
87,60,75.89255248618,2.6366506517776,0.325894221137046,0,101,60000,0,1
87,60,75.89255248618,2.6366506517776,0.325894221137046,3.2,0,0,429,0
87,60,75.89255248618,2.6366506517776,0.325894221137046,5.79,0,0,768,0
87,60,75.89255248618,2.6366506517776,0.325894221137046,12.86,0,0,453,0
87,60,75.89255248618,2.6366506517776,0.325894221137046,19.38,0,0,458,0
88,60,83.3106175599803,4.97493374945528,0.778658425428696,0,101,60000,0,1
88,60,83.3106175599803,4.97493374945528,0.778658425428696,1.46,0,0,462,0
88,60,83.3106175599803,4.97493374945528,0.778658425428696,6.21,0,0,611,0
88,60,83.3106175599803,4.97493374945528,0.778658425428696,8.95,0,0,430,0
88,60,83.3106175599803,4.97493374945528,0.778658425428696,13.05,0,0,338,0
89,60,63.9577890947484,2.78703254343009,1.63410957563094,0,101,60000,0,1
89,60,63.9577890947484,2.78703254343009,1.63410957563094,6.78,0,0,575,0
89,60,63.9577890947484,2.78703254343009,1.63410957563094,8.4,0,0,740,0
89,60,63.9577890947484,2.78703254343009,1.63410957563094,18.47,0,0,297,0
89,60,63.9577890947484,2.78703254343009,1.63410957563094,20.56,0,0,465,0
90,60,42.3583702250709,2.49406785052964,0.730167539431277,0,101,60000,0,1
90,60,42.3583702250709,2.49406785052964,0.730167539431277,1.02,0,0,638,0
90,60,42.3583702250709,2.49406785052964,0.730167539431277,10.69,0,0,1231,0
90,60,42.3583702250709,2.49406785052964,0.730167539431277,17.8,0,0,603,0
90,60,42.3583702250709,2.49406785052964,0.730167539431277,23.45,0,0,356,0
91,120,77.1868351215049,3.05069900738281,2.04140046525383,0,101,120000,0,1
91,120,77.1868351215049,3.05069900738281,2.04140046525383,0.37,0,0,600,0
91,120,77.1868351215049,3.05069900738281,2.04140046525383,7.52,0,0,1028,0
91,120,77.1868351215049,3.05069900738281,2.04140046525383,14.35,0,0,906,0
91,120,77.1868351215049,3.05069900738281,2.04140046525383,18.71,0,0,717,0
92,120,86.0773375219451,3.14121386308563,1.07555178779849,0,101,120000,0,1
92,120,86.0773375219451,3.14121386308563,1.07555178779849,5.93,0,0,1225,0
92,120,86.0773375219451,3.14121386308563,1.07555178779849,9.36,0,0,705,0
92,120,86.0773375219451,3.14121386308563,1.07555178779849,12.76,0,0,957,0
92,120,86.0773375219451,3.14121386308563,1.07555178779849,18.79,0,0,710,0
93,120,57.1705680882938,8.94483356648764,0.568245317737152,0,101,120000,0,1
93,120,57.1705680882938,8.94483356648764,0.568245317737152,10.63,0,0,454,0
93,120,57.1705680882938,8.94483356648764,0.568245317737152,15.91,0,0,177,0
93,120,57.1705680882938,8.94483356648764,0.568245317737152,22.05,0,0,107,0
93,120,57.1705680882938,8.94483356648764,0.568245317737152,22.19,0,0,89,0
94,120,71.8137300953644,5.36269196714495,0.968814237290618,0,101,120000,0,1
94,120,71.8137300953644,5.36269196714495,0.968814237290618,2.56,0,0,1348,0
94,120,71.8137300953644,5.36269196714495,0.968814237290618,7,0,0,1424,0
94,120,71.8137300953644,5.36269196714495,0.968814237290618,8.3,0,0,1467,0
94,120,71.8137300953644,5.36269196714495,0.968814237290618,17.55,0,0,584,0
95,120,47.6643544119089,3.8886974571197,1.18176086122999,0,101,120000,0,1
95,120,47.6643544119089,3.8886974571197,1.18176086122999,8.62,0,0,1384,0
95,120,47.6643544119089,3.8886974571197,1.18176086122999,9.06,0,0,1493,0
95,120,47.6643544119089,3.8886974571197,1.18176086122999,14.06,0,0,676,0
95,120,47.6643544119089,3.8886974571197,1.18176086122999,19.78,0,0,447,0
96,120,84.3991959531548,2.88269470201744,1.40918234675252,0,101,120000,0,1
96,120,84.3991959531548,2.88269470201744,1.40918234675252,19.49,0,0,771,0
96,120,84.3991959531548,2.88269470201744,1.40918234675252,19.6,0,0,661,0
96,120,84.3991959531548,2.88269470201744,1.40918234675252,22.88,0,0,805,0
96,120,84.3991959531548,2.88269470201744,1.40918234675252,23.31,0,0,818,0
97,120,74.5872495507438,3.58240148883619,0.784470218553378,0,101,120000,0,1
97,120,74.5872495507438,3.58240148883619,0.784470218553378,13.92,0,0,692,0
97,120,74.5872495507438,3.58240148883619,0.784470218553378,15.3,0,0,990,0
97,120,74.5872495507438,3.58240148883619,0.784470218553378,17.09,0,0,747,0
97,120,74.5872495507438,3.58240148883619,0.784470218553378,19.29,0,0,622,0
98,120,67.5095839391361,3.38568498104386,0.84440260546943,0,101,120000,0,1
98,120,67.5095839391361,3.38568498104386,0.84440260546943,14.07,0,0,1317,0
98,120,67.5095839391361,3.38568498104386,0.84440260546943,16.04,0,0,731,0
98,120,67.5095839391361,3.38568498104386,0.84440260546943,16.96,0,0,705,0
98,120,67.5095839391361,3.38568498104386,0.84440260546943,19.28,0,0,983,0
99,120,80.7602404144036,3.42288130228145,0.95650399168396,0,101,120000,0,1
99,120,80.7602404144036,3.42288130228145,0.95650399168396,1.34,0,0,1142,0
99,120,80.7602404144036,3.42288130228145,0.95650399168396,14.55,0,0,722,0
99,120,80.7602404144036,3.42288130228145,0.95650399168396,14.59,0,0,950,0
99,120,80.7602404144036,3.42288130228145,0.95650399168396,22.18,0,0,690,0
100,120,80.5242366919516,5.32714746322054,0.681124031446666,0,101,120000,0,1
100,120,80.5242366919516,5.32714746322054,0.681124031446666,0.05,0,0,44,0
100,120,80.5242366919516,5.32714746322054,0.681124031446666,1.85,0,0,1332,0
100,120,80.5242366919516,5.32714746322054,0.681124031446666,13.57,0,0,713,0
100,120,80.5242366919516,5.32714746322054,0.681124031446666,19.89,0,0,425,0
101,120,71.2849647157685,1.94994583447093,1.00670577188055,0,101,120000,0,1
101,120,71.2849647157685,1.94994583447093,1.00670577188055,0.03,0,0,57,0
101,120,71.2849647157685,1.94994583447093,1.00670577188055,0.72,0,0,913,0
101,120,71.2849647157685,1.94994583447093,1.00670577188055,22.9,0,0,959,0
101,120,71.2849647157685,1.94994583447093,1.00670577188055,23.79,0,0,1071,0
102,120,60.666455141519,4.97493279881072,1.46791248774766,0,101,120000,0,1
102,120,60.666455141519,4.97493279881072,1.46791248774766,4.69,0,0,1219,0
102,120,60.666455141519,4.97493279881072,1.46791248774766,8.62,0,0,753,0
102,120,60.666455141519,4.97493279881072,1.46791248774766,11.21,0,0,1183,0
102,120,60.666455141519,4.97493279881072,1.46791248774766,23.13,0,0,326,0
103,120,90.6970203753748,2.43628429116513,1.30924948639722,0,101,120000,0,1
103,120,90.6970203753748,2.43628429116513,1.30924948639722,1.56,0,0,919,0
103,120,90.6970203753748,2.43628429116513,1.30924948639722,12,0,0,844,0
103,120,90.6970203753748,2.43628429116513,1.30924948639722,16.86,0,0,890,0
103,120,90.6970203753748,2.43628429116513,1.30924948639722,19.33,0,0,1067,0
104,120,93.262345983656,2.99842407827661,0.915686094400037,0,101,120000,0,1
104,120,93.262345983656,2.99842407827661,0.915686094400037,2.01,0,0,775,0
104,120,93.262345983656,2.99842407827661,0.915686094400037,5.22,0,0,981,0
104,120,93.262345983656,2.99842407827661,0.915686094400037,14.62,0,0,697,0
104,120,93.262345983656,2.99842407827661,0.915686094400037,17.73,0,0,791,0
105,120,49.7996283363738,3.69656464142766,1.64738443413649,0,101,120000,0,1
105,120,49.7996283363738,3.69656464142766,1.64738443413649,5.51,0,0,1270,0
105,120,49.7996283363738,3.69656464142766,1.64738443413649,12.04,0,0,905,0
105,120,49.7996283363738,3.69656464142766,1.64738443413649,15.6,0,0,1208,0
105,120,49.7996283363738,3.69656464142766,1.64738443413649,18.24,0,0,519,0
106,120,84.5002845899892,2.99714072159258,1.00020894744839,0,101,120000,0,1
106,120,84.5002845899892,2.99714072159258,1.00020894744839,2.34,0,0,1012,0
106,120,84.5002845899892,2.99714072159258,1.00020894744839,4.11,0,0,1160,0
106,120,84.5002845899892,2.99714072159258,1.00020894744839,16.1,0,0,936,0
106,120,84.5002845899892,2.99714072159258,1.00020894744839,18.06,0,0,664,0
107,120,40.3280769964855,3.89421558618905,0.857803165126307,0,101,120000,0,1
107,120,40.3280769964855,3.89421558618905,0.857803165126307,0.45,0,0,769,0
107,120,40.3280769964855,3.89421558618905,0.857803165126307,13.92,0,0,855,0
107,120,40.3280769964855,3.89421558618905,0.857803165126307,19.94,0,0,514,0
107,120,40.3280769964855,3.89421558618905,0.857803165126307,23.91,0,0,431,0
108,120,76.7556548893583,3.46011254703463,1.03856504339477,0,101,120000,0,1
108,120,76.7556548893583,3.46011254703463,1.03856504339477,3.3,0,0,1576,0
108,120,76.7556548893583,3.46011254703463,1.03856504339477,4.17,0,0,1471,0
108,120,76.7556548893583,3.46011254703463,1.03856504339477,11.9,0,0,1055,0
108,120,76.7556548893583,3.46011254703463,1.03856504339477,21.63,0,0,572,0
109,120,107.47840083385,4.63456669925349,0.677362353415126,0,101,120000,0,1
109,120,107.47840083385,4.63456669925349,0.677362353415126,3.42,0,0,895,0
109,120,107.47840083385,4.63456669925349,0.677362353415126,7.17,0,0,1080,0
109,120,107.47840083385,4.63456669925349,0.677362353415126,12.05,0,0,726,0
109,120,107.47840083385,4.63456669925349,0.677362353415126,19.97,0,0,530,0
110,120,53.7935284419499,3.32120667546718,0.983809477265298,0,101,120000,0,1
110,120,53.7935284419499,3.32120667546718,0.983809477265298,3.15,0,0,2277,0
110,120,53.7935284419499,3.32120667546718,0.983809477265298,4.31,0,0,1145,0
110,120,53.7935284419499,3.32120667546718,0.983809477265298,18.59,0,0,619,0
110,120,53.7935284419499,3.32120667546718,0.983809477265298,19.11,0,0,843,0
111,120,89.4250108260645,5.15388686722113,0.886176576237687,0,101,120000,0,1
111,120,89.4250108260645,5.15388686722113,0.886176576237687,13.31,0,0,640,0
111,120,89.4250108260645,5.15388686722113,0.886176576237687,17.25,0,0,308,0
111,120,89.4250108260645,5.15388686722113,0.886176576237687,17.42,0,0,408,0
111,120,89.4250108260645,5.15388686722113,0.886176576237687,21.69,0,0,514,0
112,120,114.54155383404,4.32983978534332,1.70079373923673,0,101,120000,0,1
112,120,114.54155383404,4.32983978534332,1.70079373923673,1.59,0,0,1016,0
112,120,114.54155383404,4.32983978534332,1.70079373923673,3.41,0,0,619,0
112,120,114.54155383404,4.32983978534332,1.70079373923673,6.47,0,0,799,0
112,120,114.54155383404,4.32983978534332,1.70079373923673,18.05,0,0,616,0
113,120,103.337221036864,4.18183447691402,1.03593690731989,0,101,120000,0,1
113,120,103.337221036864,4.18183447691402,1.03593690731989,3.09,0,0,886,0
113,120,103.337221036864,4.18183447691402,1.03593690731989,17.15,0,0,446,0
113,120,103.337221036864,4.18183447691402,1.03593690731989,17.44,0,0,677,0
113,120,103.337221036864,4.18183447691402,1.03593690731989,22.88,0,0,538,0
114,120,98.9456124309744,4.23696132713196,1.20644193235215,0,101,120000,0,1
114,120,98.9456124309744,4.23696132713196,1.20644193235215,7.72,0,0,756,0
114,120,98.9456124309744,4.23696132713196,1.20644193235215,8.46,0,0,936,0
114,120,98.9456124309744,4.23696132713196,1.20644193235215,15.04,0,0,621,0
114,120,98.9456124309744,4.23696132713196,1.20644193235215,15.12,0,0,578,0
115,120,74.1100244848344,3.02096375744939,1.33132305403786,0,101,120000,0,1
115,120,74.1100244848344,3.02096375744939,1.33132305403786,6.81,0,0,1432,0
115,120,74.1100244848344,3.02096375744939,1.33132305403786,14.36,0,0,946,0
115,120,74.1100244848344,3.02096375744939,1.33132305403786,14.79,0,0,1820,0
115,120,74.1100244848344,3.02096375744939,1.33132305403786,21.27,0,0,676,0
116,120,100.136464175959,4.72165874728186,0.669574377733008,0,101,120000,0,1
116,120,100.136464175959,4.72165874728186,0.669574377733008,7.59,0,0,785,0
116,120,100.136464175959,4.72165874728186,0.669574377733008,14.66,0,0,508,0
116,120,100.136464175959,4.72165874728186,0.669574377733008,17.66,0,0,589,0
116,120,100.136464175959,4.72165874728186,0.669574377733008,23.89,0,0,288,0
117,120,44.7896516863174,2.47666562104997,1.00358561623576,0,101,120000,0,1
117,120,44.7896516863174,2.47666562104997,1.00358561623576,5.29,0,0,2236,0
117,120,44.7896516863174,2.47666562104997,1.00358561623576,11.52,0,0,1675,0
117,120,44.7896516863174,2.47666562104997,1.00358561623576,18.26,0,0,1080,0
117,120,44.7896516863174,2.47666562104997,1.00358561623576,19.88,0,0,950,0
118,120,66.2734481157193,7.96769274174096,0.937708898927232,0,101,120000,0,1
118,120,66.2734481157193,7.96769274174096,0.937708898927232,7.21,0,0,1408,0
118,120,66.2734481157193,7.96769274174096,0.937708898927232,8.31,0,0,851,0
118,120,66.2734481157193,7.96769274174096,0.937708898927232,9.34,0,0,712,0
118,120,66.2734481157193,7.96769274174096,0.937708898927232,13.8,0,0,372,0
119,120,70.4813637866997,3.24321413209025,1.05809218612805,0,101,120000,0,1
119,120,70.4813637866997,3.24321413209025,1.05809218612805,0.36,0,0,652,0
119,120,70.4813637866997,3.24321413209025,1.05809218612805,9.65,0,0,1345,0
119,120,70.4813637866997,3.24321413209025,1.05809218612805,16.61,0,0,907,0
119,120,70.4813637866997,3.24321413209025,1.05809218612805,19.14,0,0,431,0
120,120,125.216222656248,4.06244100206871,0.936587554390888,0,101,120000,0,1
120,120,125.216222656248,4.06244100206871,0.936587554390888,2.65,0,0,1104,0
120,120,125.216222656248,4.06244100206871,0.936587554390888,6.61,0,0,758,0
120,120,125.216222656248,4.06244100206871,0.936587554390888,12.04,0,0,694,0
120,120,125.216222656248,4.06244100206871,0.936587554390888,21.83,0,0,407,0
