ID,DOSE,V,CL,KA,TIME,EVID,AMT,DV,EVIDNM
1,10,58.9985785895292,3.59206888388176,1.48308994526658,0,101,10000,0,1
1,10,58.9985785895292,3.59206888388176,1.48308994526658,4.51,0,0,101,0
1,10,58.9985785895292,3.59206888388176,1.48308994526658,7.09,0,0,105,0
1,10,58.9985785895292,3.59206888388176,1.48308994526658,9.78,0,0,90,0
1,10,58.9985785895292,3.59206888388176,1.48308994526658,20.41,0,0,59,0
2,10,42.0599853026954,5.18766943841435,1.27092905896533,0,101,10000,0,1
2,10,42.0599853026954,5.18766943841435,1.27092905896533,3.32,0,0,199,0
2,10,42.0599853026954,5.18766943841435,1.27092905896533,3.99,0,0,146,0
2,10,42.0599853026954,5.18766943841435,1.27092905896533,6.88,0,0,123,0
2,10,42.0599853026954,5.18766943841435,1.27092905896533,7.01,0,0,117,0
3,10,87.9891970643197,2.41107020111021,0.891674343724735,0,101,10000,0,1
3,10,87.9891970643197,2.41107020111021,0.891674343724735,16.02,0,0,62,0
3,10,87.9891970643197,2.41107020111021,0.891674343724735,16.81,0,0,92,0
3,10,87.9891970643197,2.41107020111021,0.891674343724735,21.54,0,0,53,0
3,10,87.9891970643197,2.41107020111021,0.891674343724735,23.21,0,0,66,0
4,10,55.9111929349236,4.34358964620262,1.30686377187539,0,101,10000,0,1
4,10,55.9111929349236,4.34358964620262,1.30686377187539,2.17,0,0,157,0
4,10,55.9111929349236,4.34358964620262,1.30686377187539,13.46,0,0,59,0
4,10,55.9111929349236,4.34358964620262,1.30686377187539,18.33,0,0,50,0
4,10,55.9111929349236,4.34358964620262,1.30686377187539,21.68,0,0,40,0
5,10,52.2073759183118,4.60751679939259,0.809797576245414,0,101,10000,0,1
5,10,52.2073759183118,4.60751679939259,0.809797576245414,0.32,0,0,43,0
5,10,52.2073759183118,4.60751679939259,0.809797576245414,4.92,0,0,153,0
5,10,52.2073759183118,4.60751679939259,0.809797576245414,12.07,0,0,78,0
5,10,52.2073759183118,4.60751679939259,0.809797576245414,15.62,0,0,67,0
6,10,66.5657516611091,2.38044525980989,0.649680786929577,0,101,10000,0,1
6,10,66.5657516611091,2.38044525980989,0.649680786929577,5.31,0,0,128,0
6,10,66.5657516611091,2.38044525980989,0.649680786929577,9.48,0,0,120,0
6,10,66.5657516611091,2.38044525980989,0.649680786929577,13.4,0,0,66,0
6,10,66.5657516611091,2.38044525980989,0.649680786929577,22.08,0,0,82,0
7,10,66.4477006052633,4.71556092576704,1.19185102506963,0,101,10000,0,1
7,10,66.4477006052633,4.71556092576704,1.19185102506963,0.61,0,0,99,0
7,10,66.4477006052633,4.71556092576704,1.19185102506963,3.99,0,0,103,0
7,10,66.4477006052633,4.71556092576704,1.19185102506963,7.39,0,0,96,0
7,10,66.4477006052633,4.71556092576704,1.19185102506963,16.64,0,0,43,0
8,10,71.2997333904244,3.16497665000746,0.740602983139125,0,101,10000,0,1
8,10,71.2997333904244,3.16497665000746,0.740602983139125,4.97,0,0,94,0
8,10,71.2997333904244,3.16497665000746,0.740602983139125,7.08,0,0,136,0
8,10,71.2997333904244,3.16497665000746,0.740602983139125,15.69,0,0,49,0
8,10,71.2997333904244,3.16497665000746,0.740602983139125,23.02,0,0,80,0
9,10,42.9057394100863,4.87147124744322,1.18123256889068,0,101,10000,0,1
9,10,42.9057394100863,4.87147124744322,1.18123256889068,0.71,0,0,128,0
9,10,42.9057394100863,4.87147124744322,1.18123256889068,3.37,0,0,219,0
9,10,42.9057394100863,4.87147124744322,1.18123256889068,9.11,0,0,113,0
9,10,42.9057394100863,4.87147124744322,1.18123256889068,22.19,0,0,20,0
10,10,62.7056214813519,3.63462462871426,1.21367392492719,0,101,10000,0,1
10,10,62.7056214813519,3.63462462871426,1.21367392492719,0.65,0,0,75,0
10,10,62.7056214813519,3.63462462871426,1.21367392492719,7.46,0,0,123,0
10,10,62.7056214813519,3.63462462871426,1.21367392492719,14.2,0,0,56,0
10,10,62.7056214813519,3.63462462871426,1.21367392492719,23.75,0,0,46,0
11,10,77.0010293428129,3.12378686202255,1.11316750708813,0,101,10000,0,1
11,10,77.0010293428129,3.12378686202255,1.11316750708813,1.99,0,0,136,0
11,10,77.0010293428129,3.12378686202255,1.11316750708813,2.57,0,0,144,0
11,10,77.0010293428129,3.12378686202255,1.11316750708813,10.3,0,0,108,0
11,10,77.0010293428129,3.12378686202255,1.11316750708813,18.54,0,0,60,0
12,10,85.4365931071427,4.98779252641228,0.889014151573999,0,101,10000,0,1
12,10,85.4365931071427,4.98779252641228,0.889014151573999,4.05,0,0,99,0
12,10,85.4365931071427,4.98779252641228,0.889014151573999,4.54,0,0,126,0
12,10,85.4365931071427,4.98779252641228,0.889014151573999,16.04,0,0,46,0
12,10,85.4365931071427,4.98779252641228,0.889014151573999,16.52,0,0,46,0
13,10,62.0687711255842,5.03516711203213,0.718753293767224,0,101,10000,0,1
13,10,62.0687711255842,5.03516711203213,0.718753293767224,2.91,0,0,125,0
13,10,62.0687711255842,5.03516711203213,0.718753293767224,13.56,0,0,66,0
13,10,62.0687711255842,5.03516711203213,0.718753293767224,18.88,0,0,47,0
13,10,62.0687711255842,5.03516711203213,0.718753293767224,23.76,0,0,20,0
14,10,42.3008369355865,3.95139476907629,0.77297887664876,0,101,10000,0,1
14,10,42.3008369355865,3.95139476907629,0.77297887664876,4.3,0,0,184,0
14,10,42.3008369355865,3.95139476907629,0.77297887664876,8.72,0,0,155,0
14,10,42.3008369355865,3.95139476907629,0.77297887664876,17.22,0,0,69,0
14,10,42.3008369355865,3.95139476907629,0.77297887664876,18.08,0,0,52,0
15,10,83.5294404851577,3.71726464326696,1.24258705808559,0,101,10000,0,1
15,10,83.5294404851577,3.71726464326696,1.24258705808559,0.12,0,0,17,0
15,10,83.5294404851577,3.71726464326696,1.24258705808559,1.94,0,0,114,0
15,10,83.5294404851577,3.71726464326696,1.24258705808559,6.71,0,0,72,0
15,10,83.5294404851577,3.71726464326696,1.24258705808559,15.78,0,0,61,0
16,10,68.0352268004786,2.45313294290635,1.23967871168182,0,101,10000,0,1
16,10,68.0352268004786,2.45313294290635,1.23967871168182,1.34,0,0,125,0
16,10,68.0352268004786,2.45313294290635,1.23967871168182,2.39,0,0,103,0
16,10,68.0352268004786,2.45313294290635,1.23967871168182,16.46,0,0,110,0
16,10,68.0352268004786,2.45313294290635,1.23967871168182,20.66,0,0,70,0
17,10,52.9344989876369,4.90288489419429,1.21985252806282,0,101,10000,0,1
17,10,52.9344989876369,4.90288489419429,1.21985252806282,3.8,0,0,136,0
17,10,52.9344989876369,4.90288489419429,1.21985252806282,7.92,0,0,108,0
17,10,52.9344989876369,4.90288489419429,1.21985252806282,9.85,0,0,96,0
17,10,52.9344989876369,4.90288489419429,1.21985252806282,12.52,0,0,51,0
18,10,54.2573646070108,2.80964257681894,0.696919251226752,0,101,10000,0,1
18,10,54.2573646070108,2.80964257681894,0.696919251226752,12.41,0,0,76,0
18,10,54.2573646070108,2.80964257681894,0.696919251226752,15.81,0,0,100,0
18,10,54.2573646070108,2.80964257681894,0.696919251226752,18.04,0,0,90,0
18,10,54.2573646070108,2.80964257681894,0.696919251226752,22.39,0,0,74,0
19,10,69.2299757148697,5.09028149086458,1.71569669990794,0,101,10000,0,1
19,10,69.2299757148697,5.09028149086458,1.71569669990794,3.58,0,0,76,0
19,10,69.2299757148697,5.09028149086458,1.71569669990794,10.02,0,0,59,0
19,10,69.2299757148697,5.09028149086458,1.71569669990794,14.5,0,0,63,0
19,10,69.2299757148697,5.09028149086458,1.71569669990794,15.45,0,0,33,0
20,10,91.1434415999732,3.58091436560554,1.10278867075663,0,101,10000,0,1
20,10,91.1434415999732,3.58091436560554,1.10278867075663,4.82,0,0,83,0
20,10,91.1434415999732,3.58091436560554,1.10278867075663,8.13,0,0,73,0
20,10,91.1434415999732,3.58091436560554,1.10278867075663,9.76,0,0,88,0
20,10,91.1434415999732,3.58091436560554,1.10278867075663,22.74,0,0,40,0
21,10,74.4378412067567,2.90060178175532,0.85233776704237,0,101,10000,0,1
21,10,74.4378412067567,2.90060178175532,0.85233776704237,1.64,0,0,112,0
21,10,74.4378412067567,2.90060178175532,0.85233776704237,14.1,0,0,77,0
21,10,74.4378412067567,2.90060178175532,0.85233776704237,19.93,0,0,57,0
21,10,74.4378412067567,2.90060178175532,0.85233776704237,23.3,0,0,62,0
22,10,80.5650497330649,2.29993919360712,1.46470554670129,0,101,10000,0,1
22,10,80.5650497330649,2.29993919360712,1.46470554670129,7.13,0,0,93,0
22,10,80.5650497330649,2.29993919360712,1.46470554670129,13.28,0,0,85,0
22,10,80.5650497330649,2.29993919360712,1.46470554670129,14.29,0,0,124,0
22,10,80.5650497330649,2.29993919360712,1.46470554670129,17.91,0,0,97,0
23,10,114.585650372906,3.43311215492493,0.763662614823253,0,101,10000,0,1
23,10,114.585650372906,3.43311215492493,0.763662614823253,10.7,0,0,53,0
23,10,114.585650372906,3.43311215492493,0.763662614823253,11.94,0,0,57,0
23,10,114.585650372906,3.43311215492493,0.763662614823253,18.48,0,0,36,0
23,10,114.585650372906,3.43311215492493,0.763662614823253,21.15,0,0,36,0
24,10,103.567336664554,5.3952379496466,0.941991562975434,0,101,10000,0,1
24,10,103.567336664554,5.3952379496466,0.941991562975434,6.07,0,0,71,0
24,10,103.567336664554,5.3952379496466,0.941991562975434,6.19,0,0,112,0
24,10,103.567336664554,5.3952379496466,0.941991562975434,9.41,0,0,65,0
24,10,103.567336664554,5.3952379496466,0.941991562975434,22.59,0,0,38,0
25,10,72.2530354962628,5.45533625997629,0.676145083942466,0,101,10000,0,1
25,10,72.2530354962628,5.45533625997629,0.676145083942466,1.6,0,0,72,0
25,10,72.2530354962628,5.45533625997629,0.676145083942466,7.01,0,0,106,0
25,10,72.2530354962628,5.45533625997629,0.676145083942466,15.98,0,0,48,0
25,10,72.2530354962628,5.45533625997629,0.676145083942466,18.21,0,0,34,0
26,10,39.9770520528432,3.87989237032549,1.0103719112971,0,101,10000,0,1
26,10,39.9770520528432,3.87989237032549,1.0103719112971,2.44,0,0,158,0
26,10,39.9770520528432,3.87989237032549,1.0103719112971,2.51,0,0,139,0
26,10,39.9770520528432,3.87989237032549,1.0103719112971,9.51,0,0,104,0
26,10,39.9770520528432,3.87989237032549,1.0103719112971,20.89,0,0,28,0
27,10,84.0729956868299,3.25626465462689,1.08988606816969,0,101,10000,0,1
27,10,84.0729956868299,3.25626465462689,1.08988606816969,13.69,0,0,71,0
27,10,84.0729956868299,3.25626465462689,1.08988606816969,15.31,0,0,94,0
27,10,84.0729956868299,3.25626465462689,1.08988606816969,16.09,0,0,68,0
27,10,84.0729956868299,3.25626465462689,1.08988606816969,16.8,0,0,73,0
28,10,60.8207039211325,2.76688244626902,1.13518345404859,0,101,10000,0,1
28,10,60.8207039211325,2.76688244626902,1.13518345404859,7.05,0,0,135,0
28,10,60.8207039211325,2.76688244626902,1.13518345404859,8.38,0,0,147,0
28,10,60.8207039211325,2.76688244626902,1.13518345404859,8.5,0,0,95,0
28,10,60.8207039211325,2.76688244626902,1.13518345404859,15.6,0,0,103,0
29,10,49.7036912824311,4.70660899856234,1.05307214936092,0,101,10000,0,1
29,10,49.7036912824311,4.70660899856234,1.05307214936092,8.75,0,0,62,0
29,10,49.7036912824311,4.70660899856234,1.05307214936092,12.52,0,0,69,0
29,10,49.7036912824311,4.70660899856234,1.05307214936092,14.81,0,0,51,0
29,10,49.7036912824311,4.70660899856234,1.05307214936092,21.66,0,0,30,0
30,10,69.088390895279,3.86555027248512,1.63057939045405,0,101,10000,0,1
30,10,69.088390895279,3.86555027248512,1.63057939045405,2.92,0,0,130,0
30,10,69.088390895279,3.86555027248512,1.63057939045405,3.41,0,0,157,0
30,10,69.088390895279,3.86555027248512,1.63057939045405,6.21,0,0,97,0
30,10,69.088390895279,3.86555027248512,1.63057939045405,10.81,0,0,81,0
31,30,38.7078867092597,7.3449340056111,1.12318580916407,0,101,30000,0,1
31,30,38.7078867092597,7.3449340056111,1.12318580916407,4.08,0,0,378,0
31,30,38.7078867092597,7.3449340056111,1.12318580916407,10.14,0,0,96,0
31,30,38.7078867092597,7.3449340056111,1.12318580916407,13.46,0,0,81,0
31,30,38.7078867092597,7.3449340056111,1.12318580916407,23.98,0,0,10,0
32,30,53.0891183697538,2.91968181452433,1.03618589297476,0,101,30000,0,1
32,30,53.0891183697538,2.91968181452433,1.03618589297476,3.55,0,0,509,0
32,30,53.0891183697538,2.91968181452433,1.03618589297476,7.66,0,0,284,0
32,30,53.0891183697538,2.91968181452433,1.03618589297476,9.14,0,0,423,0
32,30,53.0891183697538,2.91968181452433,1.03618589297476,22.94,0,0,167,0
33,30,74.9669830038134,2.9438151965641,0.936460863297743,0,101,30000,0,1
33,30,74.9669830038134,2.9438151965641,0.936460863297743,5.29,0,0,359,0
33,30,74.9669830038134,2.9438151965641,0.936460863297743,10.27,0,0,336,0
33,30,74.9669830038134,2.9438151965641,0.936460863297743,15.65,0,0,259,0
33,30,74.9669830038134,2.9438151965641,0.936460863297743,21.15,0,0,215,0
34,30,125.361118908541,3.70299266233156,1.10506476869595,0,101,30000,0,1
34,30,125.361118908541,3.70299266233156,1.10506476869595,3.83,0,0,207,0
34,30,125.361118908541,3.70299266233156,1.10506476869595,8.31,0,0,185,0
34,30,125.361118908541,3.70299266233156,1.10506476869595,9.77,0,0,227,0
34,30,125.361118908541,3.70299266233156,1.10506476869595,14.77,0,0,104,0
35,30,83.9769291894004,4.08240643718858,1.11739691787904,0,101,30000,0,1
35,30,83.9769291894004,4.08240643718858,1.11739691787904,2.27,0,0,272,0
35,30,83.9769291894004,4.08240643718858,1.11739691787904,4.35,0,0,369,0
35,30,83.9769291894004,4.08240643718858,1.11739691787904,14.94,0,0,197,0
35,30,83.9769291894004,4.08240643718858,1.11739691787904,18.7,0,0,175,0
36,30,119.286365225404,3.14961347365522,1.13501028283505,0,101,30000,0,1
36,30,119.286365225404,3.14961347365522,1.13501028283505,0.19,0,0,62,0
36,30,119.286365225404,3.14961347365522,1.13501028283505,0.57,0,0,93,0
36,30,119.286365225404,3.14961347365522,1.13501028283505,9.74,0,0,218,0
36,30,119.286365225404,3.14961347365522,1.13501028283505,12.79,0,0,164,0
37,30,43.9942902910256,4.61378648496598,1.44633871346228,0,101,30000,0,1
37,30,43.9942902910256,4.61378648496598,1.44633871346228,11.17,0,0,344,0
37,30,43.9942902910256,4.61378648496598,1.44633871346228,16.57,0,0,128,0
37,30,43.9942902910256,4.61378648496598,1.44633871346228,17.66,0,0,126,0
37,30,43.9942902910256,4.61378648496598,1.44633871346228,17.7,0,0,145,0
38,30,58.2549000412691,5.62959540640491,0.621183319240624,0,101,30000,0,1
38,30,58.2549000412691,5.62959540640491,0.621183319240624,13.49,0,0,193,0
38,30,58.2549000412691,5.62959540640491,0.621183319240624,13.64,0,0,222,0
38,30,58.2549000412691,5.62959540640491,0.621183319240624,18.68,0,0,74,0
38,30,58.2549000412691,5.62959540640491,0.621183319240624,19.25,0,0,106,0
39,30,56.8690465721662,5.3723958297494,0.743999972071332,0,101,30000,0,1
39,30,56.8690465721662,5.3723958297494,0.743999972071332,2.1,0,0,295,0
39,30,56.8690465721662,5.3723958297494,0.743999972071332,2.96,0,0,308,0
39,30,56.8690465721662,5.3723958297494,0.743999972071332,8.48,0,0,260,0
39,30,56.8690465721662,5.3723958297494,0.743999972071332,10.94,0,0,177,0
40,30,50.9409691708836,4.26435139921605,0.801657755094189,0,101,30000,0,1
40,30,50.9409691708836,4.26435139921605,0.801657755094189,5.13,0,0,496,0
40,30,50.9409691708836,4.26435139921605,0.801657755094189,5.92,0,0,342,0
40,30,50.9409691708836,4.26435139921605,0.801657755094189,14.89,0,0,157,0
40,30,50.9409691708836,4.26435139921605,0.801657755094189,20.45,0,0,142,0
41,30,38.2047521797653,2.73855365343179,0.945849160224415,0,101,30000,0,1
41,30,38.2047521797653,2.73855365343179,0.945849160224415,13.99,0,0,232,0
41,30,38.2047521797653,2.73855365343179,0.945849160224415,14.29,0,0,336,0
41,30,38.2047521797653,2.73855365343179,0.945849160224415,20.98,0,0,195,0
41,30,38.2047521797653,2.73855365343179,0.945849160224415,22.38,0,0,148,0
42,30,107.679634435586,4.34377098337181,1.00488438695792,0,101,30000,0,1
42,30,107.679634435586,4.34377098337181,1.00488438695792,2.01,0,0,288,0
42,30,107.679634435586,4.34377098337181,1.00488438695792,3.19,0,0,196,0
42,30,107.679634435586,4.34377098337181,1.00488438695792,13.37,0,0,179,0
42,30,107.679634435586,4.34377098337181,1.00488438695792,19.18,0,0,158,0
43,30,91.7691275268322,5.14429812014417,1.03181291930739,0,101,30000,0,1
43,30,91.7691275268322,5.14429812014417,1.03181291930739,0.24,0,0,94,0
43,30,91.7691275268322,5.14429812014417,1.03181291930739,3.96,0,0,320,0
43,30,91.7691275268322,5.14429812014417,1.03181291930739,10.55,0,0,163,0
43,30,91.7691275268322,5.14429812014417,1.03181291930739,13.71,0,0,192,0
44,30,53.5897617881304,4.81169178889728,1.00797993222616,0,101,30000,0,1
44,30,53.5897617881304,4.81169178889728,1.00797993222616,1.68,0,0,502,0
44,30,53.5897617881304,4.81169178889728,1.00797993222616,22.9,0,0,93,0
44,30,53.5897617881304,4.81169178889728,1.00797993222616,23.64,0,0,78,0
44,30,53.5897617881304,4.81169178889728,1.00797993222616,23.82,0,0,80,0
45,30,48.6873988415797,6.15389094778979,1.14593571108275,0,101,30000,0,1
45,30,48.6873988415797,6.15389094778979,1.14593571108275,2.84,0,0,554,0
45,30,48.6873988415797,6.15389094778979,1.14593571108275,13.68,0,0,113,0
45,30,48.6873988415797,6.15389094778979,1.14593571108275,14.69,0,0,96,0
45,30,48.6873988415797,6.15389094778979,1.14593571108275,15.32,0,0,91,0
46,30,60.4014457211876,3.02452276132804,0.798593039504233,0,101,30000,0,1
46,30,60.4014457211876,3.02452276132804,0.798593039504233,4.04,0,0,358,0
46,30,60.4014457211876,3.02452276132804,0.798593039504233,12.49,0,0,262,0
46,30,60.4014457211876,3.02452276132804,0.798593039504233,16.29,0,0,263,0
46,30,60.4014457211876,3.02452276132804,0.798593039504233,22.86,0,0,170,0
47,30,59.8941975981503,7.31667051413283,0.891080642244128,0,101,30000,0,1
47,30,59.8941975981503,7.31667051413283,0.891080642244128,3.18,0,0,233,0
47,30,59.8941975981503,7.31667051413283,0.891080642244128,3.55,0,0,348,0
47,30,59.8941975981503,7.31667051413283,0.891080642244128,9.31,0,0,187,0
47,30,59.8941975981503,7.31667051413283,0.891080642244128,20.1,0,0,43,0
48,30,118.478042805109,4.35153812707728,1.17549483879853,0,101,30000,0,1
48,30,118.478042805109,4.35153812707728,1.17549483879853,0.14,0,0,41,0
48,30,118.478042805109,4.35153812707728,1.17549483879853,1.38,0,0,206,0
48,30,118.478042805109,4.35153812707728,1.17549483879853,7.54,0,0,166,0
48,30,118.478042805109,4.35153812707728,1.17549483879853,7.76,0,0,171,0
49,30,50.978753803415,3.60204374308874,1.37643680670506,0,101,30000,0,1
49,30,50.978753803415,3.60204374308874,1.37643680670506,0.28,0,0,193,0
49,30,50.978753803415,3.60204374308874,1.37643680670506,11.22,0,0,306,0
49,30,50.978753803415,3.60204374308874,1.37643680670506,11.97,0,0,299,0
49,30,50.978753803415,3.60204374308874,1.37643680670506,13.03,0,0,340,0
50,30,43.2734984188143,3.00783784805411,0.583848706795509,0,101,30000,0,1
50,30,43.2734984188143,3.00783784805411,0.583848706795509,2.49,0,0,397,0
50,30,43.2734984188143,3.00783784805411,0.583848706795509,4.94,0,0,521,0
50,30,43.2734984188143,3.00783784805411,0.583848706795509,6.59,0,0,446,0
50,30,43.2734984188143,3.00783784805411,0.583848706795509,17.31,0,0,212,0
51,30,86.5888614464595,5.01800488587504,1.53119315582646,0,101,30000,0,1
51,30,86.5888614464595,5.01800488587504,1.53119315582646,0.38,0,0,152,0
51,30,86.5888614464595,5.01800488587504,1.53119315582646,5.81,0,0,259,0
51,30,86.5888614464595,5.01800488587504,1.53119315582646,14.18,0,0,132,0
51,30,86.5888614464595,5.01800488587504,1.53119315582646,22.63,0,0,83,0
52,30,60.8009857673843,4.61719372163948,0.83545846491673,0,101,30000,0,1
52,30,60.8009857673843,4.61719372163948,0.83545846491673,2.7,0,0,331,0
52,30,60.8009857673843,4.61719372163948,0.83545846491673,3.43,0,0,399,0
52,30,60.8009857673843,4.61719372163948,0.83545846491673,11.57,0,0,264,0
52,30,60.8009857673843,4.61719372163948,0.83545846491673,13.85,0,0,178,0
53,30,57.0634064186033,4.42770336656142,1.33254542795362,0,101,30000,0,1
53,30,57.0634064186033,4.42770336656142,1.33254542795362,6.69,0,0,278,0
53,30,57.0634064186033,4.42770336656142,1.33254542795362,7.69,0,0,260,0
53,30,57.0634064186033,4.42770336656142,1.33254542795362,8.66,0,0,265,0
53,30,57.0634064186033,4.42770336656142,1.33254542795362,15.54,0,0,126,0
54,30,83.6886894690544,5.77189637985792,0.863318327581641,0,101,30000,0,1
54,30,83.6886894690544,5.77189637985792,0.863318327581641,12.42,0,0,175,0
54,30,83.6886894690544,5.77189637985792,0.863318327581641,20.81,0,0,88,0
54,30,83.6886894690544,5.77189637985792,0.863318327581641,23.52,0,0,77,0
54,30,83.6886894690544,5.77189637985792,0.863318327581641,23.7,0,0,83,0
55,30,92.5991389555775,4.19828155719977,0.974898511080895,0,101,30000,0,1
55,30,92.5991389555775,4.19828155719977,0.974898511080895,8.63,0,0,226,0
55,30,92.5991389555775,4.19828155719977,0.974898511080895,9.75,0,0,223,0
55,30,92.5991389555775,4.19828155719977,0.974898511080895,17.92,0,0,159,0
55,30,92.5991389555775,4.19828155719977,0.974898511080895,18.78,0,0,161,0
56,30,63.5822618982388,4.37759993411215,0.394973361906175,0,101,30000,0,1
56,30,63.5822618982388,4.37759993411215,0.394973361906175,10.38,0,0,291,0
56,30,63.5822618982388,4.37759993411215,0.394973361906175,16.74,0,0,211,0
56,30,63.5822618982388,4.37759993411215,0.394973361906175,19.93,0,0,130,0
56,30,63.5822618982388,4.37759993411215,0.394973361906175,21.2,0,0,108,0
57,30,49.2263400216635,5.22779639995108,0.875828491990728,0,101,30000,0,1
57,30,49.2263400216635,5.22779639995108,0.875828491990728,11.57,0,0,242,0
57,30,49.2263400216635,5.22779639995108,0.875828491990728,11.77,0,0,182,0
57,30,49.2263400216635,5.22779639995108,0.875828491990728,15.89,0,0,161,0
57,30,49.2263400216635,5.22779639995108,0.875828491990728,17.52,0,0,95,0
58,30,51.0404156521863,2.58569163352602,0.811400525299613,0,101,30000,0,1
58,30,51.0404156521863,2.58569163352602,0.811400525299613,11.59,0,0,298,0
58,30,51.0404156521863,2.58569163352602,0.811400525299613,14.72,0,0,346,0
58,30,51.0404156521863,2.58569163352602,0.811400525299613,19.05,0,0,253,0
58,30,51.0404156521863,2.58569163352602,0.811400525299613,23.45,0,0,263,0
59,30,54.1622349900677,3.31040760988114,1.15712784197763,0,101,30000,0,1
59,30,54.1622349900677,3.31040760988114,1.15712784197763,4.23,0,0,525,0
59,30,54.1622349900677,3.31040760988114,1.15712784197763,9.23,0,0,272,0
59,30,54.1622349900677,3.31040760988114,1.15712784197763,14.95,0,0,200,0
59,30,54.1622349900677,3.31040760988114,1.15712784197763,20.42,0,0,140,0
60,30,65.8092766864632,2.7182032134172,2.66708961473479,0,101,30000,0,1
60,30,65.8092766864632,2.7182032134172,2.66708961473479,5.02,0,0,468,0
60,30,65.8092766864632,2.7182032134172,2.66708961473479,7.4,0,0,488,0
60,30,65.8092766864632,2.7182032134172,2.66708961473479,22.03,0,0,219,0
60,30,65.8092766864632,2.7182032134172,2.66708961473479,23.66,0,0,145,0
61,60,44.7123032469801,3.9496761022575,0.85538830701991,0,101,60000,0,1
61,60,44.7123032469801,3.9496761022575,0.85538830701991,6.1,0,0,809,0
61,60,44.7123032469801,3.9496761022575,0.85538830701991,7.17,0,0,635,0
61,60,44.7123032469801,3.9496761022575,0.85538830701991,8.1,0,0,602,0
61,60,44.7123032469801,3.9496761022575,0.85538830701991,11.88,0,0,496,0
62,60,91.9080208643574,7.69357055927311,1.64638816088642,0,101,60000,0,1
62,60,91.9080208643574,7.69357055927311,1.64638816088642,1.89,0,0,459,0
62,60,91.9080208643574,7.69357055927311,1.64638816088642,4.46,0,0,422,0
62,60,91.9080208643574,7.69357055927311,1.64638816088642,10.46,0,0,272,0
62,60,91.9080208643574,7.69357055927311,1.64638816088642,13.63,0,0,215,0
63,60,48.1611279966073,7.14548895217599,1.09711915661853,0,101,60000,0,1
63,60,48.1611279966073,7.14548895217599,1.09711915661853,0.16,0,0,198,0
63,60,48.1611279966073,7.14548895217599,1.09711915661853,10.11,0,0,303,0
63,60,48.1611279966073,7.14548895217599,1.09711915661853,17.14,0,0,138,0
63,60,48.1611279966073,7.14548895217599,1.09711915661853,18.68,0,0,101,0
64,60,52.9117708915461,4.39410191996848,0.592588530460565,0,101,60000,0,1
64,60,52.9117708915461,4.39410191996848,0.592588530460565,7.32,0,0,757,0
64,60,52.9117708915461,4.39410191996848,0.592588530460565,8.34,0,0,615,0
64,60,52.9117708915461,4.39410191996848,0.592588530460565,11.5,0,0,671,0
64,60,52.9117708915461,4.39410191996848,0.592588530460565,22.99,0,0,220,0
65,60,81.2124926064739,2.58444899557604,1.01102750398183,0,101,60000,0,1
65,60,81.2124926064739,2.58444899557604,1.01102750398183,3.33,0,0,592,0
65,60,81.2124926064739,2.58444899557604,1.01102750398183,17.78,0,0,696,0
65,60,81.2124926064739,2.58444899557604,1.01102750398183,18.61,0,0,290,0
65,60,81.2124926064739,2.58444899557604,1.01102750398183,19.1,0,0,293,0
66,60,80.6929459661898,9.0757099101844,0.99861814464749,0,101,60000,0,1
66,60,80.6929459661898,9.0757099101844,0.99861814464749,11.19,0,0,204,0
66,60,80.6929459661898,9.0757099101844,0.99861814464749,11.69,0,0,204,0
66,60,80.6929459661898,9.0757099101844,0.99861814464749,20.22,0,0,77,0
67,60,54.7017632716005,2.53887627027683,0.823980567118101,0,101,60000,0,1
67,60,54.7017632716005,2.53887627027683,0.823980567118101,2.42,0,0,967,0
67,60,54.7017632716005,2.53887627027683,0.823980567118101,4.44,0,0,829,0
67,60,54.7017632716005,2.53887627027683,0.823980567118101,13.88,0,0,532,0
67,60,54.7017632716005,2.53887627027683,0.823980567118101,15.12,0,0,631,0
68,60,62.1767576728628,3.71594254136916,0.979766733208274,0,101,60000,0,1
68,60,62.1767576728628,3.71594254136916,0.979766733208274,4.11,0,0,561,0
68,60,62.1767576728628,3.71594254136916,0.979766733208274,5,0,0,927,0
68,60,62.1767576728628,3.71594254136916,0.979766733208274,8.37,0,0,703,0
68,60,62.1767576728628,3.71594254136916,0.979766733208274,8.96,0,0,566,0
69,60,77.4659586114026,4.42312324315451,1.07189554252705,0,101,60000,0,1
69,60,77.4659586114026,4.42312324315451,1.07189554252705,2.01,0,0,575,0
69,60,77.4659586114026,4.42312324315451,1.07189554252705,3.02,0,0,536,0
69,60,77.4659586114026,4.42312324315451,1.07189554252705,4.31,0,0,625,0
69,60,77.4659586114026,4.42312324315451,1.07189554252705,5.56,0,0,655,0
70,60,57.485576171111,6.50264181971447,1.07568521549155,0,101,60000,0,1
70,60,57.485576171111,6.50264181971447,1.07568521549155,4.48,0,0,398,0
70,60,57.485576171111,6.50264181971447,1.07568521549155,11.67,0,0,477,0
70,60,57.485576171111,6.50264181971447,1.07568521549155,16.33,0,0,156,0
70,60,57.485576171111,6.50264181971447,1.07568521549155,23.56,0,0,66,0
71,60,60.3205105039584,3.83386296953087,1.0568428006754,0,101,60000,0,1
71,60,60.3205105039584,3.83386296953087,1.0568428006754,13.91,0,0,572,0
71,60,60.3205105039584,3.83386296953087,1.0568428006754,20.4,0,0,306,0
71,60,60.3205105039584,3.83386296953087,1.0568428006754,22.8,0,0,244,0
71,60,60.3205105039584,3.83386296953087,1.0568428006754,23.06,0,0,298,0
72,60,89.5028795431831,3.92441598272425,1.0720432655009,0,101,60000,0,1
72,60,89.5028795431831,3.92441598272425,1.0720432655009,6.62,0,0,470,0
72,60,89.5028795431831,3.92441598272425,1.0720432655009,11.9,0,0,389,0
72,60,89.5028795431831,3.92441598272425,1.0720432655009,14.92,0,0,459,0
72,60,89.5028795431831,3.92441598272425,1.0720432655009,22.72,0,0,189,0
73,60,58.0354721646657,2.41453868348806,1.16593485504279,0,101,60000,0,1
73,60,58.0354721646657,2.41453868348806,1.16593485504279,3.58,0,0,874,0
73,60,58.0354721646657,2.41453868348806,1.16593485504279,5.15,0,0,919,0
73,60,58.0354721646657,2.41453868348806,1.16593485504279,9.27,0,0,838,0
73,60,58.0354721646657,2.41453868348806,1.16593485504279,19.13,0,0,671,0
74,60,71.6391468620194,4.71792984771019,1.1936799539143,0,101,60000,0,1
74,60,71.6391468620194,4.71792984771019,1.1936799539143,2.35,0,0,550,0
74,60,71.6391468620194,4.71792984771019,1.1936799539143,14.83,0,0,384,0
74,60,71.6391468620194,4.71792984771019,1.1936799539143,20.66,0,0,218,0
74,60,71.6391468620194,4.71792984771019,1.1936799539143,21.9,0,0,170,0
75,60,78.150205992113,3.99917275740871,0.861877555800414,0,101,60000,0,1
75,60,78.150205992113,3.99917275740871,0.861877555800414,5.64,0,0,562,0
75,60,78.150205992113,3.99917275740871,0.861877555800414,9.21,0,0,945,0
75,60,78.150205992113,3.99917275740871,0.861877555800414,14.69,0,0,546,0
75,60,78.150205992113,3.99917275740871,0.861877555800414,15.88,0,0,461,0
76,60,62.0213353825875,5.01091838991005,0.944143751627638,0,101,60000,0,1
76,60,62.0213353825875,5.01091838991005,0.944143751627638,3.8,0,0,783,0
76,60,62.0213353825875,5.01091838991005,0.944143751627638,6.23,0,0,1112,0
76,60,62.0213353825875,5.01091838991005,0.944143751627638,7.09,0,0,691,0
76,60,62.0213353825875,5.01091838991005,0.944143751627638,20.43,0,0,159,0
77,60,41.5371689546112,4.56489283303292,1.74197112955077,0,101,60000,0,1
77,60,41.5371689546112,4.56489283303292,1.74197112955077,0.08,0,0,154,0
77,60,41.5371689546112,4.56489283303292,1.74197112955077,6.35,0,0,895,0
77,60,41.5371689546112,4.56489283303292,1.74197112955077,18.21,0,0,262,0
77,60,41.5371689546112,4.56489283303292,1.74197112955077,19.43,0,0,190,0
78,60,65.819546818212,3.12140803522297,0.677060646556143,0,101,60000,0,1
78,60,65.819546818212,3.12140803522297,0.677060646556143,20.32,0,0,341,0
78,60,65.819546818212,3.12140803522297,0.677060646556143,22.34,0,0,330,0
78,60,65.819546818212,3.12140803522297,0.677060646556143,22.45,0,0,300,0
78,60,65.819546818212,3.12140803522297,0.677060646556143,23.07,0,0,279,0
79,60,57.1775189773946,3.0193736918897,0.839020772244601,0,101,60000,0,1
79,60,57.1775189773946,3.0193736918897,0.839020772244601,7.63,0,0,847,0
79,60,57.1775189773946,3.0193736918897,0.839020772244601,13.59,0,0,342,0
79,60,57.1775189773946,3.0193736918897,0.839020772244601,13.94,0,0,354,0
79,60,57.1775189773946,3.0193736918897,0.839020772244601,21.45,0,0,439,0
80,60,82.8712600339541,3.91371170899889,0.581365100755389,0,101,60000,0,1
80,60,82.8712600339541,3.91371170899889,0.581365100755389,3.25,0,0,597,0
80,60,82.8712600339541,3.91371170899889,0.581365100755389,8.21,0,0,436,0
80,60,82.8712600339541,3.91371170899889,0.581365100755389,8.58,0,0,433,0
80,60,82.8712600339541,3.91371170899889,0.581365100755389,16.19,0,0,470,0
81,60,41.9080460878838,4.34595439015407,0.941192116781958,0,101,60000,0,1
81,60,41.9080460878838,4.34595439015407,0.941192116781958,14.24,0,0,373,0
81,60,41.9080460878838,4.34595439015407,0.941192116781958,15.12,0,0,315,0
81,60,41.9080460878838,4.34595439015407,0.941192116781958,20.95,0,0,173,0
81,60,41.9080460878838,4.34595439015407,0.941192116781958,22.84,0,0,241,0
82,60,63.9930776842089,5.42979375558977,0.709824709937336,0,101,60000,0,1
82,60,63.9930776842089,5.42979375558977,0.709824709937336,0.09,0,0,51,0
82,60,63.9930776842089,5.42979375558977,0.709824709937336,11.6,0,0,360,0
82,60,63.9930776842089,5.42979375558977,0.709824709937336,22.57,0,0,167,0
82,60,63.9930776842089,5.42979375558977,0.709824709937336,22.6,0,0,126,0
83,60,46.5686215420176,2.90827370825493,1.5018433918651,0,101,60000,0,1
83,60,46.5686215420176,2.90827370825493,1.5018433918651,3.1,0,0,1454,0
83,60,46.5686215420176,2.90827370825493,1.5018433918651,11.98,0,0,688,0
83,60,46.5686215420176,2.90827370825493,1.5018433918651,14.45,0,0,593,0
83,60,46.5686215420176,2.90827370825493,1.5018433918651,17.55,0,0,457,0
84,60,104.430281660689,4.4633477801586,1.39603077693086,0,101,60000,0,1
84,60,104.430281660689,4.4633477801586,1.39603077693086,12.36,0,0,242,0
84,60,104.430281660689,4.4633477801586,1.39603077693086,17.86,0,0,186,0
84,60,104.430281660689,4.4633477801586,1.39603077693086,19.17,0,0,307,0
84,60,104.430281660689,4.4633477801586,1.39603077693086,21.6,0,0,208,0
85,60,68.3233753471497,2.93987704057242,2.06679064763684,0,101,60000,0,1
85,60,68.3233753471497,2.93987704057242,2.06679064763684,0.72,0,0,678,0
85,60,68.3233753471497,2.93987704057242,2.06679064763684,2.62,0,0,746,0
85,60,68.3233753471497,2.93987704057242,2.06679064763684,3.41,0,0,507,0
85,60,68.3233753471497,2.93987704057242,2.06679064763684,13.7,0,0,617,0
86,60,75.2115757617552,6.66624998312755,0.852419353659881,0,101,60000,0,1
86,60,75.2115757617552,6.66624998312755,0.852419353659881,5.7,0,0,544,0
86,60,75.2115757617552,6.66624998312755,0.852419353659881,5.9,0,0,512,0
86,60,75.2115757617552,6.66624998312755,0.852419353659881,6.77,0,0,472,0
86,60,75.2115757617552,6.66624998312755,0.852419353659881,20.11,0,0,102,0
87,60,61.7421457697509,6.00683428117657,1.36588186275931,0,101,60000,0,1
87,60,61.7421457697509,6.00683428117657,1.36588186275931,8.53,0,0,453,0
87,60,61.7421457697509,6.00683428117657,1.36588186275931,12.78,0,0,264,0
87,60,61.7421457697509,6.00683428117657,1.36588186275931,15.51,0,0,352,0
87,60,61.7421457697509,6.00683428117657,1.36588186275931,21.15,0,0,166,0
88,60,137.580271017703,4.96329548621273,1.18244309084783,0,101,60000,0,1
88,60,137.580271017703,4.96329548621273,1.18244309084783,1.95,0,0,263,0
88,60,137.580271017703,4.96329548621273,1.18244309084783,2.56,0,0,299,0
88,60,137.580271017703,4.96329548621273,1.18244309084783,5.06,0,0,369,0
88,60,137.580271017703,4.96329548621273,1.18244309084783,13.5,0,0,304,0
89,60,44.7889314278903,6.08416886285536,0.639429530460903,0,101,60000,0,1
89,60,44.7889314278903,6.08416886285536,0.639429530460903,0.41,0,0,371,0
89,60,44.7889314278903,6.08416886285536,0.639429530460903,5.42,0,0,1043,0
89,60,44.7889314278903,6.08416886285536,0.639429530460903,11.01,0,0,342,0
89,60,44.7889314278903,6.08416886285536,0.639429530460903,14.24,0,0,223,0
90,60,65.7548746096385,7.05273014442881,0.880306902285082,0,101,60000,0,1
90,60,65.7548746096385,7.05273014442881,0.880306902285082,7.32,0,0,737,0
90,60,65.7548746096385,7.05273014442881,0.880306902285082,15.05,0,0,226,0
90,60,65.7548746096385,7.05273014442881,0.880306902285082,17.32,0,0,136,0
90,60,65.7548746096385,7.05273014442881,0.880306902285082,20.57,0,0,76,0
91,120,76.789275755491,2.81276996038399,0.922272485458444,0,101,120000,0,1
91,120,76.789275755491,2.81276996038399,0.922272485458444,8.64,0,0,1239,0
91,120,76.789275755491,2.81276996038399,0.922272485458444,13.4,0,0,1286,0
91,120,76.789275755491,2.81276996038399,0.922272485458444,13.76,0,0,805,0
91,120,76.789275755491,2.81276996038399,0.922272485458444,23.85,0,0,581,0
92,120,73.6274031912603,3.16924111709683,1.16606713604937,0,101,120000,0,1
92,120,73.6274031912603,3.16924111709683,1.16606713604937,0.77,0,0,751,0
92,120,73.6274031912603,3.16924111709683,1.16606713604937,0.93,0,0,1092,0
92,120,73.6274031912603,3.16924111709683,1.16606713604937,1.9,0,0,1762,0
92,120,73.6274031912603,3.16924111709683,1.16606713604937,7.28,0,0,1392,0
93,120,89.8452018743815,3.60383140881647,1.51176868617995,0,101,120000,0,1
93,120,89.8452018743815,3.60383140881647,1.51176868617995,0.57,0,0,748,0
93,120,89.8452018743815,3.60383140881647,1.51176868617995,2.27,0,0,1458,0
93,120,89.8452018743815,3.60383140881647,1.51176868617995,5.86,0,0,1141,0
93,120,89.8452018743815,3.60383140881647,1.51176868617995,18.69,0,0,553,0
94,120,45.5323295898043,2.25157904028433,0.547182373563537,0,101,120000,0,1
94,120,45.5323295898043,2.25157904028433,0.547182373563537,5.92,0,0,2219,0
94,120,45.5323295898043,2.25157904028433,0.547182373563537,12.95,0,0,1532,0
94,120,45.5323295898043,2.25157904028433,0.547182373563537,13.7,0,0,1555,0
94,120,45.5323295898043,2.25157904028433,0.547182373563537,17.61,0,0,1086,0
95,120,60.7981937983778,3.42690158343878,1.00637358900975,0,101,120000,0,1
95,120,60.7981937983778,3.42690158343878,1.00637358900975,12.97,0,0,1225,0
95,120,60.7981937983778,3.42690158343878,1.00637358900975,15.98,0,0,1127,0
95,120,60.7981937983778,3.42690158343878,1.00637358900975,21.72,0,0,444,0
95,120,60.7981937983778,3.42690158343878,1.00637358900975,23.67,0,0,563,0
96,120,68.7987873154933,4.02091829881621,0.629221005036221,0,101,120000,0,1
96,120,68.7987873154933,4.02091829881621,0.629221005036221,16.13,0,0,464,0
96,120,68.7987873154933,4.02091829881621,0.629221005036221,17.01,0,0,641,0
96,120,68.7987873154933,4.02091829881621,0.629221005036221,21.06,0,0,472,0
96,120,68.7987873154933,4.02091829881621,0.629221005036221,22.06,0,0,437,0
97,120,67.0537303714559,4.43435454397457,1.10645313828922,0,101,120000,0,1
97,120,67.0537303714559,4.43435454397457,1.10645313828922,9.84,0,0,718,0
97,120,67.0537303714559,4.43435454397457,1.10645313828922,13.23,0,0,686,0
97,120,67.0537303714559,4.43435454397457,1.10645313828922,17.66,0,0,499,0
97,120,67.0537303714559,4.43435454397457,1.10645313828922,20.84,0,0,472,0
98,120,83.9617930801144,3.51976219426247,1.00903496085978,0,101,120000,0,1
98,120,83.9617930801144,3.51976219426247,1.00903496085978,5.06,0,0,1132,0
98,120,83.9617930801144,3.51976219426247,1.00903496085978,9.01,0,0,685,0
98,120,83.9617930801144,3.51976219426247,1.00903496085978,18.55,0,0,790,0
98,120,83.9617930801144,3.51976219426247,1.00903496085978,23.09,0,0,716,0
99,120,87.9562954832852,4.70215553483918,1.89033781264107,0,101,120000,0,1
99,120,87.9562954832852,4.70215553483918,1.89033781264107,5.22,0,0,1052,0
99,120,87.9562954832852,4.70215553483918,1.89033781264107,5.57,0,0,1114,0
99,120,87.9562954832852,4.70215553483918,1.89033781264107,11.26,0,0,1128,0
99,120,87.9562954832852,4.70215553483918,1.89033781264107,23.5,0,0,386,0
100,120,99.8734751774871,4.09676848551811,1.60370930157423,0,101,120000,0,1
100,120,99.8734751774871,4.09676848551811,1.60370930157423,12.7,0,0,874,0
100,120,99.8734751774871,4.09676848551811,1.60370930157423,16.94,0,0,448,0
100,120,99.8734751774871,4.09676848551811,1.60370930157423,21.09,0,0,464,0
100,120,99.8734751774871,4.09676848551811,1.60370930157423,23.89,0,0,363,0
101,120,136.273465806369,2.39387368896907,1.42730405986306,0,101,120000,0,1
101,120,136.273465806369,2.39387368896907,1.42730405986306,9.64,0,0,788,0
101,120,136.273465806369,2.39387368896907,1.42730405986306,13.48,0,0,653,0
101,120,136.273465806369,2.39387368896907,1.42730405986306,14.23,0,0,701,0
101,120,136.273465806369,2.39387368896907,1.42730405986306,20.7,0,0,534,0
102,120,68.8418154826557,3.87968770461438,1.18075101050637,0,101,120000,0,1
102,120,68.8418154826557,3.87968770461438,1.18075101050637,0.38,0,0,688,0
102,120,68.8418154826557,3.87968770461438,1.18075101050637,2.95,0,0,2115,0
102,120,68.8418154826557,3.87968770461438,1.18075101050637,6.94,0,0,1613,0
102,120,68.8418154826557,3.87968770461438,1.18075101050637,10.57,0,0,1085,0
103,120,117.718666306446,4.38953255946359,1.63138316828161,0,101,120000,0,1
103,120,117.718666306446,4.38953255946359,1.63138316828161,1.42,0,0,759,0
103,120,117.718666306446,4.38953255946359,1.63138316828161,8.42,0,0,776,0
103,120,117.718666306446,4.38953255946359,1.63138316828161,12.44,0,0,553,0
103,120,117.718666306446,4.38953255946359,1.63138316828161,12.44,0,0,525,0
104,120,73.6570961343584,4.88806798529636,1.53877567507498,0,101,120000,0,1
104,120,73.6570961343584,4.88806798529636,1.53877567507498,7.52,0,0,1542,0
104,120,73.6570961343584,4.88806798529636,1.53877567507498,8.05,0,0,918,0
104,120,73.6570961343584,4.88806798529636,1.53877567507498,11.1,0,0,820,0
104,120,73.6570961343584,4.88806798529636,1.53877567507498,15.15,0,0,689,0
105,120,27.7174751837566,3.8426054272568,0.824137466541637,0,101,120000,0,1
105,120,27.7174751837566,3.8426054272568,0.824137466541637,12.58,0,0,988,0
105,120,27.7174751837566,3.8426054272568,0.824137466541637,14.13,0,0,823,0
105,120,27.7174751837566,3.8426054272568,0.824137466541637,19.89,0,0,236,0
105,120,27.7174751837566,3.8426054272568,0.824137466541637,23.37,0,0,299,0
106,120,101.403853324975,2.15591280788608,0.797086487869144,0,101,120000,0,1
106,120,101.403853324975,2.15591280788608,0.797086487869144,6.91,0,0,1001,0
106,120,101.403853324975,2.15591280788608,0.797086487869144,11.13,0,0,962,0
106,120,101.403853324975,2.15591280788608,0.797086487869144,11.85,0,0,853,0
106,120,101.403853324975,2.15591280788608,0.797086487869144,18.98,0,0,761,0
107,120,97.7032690789735,3.43018639075599,0.62620199418101,0,101,120000,0,1
107,120,97.7032690789735,3.43018639075599,0.62620199418101,3.83,0,0,1160,0
107,120,97.7032690789735,3.43018639075599,0.62620199418101,6.37,0,0,795,0
107,120,97.7032690789735,3.43018639075599,0.62620199418101,11.28,0,0,999,0
107,120,97.7032690789735,3.43018639075599,0.62620199418101,16.95,0,0,965,0
108,120,86.1479267971645,4.1633125588688,1.0829166189052,0,101,120000,0,1
108,120,86.1479267971645,4.1633125588688,1.0829166189052,5.32,0,0,1510,0
108,120,86.1479267971645,4.1633125588688,1.0829166189052,7.41,0,0,1116,0
108,120,86.1479267971645,4.1633125588688,1.0829166189052,15.87,0,0,741,0
108,120,86.1479267971645,4.1633125588688,1.0829166189052,20.73,0,0,770,0
109,120,83.6894791944704,2.55521997583113,0.561738530346916,0,101,120000,0,1
109,120,83.6894791944704,2.55521997583113,0.561738530346916,0.41,0,0,397,0
109,120,83.6894791944704,2.55521997583113,0.561738530346916,3.55,0,0,1155,0
109,120,83.6894791944704,2.55521997583113,0.561738530346916,14.82,0,0,921,0
109,120,83.6894791944704,2.55521997583113,0.561738530346916,21.8,0,0,563,0
110,120,71.0439695564872,3.27360621868072,1.31510150935625,0,101,120000,0,1
110,120,71.0439695564872,3.27360621868072,1.31510150935625,4.47,0,0,1239,0
110,120,71.0439695564872,3.27360621868072,1.31510150935625,12.21,0,0,1190,0
110,120,71.0439695564872,3.27360621868072,1.31510150935625,16.28,0,0,666,0
110,120,71.0439695564872,3.27360621868072,1.31510150935625,17.25,0,0,841,0
111,120,93.4540510801077,5.13421119758396,1.18318621815785,0,101,120000,0,1
111,120,93.4540510801077,5.13421119758396,1.18318621815785,10.06,0,0,655,0
111,120,93.4540510801077,5.13421119758396,1.18318621815785,13.38,0,0,549,0
111,120,93.4540510801077,5.13421119758396,1.18318621815785,14.52,0,0,716,0
111,120,93.4540510801077,5.13421119758396,1.18318621815785,15.54,0,0,494,0
112,120,62.7134828210046,3.0545141957902,0.784749470906019,0,101,120000,0,1
112,120,62.7134828210046,3.0545141957902,0.784749470906019,6.31,0,0,1832,0
112,120,62.7134828210046,3.0545141957902,0.784749470906019,8.22,0,0,1564,0
112,120,62.7134828210046,3.0545141957902,0.784749470906019,19.7,0,0,702,0
112,120,62.7134828210046,3.0545141957902,0.784749470906019,21.17,0,0,626,0
113,120,91.8845762663999,5.3007175824965,1.13754727271329,0,101,120000,0,1
113,120,91.8845762663999,5.3007175824965,1.13754727271329,8.42,0,0,911,0
113,120,91.8845762663999,5.3007175824965,1.13754727271329,9.62,0,0,1156,0
113,120,91.8845762663999,5.3007175824965,1.13754727271329,11.46,0,0,662,0
113,120,91.8845762663999,5.3007175824965,1.13754727271329,16.88,0,0,513,0
114,120,64.3565454591885,3.01902137478381,0.515349650358803,0,101,120000,0,1
114,120,64.3565454591885,3.01902137478381,0.515349650358803,6.44,0,0,1832,0
114,120,64.3565454591885,3.01902137478381,0.515349650358803,7.29,0,0,1235,0
114,120,64.3565454591885,3.01902137478381,0.515349650358803,9.67,0,0,1404,0
114,120,64.3565454591885,3.01902137478381,0.515349650358803,23.31,0,0,500,0
115,120,62.9816050801263,2.9155997080135,1.09113587920406,0,101,120000,0,1
115,120,62.9816050801263,2.9155997080135,1.09113587920406,2.02,0,0,1764,0
115,120,62.9816050801263,2.9155997080135,1.09113587920406,2.76,0,0,1924,0
115,120,62.9816050801263,2.9155997080135,1.09113587920406,6.23,0,0,1486,0
115,120,62.9816050801263,2.9155997080135,1.09113587920406,22.55,0,0,878,0
116,120,45.3995805688166,2.79406446506598,0.887853971702539,0,101,120000,0,1
116,120,45.3995805688166,2.79406446506598,0.887853971702539,1.22,0,0,2114,0
116,120,45.3995805688166,2.79406446506598,0.887853971702539,9.3,0,0,1681,0
116,120,45.3995805688166,2.79406446506598,0.887853971702539,11.23,0,0,1050,0
116,120,45.3995805688166,2.79406446506598,0.887853971702539,20.89,0,0,832,0
117,120,45.7563647960794,3.70593457134074,1.49480146542244,0,101,120000,0,1
117,120,45.7563647960794,3.70593457134074,1.49480146542244,6.93,0,0,1447,0
117,120,45.7563647960794,3.70593457134074,1.49480146542244,9.73,0,0,1066,0
117,120,45.7563647960794,3.70593457134074,1.49480146542244,9.77,0,0,905,0
117,120,45.7563647960794,3.70593457134074,1.49480146542244,23,0,0,464,0
118,120,55.5589056423513,3.91106395058197,1.63170156149146,0,101,120000,0,1
118,120,55.5589056423513,3.91106395058197,1.63170156149146,5.97,0,0,1507,0
118,120,55.5589056423513,3.91106395058197,1.63170156149146,12.06,0,0,748,0
118,120,55.5589056423513,3.91106395058197,1.63170156149146,13.19,0,0,1052,0
118,120,55.5589056423513,3.91106395058197,1.63170156149146,15.71,0,0,732,0
119,120,80.6029538648066,4.09728333483742,1.00206563357686,0,101,120000,0,1
119,120,80.6029538648066,4.09728333483742,1.00206563357686,8.04,0,0,829,0
119,120,80.6029538648066,4.09728333483742,1.00206563357686,10.74,0,0,988,0
119,120,80.6029538648066,4.09728333483742,1.00206563357686,14.94,0,0,1017,0
119,120,80.6029538648066,4.09728333483742,1.00206563357686,16.08,0,0,660,0
120,120,52.7198048676037,4.19974987796776,0.898254860331184,0,101,120000,0,1
120,120,52.7198048676037,4.19974987796776,0.898254860331184,5.89,0,0,1666,0
120,120,52.7198048676037,4.19974987796776,0.898254860331184,7.32,0,0,1505,0
120,120,52.7198048676037,4.19974987796776,0.898254860331184,19.53,0,0,683,0
120,120,52.7198048676037,4.19974987796776,0.898254860331184,23.53,0,0,361,0
