ID,DOSE,V,CL,KA,TIME,EVID,AMT,DV,EVIDNM
1,10,86.9612692807453,3.69852767379441,1.08783555038078,0,101,10000,0,1
1,10,86.9612692807453,3.69852767379441,1.08783555038078,2.25,0,0,72,0
1,10,86.9612692807453,3.69852767379441,1.08783555038078,5.61,0,0,74,0
1,10,86.9612692807453,3.69852767379441,1.08783555038078,10.54,0,0,99,0
1,10,86.9612692807453,3.69852767379441,1.08783555038078,16.4,0,0,65,0
2,10,78.0382778237228,3.75325548426331,0.848769590517556,0,101,10000,0,1
2,10,78.0382778237228,3.75325548426331,0.848769590517556,10.43,0,0,95,0
2,10,78.0382778237228,3.75325548426331,0.848769590517556,13.06,0,0,78,0
2,10,78.0382778237228,3.75325548426331,0.848769590517556,19.6,0,0,69,0
2,10,78.0382778237228,3.75325548426331,0.848769590517556,22.82,0,0,42,0
3,10,76.7462071635798,5.32283864700799,1.21310627653909,0,101,10000,0,1
3,10,76.7462071635798,5.32283864700799,1.21310627653909,4.05,0,0,99,0
3,10,76.7462071635798,5.32283864700799,1.21310627653909,9.6,0,0,71,0
3,10,76.7462071635798,5.32283864700799,1.21310627653909,11.5,0,0,43,0
3,10,76.7462071635798,5.32283864700799,1.21310627653909,21.08,0,0,35,0
4,10,87.5062641342764,2.78080010750751,1.2683311068292,0,101,10000,0,1
4,10,87.5062641342764,2.78080010750751,1.2683311068292,1.51,0,0,97,0
4,10,87.5062641342764,2.78080010750751,1.2683311068292,13.88,0,0,65,0
4,10,87.5062641342764,2.78080010750751,1.2683311068292,16.31,0,0,69,0
4,10,87.5062641342764,2.78080010750751,1.2683311068292,16.91,0,0,58,0
5,10,130.301214243302,4.63549485995077,0.988550203273863,0,101,10000,0,1
5,10,130.301214243302,4.63549485995077,0.988550203273863,8.37,0,0,63,0
5,10,130.301214243302,4.63549485995077,0.988550203273863,9.48,0,0,50,0
5,10,130.301214243302,4.63549485995077,0.988550203273863,14.96,0,0,41,0
5,10,130.301214243302,4.63549485995077,0.988550203273863,16.65,0,0,43,0
6,10,49.7186574027709,4.90056508413239,1.26339378899381,0,101,10000,0,1
6,10,49.7186574027709,4.90056508413239,1.26339378899381,3.1,0,0,109,0
6,10,49.7186574027709,4.90056508413239,1.26339378899381,3.84,0,0,175,0
6,10,49.7186574027709,4.90056508413239,1.26339378899381,8.16,0,0,110,0
6,10,49.7186574027709,4.90056508413239,1.26339378899381,11.13,0,0,63,0
7,10,51.0475827836957,4.76798933789633,0.74928451431085,0,101,10000,0,1
7,10,51.0475827836957,4.76798933789633,0.74928451431085,4.51,0,0,121,0
7,10,51.0475827836957,4.76798933789633,0.74928451431085,15.16,0,0,53,0
7,10,51.0475827836957,4.76798933789633,0.74928451431085,21.97,0,0,33,0
7,10,51.0475827836957,4.76798933789633,0.74928451431085,22.02,0,0,37,0
8,10,66.0398342569952,3.700880432752,0.825937897866871,0,101,10000,0,1
8,10,66.0398342569952,3.700880432752,0.825937897866871,3.29,0,0,154,0
8,10,66.0398342569952,3.700880432752,0.825937897866871,3.67,0,0,132,0
8,10,66.0398342569952,3.700880432752,0.825937897866871,5.74,0,0,114,0
8,10,66.0398342569952,3.700880432752,0.825937897866871,19.62,0,0,57,0
9,10,91.2596198461652,3.3535058861957,1.07877930338103,0,101,10000,0,1
9,10,91.2596198461652,3.3535058861957,1.07877930338103,1.3,0,0,81,0
9,10,91.2596198461652,3.3535058861957,1.07877930338103,5.02,0,0,100,0
9,10,91.2596198461652,3.3535058861957,1.07877930338103,7.26,0,0,74,0
9,10,91.2596198461652,3.3535058861957,1.07877930338103,10.67,0,0,96,0
10,10,61.8215750018113,3.63466125366015,1.23916085877125,0,101,10000,0,1
10,10,61.8215750018113,3.63466125366015,1.23916085877125,9.62,0,0,76,0
10,10,61.8215750018113,3.63466125366015,1.23916085877125,12.77,0,0,93,0
10,10,61.8215750018113,3.63466125366015,1.23916085877125,13.05,0,0,63,0
10,10,61.8215750018113,3.63466125366015,1.23916085877125,20.63,0,0,41,0
11,10,73.5137693867603,2.46509647509571,1.16938592207213,0,101,10000,0,1
11,10,73.5137693867603,2.46509647509571,1.16938592207213,3.59,0,0,101,0
11,10,73.5137693867603,2.46509647509571,1.16938592207213,7.96,0,0,92,0
11,10,73.5137693867603,2.46509647509571,1.16938592207213,16.9,0,0,84,0
11,10,73.5137693867603,2.46509647509571,1.16938592207213,18.69,0,0,85,0
12,10,81.4995093931279,1.86095958499674,1.1765572015398,0,101,10000,0,1
12,10,81.4995093931279,1.86095958499674,1.1765572015398,13.25,0,0,107,0
12,10,81.4995093931279,1.86095958499674,1.1765572015398,13.7,0,0,84,0
12,10,81.4995093931279,1.86095958499674,1.1765572015398,18.78,0,0,93,0
12,10,81.4995093931279,1.86095958499674,1.1765572015398,19.56,0,0,81,0
13,10,46.6350401455108,3.319573564496,1.88444930989802,0,101,10000,0,1
13,10,46.6350401455108,3.319573564496,1.88444930989802,13.45,0,0,115,0
13,10,46.6350401455108,3.319573564496,1.88444930989802,13.96,0,0,73,0
13,10,46.6350401455108,3.319573564496,1.88444930989802,19.92,0,0,45,0
13,10,46.6350401455108,3.319573564496,1.88444930989802,23.98,0,0,54,0
14,10,94.1996274230313,5.81930153521927,0.913410065447264,0,101,10000,0,1
14,10,94.1996274230313,5.81930153521927,0.913410065447264,11.88,0,0,63,0
14,10,94.1996274230313,5.81930153521927,0.913410065447264,15.64,0,0,48,0
14,10,94.1996274230313,5.81930153521927,0.913410065447264,15.99,0,0,46,0
14,10,94.1996274230313,5.81930153521927,0.913410065447264,16.08,0,0,61,0
15,10,103.541239886894,6.59599657026459,0.828885761470154,0,101,10000,0,1
15,10,103.541239886894,6.59599657026459,0.828885761470154,5.46,0,0,56,0
15,10,103.541239886894,6.59599657026459,0.828885761470154,10.73,0,0,34,0
15,10,103.541239886894,6.59599657026459,0.828885761470154,13.29,0,0,40,0
15,10,103.541239886894,6.59599657026459,0.828885761470154,14,0,0,35,0
16,10,88.2261888030412,3.4628540724976,1.08836034770144,0,101,10000,0,1
16,10,88.2261888030412,3.4628540724976,1.08836034770144,10.21,0,0,80,0
16,10,88.2261888030412,3.4628540724976,1.08836034770144,16.1,0,0,86,0
16,10,88.2261888030412,3.4628540724976,1.08836034770144,16.7,0,0,36,0
16,10,88.2261888030412,3.4628540724976,1.08836034770144,19.33,0,0,64,0
17,10,71.8083804359096,3.82175606951167,0.891082395933016,0,101,10000,0,1
17,10,71.8083804359096,3.82175606951167,0.891082395933016,4.65,0,0,143,0
17,10,71.8083804359096,3.82175606951167,0.891082395933016,12.87,0,0,93,0
17,10,71.8083804359096,3.82175606951167,0.891082395933016,18.01,0,0,68,0
17,10,71.8083804359096,3.82175606951167,0.891082395933016,23.43,0,0,35,0
18,10,85.1130160962073,2.41944083573868,0.633231610811207,0,101,10000,0,1
18,10,85.1130160962073,2.41944083573868,0.633231610811207,2.18,0,0,91,0
18,10,85.1130160962073,2.41944083573868,0.633231610811207,3.03,0,0,94,0
18,10,85.1130160962073,2.41944083573868,0.633231610811207,7.71,0,0,127,0
18,10,85.1130160962073,2.41944083573868,0.633231610811207,19.13,0,0,63,0
19,10,84.0534112135014,3.56817568123289,1.19632785544688,0,101,10000,0,1
19,10,84.0534112135014,3.56817568123289,1.19632785544688,1.16,0,0,64,0
19,10,84.0534112135014,3.56817568123289,1.19632785544688,2.01,0,0,86,0
19,10,84.0534112135014,3.56817568123289,1.19632785544688,2.1,0,0,109,0
19,10,84.0534112135014,3.56817568123289,1.19632785544688,13.55,0,0,86,0
20,10,45.1754339635564,3.81164547704981,1.0077626512042,0,101,10000,0,1
20,10,45.1754339635564,3.81164547704981,1.0077626512042,3.39,0,0,196,0
20,10,45.1754339635564,3.81164547704981,1.0077626512042,19.85,0,0,39,0
20,10,45.1754339635564,3.81164547704981,1.0077626512042,20.07,0,0,30,0
20,10,45.1754339635564,3.81164547704981,1.0077626512042,22.55,0,0,40,0
21,10,104.057629926174,6.85968079461827,0.900254413698744,0,101,10000,0,1
21,10,104.057629926174,6.85968079461827,0.900254413698744,6.24,0,0,45,0
21,10,104.057629926174,6.85968079461827,0.900254413698744,6.6,0,0,94,0
21,10,104.057629926174,6.85968079461827,0.900254413698744,10.09,0,0,59,0
21,10,104.057629926174,6.85968079461827,0.900254413698744,22.62,0,0,25,0
22,10,65.3973683345279,2.94882323884005,0.994742461497239,0,101,10000,0,1
22,10,65.3973683345279,2.94882323884005,0.994742461497239,8.09,0,0,94,0
22,10,65.3973683345279,2.94882323884005,0.994742461497239,11.13,0,0,119,0
22,10,65.3973683345279,2.94882323884005,0.994742461497239,19.28,0,0,66,0
22,10,65.3973683345279,2.94882323884005,0.994742461497239,22.1,0,0,55,0
23,10,135.205944548729,3.11083351570085,0.847108261121598,0,101,10000,0,1
23,10,135.205944548729,3.11083351570085,0.847108261121598,0.75,0,0,26,0
23,10,135.205944548729,3.11083351570085,0.847108261121598,3.62,0,0,49,0
23,10,135.205944548729,3.11083351570085,0.847108261121598,11.26,0,0,67,0
23,10,135.205944548729,3.11083351570085,0.847108261121598,12.17,0,0,42,0
24,10,71.8745636867389,4.5404393509924,1.41687334497865,0,101,10000,0,1
24,10,71.8745636867389,4.5404393509924,1.41687334497865,5.22,0,0,151,0
24,10,71.8745636867389,4.5404393509924,1.41687334497865,19.25,0,0,30,0
24,10,71.8745636867389,4.5404393509924,1.41687334497865,19.8,0,0,34,0
24,10,71.8745636867389,4.5404393509924,1.41687334497865,20.09,0,0,53,0
25,10,35.9447191485314,3.95567736957422,0.832228095563045,0,101,10000,0,1
25,10,35.9447191485314,3.95567736957422,0.832228095563045,0.44,0,0,49,0
25,10,35.9447191485314,3.95567736957422,0.832228095563045,7.17,0,0,160,0
25,10,35.9447191485314,3.95567736957422,0.832228095563045,12.82,0,0,122,0
25,10,35.9447191485314,3.95567736957422,0.832228095563045,17.13,0,0,51,0
26,10,79.6895750702544,4.3038725854922,0.631912811714885,0,101,10000,0,1
26,10,79.6895750702544,4.3038725854922,0.631912811714885,4.04,0,0,156,0
26,10,79.6895750702544,4.3038725854922,0.631912811714885,12.06,0,0,60,0
26,10,79.6895750702544,4.3038725854922,0.631912811714885,13.81,0,0,73,0
26,10,79.6895750702544,4.3038725854922,0.631912811714885,17.89,0,0,55,0
27,10,58.5227312448938,3.14800588570829,1.26199524913792,0,101,10000,0,1
27,10,58.5227312448938,3.14800588570829,1.26199524913792,4.63,0,0,140,0
27,10,58.5227312448938,3.14800588570829,1.26199524913792,12.88,0,0,111,0
27,10,58.5227312448938,3.14800588570829,1.26199524913792,13.68,0,0,73,0
27,10,58.5227312448938,3.14800588570829,1.26199524913792,18.87,0,0,77,0
28,10,81.2028068074594,4.54853572539738,0.791481975019668,0,101,10000,0,1
28,10,81.2028068074594,4.54853572539738,0.791481975019668,17.74,0,0,51,0
28,10,81.2028068074594,4.54853572539738,0.791481975019668,17.88,0,0,39,0
28,10,81.2028068074594,4.54853572539738,0.791481975019668,18.69,0,0,37,0
28,10,81.2028068074594,4.54853572539738,0.791481975019668,23.72,0,0,38,0
29,10,42.8080660311851,3.44031867425788,0.772237625059784,0,101,10000,0,1
29,10,42.8080660311851,3.44031867425788,0.772237625059784,2.65,0,0,114,0
29,10,42.8080660311851,3.44031867425788,0.772237625059784,7.57,0,0,112,0
29,10,42.8080660311851,3.44031867425788,0.772237625059784,9.3,0,0,124,0
29,10,42.8080660311851,3.44031867425788,0.772237625059784,15.77,0,0,71,0
30,10,79.5882154833167,5.80700404495685,1.49139535044894,0,101,10000,0,1
30,10,79.5882154833167,5.80700404495685,1.49139535044894,5.78,0,0,65,0
30,10,79.5882154833167,5.80700404495685,1.49139535044894,9.87,0,0,68,0
30,10,79.5882154833167,5.80700404495685,1.49139535044894,13.17,0,0,57,0
30,10,79.5882154833167,5.80700404495685,1.49139535044894,20.7,0,0,37,0
31,30,54.2860048856562,4.24871485589038,0.749896717580963,0,101,30000,0,1
31,30,54.2860048856562,4.24871485589038,0.749896717580963,3.58,0,0,450,0
31,30,54.2860048856562,4.24871485589038,0.749896717580963,5.63,0,0,562,0
31,30,54.2860048856562,4.24871485589038,0.749896717580963,8.36,0,0,321,0
31,30,54.2860048856562,4.24871485589038,0.749896717580963,12.93,0,0,227,0
32,30,137.326199420844,3.12110588469399,1.76332474733186,0,101,30000,0,1
32,30,137.326199420844,3.12110588469399,1.76332474733186,1.02,0,0,184,0
32,30,137.326199420844,3.12110588469399,1.76332474733186,14.11,0,0,163,0
32,30,137.326199420844,3.12110588469399,1.76332474733186,14.24,0,0,155,0
32,30,137.326199420844,3.12110588469399,1.76332474733186,22.22,0,0,150,0
33,30,126.182776160986,3.96434689138312,1.04296974756733,0,101,30000,0,1
33,30,126.182776160986,3.96434689138312,1.04296974756733,4.38,0,0,248,0
33,30,126.182776160986,3.96434689138312,1.04296974756733,12.62,0,0,190,0
33,30,126.182776160986,3.96434689138312,1.04296974756733,16.08,0,0,124,0
33,30,126.182776160986,3.96434689138312,1.04296974756733,20.13,0,0,114,0
34,30,42.869139435702,3.27261228069283,1.17027805170365,0,101,30000,0,1
34,30,42.869139435702,3.27261228069283,1.17027805170365,1.96,0,0,571,0
34,30,42.869139435702,3.27261228069283,1.17027805170365,2.81,0,0,523,0
34,30,42.869139435702,3.27261228069283,1.17027805170365,16.56,0,0,219,0
34,30,42.869139435702,3.27261228069283,1.17027805170365,19.47,0,0,225,0
35,30,161.485113628608,6.01089928603874,0.971619337437391,0,101,30000,0,1
35,30,161.485113628608,6.01089928603874,0.971619337437391,5.66,0,0,202,0
35,30,161.485113628608,6.01089928603874,0.971619337437391,10.71,0,0,134,0
35,30,161.485113628608,6.01089928603874,0.971619337437391,17.46,0,0,186,0
35,30,161.485113628608,6.01089928603874,0.971619337437391,18.58,0,0,70,0
36,30,69.505340777705,2.12339766483713,1.09711413260646,0,101,30000,0,1
36,30,69.505340777705,2.12339766483713,1.09711413260646,1.09,0,0,497,0
36,30,69.505340777705,2.12339766483713,1.09711413260646,3.07,0,0,360,0
36,30,69.505340777705,2.12339766483713,1.09711413260646,5.17,0,0,448,0
36,30,69.505340777705,2.12339766483713,1.09711413260646,15.61,0,0,337,0
37,30,93.508495995857,9.82267251028495,0.755425462156171,0,101,30000,0,1
37,30,93.508495995857,9.82267251028495,0.755425462156171,6,0,0,209,0
37,30,93.508495995857,9.82267251028495,0.755425462156171,13.16,0,0,85,0
37,30,93.508495995857,9.82267251028495,0.755425462156171,13.85,0,0,92,0
37,30,93.508495995857,9.82267251028495,0.755425462156171,16.11,0,0,68,0
38,30,36.7340834192967,5.25079344271281,1.22559292598852,0,101,30000,0,1
38,30,36.7340834192967,5.25079344271281,1.22559292598852,4.93,0,0,595,0
38,30,36.7340834192967,5.25079344271281,1.22559292598852,10.63,0,0,215,0
38,30,36.7340834192967,5.25079344271281,1.22559292598852,14.44,0,0,165,0
38,30,36.7340834192967,5.25079344271281,1.22559292598852,22.47,0,0,47,0
39,30,79.6170588706501,6.51976950567218,0.913729108832339,0,101,30000,0,1
39,30,79.6170588706501,6.51976950567218,0.913729108832339,4.14,0,0,279,0
39,30,79.6170588706501,6.51976950567218,0.913729108832339,12.5,0,0,149,0
39,30,79.6170588706501,6.51976950567218,0.913729108832339,16.96,0,0,134,0
39,30,79.6170588706501,6.51976950567218,0.913729108832339,20.54,0,0,70,0
40,30,56.2793560290692,2.93356490846596,1.02900425777205,0,101,30000,0,1
40,30,56.2793560290692,2.93356490846596,1.02900425777205,0.29,0,0,169,0
40,30,56.2793560290692,2.93356490846596,1.02900425777205,6.69,0,0,400,0
40,30,56.2793560290692,2.93356490846596,1.02900425777205,14.56,0,0,231,0
40,30,56.2793560290692,2.93356490846596,1.02900425777205,23.15,0,0,132,0
41,30,91.7789479105722,3.40569399323135,1.07353728652331,0,101,30000,0,1
41,30,91.7789479105722,3.40569399323135,1.07353728652331,0.57,0,0,146,0
41,30,91.7789479105722,3.40569399323135,1.07353728652331,6.16,0,0,231,0
41,30,91.7789479105722,3.40569399323135,1.07353728652331,14.53,0,0,159,0
41,30,91.7789479105722,3.40569399323135,1.07353728652331,22.5,0,0,125,0
42,30,48.5660601611106,3.93522192756569,0.793530730878458,0,101,30000,0,1
42,30,48.5660601611106,3.93522192756569,0.793530730878458,1.16,0,0,299,0
42,30,48.5660601611106,3.93522192756569,0.793530730878458,10.77,0,0,298,0
42,30,48.5660601611106,3.93522192756569,0.793530730878458,15.05,0,0,242,0
42,30,48.5660601611106,3.93522192756569,0.793530730878458,23.88,0,0,70,0
43,30,59.632428928322,3.18956201573705,1.065621400492,0,101,30000,0,1
43,30,59.632428928322,3.18956201573705,1.065621400492,5.78,0,0,317,0
43,30,59.632428928322,3.18956201573705,1.065621400492,19.4,0,0,288,0
43,30,59.632428928322,3.18956201573705,1.065621400492,20.82,0,0,175,0
43,30,59.632428928322,3.18956201573705,1.065621400492,23.56,0,0,188,0
44,30,48.2680257627463,3.66790452612311,0.840500452188929,0,101,30000,0,1
44,30,48.2680257627463,3.66790452612311,0.840500452188929,0.38,0,0,137,0
44,30,48.2680257627463,3.66790452612311,0.840500452188929,3.43,0,0,492,0
44,30,48.2680257627463,3.66790452612311,0.840500452188929,8.95,0,0,278,0
44,30,48.2680257627463,3.66790452612311,0.840500452188929,13.34,0,0,184,0
45,30,66.8004327162447,2.38147760334398,0.838051845879367,0,101,30000,0,1
45,30,66.8004327162447,2.38147760334398,0.838051845879367,8.38,0,0,560,0
45,30,66.8004327162447,2.38147760334398,0.838051845879367,13.65,0,0,281,0
45,30,66.8004327162447,2.38147760334398,0.838051845879367,22.8,0,0,137,0
45,30,66.8004327162447,2.38147760334398,0.838051845879367,23.01,0,0,208,0
46,30,51.1986904919477,4.22396720287351,0.66030519512718,0,101,30000,0,1
46,30,51.1986904919477,4.22396720287351,0.66030519512718,13.24,0,0,257,0
46,30,51.1986904919477,4.22396720287351,0.66030519512718,16.93,0,0,153,0
46,30,51.1986904919477,4.22396720287351,0.66030519512718,19.22,0,0,120,0
46,30,51.1986904919477,4.22396720287351,0.66030519512718,21.16,0,0,108,0
47,30,74.3744402776848,5.97912779212536,1.28201310858459,0,101,30000,0,1
47,30,74.3744402776848,5.97912779212536,1.28201310858459,5.54,0,0,313,0
47,30,74.3744402776848,5.97912779212536,1.28201310858459,14.32,0,0,173,0
47,30,74.3744402776848,5.97912779212536,1.28201310858459,18.52,0,0,72,0
47,30,74.3744402776848,5.97912779212536,1.28201310858459,23.25,0,0,45,0
48,30,87.9979869383519,5.00175186125425,1.74148397800257,0,101,30000,0,1
48,30,87.9979869383519,5.00175186125425,1.74148397800257,1.81,0,0,301,0
48,30,87.9979869383519,5.00175186125425,1.74148397800257,11,0,0,160,0
48,30,87.9979869383519,5.00175186125425,1.74148397800257,20.3,0,0,86,0
48,30,87.9979869383519,5.00175186125425,1.74148397800257,21.7,0,0,104,0
49,30,69.1299230093697,3.66732324655553,0.693689681563105,0,101,30000,0,1
49,30,69.1299230093697,3.66732324655553,0.693689681563105,9.31,0,0,201,0
49,30,69.1299230093697,3.66732324655553,0.693689681563105,9.89,0,0,316,0
49,30,69.1299230093697,3.66732324655553,0.693689681563105,12.92,0,0,260,0
49,30,69.1299230093697,3.66732324655553,0.693689681563105,21.39,0,0,119,0
50,30,47.435078758352,4.35879683180216,0.567168703572723,0,101,30000,0,1
50,30,47.435078758352,4.35879683180216,0.567168703572723,11.86,0,0,276,0
50,30,47.435078758352,4.35879683180216,0.567168703572723,12.54,0,0,317,0
50,30,47.435078758352,4.35879683180216,0.567168703572723,21.94,0,0,91,0
50,30,47.435078758352,4.35879683180216,0.567168703572723,22.01,0,0,117,0
51,30,46.9931976809825,4.58882252024003,1.02469003053503,0,101,30000,0,1
51,30,46.9931976809825,4.58882252024003,1.02469003053503,2.63,0,0,443,0
51,30,46.9931976809825,4.58882252024003,1.02469003053503,4.54,0,0,414,0
51,30,46.9931976809825,4.58882252024003,1.02469003053503,9.37,0,0,268,0
51,30,46.9931976809825,4.58882252024003,1.02469003053503,17.24,0,0,112,0
52,30,75.282435437915,4.2461155451256,0.953029565558762,0,101,30000,0,1
52,30,75.282435437915,4.2461155451256,0.953029565558762,4.96,0,0,316,0
52,30,75.282435437915,4.2461155451256,0.953029565558762,5.14,0,0,295,0
52,30,75.282435437915,4.2461155451256,0.953029565558762,6,0,0,304,0
52,30,75.282435437915,4.2461155451256,0.953029565558762,17.48,0,0,138,0
53,30,117.612959455446,3.43110093194113,1.11612159622189,0,101,30000,0,1
53,30,117.612959455446,3.43110093194113,1.11612159622189,8.44,0,0,209,0
53,30,117.612959455446,3.43110093194113,1.11612159622189,9.22,0,0,286,0
53,30,117.612959455446,3.43110093194113,1.11612159622189,15.19,0,0,120,0
53,30,117.612959455446,3.43110093194113,1.11612159622189,23.82,0,0,113,0
54,30,127.061429456823,4.51124664157756,0.868975031877004,0,101,30000,0,1
54,30,127.061429456823,4.51124664157756,0.868975031877004,3.37,0,0,215,0
54,30,127.061429456823,4.51124664157756,0.868975031877004,9.72,0,0,146,0
54,30,127.061429456823,4.51124664157756,0.868975031877004,12.72,0,0,147,0
54,30,127.061429456823,4.51124664157756,0.868975031877004,22.85,0,0,101,0
55,30,93.8421217782673,7.24034953475027,1.21878973595973,0,101,30000,0,1
55,30,93.8421217782673,7.24034953475027,1.21878973595973,0.49,0,0,160,0
55,30,93.8421217782673,7.24034953475027,1.21878973595973,10.48,0,0,150,0
55,30,93.8421217782673,7.24034953475027,1.21878973595973,17.39,0,0,90,0
55,30,93.8421217782673,7.24034953475027,1.21878973595973,21.4,0,0,63,0
56,30,59.6017987778183,4.97935098013613,1.02286169538017,0,101,30000,0,1
56,30,59.6017987778183,4.97935098013613,1.02286169538017,2.68,0,0,391,0
56,30,59.6017987778183,4.97935098013613,1.02286169538017,4.07,0,0,433,0
56,30,59.6017987778183,4.97935098013613,1.02286169538017,12.93,0,0,112,0
56,30,59.6017987778183,4.97935098013613,1.02286169538017,13.41,0,0,168,0
57,30,50.7778949854212,3.05608918646204,1.48240502779616,0,101,30000,0,1
57,30,50.7778949854212,3.05608918646204,1.48240502779616,1.12,0,0,334,0
57,30,50.7778949854212,3.05608918646204,1.48240502779616,3.39,0,0,342,0
57,30,50.7778949854212,3.05608918646204,1.48240502779616,13.6,0,0,209,0
57,30,50.7778949854212,3.05608918646204,1.48240502779616,23.45,0,0,138,0
58,30,75.169357986058,4.92572018827593,1.18216451253356,0,101,30000,0,1
58,30,75.169357986058,4.92572018827593,1.18216451253356,0.26,0,0,113,0
58,30,75.169357986058,4.92572018827593,1.18216451253356,7.31,0,0,230,0
58,30,75.169357986058,4.92572018827593,1.18216451253356,14.65,0,0,224,0
58,30,75.169357986058,4.92572018827593,1.18216451253356,22.86,0,0,118,0
59,30,53.1661086047805,5.0669869650787,0.815264792210561,0,101,30000,0,1
59,30,53.1661086047805,5.0669869650787,0.815264792210561,4.01,0,0,364,0
59,30,53.1661086047805,5.0669869650787,0.815264792210561,12.27,0,0,153,0
59,30,53.1661086047805,5.0669869650787,0.815264792210561,14.04,0,0,141,0
59,30,53.1661086047805,5.0669869650787,0.815264792210561,18.79,0,0,128,0
60,30,39.3253528173897,6.4116842328253,0.700563256279506,0,101,30000,0,1
60,30,39.3253528173897,6.4116842328253,0.700563256279506,12.22,0,0,174,0
60,30,39.3253528173897,6.4116842328253,0.700563256279506,16.26,0,0,64,0
60,30,39.3253528173897,6.4116842328253,0.700563256279506,16.84,0,0,71,0
60,30,39.3253528173897,6.4116842328253,0.700563256279506,22.38,0,0,20,0
61,60,80.9996522669685,5.6521540182327,0.989902405495376,0,101,60000,0,1
61,60,80.9996522669685,5.6521540182327,0.989902405495376,10.4,0,0,524,0
61,60,80.9996522669685,5.6521540182327,0.989902405495376,13.49,0,0,334,0
61,60,80.9996522669685,5.6521540182327,0.989902405495376,13.94,0,0,310,0
61,60,80.9996522669685,5.6521540182327,0.989902405495376,16.83,0,0,219,0
62,60,88.3448408673337,2.68282970721963,1.46561255367934,0,101,60000,0,1
62,60,88.3448408673337,2.68282970721963,1.46561255367934,1.39,0,0,477,0
62,60,88.3448408673337,2.68282970721963,1.46561255367934,3.4,0,0,688,0
62,60,88.3448408673337,2.68282970721963,1.46561255367934,13.08,0,0,444,0
62,60,88.3448408673337,2.68282970721963,1.46561255367934,13.52,0,0,550,0
63,60,53.4801101919991,4.09526470525929,1.26553110806117,0,101,60000,0,1
63,60,53.4801101919991,4.09526470525929,1.26553110806117,0.67,0,0,524,0
63,60,53.4801101919991,4.09526470525929,1.26553110806117,11.71,0,0,418,0
63,60,53.4801101919991,4.09526470525929,1.26553110806117,18.83,0,0,263,0
63,60,53.4801101919991,4.09526470525929,1.26553110806117,20.43,0,0,280,0
64,60,103.424056815261,3.0440336654689,0.921463491376487,0,101,60000,0,1
64,60,103.424056815261,3.0440336654689,0.921463491376487,4.9,0,0,462,0
64,60,103.424056815261,3.0440336654689,0.921463491376487,11.61,0,0,389,0
64,60,103.424056815261,3.0440336654689,0.921463491376487,11.76,0,0,362,0
64,60,103.424056815261,3.0440336654689,0.921463491376487,16.69,0,0,498,0
65,60,43.2565164794118,2.57598396511877,1.0251637377631,0,101,60000,0,1
65,60,43.2565164794118,2.57598396511877,1.0251637377631,3.82,0,0,1186,0
65,60,43.2565164794118,2.57598396511877,1.0251637377631,9.41,0,0,836,0
65,60,43.2565164794118,2.57598396511877,1.0251637377631,12.32,0,0,732,0
65,60,43.2565164794118,2.57598396511877,1.0251637377631,18.63,0,0,359,0
66,60,52.2753829445738,4.33503130982709,1.41073941738852,0,101,60000,0,1
66,60,52.2753829445738,4.33503130982709,1.41073941738852,10.19,0,0,537,0
66,60,52.2753829445738,4.33503130982709,1.41073941738852,11.62,0,0,378,0
66,60,52.2753829445738,4.33503130982709,1.41073941738852,12.46,0,0,411,0
66,60,52.2753829445738,4.33503130982709,1.41073941738852,23.64,0,0,162,0
67,60,88.4471455690591,2.64009661624913,0.70460124999582,0,101,60000,0,1
67,60,88.4471455690591,2.64009661624913,0.70460124999582,4.41,0,0,662,0
67,60,88.4471455690591,2.64009661624913,0.70460124999582,8.01,0,0,384,0
67,60,88.4471455690591,2.64009661624913,0.70460124999582,8.38,0,0,604,0
67,60,88.4471455690591,2.64009661624913,0.70460124999582,18.72,0,0,416,0
68,60,69.0819162268641,4.95073823602031,0.678970800265684,0,101,60000,0,1
68,60,69.0819162268641,4.95073823602031,0.678970800265684,10.94,0,0,419,0
68,60,69.0819162268641,4.95073823602031,0.678970800265684,11.19,0,0,349,0
68,60,69.0819162268641,4.95073823602031,0.678970800265684,15.95,0,0,286,0
68,60,69.0819162268641,4.95073823602031,0.678970800265684,16.34,0,0,261,0
69,60,84.7686756897262,4.63069545682942,1.11852730890104,0,101,60000,0,1
69,60,84.7686756897262,4.63069545682942,1.11852730890104,0.1,0,0,134,0
69,60,84.7686756897262,4.63069545682942,1.11852730890104,9.19,0,0,372,0
69,60,84.7686756897262,4.63069545682942,1.11852730890104,11.61,0,0,269,0
69,60,84.7686756897262,4.63069545682942,1.11852730890104,13.19,0,0,362,0
70,60,29.8070967866601,3.52639256350663,0.995128251127393,0,101,60000,0,1
70,60,29.8070967866601,3.52639256350663,0.995128251127393,5.32,0,0,1555,0
70,60,29.8070967866601,3.52639256350663,0.995128251127393,10.23,0,0,505,0
70,60,29.8070967866601,3.52639256350663,0.995128251127393,16.5,0,0,411,0
70,60,29.8070967866601,3.52639256350663,0.995128251127393,18.11,0,0,371,0
71,60,47.3233762798404,7.75051679623885,1.15411620931448,0,101,60000,0,1
71,60,47.3233762798404,7.75051679623885,1.15411620931448,0.17,0,0,246,0
71,60,47.3233762798404,7.75051679623885,1.15411620931448,1.37,0,0,871,0
71,60,47.3233762798404,7.75051679623885,1.15411620931448,14.12,0,0,113,0
71,60,47.3233762798404,7.75051679623885,1.15411620931448,14.91,0,0,137,0
72,60,85.3038620220389,3.49369044720878,1.02854098858889,0,101,60000,0,1
72,60,85.3038620220389,3.49369044720878,1.02854098858889,7.46,0,0,430,0
72,60,85.3038620220389,3.49369044720878,1.02854098858889,16.77,0,0,367,0
72,60,85.3038620220389,3.49369044720878,1.02854098858889,18.94,0,0,303,0
72,60,85.3038620220389,3.49369044720878,1.02854098858889,19.39,0,0,447,0
73,60,86.5485947630812,3.21704232974486,1.30182271760371,0,101,60000,0,1
73,60,86.5485947630812,3.21704232974486,1.30182271760371,1.4,0,0,851,0
73,60,86.5485947630812,3.21704232974486,1.30182271760371,1.83,0,0,525,0
73,60,86.5485947630812,3.21704232974486,1.30182271760371,6.97,0,0,572,0
73,60,86.5485947630812,3.21704232974486,1.30182271760371,22.89,0,0,299,0
74,60,58.3121378808998,6.95510736096009,0.985120913497584,0,101,60000,0,1
74,60,58.3121378808998,6.95510736096009,0.985120913497584,13.16,0,0,318,0
74,60,58.3121378808998,6.95510736096009,0.985120913497584,14.43,0,0,202,0
74,60,58.3121378808998,6.95510736096009,0.985120913497584,18.14,0,0,126,0
74,60,58.3121378808998,6.95510736096009,0.985120913497584,19.26,0,0,111,0
75,60,159.956173831861,3.36128862530154,1.56428522347122,0,101,60000,0,1
75,60,159.956173831861,3.36128862530154,1.56428522347122,3.53,0,0,375,0
75,60,159.956173831861,3.36128862530154,1.56428522347122,12.65,0,0,226,0
75,60,159.956173831861,3.36128862530154,1.56428522347122,14.89,0,0,336,0
75,60,159.956173831861,3.36128862530154,1.56428522347122,19.56,0,0,239,0
76,60,58.3715089143585,5.2674964213381,0.949411466424216,0,101,60000,0,1
76,60,58.3715089143585,5.2674964213381,0.949411466424216,6.41,0,0,775,0
76,60,58.3715089143585,5.2674964213381,0.949411466424216,8.29,0,0,620,0
76,60,58.3715089143585,5.2674964213381,0.949411466424216,17.55,0,0,212,0
76,60,58.3715089143585,5.2674964213381,0.949411466424216,23.63,0,0,122,0
77,60,102.635199923904,4.50332224074201,1.12033123496316,0,101,60000,0,1
77,60,102.635199923904,4.50332224074201,1.12033123496316,1.59,0,0,658,0
77,60,102.635199923904,4.50332224074201,1.12033123496316,1.79,0,0,484,0
77,60,102.635199923904,4.50332224074201,1.12033123496316,6.49,0,0,390,0
77,60,102.635199923904,4.50332224074201,1.12033123496316,16.24,0,0,286,0
78,60,48.1611279966073,7.14548895217599,1.09711915661853,0,101,60000,0,1
78,60,48.1611279966073,7.14548895217599,1.09711915661853,0.16,0,0,198,0
78,60,48.1611279966073,7.14548895217599,1.09711915661853,10.11,0,0,303,0
78,60,48.1611279966073,7.14548895217599,1.09711915661853,17.14,0,0,138,0
78,60,48.1611279966073,7.14548895217599,1.09711915661853,18.68,0,0,101,0
79,60,67.4980263556938,3.47913828564683,1.52222947682802,0,101,60000,0,1
79,60,67.4980263556938,3.47913828564683,1.52222947682802,10.2,0,0,611,0
79,60,67.4980263556938,3.47913828564683,1.52222947682802,13.3,0,0,416,0
79,60,67.4980263556938,3.47913828564683,1.52222947682802,19.09,0,0,342,0
79,60,67.4980263556938,3.47913828564683,1.52222947682802,21.83,0,0,318,0
80,60,64.9771148135429,6.6021118680142,1.18982088735204,0,101,60000,0,1
80,60,64.9771148135429,6.6021118680142,1.18982088735204,0.68,0,0,452,0
80,60,64.9771148135429,6.6021118680142,1.18982088735204,8.2,0,0,562,0
80,60,64.9771148135429,6.6021118680142,1.18982088735204,15.01,0,0,173,0
80,60,64.9771148135429,6.6021118680142,1.18982088735204,23.96,0,0,79,0
81,60,61.99251290871,3.87241822887415,0.941471973834481,0,101,60000,0,1
81,60,61.99251290871,3.87241822887415,0.941471973834481,8.54,0,0,1009,0
81,60,61.99251290871,3.87241822887415,0.941471973834481,16.64,0,0,417,0
81,60,61.99251290871,3.87241822887415,0.941471973834481,16.92,0,0,368,0
81,60,61.99251290871,3.87241822887415,0.941471973834481,20.81,0,0,300,0
82,60,52.8117131388617,3.35659902500296,1.20295924417658,0,101,60000,0,1
82,60,52.8117131388617,3.35659902500296,1.20295924417658,1,0,0,1184,0
82,60,52.8117131388617,3.35659902500296,1.20295924417658,8.67,0,0,826,0
82,60,52.8117131388617,3.35659902500296,1.20295924417658,12.4,0,0,635,0
82,60,52.8117131388617,3.35659902500296,1.20295924417658,21.35,0,0,281,0
83,60,68.6787361500853,5.78958466166475,1.27091312393352,0,101,60000,0,1
83,60,68.6787361500853,5.78958466166475,1.27091312393352,7.7,0,0,471,0
83,60,68.6787361500853,5.78958466166475,1.27091312393352,9.66,0,0,381,0
83,60,68.6787361500853,5.78958466166475,1.27091312393352,11.11,0,0,312,0
83,60,68.6787361500853,5.78958466166475,1.27091312393352,18.51,0,0,248,0
84,60,67.4760040198934,3.64905068983965,0.862348098762629,0,101,60000,0,1
84,60,67.4760040198934,3.64905068983965,0.862348098762629,1.24,0,0,504,0
84,60,67.4760040198934,3.64905068983965,0.862348098762629,2.25,0,0,611,0
84,60,67.4760040198934,3.64905068983965,0.862348098762629,5.06,0,0,712,0
84,60,67.4760040198934,3.64905068983965,0.862348098762629,6.66,0,0,688,0
85,60,97.9207127048449,3.77649390272807,1.22518025271123,0,101,60000,0,1
85,60,97.9207127048449,3.77649390272807,1.22518025271123,4.54,0,0,598,0
85,60,97.9207127048449,3.77649390272807,1.22518025271123,13.67,0,0,256,0
85,60,97.9207127048449,3.77649390272807,1.22518025271123,23.4,0,0,279,0
85,60,97.9207127048449,3.77649390272807,1.22518025271123,23.93,0,0,397,0
86,60,88.4445089098331,3.41741174253467,0.721532153718418,0,101,60000,0,1
86,60,88.4445089098331,3.41741174253467,0.721532153718418,6.46,0,0,563,0
86,60,88.4445089098331,3.41741174253467,0.721532153718418,9.09,0,0,593,0
86,60,88.4445089098331,3.41741174253467,0.721532153718418,10.76,0,0,394,0
86,60,88.4445089098331,3.41741174253467,0.721532153718418,14.84,0,0,507,0
87,60,47.0115063920603,3.63620719226771,1.06205928903381,0,101,60000,0,1
87,60,47.0115063920603,3.63620719226771,1.06205928903381,1.44,0,0,1322,0
87,60,47.0115063920603,3.63620719226771,1.06205928903381,3.73,0,0,771,0
87,60,47.0115063920603,3.63620719226771,1.06205928903381,14.55,0,0,396,0
87,60,47.0115063920603,3.63620719226771,1.06205928903381,21.94,0,0,252,0
88,60,71.7481390707772,4.77065120421665,0.913597490381838,0,101,60000,0,1
88,60,71.7481390707772,4.77065120421665,0.913597490381838,13.99,0,0,328,0
88,60,71.7481390707772,4.77065120421665,0.913597490381838,15.5,0,0,318,0
88,60,71.7481390707772,4.77065120421665,0.913597490381838,16.23,0,0,366,0
88,60,71.7481390707772,4.77065120421665,0.913597490381838,17.14,0,0,398,0
89,60,74.1531756326798,9.49284235165598,1.16548618275981,0,101,60000,0,1
89,60,74.1531756326798,9.49284235165598,1.16548618275981,9.81,0,0,332,0
89,60,74.1531756326798,9.49284235165598,1.16548618275981,13.08,0,0,103,0
89,60,74.1531756326798,9.49284235165598,1.16548618275981,13.88,0,0,200,0
89,60,74.1531756326798,9.49284235165598,1.16548618275981,21.34,0,0,76,0
90,60,142.368525083776,4.69293053531213,1.13850415054212,0,101,60000,0,1
90,60,142.368525083776,4.69293053531213,1.13850415054212,2.8,0,0,378,0
90,60,142.368525083776,4.69293053531213,1.13850415054212,3.07,0,0,393,0
90,60,142.368525083776,4.69293053531213,1.13850415054212,13.2,0,0,222,0
90,60,142.368525083776,4.69293053531213,1.13850415054212,22.79,0,0,332,0
91,120,47.363630101084,7.30492049618592,1.02338459732028,0,101,120000,0,1
91,120,47.363630101084,7.30492049618592,1.02338459732028,6.35,0,0,1822,0
91,120,47.363630101084,7.30492049618592,1.02338459732028,10.47,0,0,644,0
91,120,47.363630101084,7.30492049618592,1.02338459732028,17.21,0,0,214,0
91,120,47.363630101084,7.30492049618592,1.02338459732028,22.36,0,0,120,0
92,120,89.4250108260645,5.15388686722113,0.886176576237687,0,101,120000,0,1
92,120,89.4250108260645,5.15388686722113,0.886176576237687,13.31,0,0,640,0
92,120,89.4250108260645,5.15388686722113,0.886176576237687,17.25,0,0,308,0
92,120,89.4250108260645,5.15388686722113,0.886176576237687,17.42,0,0,408,0
92,120,89.4250108260645,5.15388686722113,0.886176576237687,21.69,0,0,514,0
93,120,94.3616826150108,5.76452988312617,0.597097735792466,0,101,120000,0,1
93,120,94.3616826150108,5.76452988312617,0.597097735792466,1.82,0,0,804,0
93,120,94.3616826150108,5.76452988312617,0.597097735792466,1.98,0,0,788,0
93,120,94.3616826150108,5.76452988312617,0.597097735792466,7.86,0,0,755,0
93,120,94.3616826150108,5.76452988312617,0.597097735792466,8.43,0,0,988,0
94,120,52.7700813749623,5.12500280144503,1.25329158808029,0,101,120000,0,1
94,120,52.7700813749623,5.12500280144503,1.25329158808029,0.33,0,0,511,0
94,120,52.7700813749623,5.12500280144503,1.25329158808029,1.61,0,0,1335,0
94,120,52.7700813749623,5.12500280144503,1.25329158808029,10.59,0,0,747,0
94,120,52.7700813749623,5.12500280144503,1.25329158808029,16.99,0,0,324,0
95,120,58.4551521581339,3.42097473639329,1.04473451055237,0,101,120000,0,1
95,120,58.4551521581339,3.42097473639329,1.04473451055237,0.9,0,0,1116,0
95,120,58.4551521581339,3.42097473639329,1.04473451055237,5.62,0,0,1482,0
95,120,58.4551521581339,3.42097473639329,1.04473451055237,6.43,0,0,1273,0
95,120,58.4551521581339,3.42097473639329,1.04473451055237,10.72,0,0,1306,0
96,120,43.6334329049166,4.34324596365897,1.30394729209246,0,101,120000,0,1
96,120,43.6334329049166,4.34324596365897,1.30394729209246,3.76,0,0,2781,0
96,120,43.6334329049166,4.34324596365897,1.30394729209246,9.12,0,0,1033,0
96,120,43.6334329049166,4.34324596365897,1.30394729209246,20.55,0,0,339,0
96,120,43.6334329049166,4.34324596365897,1.30394729209246,21.74,0,0,309,0
97,120,58.5671387713074,4.25153928580879,0.503904206219265,0,101,120000,0,1
97,120,58.5671387713074,4.25153928580879,0.503904206219265,3.51,0,0,1092,0
97,120,58.5671387713074,4.25153928580879,0.503904206219265,13.61,0,0,1208,0
97,120,58.5671387713074,4.25153928580879,0.503904206219265,19.34,0,0,516,0
97,120,58.5671387713074,4.25153928580879,0.503904206219265,19.8,0,0,522,0
98,120,51.1533957051614,3.12805995660331,1.11670508182237,0,101,120000,0,1
98,120,51.1533957051614,3.12805995660331,1.11670508182237,4.95,0,0,1679,0
98,120,51.1533957051614,3.12805995660331,1.11670508182237,7.15,0,0,1861,0
98,120,51.1533957051614,3.12805995660331,1.11670508182237,11.6,0,0,945,0
98,120,51.1533957051614,3.12805995660331,1.11670508182237,22.1,0,0,704,0
99,120,85.1587159518804,4.54177245170147,1.07507813911908,0,101,120000,0,1
99,120,85.1587159518804,4.54177245170147,1.07507813911908,0.66,0,0,430,0
99,120,85.1587159518804,4.54177245170147,1.07507813911908,3.45,0,0,1213,0
99,120,85.1587159518804,4.54177245170147,1.07507813911908,6.88,0,0,814,0
99,120,85.1587159518804,4.54177245170147,1.07507813911908,8.36,0,0,1653,0
100,120,69.6397369698193,4.39474305920373,0.804411856389835,0,101,120000,0,1
100,120,69.6397369698193,4.39474305920373,0.804411856389835,1.6,0,0,1095,0
100,120,69.6397369698193,4.39474305920373,0.804411856389835,2.74,0,0,1273,0
100,120,69.6397369698193,4.39474305920373,0.804411856389835,12.29,0,0,919,0
100,120,69.6397369698193,4.39474305920373,0.804411856389835,16.41,0,0,575,0
101,120,62.1518267463501,2.86111102370929,1.11272999152632,0,101,120000,0,1
101,120,62.1518267463501,2.86111102370929,1.11272999152632,9.74,0,0,1332,0
101,120,62.1518267463501,2.86111102370929,1.11272999152632,13.39,0,0,1158,0
101,120,62.1518267463501,2.86111102370929,1.11272999152632,19.31,0,0,785,0
101,120,62.1518267463501,2.86111102370929,1.11272999152632,22.81,0,0,591,0
102,120,87.8796990583627,2.89483801238971,0.863701331099366,0,101,120000,0,1
102,120,87.8796990583627,2.89483801238971,0.863701331099366,4.97,0,0,1305,0
102,120,87.8796990583627,2.89483801238971,0.863701331099366,6.57,0,0,953,0
102,120,87.8796990583627,2.89483801238971,0.863701331099366,6.99,0,0,1094,0
102,120,87.8796990583627,2.89483801238971,0.863701331099366,21.22,0,0,853,0
103,120,69.6240524716607,3.06665855506846,0.749318643822171,0,101,120000,0,1
103,120,69.6240524716607,3.06665855506846,0.749318643822171,2.81,0,0,1525,0
103,120,69.6240524716607,3.06665855506846,0.749318643822171,5.88,0,0,1445,0
103,120,69.6240524716607,3.06665855506846,0.749318643822171,16.9,0,0,961,0
103,120,69.6240524716607,3.06665855506846,0.749318643822171,17.94,0,0,727,0
104,120,96.4020272275327,6.61700577629887,0.877496118688357,0,101,120000,0,1
104,120,96.4020272275327,6.61700577629887,0.877496118688357,5.76,0,0,1027,0
104,120,96.4020272275327,6.61700577629887,0.877496118688357,9.2,0,0,1055,0
104,120,96.4020272275327,6.61700577629887,0.877496118688357,12.64,0,0,722,0
104,120,96.4020272275327,6.61700577629887,0.877496118688357,17.44,0,0,435,0
105,120,102.829704747911,2.45212519743987,0.953340028737934,0,101,120000,0,1
105,120,102.829704747911,2.45212519743987,0.953340028737934,5.1,0,0,862,0
105,120,102.829704747911,2.45212519743987,0.953340028737934,16.58,0,0,905,0
105,120,102.829704747911,2.45212519743987,0.953340028737934,18.01,0,0,708,0
105,120,102.829704747911,2.45212519743987,0.953340028737934,20.31,0,0,800,0
106,120,79.4104416964389,3.53192221262257,1.20898536073419,0,101,120000,0,1
106,120,79.4104416964389,3.53192221262257,1.20898536073419,3.53,0,0,1491,0
106,120,79.4104416964389,3.53192221262257,1.20898536073419,5.4,0,0,1888,0
106,120,79.4104416964389,3.53192221262257,1.20898536073419,8.73,0,0,1101,0
106,120,79.4104416964389,3.53192221262257,1.20898536073419,9.4,0,0,1076,0
107,120,61.3964792749519,3.67333603594915,0.912221643810788,0,101,120000,0,1
107,120,61.3964792749519,3.67333603594915,0.912221643810788,1.15,0,0,951,0
107,120,61.3964792749519,3.67333603594915,0.912221643810788,10.67,0,0,966,0
107,120,61.3964792749519,3.67333603594915,0.912221643810788,16.52,0,0,1210,0
107,120,61.3964792749519,3.67333603594915,0.912221643810788,17.85,0,0,769,0
108,120,51.7679777304147,6.13119107625959,0.824561084787659,0,101,120000,0,1
108,120,51.7679777304147,6.13119107625959,0.824561084787659,15.39,0,0,457,0
108,120,51.7679777304147,6.13119107625959,0.824561084787659,15.85,0,0,452,0
108,120,51.7679777304147,6.13119107625959,0.824561084787659,19.08,0,0,253,0
108,120,51.7679777304147,6.13119107625959,0.824561084787659,19.86,0,0,302,0
109,120,63.0212376825684,4.4594591457898,0.776673806237626,0,101,120000,0,1
109,120,63.0212376825684,4.4594591457898,0.776673806237626,4.75,0,0,1364,0
109,120,63.0212376825684,4.4594591457898,0.776673806237626,16.06,0,0,772,0
109,120,63.0212376825684,4.4594591457898,0.776673806237626,16.79,0,0,505,0
109,120,63.0212376825684,4.4594591457898,0.776673806237626,17.56,0,0,783,0
110,120,84.7909232293306,5.79804469290717,0.922892736904889,0,101,120000,0,1
110,120,84.7909232293306,5.79804469290717,0.922892736904889,3.78,0,0,1101,0
110,120,84.7909232293306,5.79804469290717,0.922892736904889,5.56,0,0,1235,0
110,120,84.7909232293306,5.79804469290717,0.922892736904889,13.96,0,0,551,0
110,120,84.7909232293306,5.79804469290717,0.922892736904889,23.4,0,0,336,0
111,120,72.7476742820565,4.58792198520019,1.27917654746177,0,101,120000,0,1
111,120,72.7476742820565,4.58792198520019,1.27917654746177,11.11,0,0,1106,0
111,120,72.7476742820565,4.58792198520019,1.27917654746177,11.46,0,0,768,0
111,120,72.7476742820565,4.58792198520019,1.27917654746177,14.45,0,0,553,0
111,120,72.7476742820565,4.58792198520019,1.27917654746177,18.52,0,0,509,0
112,120,122.809923492429,3.34694734503038,0.954889332659324,0,101,120000,0,1
112,120,122.809923492429,3.34694734503038,0.954889332659324,19.4,0,0,599,0
112,120,122.809923492429,3.34694734503038,0.954889332659324,20.18,0,0,471,0
112,120,122.809923492429,3.34694734503038,0.954889332659324,20.7,0,0,588,0
112,120,122.809923492429,3.34694734503038,0.954889332659324,23.03,0,0,487,0
113,120,78.7767009131027,3.10569664507212,0.482166735805607,0,101,120000,0,1
113,120,78.7767009131027,3.10569664507212,0.482166735805607,9.2,0,0,1348,0
113,120,78.7767009131027,3.10569664507212,0.482166735805607,14.89,0,0,1129,0
113,120,78.7767009131027,3.10569664507212,0.482166735805607,15.24,0,0,868,0
113,120,78.7767009131027,3.10569664507212,0.482166735805607,22.54,0,0,744,0
114,120,67.0344833410444,6.51265609994471,0.523981440268883,0,101,120000,0,1
114,120,67.0344833410444,6.51265609994471,0.523981440268883,10.06,0,0,829,0
114,120,67.0344833410444,6.51265609994471,0.523981440268883,13.33,0,0,453,0
114,120,67.0344833410444,6.51265609994471,0.523981440268883,16.35,0,0,463,0
114,120,67.0344833410444,6.51265609994471,0.523981440268883,23.98,0,0,193,0
115,120,68.7490820714043,3.49116261043239,0.728900461192344,0,101,120000,0,1
115,120,68.7490820714043,3.49116261043239,0.728900461192344,1.86,0,0,1286,0
115,120,68.7490820714043,3.49116261043239,0.728900461192344,7.39,0,0,1143,0
115,120,68.7490820714043,3.49116261043239,0.728900461192344,13.34,0,0,846,0
115,120,68.7490820714043,3.49116261043239,0.728900461192344,22.46,0,0,600,0
116,120,52.8269545932605,10.2125065760807,0.826239437056361,0,101,120000,0,1
116,120,52.8269545932605,10.2125065760807,0.826239437056361,10.19,0,0,409,0
116,120,52.8269545932605,10.2125065760807,0.826239437056361,17.51,0,0,87,0
116,120,52.8269545932605,10.2125065760807,0.826239437056361,19.18,0,0,74,0
116,120,52.8269545932605,10.2125065760807,0.826239437056361,21.08,0,0,57,0
117,120,78.0719097836426,4.94542471859282,1.60056983061171,0,101,120000,0,1
117,120,78.0719097836426,4.94542471859282,1.60056983061171,3.56,0,0,1462,0
117,120,78.0719097836426,4.94542471859282,1.60056983061171,7.67,0,0,1227,0
117,120,78.0719097836426,4.94542471859282,1.60056983061171,15.58,0,0,478,0
117,120,78.0719097836426,4.94542471859282,1.60056983061171,20.76,0,0,401,0
118,120,58.5830975444423,4.42714957870973,0.555898298800336,0,101,120000,0,1
118,120,58.5830975444423,4.42714957870973,0.555898298800336,2.45,0,0,1590,0
118,120,58.5830975444423,4.42714957870973,0.555898298800336,4.68,0,0,1742,0
118,120,58.5830975444423,4.42714957870973,0.555898298800336,14.62,0,0,806,0
118,120,58.5830975444423,4.42714957870973,0.555898298800336,17.95,0,0,728,0
119,120,51.4678325838421,4.57970370636358,1.4297187662371,0,101,120000,0,1
119,120,51.4678325838421,4.57970370636358,1.4297187662371,3.55,0,0,1872,0
119,120,51.4678325838421,4.57970370636358,1.4297187662371,6.43,0,0,1299,0
119,120,51.4678325838421,4.57970370636358,1.4297187662371,10.01,0,0,1200,0
119,120,51.4678325838421,4.57970370636358,1.4297187662371,14.54,0,0,697,0
120,120,56.7485767531125,5.08114432904852,0.512553293072704,0,101,120000,0,1
120,120,56.7485767531125,5.08114432904852,0.512553293072704,3.21,0,0,1659,0
120,120,56.7485767531125,5.08114432904852,0.512553293072704,4.27,0,0,1471,0
120,120,56.7485767531125,5.08114432904852,0.512553293072704,7.71,0,0,948,0
120,120,56.7485767531125,5.08114432904852,0.512553293072704,7.95,0,0,596,0
