ID,DOSE,V,CL,KA,TIME,EVID,AMT,DV,EVIDNM
1,10,53.6076989921285,5.05386726988314,0.945415588389077,0,101,10000,0,1
1,10,53.6076989921285,5.05386726988314,0.945415588389077,0.21,0,0,35,0
1,10,53.6076989921285,5.05386726988314,0.945415588389077,1.79,0,0,179,0
1,10,53.6076989921285,5.05386726988314,0.945415588389077,17.8,0,0,42,0
1,10,53.6076989921285,5.05386726988314,0.945415588389077,21.31,0,0,32,0
2,10,68.3506048848417,2.92996683729124,0.983527678431035,0,101,10000,0,1
2,10,68.3506048848417,2.92996683729124,0.983527678431035,11.77,0,0,133,0
2,10,68.3506048848417,2.92996683729124,0.983527678431035,13.79,0,0,97,0
2,10,68.3506048848417,2.92996683729124,0.983527678431035,16.4,0,0,49,0
2,10,68.3506048848417,2.92996683729124,0.983527678431035,18.35,0,0,80,0
3,10,120.050104730472,3.61863806547041,1.01968206784516,0,101,10000,0,1
3,10,120.050104730472,3.61863806547041,1.01968206784516,3.95,0,0,76,0
3,10,120.050104730472,3.61863806547041,1.01968206784516,10.54,0,0,54,0
3,10,120.050104730472,3.61863806547041,1.01968206784516,20.98,0,0,31,0
3,10,120.050104730472,3.61863806547041,1.01968206784516,22.29,0,0,32,0
4,10,100.757764698801,3.81127315588426,0.934501306151417,0,101,10000,0,1
4,10,100.757764698801,3.81127315588426,0.934501306151417,6.28,0,0,98,0
4,10,100.757764698801,3.81127315588426,0.934501306151417,13.41,0,0,76,0
4,10,100.757764698801,3.81127315588426,0.934501306151417,19.25,0,0,68,0
4,10,100.757764698801,3.81127315588426,0.934501306151417,22.23,0,0,46,0
5,10,57.8994247783874,2.89909652885152,1.20731931520656,0,101,10000,0,1
5,10,57.8994247783874,2.89909652885152,1.20731931520656,2.38,0,0,161,0
5,10,57.8994247783874,2.89909652885152,1.20731931520656,9.78,0,0,92,0
5,10,57.8994247783874,2.89909652885152,1.20731931520656,15.58,0,0,65,0
5,10,57.8994247783874,2.89909652885152,1.20731931520656,22.93,0,0,70,0
6,10,56.5547854042269,5.60187996656858,0.747412559730048,0,101,10000,0,1
6,10,56.5547854042269,5.60187996656858,0.747412559730048,4.92,0,0,134,0
6,10,56.5547854042269,5.60187996656858,0.747412559730048,11.53,0,0,56,0
6,10,56.5547854042269,5.60187996656858,0.747412559730048,20.6,0,0,32,0
6,10,56.5547854042269,5.60187996656858,0.747412559730048,23.23,0,0,19,0
7,10,75.1724994001679,2.21726348716108,0.598101543977274,0,101,10000,0,1
7,10,75.1724994001679,2.21726348716108,0.598101543977274,0.76,0,0,44,0
7,10,75.1724994001679,2.21726348716108,0.598101543977274,2.85,0,0,154,0
7,10,75.1724994001679,2.21726348716108,0.598101543977274,14.41,0,0,63,0
7,10,75.1724994001679,2.21726348716108,0.598101543977274,19.43,0,0,77,0
8,10,43.0821528061407,3.9293730043099,1.25181065456106,0,101,10000,0,1
8,10,43.0821528061407,3.9293730043099,1.25181065456106,0.9,0,0,124,0
8,10,43.0821528061407,3.9293730043099,1.25181065456106,2.14,0,0,207,0
8,10,43.0821528061407,3.9293730043099,1.25181065456106,8.63,0,0,127,0
8,10,43.0821528061407,3.9293730043099,1.25181065456106,10.2,0,0,66,0
9,10,41.9677414324941,3.35109908264151,1.71106463756136,0,101,10000,0,1
9,10,41.9677414324941,3.35109908264151,1.71106463756136,3.28,0,0,242,0
9,10,41.9677414324941,3.35109908264151,1.71106463756136,8.33,0,0,125,0
9,10,41.9677414324941,3.35109908264151,1.71106463756136,18.64,0,0,43,0
9,10,41.9677414324941,3.35109908264151,1.71106463756136,23.69,0,0,38,0
10,10,62.9659631026543,4.26837459155877,0.870652763751018,0,101,10000,0,1
10,10,62.9659631026543,4.26837459155877,0.870652763751018,6.94,0,0,82,0
10,10,62.9659631026543,4.26837459155877,0.870652763751018,16.46,0,0,71,0
10,10,62.9659631026543,4.26837459155877,0.870652763751018,17.23,0,0,52,0
10,10,62.9659631026543,4.26837459155877,0.870652763751018,18.99,0,0,45,0
11,10,80.8006812822397,4.70987968129199,0.929624976015331,0,101,10000,0,1
11,10,80.8006812822397,4.70987968129199,0.929624976015331,9.38,0,0,68,0
11,10,80.8006812822397,4.70987968129199,0.929624976015331,17.12,0,0,34,0
11,10,80.8006812822397,4.70987968129199,0.929624976015331,18.16,0,0,70,0
11,10,80.8006812822397,4.70987968129199,0.929624976015331,22.73,0,0,33,0
12,10,74.2647784844235,2.34443740487994,1.20698539206721,0,101,10000,0,1
12,10,74.2647784844235,2.34443740487994,1.20698539206721,1.45,0,0,129,0
12,10,74.2647784844235,2.34443740487994,1.20698539206721,11.53,0,0,130,0
12,10,74.2647784844235,2.34443740487994,1.20698539206721,15.61,0,0,94,0
12,10,74.2647784844235,2.34443740487994,1.20698539206721,23.99,0,0,43,0
13,10,58.8350538502359,6.08774865391865,1.71626648078482,0,101,10000,0,1
13,10,58.8350538502359,6.08774865391865,1.71626648078482,5.91,0,0,124,0
13,10,58.8350538502359,6.08774865391865,1.71626648078482,6.04,0,0,89,0
13,10,58.8350538502359,6.08774865391865,1.71626648078482,15.76,0,0,45,0
13,10,58.8350538502359,6.08774865391865,1.71626648078482,17.11,0,0,28,0
14,10,71.7881006516582,4.30124680517327,0.519854591810232,0,101,10000,0,1
14,10,71.7881006516582,4.30124680517327,0.519854591810232,0.26,0,0,15,0
14,10,71.7881006516582,4.30124680517327,0.519854591810232,5.78,0,0,96,0
14,10,71.7881006516582,4.30124680517327,0.519854591810232,11.62,0,0,65,0
14,10,71.7881006516582,4.30124680517327,0.519854591810232,17.51,0,0,58,0
15,10,50.7339017440512,5.48902706450447,1.01859414280839,0,101,10000,0,1
15,10,50.7339017440512,5.48902706450447,1.01859414280839,3.22,0,0,110,0
15,10,50.7339017440512,5.48902706450447,1.01859414280839,5.16,0,0,139,0
15,10,50.7339017440512,5.48902706450447,1.01859414280839,5.61,0,0,79,0
15,10,50.7339017440512,5.48902706450447,1.01859414280839,6.38,0,0,130,0
16,10,98.5215158934556,5.40222140509113,1.12147198535819,0,101,10000,0,1
16,10,98.5215158934556,5.40222140509113,1.12147198535819,2.87,0,0,107,0
16,10,98.5215158934556,5.40222140509113,1.12147198535819,11.24,0,0,79,0
16,10,98.5215158934556,5.40222140509113,1.12147198535819,12.37,0,0,56,0
16,10,98.5215158934556,5.40222140509113,1.12147198535819,16.25,0,0,37,0
17,10,82.4610062477802,4.27636746071313,0.959674934917169,0,101,10000,0,1
17,10,82.4610062477802,4.27636746071313,0.959674934917169,2.95,0,0,76,0
17,10,82.4610062477802,4.27636746071313,0.959674934917169,8.21,0,0,90,0
17,10,82.4610062477802,4.27636746071313,0.959674934917169,18.58,0,0,58,0
17,10,82.4610062477802,4.27636746071313,0.959674934917169,22.4,0,0,41,0
18,10,91.5973989948486,4.33008554244569,1.29370023186039,0,101,10000,0,1
18,10,91.5973989948486,4.33008554244569,1.29370023186039,3.76,0,0,72,0
18,10,91.5973989948486,4.33008554244569,1.29370023186039,12.13,0,0,63,0
18,10,91.5973989948486,4.33008554244569,1.29370023186039,20.09,0,0,54,0
18,10,91.5973989948486,4.33008554244569,1.29370023186039,22.67,0,0,47,0
19,10,48.2748186852719,3.80651832040779,1.18390586446983,0,101,10000,0,1
19,10,48.2748186852719,3.80651832040779,1.18390586446983,13.79,0,0,71,0
19,10,48.2748186852719,3.80651832040779,1.18390586446983,13.87,0,0,86,0
19,10,48.2748186852719,3.80651832040779,1.18390586446983,21.75,0,0,30,0
19,10,48.2748186852719,3.80651832040779,1.18390586446983,21.98,0,0,32,0
20,10,52.5907466899662,2.56915479395779,0.965550963881923,0,101,10000,0,1
20,10,52.5907466899662,2.56915479395779,0.965550963881923,1.54,0,0,167,0
20,10,52.5907466899662,2.56915479395779,0.965550963881923,9.07,0,0,157,0
20,10,52.5907466899662,2.56915479395779,0.965550963881923,10.49,0,0,118,0
20,10,52.5907466899662,2.56915479395779,0.965550963881923,17.86,0,0,81,0
21,10,83.1765352138061,6.14497008218141,1.00884831330412,0,101,10000,0,1
21,10,83.1765352138061,6.14497008218141,1.00884831330412,3.9,0,0,127,0
21,10,83.1765352138061,6.14497008218141,1.00884831330412,15.74,0,0,49,0
21,10,83.1765352138061,6.14497008218141,1.00884831330412,18.99,0,0,34,0
21,10,83.1765352138061,6.14497008218141,1.00884831330412,19.09,0,0,24,0
22,10,65.1913004497333,6.01085443031783,1.1501230642149,0,101,10000,0,1
22,10,65.1913004497333,6.01085443031783,1.1501230642149,1.52,0,0,125,0
22,10,65.1913004497333,6.01085443031783,1.1501230642149,8.2,0,0,49,0
22,10,65.1913004497333,6.01085443031783,1.1501230642149,9.28,0,0,94,0
22,10,65.1913004497333,6.01085443031783,1.1501230642149,15.13,0,0,63,0
23,10,107.282164261474,6.02287713404144,0.872220150471587,0,101,10000,0,1
23,10,107.282164261474,6.02287713404144,0.872220150471587,1.03,0,0,54,0
23,10,107.282164261474,6.02287713404144,0.872220150471587,3.93,0,0,76,0
23,10,107.282164261474,6.02287713404144,0.872220150471587,13.03,0,0,58,0
23,10,107.282164261474,6.02287713404144,0.872220150471587,19.38,0,0,29,0
24,10,78.1383890873124,4.51683547598334,0.876141527509223,0,101,10000,0,1
24,10,78.1383890873124,4.51683547598334,0.876141527509223,1.08,0,0,59,0
24,10,78.1383890873124,4.51683547598334,0.876141527509223,19.86,0,0,43,0
24,10,78.1383890873124,4.51683547598334,0.876141527509223,20.17,0,0,29,0
24,10,78.1383890873124,4.51683547598334,0.876141527509223,20.35,0,0,51,0
25,10,64.2049000886263,3.46612567286835,1.25944633474861,0,101,10000,0,1
25,10,64.2049000886263,3.46612567286835,1.25944633474861,2.05,0,0,113,0
25,10,64.2049000886263,3.46612567286835,1.25944633474861,12.71,0,0,116,0
25,10,64.2049000886263,3.46612567286835,1.25944633474861,16.23,0,0,91,0
25,10,64.2049000886263,3.46612567286835,1.25944633474861,16.72,0,0,62,0
26,10,52.8100986245681,4.44676329573052,0.991606685576482,0,101,10000,0,1
26,10,52.8100986245681,4.44676329573052,0.991606685576482,4.04,0,0,116,0
26,10,52.8100986245681,4.44676329573052,0.991606685576482,10.19,0,0,102,0
26,10,52.8100986245681,4.44676329573052,0.991606685576482,12.32,0,0,80,0
26,10,52.8100986245681,4.44676329573052,0.991606685576482,19.64,0,0,32,0
27,10,58.9158630287149,2.99106430843978,1.50273516825404,0,101,10000,0,1
27,10,58.9158630287149,2.99106430843978,1.50273516825404,2.34,0,0,183,0
27,10,58.9158630287149,2.99106430843978,1.50273516825404,6.47,0,0,146,0
27,10,58.9158630287149,2.99106430843978,1.50273516825404,7.91,0,0,133,0
27,10,58.9158630287149,2.99106430843978,1.50273516825404,13.29,0,0,111,0
28,10,71.7445374629877,2.82382702958996,1.09184745880762,0,101,10000,0,1
28,10,71.7445374629877,2.82382702958996,1.09184745880762,7.85,0,0,119,0
28,10,71.7445374629877,2.82382702958996,1.09184745880762,13.15,0,0,72,0
28,10,71.7445374629877,2.82382702958996,1.09184745880762,17.88,0,0,108,0
28,10,71.7445374629877,2.82382702958996,1.09184745880762,23.72,0,0,47,0
29,10,79.9914110122058,4.76123144549068,0.713381806050316,0,101,10000,0,1
29,10,79.9914110122058,4.76123144549068,0.713381806050316,7.62,0,0,81,0
29,10,79.9914110122058,4.76123144549068,0.713381806050316,10.04,0,0,68,0
29,10,79.9914110122058,4.76123144549068,0.713381806050316,10.27,0,0,88,0
29,10,79.9914110122058,4.76123144549068,0.713381806050316,16.94,0,0,53,0
30,10,47.7803466514689,1.81572332339219,1.11525845577853,0,101,10000,0,1
30,10,47.7803466514689,1.81572332339219,1.11525845577853,3.84,0,0,204,0
30,10,47.7803466514689,1.81572332339219,1.11525845577853,13,0,0,133,0
30,10,47.7803466514689,1.81572332339219,1.11525845577853,14.92,0,0,127,0
30,10,47.7803466514689,1.81572332339219,1.11525845577853,15.07,0,0,98,0
31,30,63.3331718088103,3.49207714371748,0.760158000206274,0,101,30000,0,1
31,30,63.3331718088103,3.49207714371748,0.760158000206274,0.89,0,0,292,0
31,30,63.3331718088103,3.49207714371748,0.760158000206274,7.64,0,0,367,0
31,30,63.3331718088103,3.49207714371748,0.760158000206274,8.62,0,0,307,0
31,30,63.3331718088103,3.49207714371748,0.760158000206274,9.27,0,0,362,0
32,30,57.9784649799575,4.73402102354647,1.24681135913504,0,101,30000,0,1
32,30,57.9784649799575,4.73402102354647,1.24681135913504,5.39,0,0,445,0
32,30,57.9784649799575,4.73402102354647,1.24681135913504,6.61,0,0,282,0
32,30,57.9784649799575,4.73402102354647,1.24681135913504,10.75,0,0,202,0
32,30,57.9784649799575,4.73402102354647,1.24681135913504,15.78,0,0,196,0
33,30,77.7429287725971,6.61666862108143,0.936733741929935,0,101,30000,0,1
33,30,77.7429287725971,6.61666862108143,0.936733741929935,8.15,0,0,175,0
33,30,77.7429287725971,6.61666862108143,0.936733741929935,14.86,0,0,115,0
33,30,77.7429287725971,6.61666862108143,0.936733741929935,22.66,0,0,50,0
33,30,77.7429287725971,6.61666862108143,0.936733741929935,23.98,0,0,65,0
34,30,104.958538702402,1.8788724938036,0.948729635933222,0,101,30000,0,1
34,30,104.958538702402,1.8788724938036,0.948729635933222,0.58,0,0,131,0
34,30,104.958538702402,1.8788724938036,0.948729635933222,9.88,0,0,241,0
34,30,104.958538702402,1.8788724938036,0.948729635933222,10.86,0,0,241,0
34,30,104.958538702402,1.8788724938036,0.948729635933222,20.59,0,0,280,0
35,30,66.5098733555566,4.52360780666544,1.10747548779303,0,101,30000,0,1
35,30,66.5098733555566,4.52360780666544,1.10747548779303,1.46,0,0,364,0
35,30,66.5098733555566,4.52360780666544,1.10747548779303,11.09,0,0,198,0
35,30,66.5098733555566,4.52360780666544,1.10747548779303,11.43,0,0,186,0
35,30,66.5098733555566,4.52360780666544,1.10747548779303,19.07,0,0,100,0
36,30,129.215329907064,4.40805663111566,1.59673259028339,0,101,30000,0,1
36,30,129.215329907064,4.40805663111566,1.59673259028339,3.38,0,0,178,0
36,30,129.215329907064,4.40805663111566,1.59673259028339,4.48,0,0,243,0
36,30,129.215329907064,4.40805663111566,1.59673259028339,15.41,0,0,142,0
36,30,129.215329907064,4.40805663111566,1.59673259028339,23.91,0,0,117,0
37,30,74.3541827789324,4.2560159676319,1.26167420996539,0,101,30000,0,1
37,30,74.3541827789324,4.2560159676319,1.26167420996539,1.98,0,0,349,0
37,30,74.3541827789324,4.2560159676319,1.26167420996539,3.36,0,0,435,0
37,30,74.3541827789324,4.2560159676319,1.26167420996539,6.61,0,0,319,0
37,30,74.3541827789324,4.2560159676319,1.26167420996539,15.54,0,0,139,0
38,30,46.9964306577072,9.15274671767288,0.725285698872912,0,101,30000,0,1
38,30,46.9964306577072,9.15274671767288,0.725285698872912,1.63,0,0,363,0
38,30,46.9964306577072,9.15274671767288,0.725285698872912,2.12,0,0,451,0
38,30,46.9964306577072,9.15274671767288,0.725285698872912,14.79,0,0,37,0
38,30,46.9964306577072,9.15274671767288,0.725285698872912,16.1,0,0,48,0
39,30,42.4606946443844,5.03765648215442,0.663776043694733,0,101,30000,0,1
39,30,42.4606946443844,5.03765648215442,0.663776043694733,2.1,0,0,386,0
39,30,42.4606946443844,5.03765648215442,0.663776043694733,18.15,0,0,92,0
39,30,42.4606946443844,5.03765648215442,0.663776043694733,20.13,0,0,74,0
39,30,42.4606946443844,5.03765648215442,0.663776043694733,20.51,0,0,97,0
40,30,53.6644984070699,4.99647362236263,0.859139638305419,0,101,30000,0,1
40,30,53.6644984070699,4.99647362236263,0.859139638305419,2.23,0,0,527,0
40,30,53.6644984070699,4.99647362236263,0.859139638305419,3.73,0,0,389,0
40,30,53.6644984070699,4.99647362236263,0.859139638305419,9.97,0,0,245,0
40,30,53.6644984070699,4.99647362236263,0.859139638305419,15.91,0,0,138,0
41,30,63.3380780794223,2.97767516267724,1.19934942465279,0,101,30000,0,1
41,30,63.3380780794223,2.97767516267724,1.19934942465279,2.18,0,0,525,0
41,30,63.3380780794223,2.97767516267724,1.19934942465279,14.02,0,0,301,0
41,30,63.3380780794223,2.97767516267724,1.19934942465279,16.89,0,0,185,0
41,30,63.3380780794223,2.97767516267724,1.19934942465279,20.98,0,0,197,0
42,30,69.0534518526037,4.59086323853539,0.7490935554461,0,101,30000,0,1
42,30,69.0534518526037,4.59086323853539,0.7490935554461,1.81,0,0,335,0
42,30,69.0534518526037,4.59086323853539,0.7490935554461,5.07,0,0,298,0
42,30,69.0534518526037,4.59086323853539,0.7490935554461,9,0,0,229,0
42,30,69.0534518526037,4.59086323853539,0.7490935554461,12.53,0,0,254,0
43,30,56.1210345688457,5.28287123999236,1.35273401644238,0,101,30000,0,1
43,30,56.1210345688457,5.28287123999236,1.35273401644238,7.5,0,0,408,0
43,30,56.1210345688457,5.28287123999236,1.35273401644238,17.12,0,0,139,0
43,30,56.1210345688457,5.28287123999236,1.35273401644238,22.51,0,0,96,0
43,30,56.1210345688457,5.28287123999236,1.35273401644238,22.91,0,0,59,0
44,30,70.7447257494506,5.87632856939802,0.773068853321564,0,101,30000,0,1
44,30,70.7447257494506,5.87632856939802,0.773068853321564,4.5,0,0,421,0
44,30,70.7447257494506,5.87632856939802,0.773068853321564,8.86,0,0,245,0
44,30,70.7447257494506,5.87632856939802,0.773068853321564,12.72,0,0,208,0
44,30,70.7447257494506,5.87632856939802,0.773068853321564,13.89,0,0,222,0
45,30,67.433151351765,3.39722645198565,1.28925341294477,0,101,30000,0,1
45,30,67.433151351765,3.39722645198565,1.28925341294477,7.82,0,0,272,0
45,30,67.433151351765,3.39722645198565,1.28925341294477,12.07,0,0,243,0
45,30,67.433151351765,3.39722645198565,1.28925341294477,15.79,0,0,186,0
45,30,67.433151351765,3.39722645198565,1.28925341294477,21.07,0,0,183,0
46,30,55.7257263678228,3.44965192313266,1.2200667571072,0,101,30000,0,1
46,30,55.7257263678228,3.44965192313266,1.2200667571072,4.57,0,0,369,0
46,30,55.7257263678228,3.44965192313266,1.2200667571072,15.51,0,0,301,0
46,30,55.7257263678228,3.44965192313266,1.2200667571072,20.77,0,0,163,0
46,30,55.7257263678228,3.44965192313266,1.2200667571072,21.35,0,0,140,0
47,30,76.6285605986907,2.46851707677192,0.898681924868442,0,101,30000,0,1
47,30,76.6285605986907,2.46851707677192,0.898681924868442,0.56,0,0,168,0
47,30,76.6285605986907,2.46851707677192,0.898681924868442,8.92,0,0,380,0
47,30,76.6285605986907,2.46851707677192,0.898681924868442,12.24,0,0,383,0
47,30,76.6285605986907,2.46851707677192,0.898681924868442,22.38,0,0,186,0
48,30,68.3218636534099,5.1769642315745,0.69369871540236,0,101,30000,0,1
48,30,68.3218636534099,5.1769642315745,0.69369871540236,1.1,0,0,249,0
48,30,68.3218636534099,5.1769642315745,0.69369871540236,1.27,0,0,190,0
48,30,68.3218636534099,5.1769642315745,0.69369871540236,9.95,0,0,223,0
48,30,68.3218636534099,5.1769642315745,0.69369871540236,12.1,0,0,226,0
49,30,112.574230933067,5.35615202504569,1.01830178924557,0,101,30000,0,1
49,30,112.574230933067,5.35615202504569,1.01830178924557,13.08,0,0,141,0
49,30,112.574230933067,5.35615202504569,1.01830178924557,13.56,0,0,189,0
49,30,112.574230933067,5.35615202504569,1.01830178924557,14.97,0,0,197,0
49,30,112.574230933067,5.35615202504569,1.01830178924557,15.78,0,0,124,0
50,30,53.4432485260956,11.2123768880745,0.846620515715278,0,101,30000,0,1
50,30,53.4432485260956,11.2123768880745,0.846620515715278,6.08,0,0,129,0
50,30,53.4432485260956,11.2123768880745,0.846620515715278,18.43,0,0,15,0
50,30,53.4432485260956,11.2123768880745,0.846620515715278,19.18,0,0,13,0
50,30,53.4432485260956,11.2123768880745,0.846620515715278,21.55,0,0,8,0
51,30,50.1054205408552,2.49741061922087,1.07220887266045,0,101,30000,0,1
51,30,50.1054205408552,2.49741061922087,1.07220887266045,12.59,0,0,421,0
51,30,50.1054205408552,2.49741061922087,1.07220887266045,13.96,0,0,211,0
51,30,50.1054205408552,2.49741061922087,1.07220887266045,15.36,0,0,344,0
51,30,50.1054205408552,2.49741061922087,1.07220887266045,20.19,0,0,229,0
52,30,80.0980402163845,3.45902876540724,1.22337286176406,0,101,30000,0,1
52,30,80.0980402163845,3.45902876540724,1.22337286176406,0.18,0,0,58,0
52,30,80.0980402163845,3.45902876540724,1.22337286176406,1.79,0,0,352,0
52,30,80.0980402163845,3.45902876540724,1.22337286176406,14.22,0,0,217,0
52,30,80.0980402163845,3.45902876540724,1.22337286176406,23.58,0,0,101,0
53,30,83.0009639957206,3.35946670484837,0.493688475348568,0,101,30000,0,1
53,30,83.0009639957206,3.35946670484837,0.493688475348568,0.56,0,0,95,0
53,30,83.0009639957206,3.35946670484837,0.493688475348568,11.03,0,0,359,0
53,30,83.0009639957206,3.35946670484837,0.493688475348568,15.02,0,0,156,0
53,30,83.0009639957206,3.35946670484837,0.493688475348568,18.01,0,0,233,0
54,30,73.7255215555241,2.51214187232773,1.2572138222488,0,101,30000,0,1
54,30,73.7255215555241,2.51214187232773,1.2572138222488,1.54,0,0,368,0
54,30,73.7255215555241,2.51214187232773,1.2572138222488,2.68,0,0,479,0
54,30,73.7255215555241,2.51214187232773,1.2572138222488,16.33,0,0,204,0
54,30,73.7255215555241,2.51214187232773,1.2572138222488,17.78,0,0,228,0
55,30,60.6098349361524,3.50157772702085,0.791889917431,0,101,30000,0,1
55,30,60.6098349361524,3.50157772702085,0.791889917431,6.45,0,0,302,0
55,30,60.6098349361524,3.50157772702085,0.791889917431,11.39,0,0,221,0
55,30,60.6098349361524,3.50157772702085,0.791889917431,11.92,0,0,332,0
55,30,60.6098349361524,3.50157772702085,0.791889917431,21.32,0,0,217,0
56,30,50.6176587646922,2.4316360098248,1.52467203751467,0,101,30000,0,1
56,30,50.6176587646922,2.4316360098248,1.52467203751467,0.29,0,0,332,0
56,30,50.6176587646922,2.4316360098248,1.52467203751467,2.21,0,0,681,0
56,30,50.6176587646922,2.4316360098248,1.52467203751467,7.96,0,0,358,0
56,30,50.6176587646922,2.4316360098248,1.52467203751467,14.62,0,0,293,0
57,30,60.6735552125075,4.25800504332676,2.36996677494007,0,101,30000,0,1
57,30,60.6735552125075,4.25800504332676,2.36996677494007,8.28,0,0,287,0
57,30,60.6735552125075,4.25800504332676,2.36996677494007,10.76,0,0,191,0
57,30,60.6735552125075,4.25800504332676,2.36996677494007,20.69,0,0,159,0
57,30,60.6735552125075,4.25800504332676,2.36996677494007,23.68,0,0,98,0
58,30,75.3160194238535,3.28797751312147,1.41275194824246,0,101,30000,0,1
58,30,75.3160194238535,3.28797751312147,1.41275194824246,1.88,0,0,314,0
58,30,75.3160194238535,3.28797751312147,1.41275194824246,5.76,0,0,372,0
58,30,75.3160194238535,3.28797751312147,1.41275194824246,7.01,0,0,259,0
58,30,75.3160194238535,3.28797751312147,1.41275194824246,17.7,0,0,225,0
59,30,70.0719383431042,2.24484893277148,1.45682669476236,0,101,30000,0,1
59,30,70.0719383431042,2.24484893277148,1.45682669476236,8.22,0,0,393,0
59,30,70.0719383431042,2.24484893277148,1.45682669476236,14.19,0,0,301,0
59,30,70.0719383431042,2.24484893277148,1.45682669476236,17.05,0,0,399,0
59,30,70.0719383431042,2.24484893277148,1.45682669476236,20.17,0,0,354,0
60,30,56.2474958502055,5.69698018913153,1.36702731596474,0,101,30000,0,1
60,30,56.2474958502055,5.69698018913153,1.36702731596474,4.8,0,0,346,0
60,30,56.2474958502055,5.69698018913153,1.36702731596474,6.87,0,0,332,0
60,30,56.2474958502055,5.69698018913153,1.36702731596474,7.8,0,0,253,0
60,30,56.2474958502055,5.69698018913153,1.36702731596474,19.79,0,0,72,0
61,60,106.0759008921,3.41927641827319,1.70345489674148,0,101,60000,0,1
61,60,106.0759008921,3.41927641827319,1.70345489674148,3.72,0,0,532,0
61,60,106.0759008921,3.41927641827319,1.70345489674148,11.73,0,0,474,0
61,60,106.0759008921,3.41927641827319,1.70345489674148,18.67,0,0,354,0
61,60,106.0759008921,3.41927641827319,1.70345489674148,19.84,0,0,266,0
62,60,63.7494613711601,3.93555369681424,1.56521643604918,0,101,60000,0,1
62,60,63.7494613711601,3.93555369681424,1.56521643604918,0.84,0,0,642,0
62,60,63.7494613711601,3.93555369681424,1.56521643604918,4.6,0,0,753,0
62,60,63.7494613711601,3.93555369681424,1.56521643604918,5.64,0,0,930,0
62,60,63.7494613711601,3.93555369681424,1.56521643604918,5.68,0,0,512,0
63,60,47.9552366410181,3.32057518328512,1.06948786489709,0,101,60000,0,1
63,60,47.9552366410181,3.32057518328512,1.06948786489709,4.71,0,0,1143,0
63,60,47.9552366410181,3.32057518328512,1.06948786489709,5.4,0,0,939,0
63,60,47.9552366410181,3.32057518328512,1.06948786489709,16.1,0,0,451,0
63,60,47.9552366410181,3.32057518328512,1.06948786489709,20.75,0,0,314,0
64,60,56.3650544486478,3.21889937348245,1.02829888085419,0,101,60000,0,1
64,60,56.3650544486478,3.21889937348245,1.02829888085419,4.66,0,0,701,0
64,60,56.3650544486478,3.21889937348245,1.02829888085419,8.82,0,0,467,0
64,60,56.3650544486478,3.21889937348245,1.02829888085419,16.4,0,0,465,0
64,60,56.3650544486478,3.21889937348245,1.02829888085419,17.52,0,0,363,0
65,60,61.5829824534221,4.78101315821113,0.642330331538273,0,101,60000,0,1
65,60,61.5829824534221,4.78101315821113,0.642330331538273,2.88,0,0,972,0
65,60,61.5829824534221,4.78101315821113,0.642330331538273,3.6,0,0,1061,0
65,60,61.5829824534221,4.78101315821113,0.642330331538273,6.16,0,0,739,0
65,60,61.5829824534221,4.78101315821113,0.642330331538273,14.56,0,0,448,0
66,60,95.4196569644028,4.29058063998437,1.01841838286752,0,101,60000,0,1
66,60,95.4196569644028,4.29058063998437,1.01841838286752,17.63,0,0,420,0
66,60,95.4196569644028,4.29058063998437,1.01841838286752,22.99,0,0,173,0
66,60,95.4196569644028,4.29058063998437,1.01841838286752,23.42,0,0,248,0
66,60,95.4196569644028,4.29058063998437,1.01841838286752,23.79,0,0,238,0
67,60,73.2624192808368,4.9223023001643,1.30959525259326,0,101,60000,0,1
67,60,73.2624192808368,4.9223023001643,1.30959525259326,1.56,0,0,694,0
67,60,73.2624192808368,4.9223023001643,1.30959525259326,3.38,0,0,549,0
67,60,73.2624192808368,4.9223023001643,1.30959525259326,5.64,0,0,583,0
67,60,73.2624192808368,4.9223023001643,1.30959525259326,17.96,0,0,221,0
68,60,59.6581101442208,4.66272514385439,0.82514095045788,0,101,60000,0,1
68,60,59.6581101442208,4.66272514385439,0.82514095045788,4.73,0,0,911,0
68,60,59.6581101442208,4.66272514385439,0.82514095045788,16.46,0,0,297,0
68,60,59.6581101442208,4.66272514385439,0.82514095045788,18.9,0,0,312,0
68,60,59.6581101442208,4.66272514385439,0.82514095045788,21.8,0,0,174,0
69,60,81.0995565057237,6.2151896096428,0.700720802916161,0,101,60000,0,1
69,60,81.0995565057237,6.2151896096428,0.700720802916161,8,0,0,498,0
69,60,81.0995565057237,6.2151896096428,0.700720802916161,14.63,0,0,261,0
69,60,81.0995565057237,6.2151896096428,0.700720802916161,20.14,0,0,155,0
69,60,81.0995565057237,6.2151896096428,0.700720802916161,20.65,0,0,154,0
70,60,55.434211375922,5.40012265785583,1.09147545608102,0,101,60000,0,1
70,60,55.434211375922,5.40012265785583,1.09147545608102,1.07,0,0,632,0
70,60,55.434211375922,5.40012265785583,1.09147545608102,15.76,0,0,200,0
70,60,55.434211375922,5.40012265785583,1.09147545608102,19.82,0,0,145,0
70,60,55.434211375922,5.40012265785583,1.09147545608102,21.29,0,0,193,0
71,60,102.966007817633,2.29683545881589,1.05405091585289,0,101,60000,0,1
71,60,102.966007817633,2.29683545881589,1.05405091585289,2.72,0,0,621,0
71,60,102.966007817633,2.29683545881589,1.05405091585289,7.05,0,0,373,0
71,60,102.966007817633,2.29683545881589,1.05405091585289,8.72,0,0,516,0
71,60,102.966007817633,2.29683545881589,1.05405091585289,10.59,0,0,433,0
72,60,79.0953621121257,3.27896090898761,0.758265645151474,0,101,60000,0,1
72,60,79.0953621121257,3.27896090898761,0.758265645151474,2.81,0,0,689,0
72,60,79.0953621121257,3.27896090898761,0.758265645151474,5.22,0,0,515,0
72,60,79.0953621121257,3.27896090898761,0.758265645151474,5.93,0,0,711,0
72,60,79.0953621121257,3.27896090898761,0.758265645151474,6.75,0,0,715,0
73,60,73.0484166883019,5.69075274379982,1.21344196239855,0,101,60000,0,1
73,60,73.0484166883019,5.69075274379982,1.21344196239855,3.6,0,0,678,0
73,60,73.0484166883019,5.69075274379982,1.21344196239855,12.48,0,0,291,0
73,60,73.0484166883019,5.69075274379982,1.21344196239855,13.55,0,0,239,0
73,60,73.0484166883019,5.69075274379982,1.21344196239855,16.81,0,0,177,0
74,60,90.4126470567393,6.58010984381791,0.959396466095732,0,101,60000,0,1
74,60,90.4126470567393,6.58010984381791,0.959396466095732,6.91,0,0,709,0
74,60,90.4126470567393,6.58010984381791,0.959396466095732,12.04,0,0,327,0
74,60,90.4126470567393,6.58010984381791,0.959396466095732,21.84,0,0,140,0
74,60,90.4126470567393,6.58010984381791,0.959396466095732,23.93,0,0,175,0
75,60,72.3974556017392,2.55410018473072,0.712776442041904,0,101,60000,0,1
75,60,72.3974556017392,2.55410018473072,0.712776442041904,8.66,0,0,505,0
75,60,72.3974556017392,2.55410018473072,0.712776442041904,13.35,0,0,462,0
75,60,72.3974556017392,2.55410018473072,0.712776442041904,20.39,0,0,390,0
75,60,72.3974556017392,2.55410018473072,0.712776442041904,20.44,0,0,431,0
76,60,80.7251551487886,3.18129726739234,0.784333889747216,0,101,60000,0,1
76,60,80.7251551487886,3.18129726739234,0.784333889747216,0.91,0,0,346,0
76,60,80.7251551487886,3.18129726739234,0.784333889747216,5.24,0,0,845,0
76,60,80.7251551487886,3.18129726739234,0.784333889747216,11.35,0,0,519,0
76,60,80.7251551487886,3.18129726739234,0.784333889747216,18.88,0,0,406,0
77,60,63.2853466718832,4.83856311961163,0.821296033447287,0,101,60000,0,1
77,60,63.2853466718832,4.83856311961163,0.821296033447287,3.31,0,0,697,0
77,60,63.2853466718832,4.83856311961163,0.821296033447287,6.43,0,0,630,0
77,60,63.2853466718832,4.83856311961163,0.821296033447287,17.94,0,0,253,0
77,60,63.2853466718832,4.83856311961163,0.821296033447287,18.42,0,0,193,0
78,60,68.1057322402276,3.78151476328601,1.22260619479958,0,101,60000,0,1
78,60,68.1057322402276,3.78151476328601,1.22260619479958,5.8,0,0,847,0
78,60,68.1057322402276,3.78151476328601,1.22260619479958,10.52,0,0,425,0
78,60,68.1057322402276,3.78151476328601,1.22260619479958,10.98,0,0,444,0
78,60,68.1057322402276,3.78151476328601,1.22260619479958,15.11,0,0,449,0
79,60,68.6073772581379,5.62854759477362,0.84493319027557,0,101,60000,0,1
79,60,68.6073772581379,5.62854759477362,0.84493319027557,5.84,0,0,710,0
79,60,68.6073772581379,5.62854759477362,0.84493319027557,14.94,0,0,298,0
79,60,68.6073772581379,5.62854759477362,0.84493319027557,17.94,0,0,206,0
79,60,68.6073772581379,5.62854759477362,0.84493319027557,22.39,0,0,136,0
80,60,47.8959271102297,2.85888578167895,1.0675085459435,0,101,60000,0,1
80,60,47.8959271102297,2.85888578167895,1.0675085459435,14.56,0,0,471,0
80,60,47.8959271102297,2.85888578167895,1.0675085459435,16.51,0,0,569,0
80,60,47.8959271102297,2.85888578167895,1.0675085459435,19.89,0,0,392,0
80,60,47.8959271102297,2.85888578167895,1.0675085459435,19.95,0,0,618,0
81,60,56.8953329049718,4.31971495322527,1.50530001537181,0,101,60000,0,1
81,60,56.8953329049718,4.31971495322527,1.50530001537181,1.96,0,0,847,0
81,60,56.8953329049718,4.31971495322527,1.50530001537181,6.13,0,0,588,0
81,60,56.8953329049718,4.31971495322527,1.50530001537181,13.49,0,0,483,0
81,60,56.8953329049718,4.31971495322527,1.50530001537181,20.21,0,0,196,0
82,60,56.2570835911867,2.12919582865638,1.5254551125516,0,101,60000,0,1
82,60,56.2570835911867,2.12919582865638,1.5254551125516,0.08,0,0,109,0
82,60,56.2570835911867,2.12919582865638,1.5254551125516,10.1,0,0,765,0
82,60,56.2570835911867,2.12919582865638,1.5254551125516,15.75,0,0,523,0
82,60,56.2570835911867,2.12919582865638,1.5254551125516,23.98,0,0,382,0
83,60,71.1723123636419,2.25012326622118,1.29697383352424,0,101,60000,0,1
83,60,71.1723123636419,2.25012326622118,1.29697383352424,2.2,0,0,741,0
83,60,71.1723123636419,2.25012326622118,1.29697383352424,3.03,0,0,602,0
83,60,71.1723123636419,2.25012326622118,1.29697383352424,5.8,0,0,683,0
83,60,71.1723123636419,2.25012326622118,1.29697383352424,14.79,0,0,605,0
84,60,90.3780738414781,4.25363212046164,0.786603250926691,0,101,60000,0,1
84,60,90.3780738414781,4.25363212046164,0.786603250926691,0.2,0,0,144,0
84,60,90.3780738414781,4.25363212046164,0.786603250926691,4.71,0,0,567,0
84,60,90.3780738414781,4.25363212046164,0.786603250926691,14.98,0,0,400,0
84,60,90.3780738414781,4.25363212046164,0.786603250926691,19.37,0,0,331,0
85,60,125.224432836733,4.81879483781824,0.970565650108596,0,101,60000,0,1
85,60,125.224432836733,4.81879483781824,0.970565650108596,5.5,0,0,399,0
85,60,125.224432836733,4.81879483781824,0.970565650108596,9.52,0,0,352,0
85,60,125.224432836733,4.81879483781824,0.970565650108596,10.81,0,0,363,0
85,60,125.224432836733,4.81879483781824,0.970565650108596,14.51,0,0,217,0
86,60,76.4403628531025,4.84433498799202,0.833335244957303,0,101,60000,0,1
86,60,76.4403628531025,4.84433498799202,0.833335244957303,3.42,0,0,925,0
86,60,76.4403628531025,4.84433498799202,0.833335244957303,7.53,0,0,1225,0
86,60,76.4403628531025,4.84433498799202,0.833335244957303,11.92,0,0,489,0
86,60,76.4403628531025,4.84433498799202,0.833335244957303,22.4,0,0,176,0
87,60,101.024071934236,2.87376472375672,0.645574954027195,0,101,60000,0,1
87,60,101.024071934236,2.87376472375672,0.645574954027195,4.97,0,0,683,0
87,60,101.024071934236,2.87376472375672,0.645574954027195,14.71,0,0,325,0
87,60,101.024071934236,2.87376472375672,0.645574954027195,15.93,0,0,381,0
87,60,101.024071934236,2.87376472375672,0.645574954027195,18.65,0,0,313,0
88,60,78.7421037992067,4.61470254620987,0.628111879623074,0,101,60000,0,1
88,60,78.7421037992067,4.61470254620987,0.628111879623074,0.14,0,0,85,0
88,60,78.7421037992067,4.61470254620987,0.628111879623074,3.1,0,0,504,0
88,60,78.7421037992067,4.61470254620987,0.628111879623074,13.22,0,0,290,0
88,60,78.7421037992067,4.61470254620987,0.628111879623074,15.77,0,0,425,0
89,60,67.2001611262193,3.05106796705845,1.07138298327479,0,101,60000,0,1
89,60,67.2001611262193,3.05106796705845,1.07138298327479,7.8,0,0,796,0
89,60,67.2001611262193,3.05106796705845,1.07138298327479,8.21,0,0,663,0
89,60,67.2001611262193,3.05106796705845,1.07138298327479,14,0,0,455,0
89,60,67.2001611262193,3.05106796705845,1.07138298327479,20.88,0,0,327,0
90,60,62.4118264192415,4.52376999969063,0.770052367775439,0,101,60000,0,1
90,60,62.4118264192415,4.52376999969063,0.770052367775439,7.93,0,0,599,0
90,60,62.4118264192415,4.52376999969063,0.770052367775439,20.45,0,0,280,0
90,60,62.4118264192415,4.52376999969063,0.770052367775439,21.91,0,0,207,0
90,60,62.4118264192415,4.52376999969063,0.770052367775439,22.78,0,0,201,0
91,120,91.6483293835271,2.60541464299975,1.03220418932088,0,101,120000,0,1
91,120,91.6483293835271,2.60541464299975,1.03220418932088,2.86,0,0,953,0
91,120,91.6483293835271,2.60541464299975,1.03220418932088,13.46,0,0,977,0
91,120,91.6483293835271,2.60541464299975,1.03220418932088,14.96,0,0,1326,0
91,120,91.6483293835271,2.60541464299975,1.03220418932088,21.17,0,0,669,0
92,120,65.6642182786391,2.9117255236547,1.42216986025662,0,101,120000,0,1
92,120,65.6642182786391,2.9117255236547,1.42216986025662,1.44,0,0,1560,0
92,120,65.6642182786391,2.9117255236547,1.42216986025662,10.09,0,0,1045,0
92,120,65.6642182786391,2.9117255236547,1.42216986025662,21.09,0,0,788,0
92,120,65.6642182786391,2.9117255236547,1.42216986025662,23.81,0,0,919,0
93,120,61.8817339850988,3.0810068505276,0.541892086313665,0,101,120000,0,1
93,120,61.8817339850988,3.0810068505276,0.541892086313665,2.38,0,0,1234,0
93,120,61.8817339850988,3.0810068505276,0.541892086313665,12.48,0,0,1155,0
93,120,61.8817339850988,3.0810068505276,0.541892086313665,16.71,0,0,1108,0
93,120,61.8817339850988,3.0810068505276,0.541892086313665,23.71,0,0,549,0
94,120,115.161126125102,6.31472624848617,0.921642926333651,0,101,120000,0,1
94,120,115.161126125102,6.31472624848617,0.921642926333651,0.77,0,0,447,0
94,120,115.161126125102,6.31472624848617,0.921642926333651,3.44,0,0,852,0
94,120,115.161126125102,6.31472624848617,0.921642926333651,3.9,0,0,995,0
94,120,115.161126125102,6.31472624848617,0.921642926333651,13.82,0,0,615,0
95,120,70.4540021608014,2.11795622780326,1.36491728603448,0,101,120000,0,1
95,120,70.4540021608014,2.11795622780326,1.36491728603448,10.57,0,0,1455,0
95,120,70.4540021608014,2.11795622780326,1.36491728603448,19.07,0,0,1049,0
95,120,70.4540021608014,2.11795622780326,1.36491728603448,19.35,0,0,936,0
95,120,70.4540021608014,2.11795622780326,1.36491728603448,20.04,0,0,935,0
96,120,74.4107812471195,5.0015135683689,0.795119007388083,0,101,120000,0,1
96,120,74.4107812471195,5.0015135683689,0.795119007388083,5.17,0,0,1567,0
96,120,74.4107812471195,5.0015135683689,0.795119007388083,13.36,0,0,980,0
96,120,74.4107812471195,5.0015135683689,0.795119007388083,14.1,0,0,603,0
96,120,74.4107812471195,5.0015135683689,0.795119007388083,19.86,0,0,564,0
97,120,55.072166888552,5.70751799366066,0.964822289562727,0,101,120000,0,1
97,120,55.072166888552,5.70751799366066,0.964822289562727,0.65,0,0,799,0
97,120,55.072166888552,5.70751799366066,0.964822289562727,3.35,0,0,1993,0
97,120,55.072166888552,5.70751799366066,0.964822289562727,13.55,0,0,868,0
97,120,55.072166888552,5.70751799366066,0.964822289562727,15.62,0,0,524,0
98,120,97.9972076671399,4.13598606628502,1.22126795986125,0,101,120000,0,1
98,120,97.9972076671399,4.13598606628502,1.22126795986125,7.21,0,0,1126,0
98,120,97.9972076671399,4.13598606628502,1.22126795986125,10.65,0,0,693,0
98,120,97.9972076671399,4.13598606628502,1.22126795986125,20.12,0,0,446,0
98,120,97.9972076671399,4.13598606628502,1.22126795986125,20.62,0,0,524,0
99,120,64.9906094977533,2.23891669527514,0.529152048576581,0,101,120000,0,1
99,120,64.9906094977533,2.23891669527514,0.529152048576581,5.19,0,0,1801,0
99,120,64.9906094977533,2.23891669527514,0.529152048576581,10.06,0,0,1487,0
99,120,64.9906094977533,2.23891669527514,0.529152048576581,10.36,0,0,1298,0
99,120,64.9906094977533,2.23891669527514,0.529152048576581,10.74,0,0,1035,0
100,120,55.1200702466886,4.51395323005144,0.985836151682201,0,101,120000,0,1
100,120,55.1200702466886,4.51395323005144,0.985836151682201,1.3,0,0,1408,0
100,120,55.1200702466886,4.51395323005144,0.985836151682201,3.3,0,0,1623,0
100,120,55.1200702466886,4.51395323005144,0.985836151682201,13.39,0,0,722,0
100,120,55.1200702466886,4.51395323005144,0.985836151682201,14.16,0,0,640,0
101,120,93.2454702720274,6.7818986840613,0.996675727300013,0,101,120000,0,1
101,120,93.2454702720274,6.7818986840613,0.996675727300013,10.81,0,0,845,0
101,120,93.2454702720274,6.7818986840613,0.996675727300013,14.81,0,0,694,0
101,120,93.2454702720274,6.7818986840613,0.996675727300013,16.98,0,0,418,0
101,120,93.2454702720274,6.7818986840613,0.996675727300013,17.55,0,0,395,0
102,120,81.4129761904416,4.59015400347735,0.741228698482378,0,101,120000,0,1
102,120,81.4129761904416,4.59015400347735,0.741228698482378,1.96,0,0,1051,0
102,120,81.4129761904416,4.59015400347735,0.741228698482378,7.5,0,0,1096,0
102,120,81.4129761904416,4.59015400347735,0.741228698482378,16.76,0,0,710,0
102,120,81.4129761904416,4.59015400347735,0.741228698482378,22.23,0,0,350,0
103,120,61.925167973828,4.83976490532916,1.42518667446083,0,101,120000,0,1
103,120,61.925167973828,4.83976490532916,1.42518667446083,12.14,0,0,625,0
103,120,61.925167973828,4.83976490532916,1.42518667446083,13.83,0,0,686,0
103,120,61.925167973828,4.83976490532916,1.42518667446083,18.56,0,0,421,0
103,120,61.925167973828,4.83976490532916,1.42518667446083,21.58,0,0,481,0
104,120,63.2272322022462,2.71505894177232,0.50464374245042,0,101,120000,0,1
104,120,63.2272322022462,2.71505894177232,0.50464374245042,5.65,0,0,2103,0
104,120,63.2272322022462,2.71505894177232,0.50464374245042,13.46,0,0,1132,0
104,120,63.2272322022462,2.71505894177232,0.50464374245042,21.14,0,0,861,0
104,120,63.2272322022462,2.71505894177232,0.50464374245042,22.31,0,0,994,0
105,120,64.0110754534409,2.79009434973893,0.951368252240585,0,101,120000,0,1
105,120,64.0110754534409,2.79009434973893,0.951368252240585,0.11,0,0,161,0
105,120,64.0110754534409,2.79009434973893,0.951368252240585,4.47,0,0,1282,0
105,120,64.0110754534409,2.79009434973893,0.951368252240585,20.39,0,0,1083,0
105,120,64.0110754534409,2.79009434973893,0.951368252240585,21.4,0,0,898,0
106,120,73.1784803327626,5.80714533827631,1.22020018636248,0,101,120000,0,1
106,120,73.1784803327626,5.80714533827631,1.22020018636248,14.22,0,0,643,0
106,120,73.1784803327626,5.80714533827631,1.22020018636248,17.02,0,0,624,0
106,120,73.1784803327626,5.80714533827631,1.22020018636248,17.91,0,0,592,0
106,120,73.1784803327626,5.80714533827631,1.22020018636248,21.63,0,0,313,0
107,120,65.5507960167454,4.00207212435974,0.840409876658836,0,101,120000,0,1
107,120,65.5507960167454,4.00207212435974,0.840409876658836,6.1,0,0,1370,0
107,120,65.5507960167454,4.00207212435974,0.840409876658836,7.5,0,0,1667,0
107,120,65.5507960167454,4.00207212435974,0.840409876658836,11.73,0,0,1091,0
107,120,65.5507960167454,4.00207212435974,0.840409876658836,12.33,0,0,1280,0
108,120,36.4455453521834,6.07854820892142,1.46563747126889,0,101,120000,0,1
108,120,36.4455453521834,6.07854820892142,1.46563747126889,0.86,0,0,1967,0
108,120,36.4455453521834,6.07854820892142,1.46563747126889,3.05,0,0,1810,0
108,120,36.4455453521834,6.07854820892142,1.46563747126889,12.32,0,0,435,0
108,120,36.4455453521834,6.07854820892142,1.46563747126889,12.93,0,0,468,0
109,120,91.7339133306374,3.10332491285234,1.18091766470186,0,101,120000,0,1
109,120,91.7339133306374,3.10332491285234,1.18091766470186,3.58,0,0,1188,0
109,120,91.7339133306374,3.10332491285234,1.18091766470186,15.83,0,0,701,0
109,120,91.7339133306374,3.10332491285234,1.18091766470186,18.55,0,0,668,0
109,120,91.7339133306374,3.10332491285234,1.18091766470186,19.32,0,0,627,0
110,120,51.4583541665417,4.40356992758136,0.977496803605025,0,101,120000,0,1
110,120,51.4583541665417,4.40356992758136,0.977496803605025,2.14,0,0,1650,0
110,120,51.4583541665417,4.40356992758136,0.977496803605025,5.55,0,0,1181,0
110,120,51.4583541665417,4.40356992758136,0.977496803605025,10.75,0,0,939,0
110,120,51.4583541665417,4.40356992758136,0.977496803605025,15.65,0,0,534,0
111,120,82.6303328433203,3.90685465346053,1.09844789627313,0,101,120000,0,1
111,120,82.6303328433203,3.90685465346053,1.09844789627313,11.7,0,0,771,0
111,120,82.6303328433203,3.90685465346053,1.09844789627313,13.09,0,0,894,0
111,120,82.6303328433203,3.90685465346053,1.09844789627313,15.1,0,0,675,0
111,120,82.6303328433203,3.90685465346053,1.09844789627313,23.14,0,0,370,0
112,120,68.6177064268812,3.77609072275797,0.852340320821049,0,101,120000,0,1
112,120,68.6177064268812,3.77609072275797,0.852340320821049,8.1,0,0,1077,0
112,120,68.6177064268812,3.77609072275797,0.852340320821049,8.57,0,0,1913,0
112,120,68.6177064268812,3.77609072275797,0.852340320821049,14.01,0,0,916,0
112,120,68.6177064268812,3.77609072275797,0.852340320821049,14.09,0,0,1046,0
113,120,57.4047409335169,7.15835650920561,1.51323709763911,0,101,120000,0,1
113,120,57.4047409335169,7.15835650920561,1.51323709763911,2.73,0,0,1850,0
113,120,57.4047409335169,7.15835650920561,1.51323709763911,7.19,0,0,866,0
113,120,57.4047409335169,7.15835650920561,1.51323709763911,19.76,0,0,176,0
113,120,57.4047409335169,7.15835650920561,1.51323709763911,22.21,0,0,112,0
114,120,80.7897453986988,4.67387532834899,1.26033844999055,0,101,120000,0,1
114,120,80.7897453986988,4.67387532834899,1.26033844999055,2.06,0,0,1568,0
114,120,80.7897453986988,4.67387532834899,1.26033844999055,5.77,0,0,1556,0
114,120,80.7897453986988,4.67387532834899,1.26033844999055,8.05,0,0,1113,0
114,120,80.7897453986988,4.67387532834899,1.26033844999055,10.9,0,0,549,0
115,120,32.5963245371221,4.35305954751821,0.813341661744252,0,101,120000,0,1
115,120,32.5963245371221,4.35305954751821,0.813341661744252,4.89,0,0,2075,0
115,120,32.5963245371221,4.35305954751821,0.813341661744252,8.88,0,0,1117,0
115,120,32.5963245371221,4.35305954751821,0.813341661744252,12.24,0,0,975,0
115,120,32.5963245371221,4.35305954751821,0.813341661744252,18.39,0,0,365,0
116,120,45.0128779553635,2.37918871865717,1.17114539791755,0,101,120000,0,1
116,120,45.0128779553635,2.37918871865717,1.17114539791755,2.2,0,0,2259,0
116,120,45.0128779553635,2.37918871865717,1.17114539791755,3.67,0,0,1506,0
116,120,45.0128779553635,2.37918871865717,1.17114539791755,13.83,0,0,1251,0
116,120,45.0128779553635,2.37918871865717,1.17114539791755,23.27,0,0,933,0
117,120,66.4839208208045,4.00906497996842,0.796643313358387,0,101,120000,0,1
117,120,66.4839208208045,4.00906497996842,0.796643313358387,4.54,0,0,1738,0
117,120,66.4839208208045,4.00906497996842,0.796643313358387,4.68,0,0,1567,0
117,120,66.4839208208045,4.00906497996842,0.796643313358387,13.62,0,0,972,0
117,120,66.4839208208045,4.00906497996842,0.796643313358387,20.04,0,0,725,0
118,120,33.1062960668035,6.10132922330343,1.31586679344406,0,101,120000,0,1
118,120,33.1062960668035,6.10132922330343,1.31586679344406,2.42,0,0,1723,0
118,120,33.1062960668035,6.10132922330343,1.31586679344406,6.38,0,0,1196,0
118,120,33.1062960668035,6.10132922330343,1.31586679344406,16.93,0,0,168,0
118,120,33.1062960668035,6.10132922330343,1.31586679344406,23.02,0,0,62,0
119,120,66.4503778661776,4.3987027932867,1.00360315598742,0,101,120000,0,1
119,120,66.4503778661776,4.3987027932867,1.00360315598742,1.54,0,0,1169,0
119,120,66.4503778661776,4.3987027932867,1.00360315598742,3.02,0,0,1634,0
119,120,66.4503778661776,4.3987027932867,1.00360315598742,16,0,0,1041,0
119,120,66.4503778661776,4.3987027932867,1.00360315598742,20.22,0,0,553,0
120,120,67.2054179426381,3.99682539761133,1.53728721079016,0,101,120000,0,1
120,120,67.2054179426381,3.99682539761133,1.53728721079016,3.79,0,0,983,0
120,120,67.2054179426381,3.99682539761133,1.53728721079016,16.05,0,0,836,0
120,120,67.2054179426381,3.99682539761133,1.53728721079016,16.9,0,0,686,0
120,120,67.2054179426381,3.99682539761133,1.53728721079016,18.73,0,0,739,0
