ID,DOSE,V,CL,KA,TIME,EVID,AMT,DV,EVIDNM
1,10,71.2532835184939,3.14250418281499,1.58643600325619,0,101,10000,0,1
1,10,71.2532835184939,3.14250418281499,1.58643600325619,0.66,0,0,89,0
1,10,71.2532835184939,3.14250418281499,1.58643600325619,9.4,0,0,101,0
1,10,71.2532835184939,3.14250418281499,1.58643600325619,9.44,0,0,116,0
1,10,71.2532835184939,3.14250418281499,1.58643600325619,23.57,0,0,43,0
2,10,63.3671133776932,4.88573785006578,0.597059374909528,0,101,10000,0,1
2,10,63.3671133776932,4.88573785006578,0.597059374909528,2.62,0,0,148,0
2,10,63.3671133776932,4.88573785006578,0.597059374909528,3.79,0,0,115,0
2,10,63.3671133776932,4.88573785006578,0.597059374909528,9.8,0,0,84,0
2,10,63.3671133776932,4.88573785006578,0.597059374909528,13.77,0,0,59,0
3,10,52.0733711671303,3.6125268863964,0.723985279988956,0,101,10000,0,1
3,10,52.0733711671303,3.6125268863964,0.723985279988956,0.54,0,0,53,0
3,10,52.0733711671303,3.6125268863964,0.723985279988956,3.33,0,0,165,0
3,10,52.0733711671303,3.6125268863964,0.723985279988956,6.42,0,0,147,0
3,10,52.0733711671303,3.6125268863964,0.723985279988956,20.16,0,0,48,0
4,10,69.3388531109388,4.22621902096673,1.06475254642434,0,101,10000,0,1
4,10,69.3388531109388,4.22621902096673,1.06475254642434,13.39,0,0,73,0
4,10,69.3388531109388,4.22621902096673,1.06475254642434,21.91,0,0,42,0
4,10,69.3388531109388,4.22621902096673,1.06475254642434,23.09,0,0,49,0
4,10,69.3388531109388,4.22621902096673,1.06475254642434,23.37,0,0,41,0
5,10,100.473320864977,2.88105747744201,1.07090101964597,0,101,10000,0,1
5,10,100.473320864977,2.88105747744201,1.07090101964597,0.58,0,0,34,0
5,10,100.473320864977,2.88105747744201,1.07090101964597,3.02,0,0,89,0
5,10,100.473320864977,2.88105747744201,1.07090101964597,5.76,0,0,93,0
5,10,100.473320864977,2.88105747744201,1.07090101964597,12.33,0,0,91,0
6,10,69.0838588753168,4.0469898529511,1.10182590978482,0,101,10000,0,1
6,10,69.0838588753168,4.0469898529511,1.10182590978482,2.74,0,0,88,0
6,10,69.0838588753168,4.0469898529511,1.10182590978482,4.13,0,0,130,0
6,10,69.0838588753168,4.0469898529511,1.10182590978482,14.21,0,0,74,0
6,10,69.0838588753168,4.0469898529511,1.10182590978482,19.33,0,0,37,0
7,10,67.8183815015319,5.45872755765488,1.03522833945725,0,101,10000,0,1
7,10,67.8183815015319,5.45872755765488,1.03522833945725,5.87,0,0,83,0
7,10,67.8183815015319,5.45872755765488,1.03522833945725,11.11,0,0,58,0
7,10,67.8183815015319,5.45872755765488,1.03522833945725,11.52,0,0,67,0
7,10,67.8183815015319,5.45872755765488,1.03522833945725,16.53,0,0,50,0
8,10,142.395108542229,2.82497669852172,1.27581297059242,0,101,10000,0,1
8,10,142.395108542229,2.82497669852172,1.27581297059242,0.13,0,0,14,0
8,10,142.395108542229,2.82497669852172,1.27581297059242,5.85,0,0,53,0
8,10,142.395108542229,2.82497669852172,1.27581297059242,7.38,0,0,65,0
8,10,142.395108542229,2.82497669852172,1.27581297059242,15.61,0,0,52,0
9,10,113.210940402288,5.14208404483648,1.15042650266565,0,101,10000,0,1
9,10,113.210940402288,5.14208404483648,1.15042650266565,6.01,0,0,69,0
9,10,113.210940402288,5.14208404483648,1.15042650266565,11.74,0,0,55,0
9,10,113.210940402288,5.14208404483648,1.15042650266565,12.73,0,0,51,0
9,10,113.210940402288,5.14208404483648,1.15042650266565,22.86,0,0,38,0
10,10,52.396033704661,3.12262161085283,0.94036823735117,0,101,10000,0,1
10,10,52.396033704661,3.12262161085283,0.94036823735117,2.98,0,0,118,0
10,10,52.396033704661,3.12262161085283,0.94036823735117,11.91,0,0,83,0
10,10,52.396033704661,3.12262161085283,0.94036823735117,16.64,0,0,54,0
10,10,52.396033704661,3.12262161085283,0.94036823735117,20.51,0,0,69,0
11,10,71.2997333904244,3.16497665000746,0.740602983139125,0,101,10000,0,1
11,10,71.2997333904244,3.16497665000746,0.740602983139125,4.97,0,0,94,0
11,10,71.2997333904244,3.16497665000746,0.740602983139125,7.08,0,0,136,0
11,10,71.2997333904244,3.16497665000746,0.740602983139125,15.69,0,0,49,0
11,10,71.2997333904244,3.16497665000746,0.740602983139125,23.02,0,0,80,0
12,10,127.522630077149,3.36720735118184,1.78244476472819,0,101,10000,0,1
12,10,127.522630077149,3.36720735118184,1.78244476472819,13.42,0,0,71,0
12,10,127.522630077149,3.36720735118184,1.78244476472819,15.35,0,0,50,0
12,10,127.522630077149,3.36720735118184,1.78244476472819,19.28,0,0,45,0
12,10,127.522630077149,3.36720735118184,1.78244476472819,20.23,0,0,51,0
13,10,91.6895810898593,5.01984790759082,1.13380565388062,0,101,10000,0,1
13,10,91.6895810898593,5.01984790759082,1.13380565388062,3.5,0,0,84,0
13,10,91.6895810898593,5.01984790759082,1.13380565388062,7.71,0,0,58,0
13,10,91.6895810898593,5.01984790759082,1.13380565388062,11.49,0,0,70,0
13,10,91.6895810898593,5.01984790759082,1.13380565388062,13.89,0,0,65,0
14,10,88.3177976328211,2.88297759523497,1.06421677422012,0,101,10000,0,1
14,10,88.3177976328211,2.88297759523497,1.06421677422012,0.12,0,0,13,0
14,10,88.3177976328211,2.88297759523497,1.06421677422012,0.73,0,0,60,0
14,10,88.3177976328211,2.88297759523497,1.06421677422012,12.5,0,0,88,0
14,10,88.3177976328211,2.88297759523497,1.06421677422012,18.94,0,0,94,0
15,10,75.5355013031007,4.15620251175841,1.12667825260156,0,101,10000,0,1
15,10,75.5355013031007,4.15620251175841,1.12667825260156,3.39,0,0,116,0
15,10,75.5355013031007,4.15620251175841,1.12667825260156,7.92,0,0,89,0
15,10,75.5355013031007,4.15620251175841,1.12667825260156,10.37,0,0,70,0
15,10,75.5355013031007,4.15620251175841,1.12667825260156,22.66,0,0,41,0
16,10,87.4874797681698,3.82555267369287,0.501167778599038,0,101,10000,0,1
16,10,87.4874797681698,3.82555267369287,0.501167778599038,3.36,0,0,76,0
16,10,87.4874797681698,3.82555267369287,0.501167778599038,5.54,0,0,114,0
16,10,87.4874797681698,3.82555267369287,0.501167778599038,11.96,0,0,94,0
16,10,87.4874797681698,3.82555267369287,0.501167778599038,15.72,0,0,55,0
17,10,78.6370025285977,5.2776212463862,1.22438428692707,0,101,10000,0,1
17,10,78.6370025285977,5.2776212463862,1.22438428692707,1.32,0,0,98,0
17,10,78.6370025285977,5.2776212463862,1.22438428692707,8.86,0,0,59,0
17,10,78.6370025285977,5.2776212463862,1.22438428692707,19.93,0,0,30,0
17,10,78.6370025285977,5.2776212463862,1.22438428692707,21.14,0,0,36,0
18,10,81.0906951621202,4.50261674658864,0.595994387783592,0,101,10000,0,1
18,10,81.0906951621202,4.50261674658864,0.595994387783592,4.8,0,0,128,0
18,10,81.0906951621202,4.50261674658864,0.595994387783592,8.97,0,0,78,0
18,10,81.0906951621202,4.50261674658864,0.595994387783592,18.77,0,0,57,0
18,10,81.0906951621202,4.50261674658864,0.595994387783592,23.75,0,0,35,0
19,10,79.1813350726371,4.19403477581043,1.06349695533931,0,101,10000,0,1
19,10,79.1813350726371,4.19403477581043,1.06349695533931,7.98,0,0,96,0
19,10,79.1813350726371,4.19403477581043,1.06349695533931,8.52,0,0,70,0
19,10,79.1813350726371,4.19403477581043,1.06349695533931,18.07,0,0,51,0
19,10,79.1813350726371,4.19403477581043,1.06349695533931,22.04,0,0,50,0
20,10,100.752701128774,4.18871867275064,1.24040304449298,0,101,10000,0,1
20,10,100.752701128774,4.18871867275064,1.24040304449298,4.65,0,0,87,0
20,10,100.752701128774,4.18871867275064,1.24040304449298,4.81,0,0,89,0
20,10,100.752701128774,4.18871867275064,1.24040304449298,13.94,0,0,55,0
20,10,100.752701128774,4.18871867275064,1.24040304449298,21.16,0,0,54,0
21,10,67.5839720177664,5.22410330452419,1.35892534512036,0,101,10000,0,1
21,10,67.5839720177664,5.22410330452419,1.35892534512036,7.61,0,0,89,0
21,10,67.5839720177664,5.22410330452419,1.35892534512036,17.51,0,0,31,0
21,10,67.5839720177664,5.22410330452419,1.35892534512036,19.4,0,0,33,0
21,10,67.5839720177664,5.22410330452419,1.35892534512036,23.94,0,0,24,0
22,10,68.5705367594342,3.67902200175704,0.874254110740132,0,101,10000,0,1
22,10,68.5705367594342,3.67902200175704,0.874254110740132,12.4,0,0,71,0
22,10,68.5705367594342,3.67902200175704,0.874254110740132,21.62,0,0,50,0
22,10,68.5705367594342,3.67902200175704,0.874254110740132,21.85,0,0,72,0
22,10,68.5705367594342,3.67902200175704,0.874254110740132,23.51,0,0,43,0
23,10,85.9996894355238,4.41110706898079,0.766425480001119,0,101,10000,0,1
23,10,85.9996894355238,4.41110706898079,0.766425480001119,5.75,0,0,73,0
23,10,85.9996894355238,4.41110706898079,0.766425480001119,14.37,0,0,75,0
23,10,85.9996894355238,4.41110706898079,0.766425480001119,20.26,0,0,34,0
23,10,85.9996894355238,4.41110706898079,0.766425480001119,23.94,0,0,27,0
24,10,57.6935973302716,4.80806440506491,1.0043440050983,0,101,10000,0,1
24,10,57.6935973302716,4.80806440506491,1.0043440050983,2.24,0,0,170,0
24,10,57.6935973302716,4.80806440506491,1.0043440050983,13.83,0,0,62,0
24,10,57.6935973302716,4.80806440506491,1.0043440050983,13.95,0,0,75,0
24,10,57.6935973302716,4.80806440506491,1.0043440050983,16.05,0,0,42,0
25,10,69.3831755447333,4.89555932277181,1.14685594058225,0,101,10000,0,1
25,10,69.3831755447333,4.89555932277181,1.14685594058225,0.7,0,0,76,0
25,10,69.3831755447333,4.89555932277181,1.14685594058225,11.93,0,0,69,0
25,10,69.3831755447333,4.89555932277181,1.14685594058225,13.16,0,0,41,0
25,10,69.3831755447333,4.89555932277181,1.14685594058225,14.75,0,0,44,0
26,10,77.3880918599092,3.36881085954342,0.86395969784016,0,101,10000,0,1
26,10,77.3880918599092,3.36881085954342,0.86395969784016,2.87,0,0,101,0
26,10,77.3880918599092,3.36881085954342,0.86395969784016,9.28,0,0,74,0
26,10,77.3880918599092,3.36881085954342,0.86395969784016,14.71,0,0,63,0
26,10,77.3880918599092,3.36881085954342,0.86395969784016,23.67,0,0,40,0
27,10,57.3876327364972,6.47215737825261,0.828161215104432,0,101,10000,0,1
27,10,57.3876327364972,6.47215737825261,0.828161215104432,10.08,0,0,60,0
27,10,57.3876327364972,6.47215737825261,0.828161215104432,18.61,0,0,27,0
27,10,57.3876327364972,6.47215737825261,0.828161215104432,19.46,0,0,23,0
27,10,57.3876327364972,6.47215737825261,0.828161215104432,23.18,0,0,16,0
28,10,83.0400191746286,4.09821992409991,0.601020620085125,0,101,10000,0,1
28,10,83.0400191746286,4.09821992409991,0.601020620085125,8.22,0,0,80,0
28,10,83.0400191746286,4.09821992409991,0.601020620085125,10.26,0,0,53,0
28,10,83.0400191746286,4.09821992409991,0.601020620085125,13.26,0,0,82,0
28,10,83.0400191746286,4.09821992409991,0.601020620085125,18.32,0,0,40,0
29,10,58.7465638349575,2.23331167773636,1.55300792914428,0,101,10000,0,1
29,10,58.7465638349575,2.23331167773636,1.55300792914428,1.73,0,0,184,0
29,10,58.7465638349575,2.23331167773636,1.55300792914428,5.02,0,0,153,0
29,10,58.7465638349575,2.23331167773636,1.55300792914428,6.83,0,0,117,0
29,10,58.7465638349575,2.23331167773636,1.55300792914428,9.21,0,0,80,0
30,10,100.165447830911,6.62954973157094,1.07037896512927,0,101,10000,0,1
30,10,100.165447830911,6.62954973157094,1.07037896512927,1.04,0,0,66,0
30,10,100.165447830911,6.62954973157094,1.07037896512927,10.86,0,0,69,0
30,10,100.165447830911,6.62954973157094,1.07037896512927,12.33,0,0,39,0
30,10,100.165447830911,6.62954973157094,1.07037896512927,15.41,0,0,50,0
31,30,80.7538591227918,5.51815049775333,1.79358909657731,0,101,30000,0,1
31,30,80.7538591227918,5.51815049775333,1.79358909657731,15.63,0,0,115,0
31,30,80.7538591227918,5.51815049775333,1.79358909657731,16.76,0,0,170,0
31,30,80.7538591227918,5.51815049775333,1.79358909657731,20.04,0,0,94,0
31,30,80.7538591227918,5.51815049775333,1.79358909657731,22.93,0,0,85,0
32,30,35.5079221750764,4.27225614158756,0.599945243797898,0,101,30000,0,1
32,30,35.5079221750764,4.27225614158756,0.599945243797898,4.4,0,0,516,0
32,30,35.5079221750764,4.27225614158756,0.599945243797898,11.68,0,0,337,0
32,30,35.5079221750764,4.27225614158756,0.599945243797898,15.62,0,0,120,0
32,30,35.5079221750764,4.27225614158756,0.599945243797898,16.34,0,0,170,0
33,30,61.2667264150034,4.96578153585058,1.15798320269316,0,101,30000,0,1
33,30,61.2667264150034,4.96578153585058,1.15798320269316,5.16,0,0,306,0
33,30,61.2667264150034,4.96578153585058,1.15798320269316,14.65,0,0,186,0
33,30,61.2667264150034,4.96578153585058,1.15798320269316,18.9,0,0,125,0
33,30,61.2667264150034,4.96578153585058,1.15798320269316,19.19,0,0,128,0
34,30,44.5036705092498,2.37062459977831,1.98223416641544,0,101,30000,0,1
34,30,44.5036705092498,2.37062459977831,1.98223416641544,14.89,0,0,215,0
34,30,44.5036705092498,2.37062459977831,1.98223416641544,15.95,0,0,323,0
34,30,44.5036705092498,2.37062459977831,1.98223416641544,19.64,0,0,294,0
34,30,44.5036705092498,2.37062459977831,1.98223416641544,23.92,0,0,183,0
35,30,56.9783985139304,3.30813330284462,1.03478602653123,0,101,30000,0,1
35,30,56.9783985139304,3.30813330284462,1.03478602653123,3.15,0,0,544,0
35,30,56.9783985139304,3.30813330284462,1.03478602653123,5.41,0,0,386,0
35,30,56.9783985139304,3.30813330284462,1.03478602653123,16.96,0,0,156,0
35,30,56.9783985139304,3.30813330284462,1.03478602653123,20.79,0,0,231,0
36,30,99.3096011934517,4.3337479163174,1.7731336584945,0,101,30000,0,1
36,30,99.3096011934517,4.3337479163174,1.7731336584945,10.6,0,0,174,0
36,30,99.3096011934517,4.3337479163174,1.7731336584945,11.32,0,0,186,0
36,30,99.3096011934517,4.3337479163174,1.7731336584945,18.46,0,0,85,0
36,30,99.3096011934517,4.3337479163174,1.7731336584945,18.63,0,0,135,0
37,30,68.5002193628256,4.06060107887353,0.858031653751434,0,101,30000,0,1
37,30,68.5002193628256,4.06060107887353,0.858031653751434,9.04,0,0,284,0
37,30,68.5002193628256,4.06060107887353,0.858031653751434,9.65,0,0,195,0
37,30,68.5002193628256,4.06060107887353,0.858031653751434,16.75,0,0,202,0
37,30,68.5002193628256,4.06060107887353,0.858031653751434,19.09,0,0,175,0
38,30,96.1873664781447,8.55722609349328,1.17272461406697,0,101,30000,0,1
38,30,96.1873664781447,8.55722609349328,1.17272461406697,7.9,0,0,167,0
38,30,96.1873664781447,8.55722609349328,1.17272461406697,7.92,0,0,181,0
38,30,96.1873664781447,8.55722609349328,1.17272461406697,14.28,0,0,106,0
38,30,96.1873664781447,8.55722609349328,1.17272461406697,23.01,0,0,51,0
39,30,92.5528897727603,3.52313750562904,0.50232189915725,0,101,30000,0,1
39,30,92.5528897727603,3.52313750562904,0.50232189915725,1.9,0,0,162,0
39,30,92.5528897727603,3.52313750562904,0.50232189915725,3.21,0,0,339,0
39,30,92.5528897727603,3.52313750562904,0.50232189915725,6.39,0,0,199,0
39,30,92.5528897727603,3.52313750562904,0.50232189915725,8.54,0,0,234,0
40,30,81.9020019816933,3.51189551849026,1.10985214916081,0,101,30000,0,1
40,30,81.9020019816933,3.51189551849026,1.10985214916081,2.25,0,0,287,0
40,30,81.9020019816933,3.51189551849026,1.10985214916081,5.56,0,0,240,0
40,30,81.9020019816933,3.51189551849026,1.10985214916081,7.05,0,0,325,0
40,30,81.9020019816933,3.51189551849026,1.10985214916081,12.79,0,0,184,0
41,30,42.0072005544613,3.84553429944155,1.0782854182634,0,101,30000,0,1
41,30,42.0072005544613,3.84553429944155,1.0782854182634,1.82,0,0,485,0
41,30,42.0072005544613,3.84553429944155,1.0782854182634,6.7,0,0,505,0
41,30,42.0072005544613,3.84553429944155,1.0782854182634,12.38,0,0,275,0
41,30,42.0072005544613,3.84553429944155,1.0782854182634,16.95,0,0,145,0
42,30,57.0555152884161,4.23391363622702,0.869296588695556,0,101,30000,0,1
42,30,57.0555152884161,4.23391363622702,0.869296588695556,1.81,0,0,268,0
42,30,57.0555152884161,4.23391363622702,0.869296588695556,17.47,0,0,223,0
42,30,57.0555152884161,4.23391363622702,0.869296588695556,20.56,0,0,99,0
42,30,57.0555152884161,4.23391363622702,0.869296588695556,22.23,0,0,117,0
43,30,89.8237234173136,7.22894483702928,0.773856534596113,0,101,30000,0,1
43,30,89.8237234173136,7.22894483702928,0.773856534596113,1.46,0,0,208,0
43,30,89.8237234173136,7.22894483702928,0.773856534596113,12.92,0,0,185,0
43,30,89.8237234173136,7.22894483702928,0.773856534596113,13.02,0,0,124,0
43,30,89.8237234173136,7.22894483702928,0.773856534596113,16.35,0,0,98,0
44,30,46.3448467831079,5.57609251454094,1.16496462801577,0,101,30000,0,1
44,30,46.3448467831079,5.57609251454094,1.16496462801577,1.81,0,0,287,0
44,30,46.3448467831079,5.57609251454094,1.16496462801577,3.48,0,0,304,0
44,30,46.3448467831079,5.57609251454094,1.16496462801577,11.23,0,0,166,0
44,30,46.3448467831079,5.57609251454094,1.16496462801577,14.15,0,0,119,0
45,30,82.0089268991063,3.6779152143778,0.792304892902278,0,101,30000,0,1
45,30,82.0089268991063,3.6779152143778,0.792304892902278,4.49,0,0,381,0
45,30,82.0089268991063,3.6779152143778,0.792304892902278,6.26,0,0,202,0
45,30,82.0089268991063,3.6779152143778,0.792304892902278,9.42,0,0,197,0
45,30,82.0089268991063,3.6779152143778,0.792304892902278,19.97,0,0,129,0
46,30,52.9233630315988,3.78719420643978,0.817152575826844,0,101,30000,0,1
46,30,52.9233630315988,3.78719420643978,0.817152575826844,0.7,0,0,288,0
46,30,52.9233630315988,3.78719420643978,0.817152575826844,2.58,0,0,372,0
46,30,52.9233630315988,3.78719420643978,0.817152575826844,12.72,0,0,237,0
46,30,52.9233630315988,3.78719420643978,0.817152575826844,15.71,0,0,188,0
47,30,68.308077014366,3.78223848732245,0.718166135173332,0,101,30000,0,1
47,30,68.308077014366,3.78223848732245,0.718166135173332,3.06,0,0,354,0
47,30,68.308077014366,3.78223848732245,0.718166135173332,3.12,0,0,257,0
47,30,68.308077014366,3.78223848732245,0.718166135173332,4.16,0,0,359,0
47,30,68.308077014366,3.78223848732245,0.718166135173332,18.4,0,0,153,0
48,30,63.7396311712241,5.41664761645328,0.98787514978846,0,101,30000,0,1
48,30,63.7396311712241,5.41664761645328,0.98787514978846,10.72,0,0,227,0
48,30,63.7396311712241,5.41664761645328,0.98787514978846,12.94,0,0,186,0
48,30,63.7396311712241,5.41664761645328,0.98787514978846,14.3,0,0,202,0
48,30,63.7396311712241,5.41664761645328,0.98787514978846,16.87,0,0,102,0
49,30,90.6045669249853,4.38126114557965,0.663609821016121,0,101,30000,0,1
49,30,90.6045669249853,4.38126114557965,0.663609821016121,3.92,0,0,211,0
49,30,90.6045669249853,4.38126114557965,0.663609821016121,8,0,0,266,0
49,30,90.6045669249853,4.38126114557965,0.663609821016121,10.22,0,0,224,0
49,30,90.6045669249853,4.38126114557965,0.663609821016121,23.59,0,0,132,0
50,30,47.2567392891228,3.99737163916044,1.08349998672303,0,101,30000,0,1
50,30,47.2567392891228,3.99737163916044,1.08349998672303,7.75,0,0,253,0
50,30,47.2567392891228,3.99737163916044,1.08349998672303,9.36,0,0,389,0
50,30,47.2567392891228,3.99737163916044,1.08349998672303,12.04,0,0,196,0
50,30,47.2567392891228,3.99737163916044,1.08349998672303,17.97,0,0,159,0
51,30,66.0610703112083,2.42904304739863,1.03835321182126,0,101,30000,0,1
51,30,66.0610703112083,2.42904304739863,1.03835321182126,16.12,0,0,228,0
51,30,66.0610703112083,2.42904304739863,1.03835321182126,20.47,0,0,165,0
51,30,66.0610703112083,2.42904304739863,1.03835321182126,20.48,0,0,207,0
51,30,66.0610703112083,2.42904304739863,1.03835321182126,23.96,0,0,202,0
52,30,92.5503461501303,4.77358978015992,0.939424008882367,0,101,30000,0,1
52,30,92.5503461501303,4.77358978015992,0.939424008882367,4.83,0,0,222,0
52,30,92.5503461501303,4.77358978015992,0.939424008882367,12.3,0,0,184,0
52,30,92.5503461501303,4.77358978015992,0.939424008882367,21.01,0,0,120,0
52,30,92.5503461501303,4.77358978015992,0.939424008882367,23.15,0,0,122,0
53,30,84.491770923464,4.56664128425668,0.624566252726831,0,101,30000,0,1
53,30,84.491770923464,4.56664128425668,0.624566252726831,2.51,0,0,228,0
53,30,84.491770923464,4.56664128425668,0.624566252726831,7.2,0,0,262,0
53,30,84.491770923464,4.56664128425668,0.624566252726831,9.37,0,0,195,0
53,30,84.491770923464,4.56664128425668,0.624566252726831,22.47,0,0,108,0
54,30,85.9572064570269,6.94096010038148,0.776106839300134,0,101,30000,0,1
54,30,85.9572064570269,6.94096010038148,0.776106839300134,0.5,0,0,135,0
54,30,85.9572064570269,6.94096010038148,0.776106839300134,11.71,0,0,100,0
54,30,85.9572064570269,6.94096010038148,0.776106839300134,14.68,0,0,133,0
54,30,85.9572064570269,6.94096010038148,0.776106839300134,19.8,0,0,105,0
55,30,69.171546745735,4.44341520621719,1.12932966889945,0,101,30000,0,1
55,30,69.171546745735,4.44341520621719,1.12932966889945,0.92,0,0,235,0
55,30,69.171546745735,4.44341520621719,1.12932966889945,4.17,0,0,314,0
55,30,69.171546745735,4.44341520621719,1.12932966889945,4.54,0,0,418,0
55,30,69.171546745735,4.44341520621719,1.12932966889945,5.92,0,0,328,0
56,30,53.6644984070699,4.99647362236263,0.859139638305419,0,101,30000,0,1
56,30,53.6644984070699,4.99647362236263,0.859139638305419,2.23,0,0,527,0
56,30,53.6644984070699,4.99647362236263,0.859139638305419,3.73,0,0,389,0
56,30,53.6644984070699,4.99647362236263,0.859139638305419,9.97,0,0,245,0
56,30,53.6644984070699,4.99647362236263,0.859139638305419,15.91,0,0,138,0
57,30,92.2470289688667,3.62439953517015,1.30038168310313,0,101,30000,0,1
57,30,92.2470289688667,3.62439953517015,1.30038168310313,1.28,0,0,310,0
57,30,92.2470289688667,3.62439953517015,1.30038168310313,19.81,0,0,181,0
57,30,92.2470289688667,3.62439953517015,1.30038168310313,21.86,0,0,157,0
57,30,92.2470289688667,3.62439953517015,1.30038168310313,22.59,0,0,146,0
58,30,68.0648578109931,4.38932301330909,0.739985342079349,0,101,30000,0,1
58,30,68.0648578109931,4.38932301330909,0.739985342079349,1.73,0,0,237,0
58,30,68.0648578109931,4.38932301330909,0.739985342079349,8.08,0,0,200,0
58,30,68.0648578109931,4.38932301330909,0.739985342079349,22.39,0,0,117,0
58,30,68.0648578109931,4.38932301330909,0.739985342079349,22.63,0,0,94,0
59,30,60.6086823652892,2.87160670467362,1.01158249180165,0,101,30000,0,1
59,30,60.6086823652892,2.87160670467362,1.01158249180165,8.33,0,0,212,0
59,30,60.6086823652892,2.87160670467362,1.01158249180165,9.68,0,0,275,0
59,30,60.6086823652892,2.87160670467362,1.01158249180165,16.96,0,0,246,0
59,30,60.6086823652892,2.87160670467362,1.01158249180165,23.25,0,0,199,0
60,30,107.230630474675,6.00301650921175,0.777819358555193,0,101,30000,0,1
60,30,107.230630474675,6.00301650921175,0.777819358555193,1.09,0,0,152,0
60,30,107.230630474675,6.00301650921175,0.777819358555193,6.61,0,0,197,0
60,30,107.230630474675,6.00301650921175,0.777819358555193,9.24,0,0,144,0
60,30,107.230630474675,6.00301650921175,0.777819358555193,14.31,0,0,155,0
61,60,67.9795589859973,4.15834011953514,0.853161371811272,0,101,60000,0,1
61,60,67.9795589859973,4.15834011953514,0.853161371811272,7.03,0,0,528,0
61,60,67.9795589859973,4.15834011953514,0.853161371811272,8.91,0,0,572,0
61,60,67.9795589859973,4.15834011953514,0.853161371811272,16.25,0,0,408,0
61,60,67.9795589859973,4.15834011953514,0.853161371811272,17.09,0,0,342,0
62,60,128.246217596752,4.20046271359648,0.686858514232407,0,101,60000,0,1
62,60,128.246217596752,4.20046271359648,0.686858514232407,7.62,0,0,273,0
62,60,128.246217596752,4.20046271359648,0.686858514232407,12.52,0,0,294,0
62,60,128.246217596752,4.20046271359648,0.686858514232407,17.67,0,0,197,0
62,60,128.246217596752,4.20046271359648,0.686858514232407,19.67,0,0,189,0
63,60,73.281394047025,4.0467146068126,0.893725502713952,0,101,60000,0,1
63,60,73.281394047025,4.0467146068126,0.893725502713952,1.37,0,0,823,0
63,60,73.281394047025,4.0467146068126,0.893725502713952,14.39,0,0,549,0
63,60,73.281394047025,4.0467146068126,0.893725502713952,18.29,0,0,510,0
63,60,73.281394047025,4.0467146068126,0.893725502713952,23.73,0,0,242,0
64,60,100.841295686746,3.44418562034234,0.846916460280518,0,101,60000,0,1
64,60,100.841295686746,3.44418562034234,0.846916460280518,5.29,0,0,668,0
64,60,100.841295686746,3.44418562034234,0.846916460280518,9.1,0,0,519,0
64,60,100.841295686746,3.44418562034234,0.846916460280518,13.26,0,0,379,0
64,60,100.841295686746,3.44418562034234,0.846916460280518,22.45,0,0,291,0
65,60,65.2607865483327,6.02151919115976,0.598528528264386,0,101,60000,0,1
65,60,65.2607865483327,6.02151919115976,0.598528528264386,6.87,0,0,688,0
65,60,65.2607865483327,6.02151919115976,0.598528528264386,7.52,0,0,596,0
65,60,65.2607865483327,6.02151919115976,0.598528528264386,16.24,0,0,277,0
65,60,65.2607865483327,6.02151919115976,0.598528528264386,19.42,0,0,161,0
66,60,55.4455559260323,3.25902752835195,0.799644240828445,0,101,60000,0,1
66,60,55.4455559260323,3.25902752835195,0.799644240828445,9.47,0,0,552,0
66,60,55.4455559260323,3.25902752835195,0.799644240828445,21.64,0,0,406,0
66,60,55.4455559260323,3.25902752835195,0.799644240828445,22.39,0,0,353,0
66,60,55.4455559260323,3.25902752835195,0.799644240828445,22.78,0,0,312,0
67,60,125.641122397242,5.4498932297326,1.26754558141646,0,101,60000,0,1
67,60,125.641122397242,5.4498932297326,1.26754558141646,3.88,0,0,573,0
67,60,125.641122397242,5.4498932297326,1.26754558141646,13.17,0,0,320,0
67,60,125.641122397242,5.4498932297326,1.26754558141646,16.76,0,0,166,0
67,60,125.641122397242,5.4498932297326,1.26754558141646,19.36,0,0,239,0
68,60,77.0420928750284,3.94300871905697,0.96507109970049,0,101,60000,0,1
68,60,77.0420928750284,3.94300871905697,0.96507109970049,0.24,0,0,119,0
68,60,77.0420928750284,3.94300871905697,0.96507109970049,3.86,0,0,662,0
68,60,77.0420928750284,3.94300871905697,0.96507109970049,9.94,0,0,544,0
68,60,77.0420928750284,3.94300871905697,0.96507109970049,20.04,0,0,354,0
69,60,80.8485808525992,4.07935669897907,0.598930620230798,0,101,60000,0,1
69,60,80.8485808525992,4.07935669897907,0.598930620230798,3.7,0,0,674,0
69,60,80.8485808525992,4.07935669897907,0.598930620230798,5,0,0,683,0
69,60,80.8485808525992,4.07935669897907,0.598930620230798,14.75,0,0,282,0
69,60,80.8485808525992,4.07935669897907,0.598930620230798,20.2,0,0,283,0
70,60,80.1070574389957,3.10337335710263,0.913650325961396,0,101,60000,0,1
70,60,80.1070574389957,3.10337335710263,0.913650325961396,1.36,0,0,566,0
70,60,80.1070574389957,3.10337335710263,0.913650325961396,1.43,0,0,462,0
70,60,80.1070574389957,3.10337335710263,0.913650325961396,9,0,0,872,0
70,60,80.1070574389957,3.10337335710263,0.913650325961396,21.62,0,0,335,0
71,60,73.7316940122806,5.27647686027126,1.3580829093007,0,101,60000,0,1
71,60,73.7316940122806,5.27647686027126,1.3580829093007,11.4,0,0,434,0
71,60,73.7316940122806,5.27647686027126,1.3580829093007,13.96,0,0,283,0
71,60,73.7316940122806,5.27647686027126,1.3580829093007,16.25,0,0,294,0
71,60,73.7316940122806,5.27647686027126,1.3580829093007,21.94,0,0,138,0
72,60,79.7501446652606,4.63559928809174,1.04588441877502,0,101,60000,0,1
72,60,79.7501446652606,4.63559928809174,1.04588441877502,5.57,0,0,762,0
72,60,79.7501446652606,4.63559928809174,1.04588441877502,6.15,0,0,476,0
72,60,79.7501446652606,4.63559928809174,1.04588441877502,6.67,0,0,434,0
72,60,79.7501446652606,4.63559928809174,1.04588441877502,20.5,0,0,259,0
73,60,37.3101932551589,4.8650409409868,1.37803232431695,0,101,60000,0,1
73,60,37.3101932551589,4.8650409409868,1.37803232431695,1.15,0,0,988,0
73,60,37.3101932551589,4.8650409409868,1.37803232431695,12.63,0,0,273,0
73,60,37.3101932551589,4.8650409409868,1.37803232431695,16.95,0,0,142,0
73,60,37.3101932551589,4.8650409409868,1.37803232431695,21.62,0,0,135,0
74,60,134.564249393447,3.98383940060088,0.77785532177485,0,101,60000,0,1
74,60,134.564249393447,3.98383940060088,0.77785532177485,0.84,0,0,194,0
74,60,134.564249393447,3.98383940060088,0.77785532177485,3.15,0,0,608,0
74,60,134.564249393447,3.98383940060088,0.77785532177485,13.6,0,0,312,0
74,60,134.564249393447,3.98383940060088,0.77785532177485,20.72,0,0,278,0
75,60,66.5500953034345,4.15978344892672,0.82131451124912,0,101,60000,0,1
75,60,66.5500953034345,4.15978344892672,0.82131451124912,6.26,0,0,915,0
75,60,66.5500953034345,4.15978344892672,0.82131451124912,8.66,0,0,432,0
75,60,66.5500953034345,4.15978344892672,0.82131451124912,14.11,0,0,439,0
75,60,66.5500953034345,4.15978344892672,0.82131451124912,19.8,0,0,372,0
76,60,97.591191811901,4.62416165280012,1.1737017028773,0,101,60000,0,1
76,60,97.591191811901,4.62416165280012,1.1737017028773,8.3,0,0,512,0
76,60,97.591191811901,4.62416165280012,1.1737017028773,8.33,0,0,386,0
76,60,97.591191811901,4.62416165280012,1.1737017028773,12.47,0,0,370,0
76,60,97.591191811901,4.62416165280012,1.1737017028773,22.89,0,0,193,0
77,60,48.0397628130422,4.03622203826813,0.928353201954626,0,101,60000,0,1
77,60,48.0397628130422,4.03622203826813,0.928353201954626,4.57,0,0,819,0
77,60,48.0397628130422,4.03622203826813,0.928353201954626,7.19,0,0,762,0
77,60,48.0397628130422,4.03622203826813,0.928353201954626,11.74,0,0,575,0
77,60,48.0397628130422,4.03622203826813,0.928353201954626,12.39,0,0,599,0
78,60,72.1577692254733,3.68067442599544,1.09509924838902,0,101,60000,0,1
78,60,72.1577692254733,3.68067442599544,1.09509924838902,2.86,0,0,912,0
78,60,72.1577692254733,3.68067442599544,1.09509924838902,17.37,0,0,331,0
78,60,72.1577692254733,3.68067442599544,1.09509924838902,17.48,0,0,318,0
78,60,72.1577692254733,3.68067442599544,1.09509924838902,22.05,0,0,187,0
79,60,52.5524777947709,3.62817466574168,0.789082732658222,0,101,60000,0,1
79,60,52.5524777947709,3.62817466574168,0.789082732658222,13.8,0,0,331,0
79,60,52.5524777947709,3.62817466574168,0.789082732658222,18.53,0,0,467,0
79,60,52.5524777947709,3.62817466574168,0.789082732658222,18.85,0,0,320,0
79,60,52.5524777947709,3.62817466574168,0.789082732658222,23.88,0,0,231,0
80,60,121.976607019377,6.034615680555,1.11054819329059,0,101,60000,0,1
80,60,121.976607019377,6.034615680555,1.11054819329059,8.85,0,0,343,0
80,60,121.976607019377,6.034615680555,1.11054819329059,9.24,0,0,321,0
80,60,121.976607019377,6.034615680555,1.11054819329059,11.12,0,0,309,0
80,60,121.976607019377,6.034615680555,1.11054819329059,12.75,0,0,309,0
81,60,65.9255084439109,4.47521154508686,0.79502058170436,0,101,60000,0,1
81,60,65.9255084439109,4.47521154508686,0.79502058170436,8.61,0,0,460,0
81,60,65.9255084439109,4.47521154508686,0.79502058170436,13.41,0,0,389,0
81,60,65.9255084439109,4.47521154508686,0.79502058170436,15.31,0,0,333,0
81,60,65.9255084439109,4.47521154508686,0.79502058170436,17.69,0,0,257,0
82,60,75.7776940853051,3.63402820824373,1.14524928279865,0,101,60000,0,1
82,60,75.7776940853051,3.63402820824373,1.14524928279865,4.17,0,0,706,0
82,60,75.7776940853051,3.63402820824373,1.14524928279865,9.03,0,0,620,0
82,60,75.7776940853051,3.63402820824373,1.14524928279865,10.04,0,0,467,0
82,60,75.7776940853051,3.63402820824373,1.14524928279865,21.18,0,0,262,0
83,60,85.6010966577512,3.84606185804287,1.29931529326564,0,101,60000,0,1
83,60,85.6010966577512,3.84606185804287,1.29931529326564,7.06,0,0,557,0
83,60,85.6010966577512,3.84606185804287,1.29931529326564,11.17,0,0,503,0
83,60,85.6010966577512,3.84606185804287,1.29931529326564,17.39,0,0,363,0
83,60,85.6010966577512,3.84606185804287,1.29931529326564,18.86,0,0,248,0
84,60,84.270286519302,4.03786209769462,0.707303974997322,0,101,60000,0,1
84,60,84.270286519302,4.03786209769462,0.707303974997322,6.87,0,0,688,0
84,60,84.270286519302,4.03786209769462,0.707303974997322,11.11,0,0,426,0
84,60,84.270286519302,4.03786209769462,0.707303974997322,13.97,0,0,338,0
84,60,84.270286519302,4.03786209769462,0.707303974997322,16.92,0,0,404,0
85,60,57.342390943184,3.18916934967624,1.39527120776994,0,101,60000,0,1
85,60,57.342390943184,3.18916934967624,1.39527120776994,11.91,0,0,546,0
85,60,57.342390943184,3.18916934967624,1.39527120776994,12.35,0,0,738,0
85,60,57.342390943184,3.18916934967624,1.39527120776994,18.31,0,0,302,0
85,60,57.342390943184,3.18916934967624,1.39527120776994,22.76,0,0,399,0
86,60,78.1584549174641,2.45110271579434,0.734764948898019,0,101,60000,0,1
86,60,78.1584549174641,2.45110271579434,0.734764948898019,3.89,0,0,790,0
86,60,78.1584549174641,2.45110271579434,0.734764948898019,10.27,0,0,578,0
86,60,78.1584549174641,2.45110271579434,0.734764948898019,12.46,0,0,440,0
86,60,78.1584549174641,2.45110271579434,0.734764948898019,23.08,0,0,434,0
87,60,80.5019657790078,6.16928612012626,1.14810936938913,0,101,60000,0,1
87,60,80.5019657790078,6.16928612012626,1.14810936938913,7.13,0,0,305,0
87,60,80.5019657790078,6.16928612012626,1.14810936938913,11.98,0,0,363,0
87,60,80.5019657790078,6.16928612012626,1.14810936938913,12.2,0,0,314,0
87,60,80.5019657790078,6.16928612012626,1.14810936938913,12.34,0,0,381,0
88,60,141.579212200139,3.49990131772204,1.39511405912375,0,101,60000,0,1
88,60,141.579212200139,3.49990131772204,1.39511405912375,0.98,0,0,315,0
88,60,141.579212200139,3.49990131772204,1.39511405912375,7.33,0,0,409,0
88,60,141.579212200139,3.49990131772204,1.39511405912375,9,0,0,352,0
88,60,141.579212200139,3.49990131772204,1.39511405912375,16.29,0,0,274,0
89,60,56.0220373404134,2.39023725586473,1.45966305642798,0,101,60000,0,1
89,60,56.0220373404134,2.39023725586473,1.45966305642798,6.43,0,0,580,0
89,60,56.0220373404134,2.39023725586473,1.45966305642798,7.27,0,0,838,0
89,60,56.0220373404134,2.39023725586473,1.45966305642798,11.11,0,0,581,0
89,60,56.0220373404134,2.39023725586473,1.45966305642798,15.15,0,0,672,0
90,60,70.01460584942,5.46890012680807,1.6936590303973,0,101,60000,0,1
90,60,70.01460584942,5.46890012680807,1.6936590303973,2.56,0,0,694,0
90,60,70.01460584942,5.46890012680807,1.6936590303973,12.13,0,0,293,0
90,60,70.01460584942,5.46890012680807,1.6936590303973,12.96,0,0,297,0
90,60,70.01460584942,5.46890012680807,1.6936590303973,23.47,0,0,130,0
91,120,71.8137300953644,5.36269196714495,0.968814237290618,0,101,120000,0,1
91,120,71.8137300953644,5.36269196714495,0.968814237290618,2.56,0,0,1348,0
91,120,71.8137300953644,5.36269196714495,0.968814237290618,7,0,0,1424,0
91,120,71.8137300953644,5.36269196714495,0.968814237290618,8.3,0,0,1467,0
91,120,71.8137300953644,5.36269196714495,0.968814237290618,17.55,0,0,584,0
92,120,71.2032656230203,3.08459500530873,1.03176451592864,0,101,120000,0,1
92,120,71.2032656230203,3.08459500530873,1.03176451592864,9.8,0,0,1134,0
92,120,71.2032656230203,3.08459500530873,1.03176451592864,17.46,0,0,544,0
92,120,71.2032656230203,3.08459500530873,1.03176451592864,20.12,0,0,680,0
92,120,71.2032656230203,3.08459500530873,1.03176451592864,21.83,0,0,775,0
93,120,80.2915202934755,3.90083728177844,1.18430813957337,0,101,120000,0,1
93,120,80.2915202934755,3.90083728177844,1.18430813957337,4.72,0,0,1056,0
93,120,80.2915202934755,3.90083728177844,1.18430813957337,6.33,0,0,909,0
93,120,80.2915202934755,3.90083728177844,1.18430813957337,13.3,0,0,1045,0
93,120,80.2915202934755,3.90083728177844,1.18430813957337,19.77,0,0,680,0
94,120,63.3193853132778,4.77971189347643,0.69977103657139,0,101,120000,0,1
94,120,63.3193853132778,4.77971189347643,0.69977103657139,5.51,0,0,1745,0
94,120,63.3193853132778,4.77971189347643,0.69977103657139,9.97,0,0,834,0
94,120,63.3193853132778,4.77971189347643,0.69977103657139,16.96,0,0,751,0
94,120,63.3193853132778,4.77971189347643,0.69977103657139,23.49,0,0,349,0
95,120,58.2294315616682,4.74128351689765,1.4005732703197,0,101,120000,0,1
95,120,58.2294315616682,4.74128351689765,1.4005732703197,0.37,0,0,642,0
95,120,58.2294315616682,4.74128351689765,1.4005732703197,0.49,0,0,520,0
95,120,58.2294315616682,4.74128351689765,1.4005732703197,7.11,0,0,986,0
95,120,58.2294315616682,4.74128351689765,1.4005732703197,22.3,0,0,292,0
96,120,78.4788240743983,5.02404257110674,0.564699091668189,0,101,120000,0,1
96,120,78.4788240743983,5.02404257110674,0.564699091668189,8.52,0,0,909,0
96,120,78.4788240743983,5.02404257110674,0.564699091668189,9.91,0,0,501,0
96,120,78.4788240743983,5.02404257110674,0.564699091668189,18.27,0,0,516,0
96,120,78.4788240743983,5.02404257110674,0.564699091668189,22,0,0,284,0
97,120,57.0780135500068,5.34479894933228,0.661829016141512,0,101,120000,0,1
97,120,57.0780135500068,5.34479894933228,0.661829016141512,1.83,0,0,1172,0
97,120,57.0780135500068,5.34479894933228,0.661829016141512,9.38,0,0,810,0
97,120,57.0780135500068,5.34479894933228,0.661829016141512,19.53,0,0,386,0
97,120,57.0780135500068,5.34479894933228,0.661829016141512,19.82,0,0,351,0
98,120,87.7990089185606,3.79118903855375,1.25278142731881,0,101,120000,0,1
98,120,87.7990089185606,3.79118903855375,1.25278142731881,12.9,0,0,618,0
98,120,87.7990089185606,3.79118903855375,1.25278142731881,14.04,0,0,797,0
98,120,87.7990089185606,3.79118903855375,1.25278142731881,15.4,0,0,632,0
98,120,87.7990089185606,3.79118903855375,1.25278142731881,16.2,0,0,820,0
99,120,56.3993912690602,2.45966195520485,0.800281916799688,0,101,120000,0,1
99,120,56.3993912690602,2.45966195520485,0.800281916799688,3.92,0,0,1330,0
99,120,56.3993912690602,2.45966195520485,0.800281916799688,9.74,0,0,2476,0
99,120,56.3993912690602,2.45966195520485,0.800281916799688,19.44,0,0,926,0
99,120,56.3993912690602,2.45966195520485,0.800281916799688,20.76,0,0,1503,0
100,120,90.1040530377669,5.35638605284721,1.12356529965359,0,101,120000,0,1
100,120,90.1040530377669,5.35638605284721,1.12356529965359,3.11,0,0,1178,0
100,120,90.1040530377669,5.35638605284721,1.12356529965359,9.95,0,0,1043,0
100,120,90.1040530377669,5.35638605284721,1.12356529965359,15.37,0,0,551,0
100,120,90.1040530377669,5.35638605284721,1.12356529965359,22.83,0,0,378,0
101,120,71.7321683266008,5.52749128027299,0.790746667902992,0,101,120000,0,1
101,120,71.7321683266008,5.52749128027299,0.790746667902992,2.33,0,0,1665,0
101,120,71.7321683266008,5.52749128027299,0.790746667902992,12.83,0,0,763,0
101,120,71.7321683266008,5.52749128027299,0.790746667902992,15.67,0,0,541,0
101,120,71.7321683266008,5.52749128027299,0.790746667902992,20.9,0,0,495,0
102,120,73.2752072025184,3.89514967525076,1.37868976925229,0,101,120000,0,1
102,120,73.2752072025184,3.89514967525076,1.37868976925229,0.05,0,0,88,0
102,120,73.2752072025184,3.89514967525076,1.37868976925229,10.17,0,0,876,0
102,120,73.2752072025184,3.89514967525076,1.37868976925229,10.44,0,0,927,0
102,120,73.2752072025184,3.89514967525076,1.37868976925229,12.32,0,0,1090,0
103,120,58.5613527625881,2.71098176830267,1.31918861537876,0,101,120000,0,1
103,120,58.5613527625881,2.71098176830267,1.31918861537876,5.96,0,0,1538,0
103,120,58.5613527625881,2.71098176830267,1.31918861537876,8.68,0,0,1223,0
103,120,58.5613527625881,2.71098176830267,1.31918861537876,10.46,0,0,1398,0
103,120,58.5613527625881,2.71098176830267,1.31918861537876,19.78,0,0,816,0
104,120,83.5543918471768,4.9449278323937,1.01834094505983,0,101,120000,0,1
104,120,83.5543918471768,4.9449278323937,1.01834094505983,3.87,0,0,1254,0
104,120,83.5543918471768,4.9449278323937,1.01834094505983,6.53,0,0,1001,0
104,120,83.5543918471768,4.9449278323937,1.01834094505983,13.95,0,0,904,0
104,120,83.5543918471768,4.9449278323937,1.01834094505983,21.45,0,0,637,0
105,120,60.5675147041289,3.06915495850922,1.29028756841648,0,101,120000,0,1
105,120,60.5675147041289,3.06915495850922,1.29028756841648,1.27,0,0,1181,0
105,120,60.5675147041289,3.06915495850922,1.29028756841648,7.32,0,0,1514,0
105,120,60.5675147041289,3.06915495850922,1.29028756841648,10.47,0,0,1338,0
105,120,60.5675147041289,3.06915495850922,1.29028756841648,18.46,0,0,991,0
106,120,66.726839611592,4.93980884295418,0.642054474286237,0,101,120000,0,1
106,120,66.726839611592,4.93980884295418,0.642054474286237,0.46,0,0,391,0
106,120,66.726839611592,4.93980884295418,0.642054474286237,17.62,0,0,606,0
106,120,66.726839611592,4.93980884295418,0.642054474286237,18.69,0,0,559,0
106,120,66.726839611592,4.93980884295418,0.642054474286237,22.22,0,0,411,0
107,120,100.302740696762,1.80716681282448,1.19812323440074,0,101,120000,0,1
107,120,100.302740696762,1.80716681282448,1.19812323440074,14.92,0,0,906,0
107,120,100.302740696762,1.80716681282448,1.19812323440074,20.15,0,0,942,0
107,120,100.302740696762,1.80716681282448,1.19812323440074,20.87,0,0,737,0
107,120,100.302740696762,1.80716681282448,1.19812323440074,23.77,0,0,1099,0
108,120,59.3481990864102,2.84882148656363,0.745466193310735,0,101,120000,0,1
108,120,59.3481990864102,2.84882148656363,0.745466193310735,10.13,0,0,1293,0
108,120,59.3481990864102,2.84882148656363,0.745466193310735,13.24,0,0,784,0
108,120,59.3481990864102,2.84882148656363,0.745466193310735,14.3,0,0,852,0
108,120,59.3481990864102,2.84882148656363,0.745466193310735,23.5,0,0,805,0
109,120,58.3410245270477,3.01592074317355,0.832028666989496,0,101,120000,0,1
109,120,58.3410245270477,3.01592074317355,0.832028666989496,2.29,0,0,1998,0
109,120,58.3410245270477,3.01592074317355,0.832028666989496,5.86,0,0,1523,0
109,120,58.3410245270477,3.01592074317355,0.832028666989496,6.42,0,0,1555,0
109,120,58.3410245270477,3.01592074317355,0.832028666989496,10.27,0,0,1494,0
110,120,67.9340133036626,3.59248159441861,0.598544550638255,0,101,120000,0,1
110,120,67.9340133036626,3.59248159441861,0.598544550638255,2.04,0,0,1108,0
110,120,67.9340133036626,3.59248159441861,0.598544550638255,5.62,0,0,1053,0
110,120,67.9340133036626,3.59248159441861,0.598544550638255,14.1,0,0,607,0
110,120,67.9340133036626,3.59248159441861,0.598544550638255,23.83,0,0,746,0
111,120,50.9560103694338,4.46193740377014,0.900263529492947,0,101,120000,0,1
111,120,50.9560103694338,4.46193740377014,0.900263529492947,4.39,0,0,1615,0
111,120,50.9560103694338,4.46193740377014,0.900263529492947,5.7,0,0,1666,0
111,120,50.9560103694338,4.46193740377014,0.900263529492947,16.38,0,0,583,0
111,120,50.9560103694338,4.46193740377014,0.900263529492947,22.62,0,0,254,0
112,120,83.7234204102592,5.02245136776839,0.953668967776224,0,101,120000,0,1
112,120,83.7234204102592,5.02245136776839,0.953668967776224,9.19,0,0,1084,0
112,120,83.7234204102592,5.02245136776839,0.953668967776224,10.6,0,0,695,0
112,120,83.7234204102592,5.02245136776839,0.953668967776224,16.76,0,0,620,0
112,120,83.7234204102592,5.02245136776839,0.953668967776224,19.72,0,0,403,0
113,120,71.414270150992,4.89327191008813,1.45485780272775,0,101,120000,0,1
113,120,71.414270150992,4.89327191008813,1.45485780272775,0.04,0,0,103,0
113,120,71.414270150992,4.89327191008813,1.45485780272775,4.38,0,0,1207,0
113,120,71.414270150992,4.89327191008813,1.45485780272775,6.18,0,0,1097,0
113,120,71.414270150992,4.89327191008813,1.45485780272775,16.58,0,0,684,0
114,120,74.8083172369584,5.96016470702401,1.12385133290919,0,101,120000,0,1
114,120,74.8083172369584,5.96016470702401,1.12385133290919,8.14,0,0,1111,0
114,120,74.8083172369584,5.96016470702401,1.12385133290919,9.99,0,0,649,0
114,120,74.8083172369584,5.96016470702401,1.12385133290919,14.38,0,0,613,0
114,120,74.8083172369584,5.96016470702401,1.12385133290919,19.15,0,0,492,0
115,120,83.7483199688283,5.32839564350112,0.813576370694231,0,101,120000,0,1
115,120,83.7483199688283,5.32839564350112,0.813576370694231,1.45,0,0,978,0
115,120,83.7483199688283,5.32839564350112,0.813576370694231,2.08,0,0,959,0
115,120,83.7483199688283,5.32839564350112,0.813576370694231,4.55,0,0,715,0
115,120,83.7483199688283,5.32839564350112,0.813576370694231,18.69,0,0,466,0
116,120,57.7379762421535,5.7782857176717,0.794265798108307,0,101,120000,0,1
116,120,57.7379762421535,5.7782857176717,0.794265798108307,4.24,0,0,2569,0
116,120,57.7379762421535,5.7782857176717,0.794265798108307,5.17,0,0,1045,0
116,120,57.7379762421535,5.7782857176717,0.794265798108307,16.07,0,0,439,0
116,120,57.7379762421535,5.7782857176717,0.794265798108307,19.14,0,0,327,0
117,120,75.2670145515469,2.81169728727664,0.95560243975752,0,101,120000,0,1
117,120,75.2670145515469,2.81169728727664,0.95560243975752,20.15,0,0,1087,0
117,120,75.2670145515469,2.81169728727664,0.95560243975752,22.27,0,0,1178,0
117,120,75.2670145515469,2.81169728727664,0.95560243975752,23.33,0,0,768,0
117,120,75.2670145515469,2.81169728727664,0.95560243975752,23.46,0,0,1031,0
118,120,79.1398249474725,5.24012441139599,1.36587457616268,0,101,120000,0,1
118,120,79.1398249474725,5.24012441139599,1.36587457616268,3.28,0,0,1591,0
118,120,79.1398249474725,5.24012441139599,1.36587457616268,5.37,0,0,1069,0
118,120,79.1398249474725,5.24012441139599,1.36587457616268,8.86,0,0,1133,0
118,120,79.1398249474725,5.24012441139599,1.36587457616268,18.81,0,0,396,0
119,120,87.6969068622977,7.7741904658671,1.38341189156707,0,101,120000,0,1
119,120,87.6969068622977,7.7741904658671,1.38341189156707,3.97,0,0,1022,0
119,120,87.6969068622977,7.7741904658671,1.38341189156707,13.11,0,0,487,0
119,120,87.6969068622977,7.7741904658671,1.38341189156707,13.19,0,0,436,0
119,120,87.6969068622977,7.7741904658671,1.38341189156707,18.25,0,0,291,0
120,120,43.3609332671255,4.67234632712925,1.02822621532833,0,101,120000,0,1
120,120,43.3609332671255,4.67234632712925,1.02822621532833,10.8,0,0,1229,0
120,120,43.3609332671255,4.67234632712925,1.02822621532833,11.45,0,0,1125,0
120,120,43.3609332671255,4.67234632712925,1.02822621532833,12.98,0,0,928,0
120,120,43.3609332671255,4.67234632712925,1.02822621532833,14.3,0,0,609,0
