ID,DOSE,V,CL,KA,TIME,EVID,AMT,DV,EVIDNM
1,10,67.3519048093001,3.64228444744875,0.675814353520816,0,101,10000,0,1
1,10,67.3519048093001,3.64228444744875,0.675814353520816,0.1,0,0,6,0
1,10,67.3519048093001,3.64228444744875,0.675814353520816,1.56,0,0,116,0
1,10,67.3519048093001,3.64228444744875,0.675814353520816,3.93,0,0,128,0
1,10,67.3519048093001,3.64228444744875,0.675814353520816,22.34,0,0,40,0
2,10,111.930529577846,3.51529208514096,0.676804509287637,0,101,10000,0,1
2,10,111.930529577846,3.51529208514096,0.676804509287637,0.55,0,0,35,0
2,10,111.930529577846,3.51529208514096,0.676804509287637,10.87,0,0,83,0
2,10,111.930529577846,3.51529208514096,0.676804509287637,13.49,0,0,43,0
2,10,111.930529577846,3.51529208514096,0.676804509287637,21.51,0,0,45,0
3,10,60.0226653890336,3.4219190804736,1.18033336954539,0,101,10000,0,1
3,10,60.0226653890336,3.4219190804736,1.18033336954539,5.22,0,0,131,0
3,10,60.0226653890336,3.4219190804736,1.18033336954539,11.45,0,0,99,0
3,10,60.0226653890336,3.4219190804736,1.18033336954539,12.69,0,0,81,0
3,10,60.0226653890336,3.4219190804736,1.18033336954539,22.18,0,0,69,0
4,10,75.0360780298851,3.50032707188062,2.07054952905151,0,101,10000,0,1
4,10,75.0360780298851,3.50032707188062,2.07054952905151,8.61,0,0,90,0
4,10,75.0360780298851,3.50032707188062,2.07054952905151,15.01,0,0,118,0
4,10,75.0360780298851,3.50032707188062,2.07054952905151,21.86,0,0,39,0
4,10,75.0360780298851,3.50032707188062,2.07054952905151,23.72,0,0,54,0
5,10,78.0669534966278,2.94669955196019,0.875412549267412,0,101,10000,0,1
5,10,78.0669534966278,2.94669955196019,0.875412549267412,1.32,0,0,102,0
5,10,78.0669534966278,2.94669955196019,0.875412549267412,12.49,0,0,90,0
5,10,78.0669534966278,2.94669955196019,0.875412549267412,16.4,0,0,92,0
5,10,78.0669534966278,2.94669955196019,0.875412549267412,22.18,0,0,51,0
6,10,60.6174833729183,1.45979218637911,1.24194228790871,0,101,10000,0,1
6,10,60.6174833729183,1.45979218637911,1.24194228790871,5.09,0,0,133,0
6,10,60.6174833729183,1.45979218637911,1.24194228790871,18.5,0,0,125,0
6,10,60.6174833729183,1.45979218637911,1.24194228790871,21.94,0,0,143,0
6,10,60.6174833729183,1.45979218637911,1.24194228790871,23.15,0,0,64,0
7,10,60.8993891320935,3.57812399370236,1.00356523719594,0,101,10000,0,1
7,10,60.8993891320935,3.57812399370236,1.00356523719594,5.25,0,0,132,0
7,10,60.8993891320935,3.57812399370236,1.00356523719594,9.86,0,0,106,0
7,10,60.8993891320935,3.57812399370236,1.00356523719594,14.88,0,0,86,0
7,10,60.8993891320935,3.57812399370236,1.00356523719594,17.5,0,0,78,0
8,10,76.2442551214435,3.83422905998822,0.797642223346763,0,101,10000,0,1
8,10,76.2442551214435,3.83422905998822,0.797642223346763,12.47,0,0,129,0
8,10,76.2442551214435,3.83422905998822,0.797642223346763,12.85,0,0,72,0
8,10,76.2442551214435,3.83422905998822,0.797642223346763,13.93,0,0,89,0
8,10,76.2442551214435,3.83422905998822,0.797642223346763,23.33,0,0,57,0
9,10,66.9195664658265,2.92696091911647,0.658244862043263,0,101,10000,0,1
9,10,66.9195664658265,2.92696091911647,0.658244862043263,9.6,0,0,105,0
9,10,66.9195664658265,2.92696091911647,0.658244862043263,10.92,0,0,74,0
9,10,66.9195664658265,2.92696091911647,0.658244862043263,14.09,0,0,78,0
9,10,66.9195664658265,2.92696091911647,0.658244862043263,20.83,0,0,55,0
10,10,49.327360906649,4.69868723241986,0.777560466612058,0,101,10000,0,1
10,10,49.327360906649,4.69868723241986,0.777560466612058,2.9,0,0,98,0
10,10,49.327360906649,4.69868723241986,0.777560466612058,10.38,0,0,68,0
10,10,49.327360906649,4.69868723241986,0.777560466612058,21.23,0,0,23,0
10,10,49.327360906649,4.69868723241986,0.777560466612058,23.23,0,0,25,0
11,10,74.0027863753547,2.9389629852262,1.02433262779752,0,101,10000,0,1
11,10,74.0027863753547,2.9389629852262,1.02433262779752,0.34,0,0,34,0
11,10,74.0027863753547,2.9389629852262,1.02433262779752,3.04,0,0,101,0
11,10,74.0027863753547,2.9389629852262,1.02433262779752,14.28,0,0,86,0
11,10,74.0027863753547,2.9389629852262,1.02433262779752,19.17,0,0,71,0
12,10,65.8145505401129,6.49532836948402,1.29604401867323,0,101,10000,0,1
12,10,65.8145505401129,6.49532836948402,1.29604401867323,4.02,0,0,86,0
12,10,65.8145505401129,6.49532836948402,1.29604401867323,16.04,0,0,37,0
12,10,65.8145505401129,6.49532836948402,1.29604401867323,20.31,0,0,30,0
12,10,65.8145505401129,6.49532836948402,1.29604401867323,20.69,0,0,22,0
13,10,64.6549525587796,6.33465104661809,0.633064724239672,0,101,10000,0,1
13,10,64.6549525587796,6.33465104661809,0.633064724239672,5.79,0,0,86,0
13,10,64.6549525587796,6.33465104661809,0.633064724239672,10.88,0,0,44,0
13,10,64.6549525587796,6.33465104661809,0.633064724239672,15.12,0,0,53,0
13,10,64.6549525587796,6.33465104661809,0.633064724239672,22.42,0,0,22,0
14,10,55.376257751844,5.91330973596747,0.979475547834978,0,101,10000,0,1
14,10,55.376257751844,5.91330973596747,0.979475547834978,7.22,0,0,96,0
14,10,55.376257751844,5.91330973596747,0.979475547834978,12.3,0,0,51,0
14,10,55.376257751844,5.91330973596747,0.979475547834978,12.59,0,0,45,0
14,10,55.376257751844,5.91330973596747,0.979475547834978,21.89,0,0,21,0
15,10,89.4083515777709,3.2095521961783,0.697672042566777,0,101,10000,0,1
15,10,89.4083515777709,3.2095521961783,0.697672042566777,13.34,0,0,85,0
15,10,89.4083515777709,3.2095521961783,0.697672042566777,19.84,0,0,62,0
15,10,89.4083515777709,3.2095521961783,0.697672042566777,19.94,0,0,69,0
15,10,89.4083515777709,3.2095521961783,0.697672042566777,20.26,0,0,60,0
16,10,100.440618530249,2.32885918718983,0.808307181094472,0,101,10000,0,1
16,10,100.440618530249,2.32885918718983,0.808307181094472,7.42,0,0,86,0
16,10,100.440618530249,2.32885918718983,0.808307181094472,7.44,0,0,101,0
16,10,100.440618530249,2.32885918718983,0.808307181094472,22.1,0,0,50,0
16,10,100.440618530249,2.32885918718983,0.808307181094472,22.53,0,0,81,0
17,10,58.5112931781142,2.95424818756738,0.757014811564033,0,101,10000,0,1
17,10,58.5112931781142,2.95424818756738,0.757014811564033,4.17,0,0,91,0
17,10,58.5112931781142,2.95424818756738,0.757014811564033,4.99,0,0,175,0
17,10,58.5112931781142,2.95424818756738,0.757014811564033,14.11,0,0,79,0
17,10,58.5112931781142,2.95424818756738,0.757014811564033,18.57,0,0,63,0
18,10,71.4031379605315,1.77490260543007,0.835692578907793,0,101,10000,0,1
18,10,71.4031379605315,1.77490260543007,0.835692578907793,0.69,0,0,59,0
18,10,71.4031379605315,1.77490260543007,0.835692578907793,12.91,0,0,77,0
18,10,71.4031379605315,1.77490260543007,0.835692578907793,16.79,0,0,86,0
18,10,71.4031379605315,1.77490260543007,0.835692578907793,18.16,0,0,75,0
19,10,48.0821531012935,4.12307173791433,0.522678543041944,0,101,10000,0,1
19,10,48.0821531012935,4.12307173791433,0.522678543041944,1.07,0,0,97,0
19,10,48.0821531012935,4.12307173791433,0.522678543041944,10.02,0,0,120,0
19,10,48.0821531012935,4.12307173791433,0.522678543041944,20.42,0,0,44,0
19,10,48.0821531012935,4.12307173791433,0.522678543041944,22.4,0,0,36,0
20,10,119.410946355996,4.90450675104897,0.570573810881043,0,101,10000,0,1
20,10,119.410946355996,4.90450675104897,0.570573810881043,1.51,0,0,68,0
20,10,119.410946355996,4.90450675104897,0.570573810881043,11.91,0,0,51,0
20,10,119.410946355996,4.90450675104897,0.570573810881043,18.16,0,0,48,0
20,10,119.410946355996,4.90450675104897,0.570573810881043,21.25,0,0,28,0
21,10,84.4125746105925,5.49776474058314,0.815501449059215,0,101,10000,0,1
21,10,84.4125746105925,5.49776474058314,0.815501449059215,6.54,0,0,111,0
21,10,84.4125746105925,5.49776474058314,0.815501449059215,12.51,0,0,60,0
21,10,84.4125746105925,5.49776474058314,0.815501449059215,13.46,0,0,68,0
21,10,84.4125746105925,5.49776474058314,0.815501449059215,16.03,0,0,33,0
22,10,72.666336121797,2.9227183782891,2.03000748092945,0,101,10000,0,1
22,10,72.666336121797,2.9227183782891,2.03000748092945,3.69,0,0,133,0
22,10,72.666336121797,2.9227183782891,2.03000748092945,9.37,0,0,90,0
22,10,72.666336121797,2.9227183782891,2.03000748092945,9.96,0,0,156,0
22,10,72.666336121797,2.9227183782891,2.03000748092945,18.73,0,0,67,0
23,10,71.1231844057564,4.71661209930956,0.962977259503115,0,101,10000,0,1
23,10,71.1231844057564,4.71661209930956,0.962977259503115,3.66,0,0,133,0
23,10,71.1231844057564,4.71661209930956,0.962977259503115,4.43,0,0,151,0
23,10,71.1231844057564,4.71661209930956,0.962977259503115,5.78,0,0,87,0
23,10,71.1231844057564,4.71661209930956,0.962977259503115,21.32,0,0,48,0
24,10,58.636344187502,4.07372688901261,0.724380186124541,0,101,10000,0,1
24,10,58.636344187502,4.07372688901261,0.724380186124541,4.79,0,0,158,0
24,10,58.636344187502,4.07372688901261,0.724380186124541,10.74,0,0,99,0
24,10,58.636344187502,4.07372688901261,0.724380186124541,22.74,0,0,37,0
24,10,58.636344187502,4.07372688901261,0.724380186124541,23,0,0,42,0
25,10,50.5072846476006,4.35430776529472,0.923323196818009,0,101,10000,0,1
25,10,50.5072846476006,4.35430776529472,0.923323196818009,8.37,0,0,165,0
25,10,50.5072846476006,4.35430776529472,0.923323196818009,12.67,0,0,100,0
25,10,50.5072846476006,4.35430776529472,0.923323196818009,15.41,0,0,62,0
25,10,50.5072846476006,4.35430776529472,0.923323196818009,21.03,0,0,34,0
26,10,47.1159608894427,4.34235258359898,0.725515492198137,0,101,10000,0,1
26,10,47.1159608894427,4.34235258359898,0.725515492198137,5.46,0,0,148,0
26,10,47.1159608894427,4.34235258359898,0.725515492198137,10.16,0,0,113,0
26,10,47.1159608894427,4.34235258359898,0.725515492198137,17.46,0,0,52,0
26,10,47.1159608894427,4.34235258359898,0.725515492198137,21.45,0,0,30,0
27,10,106.210710753789,5.08626800508342,1.20770454956678,0,101,10000,0,1
27,10,106.210710753789,5.08626800508342,1.20770454956678,9.58,0,0,85,0
27,10,106.210710753789,5.08626800508342,1.20770454956678,16.35,0,0,48,0
27,10,106.210710753789,5.08626800508342,1.20770454956678,20.6,0,0,36,0
27,10,106.210710753789,5.08626800508342,1.20770454956678,22.89,0,0,26,0
28,10,68.5705367594342,3.67902200175704,0.874254110740132,0,101,10000,0,1
28,10,68.5705367594342,3.67902200175704,0.874254110740132,12.4,0,0,71,0
28,10,68.5705367594342,3.67902200175704,0.874254110740132,21.62,0,0,50,0
28,10,68.5705367594342,3.67902200175704,0.874254110740132,21.85,0,0,72,0
28,10,68.5705367594342,3.67902200175704,0.874254110740132,23.51,0,0,43,0
29,10,146.075100033033,4.06847499436036,0.680801736193032,0,101,10000,0,1
29,10,146.075100033033,4.06847499436036,0.680801736193032,1.22,0,0,29,0
29,10,146.075100033033,4.06847499436036,0.680801736193032,5.77,0,0,51,0
29,10,146.075100033033,4.06847499436036,0.680801736193032,15.64,0,0,44,0
29,10,146.075100033033,4.06847499436036,0.680801736193032,23.92,0,0,52,0
30,10,54.1298732092447,3.782406157654,1.46797946018922,0,101,10000,0,1
30,10,54.1298732092447,3.782406157654,1.46797946018922,3.19,0,0,179,0
30,10,54.1298732092447,3.782406157654,1.46797946018922,4.98,0,0,135,0
30,10,54.1298732092447,3.782406157654,1.46797946018922,6.77,0,0,132,0
30,10,54.1298732092447,3.782406157654,1.46797946018922,23.84,0,0,33,0
31,30,71.2351767267252,3.2241015222721,0.777519822769455,0,101,30000,0,1
31,30,71.2351767267252,3.2241015222721,0.777519822769455,1.55,0,0,248,0
31,30,71.2351767267252,3.2241015222721,0.777519822769455,1.81,0,0,459,0
31,30,71.2351767267252,3.2241015222721,0.777519822769455,9.34,0,0,279,0
31,30,71.2351767267252,3.2241015222721,0.777519822769455,15.16,0,0,161,0
32,30,63.3382787595636,6.38666509672782,0.777906891622131,0,101,30000,0,1
32,30,63.3382787595636,6.38666509672782,0.777906891622131,5.27,0,0,393,0
32,30,63.3382787595636,6.38666509672782,0.777906891622131,8.9,0,0,230,0
32,30,63.3382787595636,6.38666509672782,0.777906891622131,8.91,0,0,208,0
32,30,63.3382787595636,6.38666509672782,0.777906891622131,18.3,0,0,63,0
33,30,90.5884294670824,5.17822303647953,0.700979852998926,0,101,30000,0,1
33,30,90.5884294670824,5.17822303647953,0.700979852998926,2.08,0,0,270,0
33,30,90.5884294670824,5.17822303647953,0.700979852998926,2.86,0,0,276,0
33,30,90.5884294670824,5.17822303647953,0.700979852998926,13.61,0,0,141,0
33,30,90.5884294670824,5.17822303647953,0.700979852998926,14.49,0,0,165,0
34,30,62.536311237546,5.94785587805699,0.897373475896521,0,101,30000,0,1
34,30,62.536311237546,5.94785587805699,0.897373475896521,2.34,0,0,394,0
34,30,62.536311237546,5.94785587805699,0.897373475896521,4.34,0,0,407,0
34,30,62.536311237546,5.94785587805699,0.897373475896521,7.66,0,0,170,0
34,30,62.536311237546,5.94785587805699,0.897373475896521,7.72,0,0,275,0
35,30,47.0147122129449,5.94724459691879,1.0935291796553,0,101,30000,0,1
35,30,47.0147122129449,5.94724459691879,1.0935291796553,4.95,0,0,332,0
35,30,47.0147122129449,5.94724459691879,1.0935291796553,5.55,0,0,259,0
35,30,47.0147122129449,5.94724459691879,1.0935291796553,7.04,0,0,307,0
35,30,47.0147122129449,5.94724459691879,1.0935291796553,10.48,0,0,147,0
36,30,68.1685532612528,2.89074987141778,0.59795292968959,0,101,30000,0,1
36,30,68.1685532612528,2.89074987141778,0.59795292968959,4.07,0,0,289,0
36,30,68.1685532612528,2.89074987141778,0.59795292968959,8.07,0,0,293,0
36,30,68.1685532612528,2.89074987141778,0.59795292968959,14.13,0,0,294,0
36,30,68.1685532612528,2.89074987141778,0.59795292968959,15.03,0,0,273,0
37,30,65.7138930546644,3.57554746695361,0.897034031250975,0,101,30000,0,1
37,30,65.7138930546644,3.57554746695361,0.897034031250975,0.13,0,0,62,0
37,30,65.7138930546644,3.57554746695361,0.897034031250975,14.6,0,0,199,0
37,30,65.7138930546644,3.57554746695361,0.897034031250975,19.04,0,0,194,0
37,30,65.7138930546644,3.57554746695361,0.897034031250975,21.78,0,0,128,0
38,30,75.0479404247037,3.71514597630083,0.891099040498864,0,101,30000,0,1
38,30,75.0479404247037,3.71514597630083,0.891099040498864,7.8,0,0,219,0
38,30,75.0479404247037,3.71514597630083,0.891099040498864,10.26,0,0,222,0
38,30,75.0479404247037,3.71514597630083,0.891099040498864,17.12,0,0,214,0
38,30,75.0479404247037,3.71514597630083,0.891099040498864,22.18,0,0,178,0
39,30,75.8436592232101,3.67230789291257,0.694864210223255,0,101,30000,0,1
39,30,75.8436592232101,3.67230789291257,0.694864210223255,0.17,0,0,43,0
39,30,75.8436592232101,3.67230789291257,0.694864210223255,4.38,0,0,305,0
39,30,75.8436592232101,3.67230789291257,0.694864210223255,8.57,0,0,278,0
39,30,75.8436592232101,3.67230789291257,0.694864210223255,11.73,0,0,379,0
40,30,127.991620354614,4.33270361318837,0.856810967290244,0,101,30000,0,1
40,30,127.991620354614,4.33270361318837,0.856810967290244,0.01,0,0,2,0
40,30,127.991620354614,4.33270361318837,0.856810967290244,7.64,0,0,182,0
40,30,127.991620354614,4.33270361318837,0.856810967290244,19.34,0,0,102,0
40,30,127.991620354614,4.33270361318837,0.856810967290244,21.51,0,0,103,0
41,30,46.816897584198,5.90475794283472,0.875802546672564,0,101,30000,0,1
41,30,46.816897584198,5.90475794283472,0.875802546672564,2.52,0,0,422,0
41,30,46.816897584198,5.90475794283472,0.875802546672564,9.87,0,0,188,0
41,30,46.816897584198,5.90475794283472,0.875802546672564,20.55,0,0,66,0
41,30,46.816897584198,5.90475794283472,0.875802546672564,22.67,0,0,49,0
42,30,56.0083456146815,5.80432212954787,1.33327704254559,0,101,30000,0,1
42,30,56.0083456146815,5.80432212954787,1.33327704254559,9.42,0,0,150,0
42,30,56.0083456146815,5.80432212954787,1.33327704254559,13.48,0,0,123,0
42,30,56.0083456146815,5.80432212954787,1.33327704254559,14.87,0,0,125,0
42,30,56.0083456146815,5.80432212954787,1.33327704254559,20.35,0,0,60,0
43,30,73.5975027004293,2.74580701674224,0.567863279102756,0,101,30000,0,1
43,30,73.5975027004293,2.74580701674224,0.567863279102756,8.97,0,0,311,0
43,30,73.5975027004293,2.74580701674224,0.567863279102756,9.26,0,0,256,0
43,30,73.5975027004293,2.74580701674224,0.567863279102756,9.88,0,0,369,0
43,30,73.5975027004293,2.74580701674224,0.567863279102756,10.19,0,0,295,0
44,30,76.527089143221,7.35796904800651,0.643392310357204,0,101,30000,0,1
44,30,76.527089143221,7.35796904800651,0.643392310357204,7.36,0,0,205,0
44,30,76.527089143221,7.35796904800651,0.643392310357204,9.95,0,0,140,0
44,30,76.527089143221,7.35796904800651,0.643392310357204,11.64,0,0,129,0
44,30,76.527089143221,7.35796904800651,0.643392310357204,20.28,0,0,99,0
45,30,50.9453268286097,6.00011729123055,0.875121800694098,0,101,30000,0,1
45,30,50.9453268286097,6.00011729123055,0.875121800694098,8.77,0,0,258,0
45,30,50.9453268286097,6.00011729123055,0.875121800694098,10.92,0,0,217,0
45,30,50.9453268286097,6.00011729123055,0.875121800694098,16.94,0,0,78,0
45,30,50.9453268286097,6.00011729123055,0.875121800694098,19.02,0,0,61,0
46,30,76.1549447874708,4.35043264298044,0.69279359696524,0,101,30000,0,1
46,30,76.1549447874708,4.35043264298044,0.69279359696524,1.21,0,0,195,0
46,30,76.1549447874708,4.35043264298044,0.69279359696524,2.86,0,0,340,0
46,30,76.1549447874708,4.35043264298044,0.69279359696524,14.44,0,0,127,0
46,30,76.1549447874708,4.35043264298044,0.69279359696524,21.66,0,0,98,0
47,30,107.39790968006,4.09538583074164,1.20805306667656,0,101,30000,0,1
47,30,107.39790968006,4.09538583074164,1.20805306667656,4.38,0,0,277,0
47,30,107.39790968006,4.09538583074164,1.20805306667656,8.43,0,0,164,0
47,30,107.39790968006,4.09538583074164,1.20805306667656,19.48,0,0,140,0
47,30,107.39790968006,4.09538583074164,1.20805306667656,21.89,0,0,98,0
48,30,74.7652527837667,2.58049981258729,1.36536343255802,0,101,30000,0,1
48,30,74.7652527837667,2.58049981258729,1.36536343255802,6.46,0,0,541,0
48,30,74.7652527837667,2.58049981258729,1.36536343255802,6.62,0,0,282,0
48,30,74.7652527837667,2.58049981258729,1.36536343255802,10.59,0,0,315,0
48,30,74.7652527837667,2.58049981258729,1.36536343255802,17,0,0,216,0
49,30,56.1136314928385,6.68110871036028,0.772168289918459,0,101,30000,0,1
49,30,56.1136314928385,6.68110871036028,0.772168289918459,4.04,0,0,332,0
49,30,56.1136314928385,6.68110871036028,0.772168289918459,12.75,0,0,208,0
49,30,56.1136314928385,6.68110871036028,0.772168289918459,18.75,0,0,54,0
49,30,56.1136314928385,6.68110871036028,0.772168289918459,19.24,0,0,83,0
50,30,59.0788424044537,4.17607993405319,1.00735414943895,0,101,30000,0,1
50,30,59.0788424044537,4.17607993405319,1.00735414943895,4.96,0,0,607,0
50,30,59.0788424044537,4.17607993405319,1.00735414943895,14.6,0,0,198,0
50,30,59.0788424044537,4.17607993405319,1.00735414943895,16.51,0,0,148,0
50,30,59.0788424044537,4.17607993405319,1.00735414943895,20.04,0,0,211,0
51,30,72.2983922804167,4.52348044838621,1.12020887609041,0,101,30000,0,1
51,30,72.2983922804167,4.52348044838621,1.12020887609041,0.68,0,0,212,0
51,30,72.2983922804167,4.52348044838621,1.12020887609041,1.66,0,0,253,0
51,30,72.2983922804167,4.52348044838621,1.12020887609041,10.74,0,0,286,0
51,30,72.2983922804167,4.52348044838621,1.12020887609041,16.76,0,0,167,0
52,30,60.8194785136201,5.67192141863889,0.844784931831465,0,101,30000,0,1
52,30,60.8194785136201,5.67192141863889,0.844784931831465,3.76,0,0,307,0
52,30,60.8194785136201,5.67192141863889,0.844784931831465,4.78,0,0,312,0
52,30,60.8194785136201,5.67192141863889,0.844784931831465,6.85,0,0,348,0
52,30,60.8194785136201,5.67192141863889,0.844784931831465,16.1,0,0,136,0
53,30,103.485476106526,4.35775190019237,0.83928201330937,0,101,30000,0,1
53,30,103.485476106526,4.35775190019237,0.83928201330937,3.14,0,0,242,0
53,30,103.485476106526,4.35775190019237,0.83928201330937,12.45,0,0,382,0
53,30,103.485476106526,4.35775190019237,0.83928201330937,19.22,0,0,166,0
53,30,103.485476106526,4.35775190019237,0.83928201330937,19.7,0,0,122,0
54,30,52.3005542941794,3.09280427703643,0.767767372178168,0,101,30000,0,1
54,30,52.3005542941794,3.09280427703643,0.767767372178168,0.73,0,0,272,0
54,30,52.3005542941794,3.09280427703643,0.767767372178168,5.21,0,0,504,0
54,30,52.3005542941794,3.09280427703643,0.767767372178168,6.84,0,0,254,0
54,30,52.3005542941794,3.09280427703643,0.767767372178168,14.6,0,0,330,0
55,30,66.5098733555566,4.52360780666544,1.10747548779303,0,101,30000,0,1
55,30,66.5098733555566,4.52360780666544,1.10747548779303,1.46,0,0,364,0
55,30,66.5098733555566,4.52360780666544,1.10747548779303,11.09,0,0,198,0
55,30,66.5098733555566,4.52360780666544,1.10747548779303,11.43,0,0,186,0
55,30,66.5098733555566,4.52360780666544,1.10747548779303,19.07,0,0,100,0
56,30,83.3810040640875,5.42720298470548,0.533962268582352,0,101,30000,0,1
56,30,83.3810040640875,5.42720298470548,0.533962268582352,13.21,0,0,147,0
56,30,83.3810040640875,5.42720298470548,0.533962268582352,17.04,0,0,118,0
56,30,83.3810040640875,5.42720298470548,0.533962268582352,18.75,0,0,122,0
56,30,83.3810040640875,5.42720298470548,0.533962268582352,19.86,0,0,138,0
57,30,64.7830850156968,3.9166296410811,0.830776863144204,0,101,30000,0,1
57,30,64.7830850156968,3.9166296410811,0.830776863144204,2.16,0,0,337,0
57,30,64.7830850156968,3.9166296410811,0.830776863144204,8.18,0,0,281,0
57,30,64.7830850156968,3.9166296410811,0.830776863144204,18.25,0,0,156,0
57,30,64.7830850156968,3.9166296410811,0.830776863144204,18.73,0,0,177,0
58,30,61.9128853252812,3.20814920159382,0.90207480367114,0,101,30000,0,1
58,30,61.9128853252812,3.20814920159382,0.90207480367114,2.7,0,0,423,0
58,30,61.9128853252812,3.20814920159382,0.90207480367114,13.63,0,0,267,0
58,30,61.9128853252812,3.20814920159382,0.90207480367114,17.12,0,0,150,0
58,30,61.9128853252812,3.20814920159382,0.90207480367114,18.93,0,0,157,0
59,30,93.1978473218343,7.26575647141375,1.04353338362569,0,101,30000,0,1
59,30,93.1978473218343,7.26575647141375,1.04353338362569,9.96,0,0,206,0
59,30,93.1978473218343,7.26575647141375,1.04353338362569,12.59,0,0,116,0
59,30,93.1978473218343,7.26575647141375,1.04353338362569,21.21,0,0,59,0
59,30,93.1978473218343,7.26575647141375,1.04353338362569,23.15,0,0,60,0
60,30,114.976880657565,7.30978989824291,0.696559745078741,0,101,30000,0,1
60,30,114.976880657565,7.30978989824291,0.696559745078741,4.37,0,0,133,0
60,30,114.976880657565,7.30978989824291,0.696559745078741,12.99,0,0,156,0
60,30,114.976880657565,7.30978989824291,0.696559745078741,13.78,0,0,83,0
60,30,114.976880657565,7.30978989824291,0.696559745078741,23.6,0,0,65,0
61,60,49.31552486195,3.92925649895819,0.88736710879506,0,101,60000,0,1
61,60,49.31552486195,3.92925649895819,0.88736710879506,1.74,0,0,795,0
61,60,49.31552486195,3.92925649895819,0.88736710879506,3.64,0,0,986,0
61,60,49.31552486195,3.92925649895819,0.88736710879506,12.4,0,0,458,0
61,60,49.31552486195,3.92925649895819,0.88736710879506,18.6,0,0,333,0
62,60,88.0646173790554,4.72547948992329,0.938908538169072,0,101,60000,0,1
62,60,88.0646173790554,4.72547948992329,0.938908538169072,0.26,0,0,134,0
62,60,88.0646173790554,4.72547948992329,0.938908538169072,3.8,0,0,745,0
62,60,88.0646173790554,4.72547948992329,0.938908538169072,13.88,0,0,410,0
62,60,88.0646173790554,4.72547948992329,0.938908538169072,19.39,0,0,215,0
63,60,46.8982214599664,4.62857272433026,0.819986912749697,0,101,60000,0,1
63,60,46.8982214599664,4.62857272433026,0.819986912749697,13.35,0,0,306,0
63,60,46.8982214599664,4.62857272433026,0.819986912749697,15.08,0,0,513,0
63,60,46.8982214599664,4.62857272433026,0.819986912749697,17.08,0,0,383,0
63,60,46.8982214599664,4.62857272433026,0.819986912749697,21.12,0,0,167,0
64,60,52.9707731942948,3.41575360272733,1.24163122693126,0,101,60000,0,1
64,60,52.9707731942948,3.41575360272733,1.24163122693126,0.08,0,0,163,0
64,60,52.9707731942948,3.41575360272733,1.24163122693126,3.49,0,0,607,0
64,60,52.9707731942948,3.41575360272733,1.24163122693126,13.84,0,0,601,0
64,60,52.9707731942948,3.41575360272733,1.24163122693126,22.55,0,0,273,0
65,60,77.8987712384136,3.46344626040522,1.52415505345858,0,101,60000,0,1
65,60,77.8987712384136,3.46344626040522,1.52415505345858,0.68,0,0,518,0
65,60,77.8987712384136,3.46344626040522,1.52415505345858,0.71,0,0,622,0
65,60,77.8987712384136,3.46344626040522,1.52415505345858,4.79,0,0,573,0
65,60,77.8987712384136,3.46344626040522,1.52415505345858,11.35,0,0,419,0
66,60,55.3223436139932,3.83784271944998,0.855363342246643,0,101,60000,0,1
66,60,55.3223436139932,3.83784271944998,0.855363342246643,14.02,0,0,386,0
66,60,55.3223436139932,3.83784271944998,0.855363342246643,17.57,0,0,311,0
66,60,55.3223436139932,3.83784271944998,0.855363342246643,19.45,0,0,320,0
66,60,55.3223436139932,3.83784271944998,0.855363342246643,23.13,0,0,259,0
67,60,71.7895759870148,2.52083030829611,0.90390357627815,0,101,60000,0,1
67,60,71.7895759870148,2.52083030829611,0.90390357627815,20.15,0,0,504,0
67,60,71.7895759870148,2.52083030829611,0.90390357627815,20.32,0,0,573,0
67,60,71.7895759870148,2.52083030829611,0.90390357627815,21.13,0,0,364,0
67,60,71.7895759870148,2.52083030829611,0.90390357627815,23.25,0,0,383,0
68,60,81.0832346695053,3.61054950302366,1.08042859605667,0,101,60000,0,1
68,60,81.0832346695053,3.61054950302366,1.08042859605667,1.44,0,0,656,0
68,60,81.0832346695053,3.61054950302366,1.08042859605667,4.16,0,0,752,0
68,60,81.0832346695053,3.61054950302366,1.08042859605667,8.5,0,0,575,0
68,60,81.0832346695053,3.61054950302366,1.08042859605667,14.09,0,0,306,0
69,60,60.7857764235423,7.15432217025239,1.02186095798958,0,101,60000,0,1
69,60,60.7857764235423,7.15432217025239,1.02186095798958,9.5,0,0,273,0
69,60,60.7857764235423,7.15432217025239,1.02186095798958,14.6,0,0,247,0
69,60,60.7857764235423,7.15432217025239,1.02186095798958,15.94,0,0,224,0
69,60,60.7857764235423,7.15432217025239,1.02186095798958,19.05,0,0,111,0
70,60,44.0974904366901,3.60474748729176,1.6141168834318,0,101,60000,0,1
70,60,44.0974904366901,3.60474748729176,1.6141168834318,7.78,0,0,861,0
70,60,44.0974904366901,3.60474748729176,1.6141168834318,13.77,0,0,439,0
70,60,44.0974904366901,3.60474748729176,1.6141168834318,18.94,0,0,247,0
70,60,44.0974904366901,3.60474748729176,1.6141168834318,20.19,0,0,318,0
71,60,134.975580980261,3.40871087495325,1.395338853638,0,101,60000,0,1
71,60,134.975580980261,3.40871087495325,1.395338853638,10.55,0,0,258,0
71,60,134.975580980261,3.40871087495325,1.395338853638,14.66,0,0,295,0
71,60,134.975580980261,3.40871087495325,1.395338853638,20.94,0,0,277,0
71,60,134.975580980261,3.40871087495325,1.395338853638,22.49,0,0,260,0
72,60,47.4436618160744,3.97482404742675,0.657254174488028,0,101,60000,0,1
72,60,47.4436618160744,3.97482404742675,0.657254174488028,0.81,0,0,716,0
72,60,47.4436618160744,3.97482404742675,0.657254174488028,2.82,0,0,833,0
72,60,47.4436618160744,3.97482404742675,0.657254174488028,16.72,0,0,289,0
72,60,47.4436618160744,3.97482404742675,0.657254174488028,21.67,0,0,199,0
73,60,82.79788285214,3.39022774783758,1.83192886423927,0,101,60000,0,1
73,60,82.79788285214,3.39022774783758,1.83192886423927,9.42,0,0,600,0
73,60,82.79788285214,3.39022774783758,1.83192886423927,9.88,0,0,500,0
73,60,82.79788285214,3.39022774783758,1.83192886423927,22.89,0,0,346,0
73,60,82.79788285214,3.39022774783758,1.83192886423927,23.9,0,0,295,0
74,60,68.6960673707356,3.82364544387813,0.732379014415714,0,101,60000,0,1
74,60,68.6960673707356,3.82364544387813,0.732379014415714,13.77,0,0,443,0
74,60,68.6960673707356,3.82364544387813,0.732379014415714,13.93,0,0,358,0
74,60,68.6960673707356,3.82364544387813,0.732379014415714,23.1,0,0,335,0
74,60,68.6960673707356,3.82364544387813,0.732379014415714,23.26,0,0,339,0
75,60,71.7895759870148,2.52083030829611,0.90390357627815,0,101,60000,0,1
75,60,71.7895759870148,2.52083030829611,0.90390357627815,20.15,0,0,504,0
75,60,71.7895759870148,2.52083030829611,0.90390357627815,20.32,0,0,573,0
75,60,71.7895759870148,2.52083030829611,0.90390357627815,21.13,0,0,364,0
75,60,71.7895759870148,2.52083030829611,0.90390357627815,23.25,0,0,383,0
76,60,84.2702453406037,3.19724255500248,1.2162319728653,0,101,60000,0,1
76,60,84.2702453406037,3.19724255500248,1.2162319728653,1.08,0,0,638,0
76,60,84.2702453406037,3.19724255500248,1.2162319728653,6.88,0,0,571,0
76,60,84.2702453406037,3.19724255500248,1.2162319728653,14.57,0,0,375,0
76,60,84.2702453406037,3.19724255500248,1.2162319728653,20.3,0,0,282,0
77,60,52.0602192551356,4.20659775576873,0.747857990719265,0,101,60000,0,1
77,60,52.0602192551356,4.20659775576873,0.747857990719265,0.03,0,0,36,0
77,60,52.0602192551356,4.20659775576873,0.747857990719265,6.57,0,0,774,0
77,60,52.0602192551356,4.20659775576873,0.747857990719265,7.36,0,0,647,0
77,60,52.0602192551356,4.20659775576873,0.747857990719265,23.2,0,0,159,0
78,60,66.0716777408448,4.48308962013987,0.790658504695387,0,101,60000,0,1
78,60,66.0716777408448,4.48308962013987,0.790658504695387,14.99,0,0,352,0
78,60,66.0716777408448,4.48308962013987,0.790658504695387,17.47,0,0,251,0
78,60,66.0716777408448,4.48308962013987,0.790658504695387,18.02,0,0,318,0
78,60,66.0716777408448,4.48308962013987,0.790658504695387,20.5,0,0,304,0
79,60,104.709636599595,5.72115035031265,1.63960968430891,0,101,60000,0,1
79,60,104.709636599595,5.72115035031265,1.63960968430891,5.23,0,0,476,0
79,60,104.709636599595,5.72115035031265,1.63960968430891,8.73,0,0,450,0
79,60,104.709636599595,5.72115035031265,1.63960968430891,11.28,0,0,390,0
79,60,104.709636599595,5.72115035031265,1.63960968430891,22.46,0,0,182,0
80,60,34.835273481411,3.16860434730293,0.560364452114133,0,101,60000,0,1
80,60,34.835273481411,3.16860434730293,0.560364452114133,4.05,0,0,1241,0
80,60,34.835273481411,3.16860434730293,0.560364452114133,5.69,0,0,1224,0
80,60,34.835273481411,3.16860434730293,0.560364452114133,19.05,0,0,352,0
80,60,34.835273481411,3.16860434730293,0.560364452114133,21.39,0,0,309,0
81,60,69.7163216075637,3.47832002967025,0.731390557980848,0,101,60000,0,1
81,60,69.7163216075637,3.47832002967025,0.731390557980848,5.65,0,0,732,0
81,60,69.7163216075637,3.47832002967025,0.731390557980848,6.61,0,0,593,0
81,60,69.7163216075637,3.47832002967025,0.731390557980848,6.76,0,0,785,0
81,60,69.7163216075637,3.47832002967025,0.731390557980848,11.93,0,0,775,0
82,60,62.4118264192415,4.52376999969063,0.770052367775439,0,101,60000,0,1
82,60,62.4118264192415,4.52376999969063,0.770052367775439,7.93,0,0,599,0
82,60,62.4118264192415,4.52376999969063,0.770052367775439,20.45,0,0,280,0
82,60,62.4118264192415,4.52376999969063,0.770052367775439,21.91,0,0,207,0
82,60,62.4118264192415,4.52376999969063,0.770052367775439,22.78,0,0,201,0
83,60,56.076435858478,3.4372525043436,0.789286032344658,0,101,60000,0,1
83,60,56.076435858478,3.4372525043436,0.789286032344658,6.57,0,0,807,0
83,60,56.076435858478,3.4372525043436,0.789286032344658,7.96,0,0,635,0
83,60,56.076435858478,3.4372525043436,0.789286032344658,8.04,0,0,737,0
83,60,56.076435858478,3.4372525043436,0.789286032344658,23.76,0,0,357,0
84,60,68.8427367167295,4.06097557828847,0.906082334647024,0,101,60000,0,1
84,60,68.8427367167295,4.06097557828847,0.906082334647024,14.02,0,0,350,0
84,60,68.8427367167295,4.06097557828847,0.906082334647024,14.75,0,0,530,0
84,60,68.8427367167295,4.06097557828847,0.906082334647024,18.61,0,0,348,0
84,60,68.8427367167295,4.06097557828847,0.906082334647024,18.67,0,0,297,0
85,60,78.1913538914058,3.27107695611546,0.753377523241618,0,101,60000,0,1
85,60,78.1913538914058,3.27107695611546,0.753377523241618,2.75,0,0,739,0
85,60,78.1913538914058,3.27107695611546,0.753377523241618,9.47,0,0,559,0
85,60,78.1913538914058,3.27107695611546,0.753377523241618,10.96,0,0,661,0
85,60,78.1913538914058,3.27107695611546,0.753377523241618,23.8,0,0,206,0
86,60,62.6455200432518,3.30075450136907,1.00328815267418,0,101,60000,0,1
86,60,62.6455200432518,3.30075450136907,1.00328815267418,7.95,0,0,669,0
86,60,62.6455200432518,3.30075450136907,1.00328815267418,15.96,0,0,322,0
86,60,62.6455200432518,3.30075450136907,1.00328815267418,16.49,0,0,535,0
86,60,62.6455200432518,3.30075450136907,1.00328815267418,17.47,0,0,348,0
87,60,63.6024781356636,4.78483986498318,1.41359740106756,0,101,60000,0,1
87,60,63.6024781356636,4.78483986498318,1.41359740106756,4.85,0,0,599,0
87,60,63.6024781356636,4.78483986498318,1.41359740106756,10.31,0,0,410,0
87,60,63.6024781356636,4.78483986498318,1.41359740106756,11.49,0,0,397,0
87,60,63.6024781356636,4.78483986498318,1.41359740106756,15.57,0,0,302,0
88,60,46.8896848726413,2.61706184239575,0.583602509136276,0,101,60000,0,1
88,60,46.8896848726413,2.61706184239575,0.583602509136276,8.57,0,0,700,0
88,60,46.8896848726413,2.61706184239575,0.583602509136276,10.56,0,0,1139,0
88,60,46.8896848726413,2.61706184239575,0.583602509136276,15.49,0,0,725,0
88,60,46.8896848726413,2.61706184239575,0.583602509136276,23.04,0,0,333,0
89,60,66.1219320046802,6.69088193854587,0.890181248443482,0,101,60000,0,1
89,60,66.1219320046802,6.69088193854587,0.890181248443482,0.63,0,0,413,0
89,60,66.1219320046802,6.69088193854587,0.890181248443482,13.59,0,0,220,0
89,60,66.1219320046802,6.69088193854587,0.890181248443482,18.72,0,0,204,0
89,60,66.1219320046802,6.69088193854587,0.890181248443482,23.53,0,0,76,0
90,60,60.378947723466,4.46605919291818,1.12963875039811,0,101,60000,0,1
90,60,60.378947723466,4.46605919291818,1.12963875039811,4.85,0,0,773,0
90,60,60.378947723466,4.46605919291818,1.12963875039811,5.36,0,0,787,0
90,60,60.378947723466,4.46605919291818,1.12963875039811,13.93,0,0,400,0
90,60,60.378947723466,4.46605919291818,1.12963875039811,14.89,0,0,408,0
91,120,58.8060052766473,4.03597673123214,1.39114588333865,0,101,120000,0,1
91,120,58.8060052766473,4.03597673123214,1.39114588333865,17.53,0,0,746,0
91,120,58.8060052766473,4.03597673123214,1.39114588333865,18.1,0,0,615,0
91,120,58.8060052766473,4.03597673123214,1.39114588333865,22.03,0,0,409,0
91,120,58.8060052766473,4.03597673123214,1.39114588333865,22.8,0,0,499,0
92,120,105.760162001747,5.41959790056579,0.96045118145629,0,101,120000,0,1
92,120,105.760162001747,5.41959790056579,0.96045118145629,9.29,0,0,601,0
92,120,105.760162001747,5.41959790056579,0.96045118145629,12.04,0,0,588,0
92,120,105.760162001747,5.41959790056579,0.96045118145629,13.34,0,0,843,0
92,120,105.760162001747,5.41959790056579,0.96045118145629,18.75,0,0,469,0
93,120,42.8614176471435,2.34547966422106,1.25219242940659,0,101,120000,0,1
93,120,42.8614176471435,2.34547966422106,1.25219242940659,9.55,0,0,2127,0
93,120,42.8614176471435,2.34547966422106,1.25219242940659,11.57,0,0,1391,0
93,120,42.8614176471435,2.34547966422106,1.25219242940659,20.72,0,0,958,0
93,120,42.8614176471435,2.34547966422106,1.25219242940659,23.27,0,0,698,0
94,120,69.583723452154,2.91528409995671,0.762601133504668,0,101,120000,0,1
94,120,69.583723452154,2.91528409995671,0.762601133504668,1.24,0,0,928,0
94,120,69.583723452154,2.91528409995671,0.762601133504668,3.35,0,0,1249,0
94,120,69.583723452154,2.91528409995671,0.762601133504668,4.09,0,0,1232,0
94,120,69.583723452154,2.91528409995671,0.762601133504668,22.04,0,0,788,0
95,120,62.1765224999237,5.06810407042744,1.4256844383583,0,101,120000,0,1
95,120,62.1765224999237,5.06810407042744,1.4256844383583,1.77,0,0,1629,0
95,120,62.1765224999237,5.06810407042744,1.4256844383583,4.59,0,0,1123,0
95,120,62.1765224999237,5.06810407042744,1.4256844383583,12.62,0,0,582,0
95,120,62.1765224999237,5.06810407042744,1.4256844383583,19.88,0,0,368,0
96,120,135.665555559834,3.1597125102649,0.780574691672028,0,101,120000,0,1
96,120,135.665555559834,3.1597125102649,0.780574691672028,2.21,0,0,772,0
96,120,135.665555559834,3.1597125102649,0.780574691672028,5.92,0,0,995,0
96,120,135.665555559834,3.1597125102649,0.780574691672028,9.37,0,0,671,0
96,120,135.665555559834,3.1597125102649,0.780574691672028,11.7,0,0,793,0
97,120,77.9599958602823,4.43063642631551,1.12839120836107,0,101,120000,0,1
97,120,77.9599958602823,4.43063642631551,1.12839120836107,6.96,0,0,993,0
97,120,77.9599958602823,4.43063642631551,1.12839120836107,8.41,0,0,1189,0
97,120,77.9599958602823,4.43063642631551,1.12839120836107,8.65,0,0,1308,0
97,120,77.9599958602823,4.43063642631551,1.12839120836107,17.93,0,0,808,0
98,120,74.9942952310834,6.14475858915736,1.70363293140471,0,101,120000,0,1
98,120,74.9942952310834,6.14475858915736,1.70363293140471,0.54,0,0,884,0
98,120,74.9942952310834,6.14475858915736,1.70363293140471,10.33,0,0,847,0
98,120,74.9942952310834,6.14475858915736,1.70363293140471,11.54,0,0,739,0
98,120,74.9942952310834,6.14475858915736,1.70363293140471,15.37,0,0,656,0
99,120,70.4760659243562,3.61932705665148,1.20558333843504,0,101,120000,0,1
99,120,70.4760659243562,3.61932705665148,1.20558333843504,1.23,0,0,941,0
99,120,70.4760659243562,3.61932705665148,1.20558333843504,6.12,0,0,1195,0
99,120,70.4760659243562,3.61932705665148,1.20558333843504,10.39,0,0,1156,0
99,120,70.4760659243562,3.61932705665148,1.20558333843504,17.53,0,0,1001,0
100,120,96.1051113292879,3.78305684738668,1.21023837578492,0,101,120000,0,1
100,120,96.1051113292879,3.78305684738668,1.21023837578492,6.46,0,0,1280,0
100,120,96.1051113292879,3.78305684738668,1.21023837578492,8.81,0,0,1114,0
100,120,96.1051113292879,3.78305684738668,1.21023837578492,16.18,0,0,591,0
100,120,96.1051113292879,3.78305684738668,1.21023837578492,22.58,0,0,370,0
101,120,50.264961970775,6.53971632083229,0.699632108792477,0,101,120000,0,1
101,120,50.264961970775,6.53971632083229,0.699632108792477,10.73,0,0,990,0
101,120,50.264961970775,6.53971632083229,0.699632108792477,19.3,0,0,269,0
101,120,50.264961970775,6.53971632083229,0.699632108792477,21.68,0,0,145,0
101,120,50.264961970775,6.53971632083229,0.699632108792477,23.12,0,0,132,0
102,120,96.5491357039311,2.7458083244564,0.758528793635694,0,101,120000,0,1
102,120,96.5491357039311,2.7458083244564,0.758528793635694,0.14,0,0,126,0
102,120,96.5491357039311,2.7458083244564,0.758528793635694,14.23,0,0,773,0
102,120,96.5491357039311,2.7458083244564,0.758528793635694,20.04,0,0,803,0
102,120,96.5491357039311,2.7458083244564,0.758528793635694,22.34,0,0,749,0
103,120,79.1398249474725,5.24012441139599,1.36587457616268,0,101,120000,0,1
103,120,79.1398249474725,5.24012441139599,1.36587457616268,3.28,0,0,1591,0
103,120,79.1398249474725,5.24012441139599,1.36587457616268,5.37,0,0,1069,0
103,120,79.1398249474725,5.24012441139599,1.36587457616268,8.86,0,0,1133,0
103,120,79.1398249474725,5.24012441139599,1.36587457616268,18.81,0,0,396,0
104,120,74.2117087900264,3.47678332748973,0.854221788230666,0,101,120000,0,1
104,120,74.2117087900264,3.47678332748973,0.854221788230666,9.83,0,0,1009,0
104,120,74.2117087900264,3.47678332748973,0.854221788230666,15.15,0,0,981,0
104,120,74.2117087900264,3.47678332748973,0.854221788230666,15.8,0,0,808,0
104,120,74.2117087900264,3.47678332748973,0.854221788230666,22.94,0,0,414,0
105,120,55.8074649378896,3.31969225526191,1.15373866686205,0,101,120000,0,1
105,120,55.8074649378896,3.31969225526191,1.15373866686205,2.7,0,0,1693,0
105,120,55.8074649378896,3.31969225526191,1.15373866686205,7.48,0,0,1081,0
105,120,55.8074649378896,3.31969225526191,1.15373866686205,14.5,0,0,1200,0
105,120,55.8074649378896,3.31969225526191,1.15373866686205,16.46,0,0,848,0
106,120,115.450640239444,3.20917378206526,1.09546509177494,0,101,120000,0,1
106,120,115.450640239444,3.20917378206526,1.09546509177494,0.1,0,0,137,0
106,120,115.450640239444,3.20917378206526,1.09546509177494,0.36,0,0,375,0
106,120,115.450640239444,3.20917378206526,1.09546509177494,15.3,0,0,691,0
106,120,115.450640239444,3.20917378206526,1.09546509177494,19.38,0,0,844,0
107,120,55.6597857115802,4.137104183244,0.901025038471578,0,101,120000,0,1
107,120,55.6597857115802,4.137104183244,0.901025038471578,7.56,0,0,1402,0
107,120,55.6597857115802,4.137104183244,0.901025038471578,14.27,0,0,432,0
107,120,55.6597857115802,4.137104183244,0.901025038471578,21.6,0,0,431,0
107,120,55.6597857115802,4.137104183244,0.901025038471578,22.57,0,0,543,0
108,120,59.9774960883563,2.65502236579689,0.766476077065154,0,101,120000,0,1
108,120,59.9774960883563,2.65502236579689,0.766476077065154,5,0,0,1829,0
108,120,59.9774960883563,2.65502236579689,0.766476077065154,6.9,0,0,1466,0
108,120,59.9774960883563,2.65502236579689,0.766476077065154,9.25,0,0,1355,0
108,120,59.9774960883563,2.65502236579689,0.766476077065154,10.81,0,0,1796,0
109,120,60.6475067229771,3.33021743645942,1.14785124063439,0,101,120000,0,1
109,120,60.6475067229771,3.33021743645942,1.14785124063439,4.48,0,0,3249,0
109,120,60.6475067229771,3.33021743645942,1.14785124063439,10.16,0,0,1571,0
109,120,60.6475067229771,3.33021743645942,1.14785124063439,11.14,0,0,1086,0
109,120,60.6475067229771,3.33021743645942,1.14785124063439,16.36,0,0,587,0
110,120,78.4392860449234,4.72199181786532,0.836980825069137,0,101,120000,0,1
110,120,78.4392860449234,4.72199181786532,0.836980825069137,0.85,0,0,534,0
110,120,78.4392860449234,4.72199181786532,0.836980825069137,1.56,0,0,1271,0
110,120,78.4392860449234,4.72199181786532,0.836980825069137,10.84,0,0,678,0
110,120,78.4392860449234,4.72199181786532,0.836980825069137,23.59,0,0,381,0
111,120,68.7490820714043,3.49116261043239,0.728900461192344,0,101,120000,0,1
111,120,68.7490820714043,3.49116261043239,0.728900461192344,1.86,0,0,1286,0
111,120,68.7490820714043,3.49116261043239,0.728900461192344,7.39,0,0,1143,0
111,120,68.7490820714043,3.49116261043239,0.728900461192344,13.34,0,0,846,0
111,120,68.7490820714043,3.49116261043239,0.728900461192344,22.46,0,0,600,0
112,120,50.5611088060121,4.43691491682861,1.19900282566419,0,101,120000,0,1
112,120,50.5611088060121,4.43691491682861,1.19900282566419,4.72,0,0,1587,0
112,120,50.5611088060121,4.43691491682861,1.19900282566419,9.58,0,0,894,0
112,120,50.5611088060121,4.43691491682861,1.19900282566419,14.24,0,0,588,0
112,120,50.5611088060121,4.43691491682861,1.19900282566419,23.64,0,0,371,0
113,120,64.8182531650156,3.65944721155033,1.92317642080092,0,101,120000,0,1
113,120,64.8182531650156,3.65944721155033,1.92317642080092,5.72,0,0,1006,0
113,120,64.8182531650156,3.65944721155033,1.92317642080092,6.78,0,0,1842,0
113,120,64.8182531650156,3.65944721155033,1.92317642080092,15.95,0,0,664,0
113,120,64.8182531650156,3.65944721155033,1.92317642080092,17.68,0,0,647,0
114,120,83.8456657002007,4.57401773765504,1.25801688226494,0,101,120000,0,1
114,120,83.8456657002007,4.57401773765504,1.25801688226494,2.07,0,0,1697,0
114,120,83.8456657002007,4.57401773765504,1.25801688226494,11.64,0,0,858,0
114,120,83.8456657002007,4.57401773765504,1.25801688226494,11.93,0,0,614,0
114,120,83.8456657002007,4.57401773765504,1.25801688226494,13.43,0,0,610,0
115,120,67.2007598481093,4.18159366799716,0.774231862306869,0,101,120000,0,1
115,120,67.2007598481093,4.18159366799716,0.774231862306869,3.13,0,0,1190,0
115,120,67.2007598481093,4.18159366799716,0.774231862306869,6.95,0,0,1637,0
115,120,67.2007598481093,4.18159366799716,0.774231862306869,14.45,0,0,895,0
115,120,67.2007598481093,4.18159366799716,0.774231862306869,16.27,0,0,1074,0
116,120,76.7253553502219,5.13651008729396,1.15671985880424,0,101,120000,0,1
116,120,76.7253553502219,5.13651008729396,1.15671985880424,4.64,0,0,1031,0
116,120,76.7253553502219,5.13651008729396,1.15671985880424,11.49,0,0,459,0
116,120,76.7253553502219,5.13651008729396,1.15671985880424,17.4,0,0,368,0
116,120,76.7253553502219,5.13651008729396,1.15671985880424,20.85,0,0,374,0
117,120,44.6637319276738,3.38223143484046,0.677248837647497,0,101,120000,0,1
117,120,44.6637319276738,3.38223143484046,0.677248837647497,3.03,0,0,2114,0
117,120,44.6637319276738,3.38223143484046,0.677248837647497,3.74,0,0,1919,0
117,120,44.6637319276738,3.38223143484046,0.677248837647497,16.76,0,0,731,0
117,120,44.6637319276738,3.38223143484046,0.677248837647497,21.45,0,0,705,0
118,120,51.7679777304147,6.13119107625959,0.824561084787659,0,101,120000,0,1
118,120,51.7679777304147,6.13119107625959,0.824561084787659,15.39,0,0,457,0
118,120,51.7679777304147,6.13119107625959,0.824561084787659,15.85,0,0,452,0
118,120,51.7679777304147,6.13119107625959,0.824561084787659,19.08,0,0,253,0
118,120,51.7679777304147,6.13119107625959,0.824561084787659,19.86,0,0,302,0
119,120,47.8226536197171,2.97680515469271,0.804942909528255,0,101,120000,0,1
119,120,47.8226536197171,2.97680515469271,0.804942909528255,1.93,0,0,1472,0
119,120,47.8226536197171,2.97680515469271,0.804942909528255,6.77,0,0,1889,0
119,120,47.8226536197171,2.97680515469271,0.804942909528255,7.07,0,0,1561,0
119,120,47.8226536197171,2.97680515469271,0.804942909528255,10.79,0,0,1592,0
120,120,58.4551521581339,3.42097473639329,1.04473451055237,0,101,120000,0,1
120,120,58.4551521581339,3.42097473639329,1.04473451055237,0.9,0,0,1116,0
120,120,58.4551521581339,3.42097473639329,1.04473451055237,5.62,0,0,1482,0
120,120,58.4551521581339,3.42097473639329,1.04473451055237,6.43,0,0,1273,0
120,120,58.4551521581339,3.42097473639329,1.04473451055237,10.72,0,0,1306,0
