ID,DOSE,V,CL,KA,TIME,EVID,AMT,DV,EVIDNM
1,10,52.4486538024602,4.97298371397658,0.912278787808928,0,101,10000,0,1
1,10,52.4486538024602,4.97298371397658,0.912278787808928,4.13,0,0,142,0
1,10,52.4486538024602,4.97298371397658,0.912278787808928,5.05,0,0,90,0
1,10,52.4486538024602,4.97298371397658,0.912278787808928,12.87,0,0,64,0
1,10,52.4486538024602,4.97298371397658,0.912278787808928,22.43,0,0,29,0
2,10,72.3178878141315,6.20457308527393,0.553300422533141,0,101,10000,0,1
2,10,72.3178878141315,6.20457308527393,0.553300422533141,6.22,0,0,97,0
2,10,72.3178878141315,6.20457308527393,0.553300422533141,11.33,0,0,50,0
2,10,72.3178878141315,6.20457308527393,0.553300422533141,14.61,0,0,32,0
2,10,72.3178878141315,6.20457308527393,0.553300422533141,21.45,0,0,36,0
3,10,99.2384046212044,5.83675768021317,0.889357321612099,0,101,10000,0,1
3,10,99.2384046212044,5.83675768021317,0.889357321612099,0.39,0,0,36,0
3,10,99.2384046212044,5.83675768021317,0.889357321612099,4.35,0,0,101,0
3,10,99.2384046212044,5.83675768021317,0.889357321612099,8.64,0,0,69,0
3,10,99.2384046212044,5.83675768021317,0.889357321612099,14.58,0,0,38,0
4,10,67.0329323288302,4.19742466624675,0.79098750118302,0,101,10000,0,1
4,10,67.0329323288302,4.19742466624675,0.79098750118302,0.81,0,0,67,0
4,10,67.0329323288302,4.19742466624675,0.79098750118302,1.45,0,0,102,0
4,10,67.0329323288302,4.19742466624675,0.79098750118302,16.46,0,0,59,0
4,10,67.0329323288302,4.19742466624675,0.79098750118302,16.47,0,0,62,0
5,10,74.1274539743661,5.20294207977012,1.10041508647834,0,101,10000,0,1
5,10,74.1274539743661,5.20294207977012,1.10041508647834,4.38,0,0,151,0
5,10,74.1274539743661,5.20294207977012,1.10041508647834,5.56,0,0,110,0
5,10,74.1274539743661,5.20294207977012,1.10041508647834,16.33,0,0,44,0
5,10,74.1274539743661,5.20294207977012,1.10041508647834,23.42,0,0,19,0
6,10,55.9569965610514,3.96030621399776,0.944343265943254,0,101,10000,0,1
6,10,55.9569965610514,3.96030621399776,0.944343265943254,6.94,0,0,115,0
6,10,55.9569965610514,3.96030621399776,0.944343265943254,11.41,0,0,96,0
6,10,55.9569965610514,3.96030621399776,0.944343265943254,14.12,0,0,77,0
6,10,55.9569965610514,3.96030621399776,0.944343265943254,23.04,0,0,37,0
7,10,61.2648582084157,3.84610796581079,0.774600718245752,0,101,10000,0,1
7,10,61.2648582084157,3.84610796581079,0.774600718245752,9.4,0,0,109,0
7,10,61.2648582084157,3.84610796581079,0.774600718245752,11.36,0,0,110,0
7,10,61.2648582084157,3.84610796581079,0.774600718245752,13.18,0,0,61,0
7,10,61.2648582084157,3.84610796581079,0.774600718245752,13.7,0,0,87,0
8,10,68.6319602410535,3.12976370479058,1.44048753695703,0,101,10000,0,1
8,10,68.6319602410535,3.12976370479058,1.44048753695703,14.29,0,0,61,0
8,10,68.6319602410535,3.12976370479058,1.44048753695703,16.58,0,0,54,0
8,10,68.6319602410535,3.12976370479058,1.44048753695703,17.32,0,0,60,0
8,10,68.6319602410535,3.12976370479058,1.44048753695703,20.47,0,0,48,0
9,10,85.3113588720245,2.40467754690532,1.25697735577989,0,101,10000,0,1
9,10,85.3113588720245,2.40467754690532,1.25697735577989,7.26,0,0,131,0
9,10,85.3113588720245,2.40467754690532,1.25697735577989,11.7,0,0,70,0
9,10,85.3113588720245,2.40467754690532,1.25697735577989,13.69,0,0,73,0
9,10,85.3113588720245,2.40467754690532,1.25697735577989,14.75,0,0,74,0
10,10,56.7871409945671,7.92060846216697,1.08543130716545,0,101,10000,0,1
10,10,56.7871409945671,7.92060846216697,1.08543130716545,1.62,0,0,115,0
10,10,56.7871409945671,7.92060846216697,1.08543130716545,10.79,0,0,48,0
10,10,56.7871409945671,7.92060846216697,1.08543130716545,11.25,0,0,44,0
10,10,56.7871409945671,7.92060846216697,1.08543130716545,11.57,0,0,39,0
11,10,70.9231013411711,3.95680879165146,0.571515122805406,0,101,10000,0,1
11,10,70.9231013411711,3.95680879165146,0.571515122805406,9.87,0,0,89,0
11,10,70.9231013411711,3.95680879165146,0.571515122805406,14.63,0,0,70,0
11,10,70.9231013411711,3.95680879165146,0.571515122805406,14.72,0,0,72,0
11,10,70.9231013411711,3.95680879165146,0.571515122805406,19.38,0,0,45,0
12,10,80.4386190928544,2.59589649586085,0.850862471789809,0,101,10000,0,1
12,10,80.4386190928544,2.59589649586085,0.850862471789809,1.68,0,0,69,0
12,10,80.4386190928544,2.59589649586085,0.850862471789809,10.87,0,0,150,0
12,10,80.4386190928544,2.59589649586085,0.850862471789809,13.18,0,0,93,0
12,10,80.4386190928544,2.59589649586085,0.850862471789809,20.59,0,0,55,0
13,10,82.6866023051212,4.52157833076237,1.11068020745095,0,101,10000,0,1
13,10,82.6866023051212,4.52157833076237,1.11068020745095,1.43,0,0,96,0
13,10,82.6866023051212,4.52157833076237,1.11068020745095,6.22,0,0,99,0
13,10,82.6866023051212,4.52157833076237,1.11068020745095,9.21,0,0,71,0
13,10,82.6866023051212,4.52157833076237,1.11068020745095,21.39,0,0,31,0
14,10,91.6055813821061,3.77554187283929,1.32555566796421,0,101,10000,0,1
14,10,91.6055813821061,3.77554187283929,1.32555566796421,11.83,0,0,65,0
14,10,91.6055813821061,3.77554187283929,1.32555566796421,16.05,0,0,70,0
14,10,91.6055813821061,3.77554187283929,1.32555566796421,21.48,0,0,36,0
14,10,91.6055813821061,3.77554187283929,1.32555566796421,23.5,0,0,38,0
15,10,85.1717765790192,6.22229156829732,0.687275477954646,0,101,10000,0,1
15,10,85.1717765790192,6.22229156829732,0.687275477954646,6.86,0,0,56,0
15,10,85.1717765790192,6.22229156829732,0.687275477954646,12.13,0,0,62,0
15,10,85.1717765790192,6.22229156829732,0.687275477954646,18.04,0,0,39,0
15,10,85.1717765790192,6.22229156829732,0.687275477954646,22.35,0,0,38,0
16,10,85.9036235928848,3.30615639789747,0.82882160645061,0,101,10000,0,1
16,10,85.9036235928848,3.30615639789747,0.82882160645061,6.05,0,0,109,0
16,10,85.9036235928848,3.30615639789747,0.82882160645061,11.04,0,0,96,0
16,10,85.9036235928848,3.30615639789747,0.82882160645061,13.01,0,0,64,0
16,10,85.9036235928848,3.30615639789747,0.82882160645061,20.91,0,0,48,0
17,10,85.1078900410763,6.1791317870785,1.62833301583992,0,101,10000,0,1
17,10,85.1078900410763,6.1791317870785,1.62833301583992,3.93,0,0,77,0
17,10,85.1078900410763,6.1791317870785,1.62833301583992,9.37,0,0,57,0
17,10,85.1078900410763,6.1791317870785,1.62833301583992,9.9,0,0,54,0
17,10,85.1078900410763,6.1791317870785,1.62833301583992,13.89,0,0,53,0
18,10,114.554708599256,3.32856971474196,1.14260033661101,0,101,10000,0,1
18,10,114.554708599256,3.32856971474196,1.14260033661101,1.09,0,0,49,0
18,10,114.554708599256,3.32856971474196,1.14260033661101,9.53,0,0,77,0
18,10,114.554708599256,3.32856971474196,1.14260033661101,12.32,0,0,65,0
18,10,114.554708599256,3.32856971474196,1.14260033661101,21.77,0,0,36,0
19,10,99.4798721392706,7.32256544053151,0.785377849668783,0,101,10000,0,1
19,10,99.4798721392706,7.32256544053151,0.785377849668783,0.47,0,0,26,0
19,10,99.4798721392706,7.32256544053151,0.785377849668783,7.41,0,0,68,0
19,10,99.4798721392706,7.32256544053151,0.785377849668783,8.83,0,0,60,0
19,10,99.4798721392706,7.32256544053151,0.785377849668783,12.03,0,0,49,0
20,10,66.7205504188404,3.75066195927365,1.14834918401511,0,101,10000,0,1
20,10,66.7205504188404,3.75066195927365,1.14834918401511,1.28,0,0,97,0
20,10,66.7205504188404,3.75066195927365,1.14834918401511,3.24,0,0,124,0
20,10,66.7205504188404,3.75066195927365,1.14834918401511,4.23,0,0,154,0
20,10,66.7205504188404,3.75066195927365,1.14834918401511,9.91,0,0,92,0
21,10,58.4780159695659,2.745722351645,0.888757775257045,0,101,10000,0,1
21,10,58.4780159695659,2.745722351645,0.888757775257045,2.31,0,0,158,0
21,10,58.4780159695659,2.745722351645,0.888757775257045,4.29,0,0,166,0
21,10,58.4780159695659,2.745722351645,0.888757775257045,14.74,0,0,75,0
21,10,58.4780159695659,2.745722351645,0.888757775257045,23.09,0,0,51,0
22,10,90.7977598148083,4.2937069699058,0.581683986656718,0,101,10000,0,1
22,10,90.7977598148083,4.2937069699058,0.581683986656718,4.46,0,0,113,0
22,10,90.7977598148083,4.2937069699058,0.581683986656718,7.6,0,0,64,0
22,10,90.7977598148083,4.2937069699058,0.581683986656718,18.59,0,0,56,0
22,10,90.7977598148083,4.2937069699058,0.581683986656718,23.33,0,0,44,0
23,10,58.8662215978834,5.33134901104378,1.6914621668731,0,101,10000,0,1
23,10,58.8662215978834,5.33134901104378,1.6914621668731,1.64,0,0,126,0
23,10,58.8662215978834,5.33134901104378,1.6914621668731,13.16,0,0,46,0
23,10,58.8662215978834,5.33134901104378,1.6914621668731,21.46,0,0,26,0
23,10,58.8662215978834,5.33134901104378,1.6914621668731,22.87,0,0,29,0
24,10,100.107757058262,3.42415024048646,1.23113086301701,0,101,10000,0,1
24,10,100.107757058262,3.42415024048646,1.23113086301701,0.45,0,0,43,0
24,10,100.107757058262,3.42415024048646,1.23113086301701,11.6,0,0,127,0
24,10,100.107757058262,3.42415024048646,1.23113086301701,18.71,0,0,69,0
24,10,100.107757058262,3.42415024048646,1.23113086301701,22.6,0,0,51,0
25,10,51.418170731731,4.33969363954152,1.29974669577891,0,101,10000,0,1
25,10,51.418170731731,4.33969363954152,1.29974669577891,0.52,0,0,80,0
25,10,51.418170731731,4.33969363954152,1.29974669577891,12.21,0,0,104,0
25,10,51.418170731731,4.33969363954152,1.29974669577891,14.68,0,0,56,0
25,10,51.418170731731,4.33969363954152,1.29974669577891,15.4,0,0,51,0
26,10,63.2679871867533,3.64765654622037,1.38736432521781,0,101,10000,0,1
26,10,63.2679871867533,3.64765654622037,1.38736432521781,15.03,0,0,49,0
26,10,63.2679871867533,3.64765654622037,1.38736432521781,16.6,0,0,75,0
26,10,63.2679871867533,3.64765654622037,1.38736432521781,22.86,0,0,46,0
26,10,63.2679871867533,3.64765654622037,1.38736432521781,23.03,0,0,47,0
27,10,85.1130160962073,2.41944083573868,0.633231610811207,0,101,10000,0,1
27,10,85.1130160962073,2.41944083573868,0.633231610811207,2.18,0,0,91,0
27,10,85.1130160962073,2.41944083573868,0.633231610811207,3.03,0,0,94,0
27,10,85.1130160962073,2.41944083573868,0.633231610811207,7.71,0,0,127,0
27,10,85.1130160962073,2.41944083573868,0.633231610811207,19.13,0,0,63,0
28,10,85.2742109762616,5.38732583558798,0.694699766112031,0,101,10000,0,1
28,10,85.2742109762616,5.38732583558798,0.694699766112031,2.73,0,0,84,0
28,10,85.2742109762616,5.38732583558798,0.694699766112031,3.67,0,0,72,0
28,10,85.2742109762616,5.38732583558798,0.694699766112031,10.34,0,0,62,0
28,10,85.2742109762616,5.38732583558798,0.694699766112031,14.71,0,0,47,0
29,10,99.3217907941166,3.85720202863545,1.45268982274037,0,101,10000,0,1
29,10,99.3217907941166,3.85720202863545,1.45268982274037,3.89,0,0,109,0
29,10,99.3217907941166,3.85720202863545,1.45268982274037,9.41,0,0,92,0
29,10,99.3217907941166,3.85720202863545,1.45268982274037,18.08,0,0,53,0
29,10,99.3217907941166,3.85720202863545,1.45268982274037,18.46,0,0,62,0
30,10,52.2876839436767,5.08984931331459,1.46885059190654,0,101,10000,0,1
30,10,52.2876839436767,5.08984931331459,1.46885059190654,2.7,0,0,159,0
30,10,52.2876839436767,5.08984931331459,1.46885059190654,10.16,0,0,55,0
30,10,52.2876839436767,5.08984931331459,1.46885059190654,23.53,0,0,21,0
30,10,52.2876839436767,5.08984931331459,1.46885059190654,23.61,0,0,23,0
31,30,66.168834961005,3.9300416475436,0.902472257453907,0,101,30000,0,1
31,30,66.168834961005,3.9300416475436,0.902472257453907,0.16,0,0,43,0
31,30,66.168834961005,3.9300416475436,0.902472257453907,7.72,0,0,325,0
31,30,66.168834961005,3.9300416475436,0.902472257453907,14.18,0,0,227,0
31,30,66.168834961005,3.9300416475436,0.902472257453907,23.74,0,0,113,0
32,30,48.3001082217895,2.44882436866354,0.940083777911149,0,101,30000,0,1
32,30,48.3001082217895,2.44882436866354,0.940083777911149,1.5,0,0,480,0
32,30,48.3001082217895,2.44882436866354,0.940083777911149,9.73,0,0,379,0
32,30,48.3001082217895,2.44882436866354,0.940083777911149,19.21,0,0,211,0
32,30,48.3001082217895,2.44882436866354,0.940083777911149,22.2,0,0,255,0
33,30,89.7654599230317,3.19613211760019,1.46921347312029,0,101,30000,0,1
33,30,89.7654599230317,3.19613211760019,1.46921347312029,3.24,0,0,386,0
33,30,89.7654599230317,3.19613211760019,1.46921347312029,4.57,0,0,200,0
33,30,89.7654599230317,3.19613211760019,1.46921347312029,14.95,0,0,178,0
33,30,89.7654599230317,3.19613211760019,1.46921347312029,16.05,0,0,185,0
34,30,72.5335676727913,3.9565028464013,0.631623284970087,0,101,30000,0,1
34,30,72.5335676727913,3.9565028464013,0.631623284970087,2.87,0,0,324,0
34,30,72.5335676727913,3.9565028464013,0.631623284970087,7.46,0,0,318,0
34,30,72.5335676727913,3.9565028464013,0.631623284970087,13.69,0,0,173,0
34,30,72.5335676727913,3.9565028464013,0.631623284970087,18.7,0,0,120,0
35,30,93.3348785484577,3.74530855247893,0.924219111190915,0,101,30000,0,1
35,30,93.3348785484577,3.74530855247893,0.924219111190915,1.24,0,0,299,0
35,30,93.3348785484577,3.74530855247893,0.924219111190915,7.11,0,0,355,0
35,30,93.3348785484577,3.74530855247893,0.924219111190915,9.98,0,0,268,0
35,30,93.3348785484577,3.74530855247893,0.924219111190915,13.14,0,0,171,0
36,30,62.7601136906583,3.21532681862126,0.942891253546935,0,101,30000,0,1
36,30,62.7601136906583,3.21532681862126,0.942891253546935,4.99,0,0,557,0
36,30,62.7601136906583,3.21532681862126,0.942891253546935,7.27,0,0,405,0
36,30,62.7601136906583,3.21532681862126,0.942891253546935,10.86,0,0,296,0
36,30,62.7601136906583,3.21532681862126,0.942891253546935,22.08,0,0,153,0
37,30,67.5956249757649,3.39751964088616,0.898921362588498,0,101,30000,0,1
37,30,67.5956249757649,3.39751964088616,0.898921362588498,0.86,0,0,317,0
37,30,67.5956249757649,3.39751964088616,0.898921362588498,2.32,0,0,499,0
37,30,67.5956249757649,3.39751964088616,0.898921362588498,16.49,0,0,209,0
37,30,67.5956249757649,3.39751964088616,0.898921362588498,20.61,0,0,145,0
38,30,52.3288005153669,6.43404583883598,1.19589170415991,0,101,30000,0,1
38,30,52.3288005153669,6.43404583883598,1.19589170415991,1.18,0,0,433,0
38,30,52.3288005153669,6.43404583883598,1.19589170415991,7,0,0,278,0
38,30,52.3288005153669,6.43404583883598,1.19589170415991,18.36,0,0,48,0
38,30,52.3288005153669,6.43404583883598,1.19589170415991,22.06,0,0,53,0
39,30,111.482757943329,2.04914499589325,0.836399954250122,0,101,30000,0,1
39,30,111.482757943329,2.04914499589325,0.836399954250122,6.88,0,0,281,0
39,30,111.482757943329,2.04914499589325,0.836399954250122,9.39,0,0,248,0
39,30,111.482757943329,2.04914499589325,0.836399954250122,16.24,0,0,203,0
39,30,111.482757943329,2.04914499589325,0.836399954250122,21.38,0,0,202,0
40,30,69.8747305130254,3.91601486333721,0.742094480947499,0,101,30000,0,1
40,30,69.8747305130254,3.91601486333721,0.742094480947499,9.6,0,0,264,0
40,30,69.8747305130254,3.91601486333721,0.742094480947499,10.24,0,0,293,0
40,30,69.8747305130254,3.91601486333721,0.742094480947499,10.3,0,0,239,0
40,30,69.8747305130254,3.91601486333721,0.742094480947499,19.94,0,0,188,0
41,30,78.7203475658905,2.57143128189417,1.26790725453197,0,101,30000,0,1
41,30,78.7203475658905,2.57143128189417,1.26790725453197,0.85,0,0,266,0
41,30,78.7203475658905,2.57143128189417,1.26790725453197,6.04,0,0,310,0
41,30,78.7203475658905,2.57143128189417,1.26790725453197,19.44,0,0,201,0
41,30,78.7203475658905,2.57143128189417,1.26790725453197,19.72,0,0,146,0
42,30,58.9624590174367,5.71244687842089,0.606842822039644,0,101,30000,0,1
42,30,58.9624590174367,5.71244687842089,0.606842822039644,3.31,0,0,380,0
42,30,58.9624590174367,5.71244687842089,0.606842822039644,8.76,0,0,240,0
42,30,58.9624590174367,5.71244687842089,0.606842822039644,17.99,0,0,114,0
42,30,58.9624590174367,5.71244687842089,0.606842822039644,22.72,0,0,83,0
43,30,92.4790123959926,3.03948493420477,0.83167190470839,0,101,30000,0,1
43,30,92.4790123959926,3.03948493420477,0.83167190470839,2.68,0,0,526,0
43,30,92.4790123959926,3.03948493420477,0.83167190470839,12.41,0,0,296,0
43,30,92.4790123959926,3.03948493420477,0.83167190470839,13.67,0,0,177,0
43,30,92.4790123959926,3.03948493420477,0.83167190470839,18.68,0,0,207,0
44,30,45.2267104847138,3.19049553595538,0.897008835226804,0,101,30000,0,1
44,30,45.2267104847138,3.19049553595538,0.897008835226804,6.75,0,0,403,0
44,30,45.2267104847138,3.19049553595538,0.897008835226804,14.44,0,0,311,0
44,30,45.2267104847138,3.19049553595538,0.897008835226804,16.89,0,0,185,0
44,30,45.2267104847138,3.19049553595538,0.897008835226804,19.97,0,0,273,0
45,30,78.7541308625476,4.02682378648482,1.30057662723483,0,101,30000,0,1
45,30,78.7541308625476,4.02682378648482,1.30057662723483,1.21,0,0,272,0
45,30,78.7541308625476,4.02682378648482,1.30057662723483,10.39,0,0,236,0
45,30,78.7541308625476,4.02682378648482,1.30057662723483,18.43,0,0,165,0
45,30,78.7541308625476,4.02682378648482,1.30057662723483,23.96,0,0,123,0
46,30,99.3520761983763,4.51832445841656,0.718771417662313,0,101,30000,0,1
46,30,99.3520761983763,4.51832445841656,0.718771417662313,6.06,0,0,218,0
46,30,99.3520761983763,4.51832445841656,0.718771417662313,7.9,0,0,208,0
46,30,99.3520761983763,4.51832445841656,0.718771417662313,10.81,0,0,191,0
46,30,99.3520761983763,4.51832445841656,0.718771417662313,14.42,0,0,160,0
47,30,92.0943920991241,4.82971331427301,1.41013189197867,0,101,30000,0,1
47,30,92.0943920991241,4.82971331427301,1.41013189197867,8.67,0,0,210,0
47,30,92.0943920991241,4.82971331427301,1.41013189197867,9.23,0,0,153,0
47,30,92.0943920991241,4.82971331427301,1.41013189197867,9.49,0,0,193,0
47,30,92.0943920991241,4.82971331427301,1.41013189197867,16.71,0,0,132,0
48,30,58.441062934564,3.85130890606298,0.872420309179677,0,101,30000,0,1
48,30,58.441062934564,3.85130890606298,0.872420309179677,8.66,0,0,297,0
48,30,58.441062934564,3.85130890606298,0.872420309179677,13.19,0,0,202,0
48,30,58.441062934564,3.85130890606298,0.872420309179677,21.8,0,0,108,0
48,30,58.441062934564,3.85130890606298,0.872420309179677,22.87,0,0,117,0
49,30,45.9728327595612,4.17795985161518,0.817209489178082,0,101,30000,0,1
49,30,45.9728327595612,4.17795985161518,0.817209489178082,1.13,0,0,352,0
49,30,45.9728327595612,4.17795985161518,0.817209489178082,10.12,0,0,215,0
49,30,45.9728327595612,4.17795985161518,0.817209489178082,11.43,0,0,220,0
49,30,45.9728327595612,4.17795985161518,0.817209489178082,17.64,0,0,119,0
50,30,59.1149794436102,4.01608364284804,1.31526066216099,0,101,30000,0,1
50,30,59.1149794436102,4.01608364284804,1.31526066216099,3.17,0,0,617,0
50,30,59.1149794436102,4.01608364284804,1.31526066216099,9.7,0,0,185,0
50,30,59.1149794436102,4.01608364284804,1.31526066216099,10.19,0,0,284,0
50,30,59.1149794436102,4.01608364284804,1.31526066216099,12.72,0,0,217,0
51,30,62.451276353054,2.50035543530237,1.13233382391949,0,101,30000,0,1
51,30,62.451276353054,2.50035543530237,1.13233382391949,4.55,0,0,350,0
51,30,62.451276353054,2.50035543530237,1.13233382391949,6.41,0,0,448,0
51,30,62.451276353054,2.50035543530237,1.13233382391949,9.57,0,0,392,0
51,30,62.451276353054,2.50035543530237,1.13233382391949,21.4,0,0,217,0
52,30,72.0886790819779,1.95893169851188,1.31286436831794,0,101,30000,0,1
52,30,72.0886790819779,1.95893169851188,1.31286436831794,8.59,0,0,467,0
52,30,72.0886790819779,1.95893169851188,1.31286436831794,9.74,0,0,351,0
52,30,72.0886790819779,1.95893169851188,1.31286436831794,12.23,0,0,302,0
52,30,72.0886790819779,1.95893169851188,1.31286436831794,21.37,0,0,249,0
53,30,110.693859062549,5.2035414893312,0.740460088578618,0,101,30000,0,1
53,30,110.693859062549,5.2035414893312,0.740460088578618,2.2,0,0,173,0
53,30,110.693859062549,5.2035414893312,0.740460088578618,18.92,0,0,110,0
53,30,110.693859062549,5.2035414893312,0.740460088578618,19.79,0,0,120,0
53,30,110.693859062549,5.2035414893312,0.740460088578618,22.18,0,0,89,0
54,30,67.4136731298408,3.68819270892479,0.934062108508898,0,101,30000,0,1
54,30,67.4136731298408,3.68819270892479,0.934062108508898,5.43,0,0,347,0
54,30,67.4136731298408,3.68819270892479,0.934062108508898,14.03,0,0,313,0
54,30,67.4136731298408,3.68819270892479,0.934062108508898,15.68,0,0,140,0
54,30,67.4136731298408,3.68819270892479,0.934062108508898,16.61,0,0,210,0
55,30,83.0009639957206,3.35946670484837,0.493688475348568,0,101,30000,0,1
55,30,83.0009639957206,3.35946670484837,0.493688475348568,0.56,0,0,95,0
55,30,83.0009639957206,3.35946670484837,0.493688475348568,11.03,0,0,359,0
55,30,83.0009639957206,3.35946670484837,0.493688475348568,15.02,0,0,156,0
55,30,83.0009639957206,3.35946670484837,0.493688475348568,18.01,0,0,233,0
56,30,114.247131676071,2.0471190208691,0.728746982295769,0,101,30000,0,1
56,30,114.247131676071,2.0471190208691,0.728746982295769,5.26,0,0,183,0
56,30,114.247131676071,2.0471190208691,0.728746982295769,14.08,0,0,207,0
56,30,114.247131676071,2.0471190208691,0.728746982295769,20.39,0,0,202,0
56,30,114.247131676071,2.0471190208691,0.728746982295769,20.8,0,0,185,0
57,30,76.1549447874708,4.35043264298044,0.69279359696524,0,101,30000,0,1
57,30,76.1549447874708,4.35043264298044,0.69279359696524,1.21,0,0,195,0
57,30,76.1549447874708,4.35043264298044,0.69279359696524,2.86,0,0,340,0
57,30,76.1549447874708,4.35043264298044,0.69279359696524,14.44,0,0,127,0
57,30,76.1549447874708,4.35043264298044,0.69279359696524,21.66,0,0,98,0
58,30,81.2236216061952,3.23203668383311,0.898699611945011,0,101,30000,0,1
58,30,81.2236216061952,3.23203668383311,0.898699611945011,2.88,0,0,317,0
58,30,81.2236216061952,3.23203668383311,0.898699611945011,10.4,0,0,401,0
58,30,81.2236216061952,3.23203668383311,0.898699611945011,22.83,0,0,154,0
58,30,81.2236216061952,3.23203668383311,0.898699611945011,23.88,0,0,153,0
59,30,66.9185460762113,5.80230079387425,1.87935833316911,0,101,30000,0,1
59,30,66.9185460762113,5.80230079387425,1.87935833316911,7.61,0,0,272,0
59,30,66.9185460762113,5.80230079387425,1.87935833316911,7.77,0,0,299,0
59,30,66.9185460762113,5.80230079387425,1.87935833316911,14.98,0,0,94,0
59,30,66.9185460762113,5.80230079387425,1.87935833316911,21.56,0,0,80,0
60,30,73.8557529025001,3.6117723303095,0.63881945022881,0,101,30000,0,1
60,30,73.8557529025001,3.6117723303095,0.63881945022881,11.29,0,0,208,0
60,30,73.8557529025001,3.6117723303095,0.63881945022881,12.32,0,0,313,0
60,30,73.8557529025001,3.6117723303095,0.63881945022881,13.48,0,0,172,0
60,30,73.8557529025001,3.6117723303095,0.63881945022881,16.56,0,0,144,0
61,60,90.1199570618603,8.06427734287008,0.970549739005074,0,101,60000,0,1
61,60,90.1199570618603,8.06427734287008,0.970549739005074,6.3,0,0,619,0
61,60,90.1199570618603,8.06427734287008,0.970549739005074,7.51,0,0,351,0
61,60,90.1199570618603,8.06427734287008,0.970549739005074,13.58,0,0,218,0
61,60,90.1199570618603,8.06427734287008,0.970549739005074,21.92,0,0,84,0
62,60,96.229407842984,3.11790421985126,0.936570120707954,0,101,60000,0,1
62,60,96.229407842984,3.11790421985126,0.936570120707954,1.47,0,0,563,0
62,60,96.229407842984,3.11790421985126,0.936570120707954,5.27,0,0,709,0
62,60,96.229407842984,3.11790421985126,0.936570120707954,12.57,0,0,520,0
62,60,96.229407842984,3.11790421985126,0.936570120707954,16.07,0,0,424,0
63,60,55.9195936422589,3.33887598795357,0.799306091569699,0,101,60000,0,1
63,60,55.9195936422589,3.33887598795357,0.799306091569699,6.68,0,0,824,0
63,60,55.9195936422589,3.33887598795357,0.799306091569699,8.18,0,0,677,0
63,60,55.9195936422589,3.33887598795357,0.799306091569699,15.22,0,0,409,0
63,60,55.9195936422589,3.33887598795357,0.799306091569699,19.25,0,0,394,0
64,60,51.6003160438196,3.43753869219042,0.640015244692651,0,101,60000,0,1
64,60,51.6003160438196,3.43753869219042,0.640015244692651,0.74,0,0,397,0
64,60,51.6003160438196,3.43753869219042,0.640015244692651,1.76,0,0,741,0
64,60,51.6003160438196,3.43753869219042,0.640015244692651,16.13,0,0,350,0
64,60,51.6003160438196,3.43753869219042,0.640015244692651,20.37,0,0,339,0
65,60,46.1258422842993,2.83129972321282,0.600686127517833,0,101,60000,0,1
65,60,46.1258422842993,2.83129972321282,0.600686127517833,7.03,0,0,844,0
65,60,46.1258422842993,2.83129972321282,0.600686127517833,9.48,0,0,1358,0
65,60,46.1258422842993,2.83129972321282,0.600686127517833,18.49,0,0,573,0
65,60,46.1258422842993,2.83129972321282,0.600686127517833,21.2,0,0,459,0
66,60,62.8493309250089,3.20012322920116,0.79855563064101,0,101,60000,0,1
66,60,62.8493309250089,3.20012322920116,0.79855563064101,0.15,0,0,118,0
66,60,62.8493309250089,3.20012322920116,0.79855563064101,16.37,0,0,390,0
66,60,62.8493309250089,3.20012322920116,0.79855563064101,17.96,0,0,283,0
66,60,62.8493309250089,3.20012322920116,0.79855563064101,22.5,0,0,298,0
67,60,71.3899778946868,5.8361437574947,1.25142721536026,0,101,60000,0,1
67,60,71.3899778946868,5.8361437574947,1.25142721536026,0.98,0,0,720,0
67,60,71.3899778946868,5.8361437574947,1.25142721536026,5.64,0,0,513,0
67,60,71.3899778946868,5.8361437574947,1.25142721536026,19.64,0,0,156,0
67,60,71.3899778946868,5.8361437574947,1.25142721536026,22.45,0,0,171,0
68,60,52.7010900560841,3.54964709451135,1.73561641043785,0,101,60000,0,1
68,60,52.7010900560841,3.54964709451135,1.73561641043785,6.96,0,0,1076,0
68,60,52.7010900560841,3.54964709451135,1.73561641043785,6.99,0,0,595,0
68,60,52.7010900560841,3.54964709451135,1.73561641043785,15.4,0,0,383,0
68,60,52.7010900560841,3.54964709451135,1.73561641043785,17.08,0,0,447,0
69,60,82.0894434061512,3.34590071347393,0.840869700830982,0,101,60000,0,1
69,60,82.0894434061512,3.34590071347393,0.840869700830982,5.97,0,0,575,0
69,60,82.0894434061512,3.34590071347393,0.840869700830982,15.46,0,0,477,0
69,60,82.0894434061512,3.34590071347393,0.840869700830982,16.39,0,0,371,0
69,60,82.0894434061512,3.34590071347393,0.840869700830982,19.14,0,0,344,0
70,60,67.8210769451599,6.0640583206445,1.13269555288969,0,101,60000,0,1
70,60,67.8210769451599,6.0640583206445,1.13269555288969,3.81,0,0,697,0
70,60,67.8210769451599,6.0640583206445,1.13269555288969,4.94,0,0,539,0
70,60,67.8210769451599,6.0640583206445,1.13269555288969,4.99,0,0,564,0
70,60,67.8210769451599,6.0640583206445,1.13269555288969,12.57,0,0,377,0
71,60,44.8308317736094,6.14918438184541,1.2420563539236,0,101,60000,0,1
71,60,44.8308317736094,6.14918438184541,1.2420563539236,8.23,0,0,412,0
71,60,44.8308317736094,6.14918438184541,1.2420563539236,11.58,0,0,493,0
71,60,44.8308317736094,6.14918438184541,1.2420563539236,12.91,0,0,271,0
71,60,44.8308317736094,6.14918438184541,1.2420563539236,15.27,0,0,217,0
72,60,75.631795157476,2.75240725304552,1.28134586632874,0,101,60000,0,1
72,60,75.631795157476,2.75240725304552,1.28134586632874,14.81,0,0,368,0
72,60,75.631795157476,2.75240725304552,1.28134586632874,16,0,0,388,0
72,60,75.631795157476,2.75240725304552,1.28134586632874,18.04,0,0,485,0
72,60,75.631795157476,2.75240725304552,1.28134586632874,18.21,0,0,459,0
73,60,33.6096352355368,6.77177098923721,0.852973448588158,0,101,60000,0,1
73,60,33.6096352355368,6.77177098923721,0.852973448588158,3.2,0,0,932,0
73,60,33.6096352355368,6.77177098923721,0.852973448588158,13.17,0,0,175,0
73,60,33.6096352355368,6.77177098923721,0.852973448588158,22.78,0,0,40,0
73,60,33.6096352355368,6.77177098923721,0.852973448588158,22.86,0,0,26,0
74,60,57.4235180072919,4.95193831955526,0.792161453238086,0,101,60000,0,1
74,60,57.4235180072919,4.95193831955526,0.792161453238086,0.68,0,0,374,0
74,60,57.4235180072919,4.95193831955526,0.792161453238086,2.58,0,0,764,0
74,60,57.4235180072919,4.95193831955526,0.792161453238086,7.09,0,0,728,0
74,60,57.4235180072919,4.95193831955526,0.792161453238086,9.32,0,0,379,0
75,60,81.2124926064739,2.58444899557604,1.01102750398183,0,101,60000,0,1
75,60,81.2124926064739,2.58444899557604,1.01102750398183,3.33,0,0,592,0
75,60,81.2124926064739,2.58444899557604,1.01102750398183,17.78,0,0,696,0
75,60,81.2124926064739,2.58444899557604,1.01102750398183,18.61,0,0,290,0
75,60,81.2124926064739,2.58444899557604,1.01102750398183,19.1,0,0,293,0
76,60,90.072316038039,3.98384135525135,0.92700800951804,0,101,60000,0,1
76,60,90.072316038039,3.98384135525135,0.92700800951804,2.82,0,0,636,0
76,60,90.072316038039,3.98384135525135,0.92700800951804,18.45,0,0,337,0
76,60,90.072316038039,3.98384135525135,0.92700800951804,19.37,0,0,381,0
76,60,90.072316038039,3.98384135525135,0.92700800951804,21.21,0,0,407,0
77,60,87.5711680552376,4.30768867944605,0.668849283903817,0,101,60000,0,1
77,60,87.5711680552376,4.30768867944605,0.668849283903817,2.94,0,0,560,0
77,60,87.5711680552376,4.30768867944605,0.668849283903817,7.81,0,0,448,0
77,60,87.5711680552376,4.30768867944605,0.668849283903817,10.98,0,0,542,0
77,60,87.5711680552376,4.30768867944605,0.668849283903817,18.34,0,0,276,0
78,60,84.0539900554506,1.71194846124861,1.5485787654656,0,101,60000,0,1
78,60,84.0539900554506,1.71194846124861,1.5485787654656,6.98,0,0,636,0
78,60,84.0539900554506,1.71194846124861,1.5485787654656,7.28,0,0,700,0
78,60,84.0539900554506,1.71194846124861,1.5485787654656,9.83,0,0,586,0
78,60,84.0539900554506,1.71194846124861,1.5485787654656,9.9,0,0,542,0
79,60,68.8400986314118,10.3416570942994,1.36643470448437,0,101,60000,0,1
79,60,68.8400986314118,10.3416570942994,1.36643470448437,2.01,0,0,613,0
79,60,68.8400986314118,10.3416570942994,1.36643470448437,13.32,0,0,159,0
79,60,68.8400986314118,10.3416570942994,1.36643470448437,17.07,0,0,61,0
79,60,68.8400986314118,10.3416570942994,1.36643470448437,22.88,0,0,35,0
80,60,109.789862129748,4.5806596733806,1.29561023030535,0,101,60000,0,1
80,60,109.789862129748,4.5806596733806,1.29561023030535,3.8,0,0,434,0
80,60,109.789862129748,4.5806596733806,1.29561023030535,8.29,0,0,268,0
80,60,109.789862129748,4.5806596733806,1.29561023030535,10.56,0,0,451,0
80,60,109.789862129748,4.5806596733806,1.29561023030535,19.82,0,0,244,0
81,60,58.6359938117353,5.91095155970558,0.911082462247157,0,101,60000,0,1
81,60,58.6359938117353,5.91095155970558,0.911082462247157,2.71,0,0,870,0
81,60,58.6359938117353,5.91095155970558,0.911082462247157,5.9,0,0,637,0
81,60,58.6359938117353,5.91095155970558,0.911082462247157,8.21,0,0,522,0
81,60,58.6359938117353,5.91095155970558,0.911082462247157,18.65,0,0,150,0
82,60,64.3058364148595,4.21726578243584,1.0549127239487,0,101,60000,0,1
82,60,64.3058364148595,4.21726578243584,1.0549127239487,1.77,0,0,968,0
82,60,64.3058364148595,4.21726578243584,1.0549127239487,4.9,0,0,759,0
82,60,64.3058364148595,4.21726578243584,1.0549127239487,18.74,0,0,337,0
82,60,64.3058364148595,4.21726578243584,1.0549127239487,21.58,0,0,230,0
83,60,93.7778853979721,2.27906367946756,1.01600935650411,0,101,60000,0,1
83,60,93.7778853979721,2.27906367946756,1.01600935650411,0.07,0,0,35,0
83,60,93.7778853979721,2.27906367946756,1.01600935650411,9.55,0,0,457,0
83,60,93.7778853979721,2.27906367946756,1.01600935650411,11.94,0,0,530,0
83,60,93.7778853979721,2.27906367946756,1.01600935650411,16.28,0,0,537,0
84,60,70.9289130093779,10.9667111174048,0.949982466001156,0,101,60000,0,1
84,60,70.9289130093779,10.9667111174048,0.949982466001156,10.82,0,0,167,0
84,60,70.9289130093779,10.9667111174048,0.949982466001156,11.02,0,0,231,0
84,60,70.9289130093779,10.9667111174048,0.949982466001156,16.01,0,0,63,0
84,60,70.9289130093779,10.9667111174048,0.949982466001156,20.59,0,0,39,0
85,60,81.8416637256086,5.17997911851956,0.805547555154011,0,101,60000,0,1
85,60,81.8416637256086,5.17997911851956,0.805547555154011,2.93,0,0,709,0
85,60,81.8416637256086,5.17997911851956,0.805547555154011,6.55,0,0,543,0
85,60,81.8416637256086,5.17997911851956,0.805547555154011,14.59,0,0,291,0
85,60,81.8416637256086,5.17997911851956,0.805547555154011,14.73,0,0,322,0
86,60,86.7187377034193,3.70672447758491,1.02864054061761,0,101,60000,0,1
86,60,86.7187377034193,3.70672447758491,1.02864054061761,4.16,0,0,569,0
86,60,86.7187377034193,3.70672447758491,1.02864054061761,14.26,0,0,351,0
86,60,86.7187377034193,3.70672447758491,1.02864054061761,17.62,0,0,320,0
86,60,86.7187377034193,3.70672447758491,1.02864054061761,20.81,0,0,322,0
87,60,56.8953329049718,4.31971495322527,1.50530001537181,0,101,60000,0,1
87,60,56.8953329049718,4.31971495322527,1.50530001537181,1.96,0,0,847,0
87,60,56.8953329049718,4.31971495322527,1.50530001537181,6.13,0,0,588,0
87,60,56.8953329049718,4.31971495322527,1.50530001537181,13.49,0,0,483,0
87,60,56.8953329049718,4.31971495322527,1.50530001537181,20.21,0,0,196,0
88,60,59.595118482564,3.87870588879861,0.829763946196064,0,101,60000,0,1
88,60,59.595118482564,3.87870588879861,0.829763946196064,7.07,0,0,629,0
88,60,59.595118482564,3.87870588879861,0.829763946196064,9.73,0,0,732,0
88,60,59.595118482564,3.87870588879861,0.829763946196064,20.24,0,0,293,0
88,60,59.595118482564,3.87870588879861,0.829763946196064,21.95,0,0,256,0
89,60,99.7688804901636,6.80598692963845,0.960535999486869,0,101,60000,0,1
89,60,99.7688804901636,6.80598692963845,0.960535999486869,3.86,0,0,409,0
89,60,99.7688804901636,6.80598692963845,0.960535999486869,18.24,0,0,151,0
89,60,99.7688804901636,6.80598692963845,0.960535999486869,18.43,0,0,127,0
89,60,99.7688804901636,6.80598692963845,0.960535999486869,20.66,0,0,152,0
90,60,113.463172838553,3.35783866020705,0.524222577329906,0,101,60000,0,1
90,60,113.463172838553,3.35783866020705,0.524222577329906,8.03,0,0,786,0
90,60,113.463172838553,3.35783866020705,0.524222577329906,9.79,0,0,391,0
90,60,113.463172838553,3.35783866020705,0.524222577329906,14.63,0,0,456,0
90,60,113.463172838553,3.35783866020705,0.524222577329906,19.29,0,0,423,0
91,120,46.9996622324792,3.03072571366968,1.68706915846795,0,101,120000,0,1
91,120,46.9996622324792,3.03072571366968,1.68706915846795,3.28,0,0,2230,0
91,120,46.9996622324792,3.03072571366968,1.68706915846795,17.22,0,0,756,0
91,120,46.9996622324792,3.03072571366968,1.68706915846795,19.51,0,0,577,0
91,120,46.9996622324792,3.03072571366968,1.68706915846795,21.06,0,0,788,0
92,120,84.7389034549046,3.83647768489048,0.935151150455013,0,101,120000,0,1
92,120,84.7389034549046,3.83647768489048,0.935151150455013,13.02,0,0,713,0
92,120,84.7389034549046,3.83647768489048,0.935151150455013,14.13,0,0,978,0
92,120,84.7389034549046,3.83647768489048,0.935151150455013,18.23,0,0,607,0
92,120,84.7389034549046,3.83647768489048,0.935151150455013,19.17,0,0,794,0
93,120,89.0886191548123,5.87735527011664,0.868493529224065,0,101,120000,0,1
93,120,89.0886191548123,5.87735527011664,0.868493529224065,3.28,0,0,1026,0
93,120,89.0886191548123,5.87735527011664,0.868493529224065,11.27,0,0,807,0
93,120,89.0886191548123,5.87735527011664,0.868493529224065,14.2,0,0,557,0
93,120,89.0886191548123,5.87735527011664,0.868493529224065,15.32,0,0,492,0
94,120,77.3912260886825,3.20599120937196,1.83261303803722,0,101,120000,0,1
94,120,77.3912260886825,3.20599120937196,1.83261303803722,6.68,0,0,1129,0
94,120,77.3912260886825,3.20599120937196,1.83261303803722,12.53,0,0,1270,0
94,120,77.3912260886825,3.20599120937196,1.83261303803722,16.68,0,0,638,0
94,120,77.3912260886825,3.20599120937196,1.83261303803722,21.52,0,0,670,0
95,120,47.1856665713406,4.40657814937218,0.504607990249415,0,101,120000,0,1
95,120,47.1856665713406,4.40657814937218,0.504607990249415,3.69,0,0,1998,0
95,120,47.1856665713406,4.40657814937218,0.504607990249415,4.74,0,0,1956,0
95,120,47.1856665713406,4.40657814937218,0.504607990249415,10.17,0,0,1289,0
95,120,47.1856665713406,4.40657814937218,0.504607990249415,16.58,0,0,591,0
96,120,67.0537303714559,4.43435454397457,1.10645313828922,0,101,120000,0,1
96,120,67.0537303714559,4.43435454397457,1.10645313828922,9.84,0,0,718,0
96,120,67.0537303714559,4.43435454397457,1.10645313828922,13.23,0,0,686,0
96,120,67.0537303714559,4.43435454397457,1.10645313828922,17.66,0,0,499,0
96,120,67.0537303714559,4.43435454397457,1.10645313828922,20.84,0,0,472,0
97,120,80.6663821471062,6.75013158293236,1.09919732817225,0,101,120000,0,1
97,120,80.6663821471062,6.75013158293236,1.09919732817225,5.71,0,0,643,0
97,120,80.6663821471062,6.75013158293236,1.09919732817225,14.31,0,0,627,0
97,120,80.6663821471062,6.75013158293236,1.09919732817225,18.43,0,0,312,0
97,120,80.6663821471062,6.75013158293236,1.09919732817225,21.59,0,0,314,0
98,120,69.5571206712395,5.7730337611107,1.0004188555735,0,101,120000,0,1
98,120,69.5571206712395,5.7730337611107,1.0004188555735,11.65,0,0,656,0
98,120,69.5571206712395,5.7730337611107,1.0004188555735,15.15,0,0,532,0
98,120,69.5571206712395,5.7730337611107,1.0004188555735,19.61,0,0,218,0
98,120,69.5571206712395,5.7730337611107,1.0004188555735,22.54,0,0,284,0
99,120,105.201916287311,2.60112262166612,0.993654879821865,0,101,120000,0,1
99,120,105.201916287311,2.60112262166612,0.993654879821865,3.89,0,0,1295,0
99,120,105.201916287311,2.60112262166612,0.993654879821865,14.61,0,0,881,0
99,120,105.201916287311,2.60112262166612,0.993654879821865,21.28,0,0,580,0
99,120,105.201916287311,2.60112262166612,0.993654879821865,23.36,0,0,823,0
100,120,68.875118262244,5.97801206521967,0.856001833097144,0,101,120000,0,1
100,120,68.875118262244,5.97801206521967,0.856001833097144,2.97,0,0,1187,0
100,120,68.875118262244,5.97801206521967,0.856001833097144,3.97,0,0,1294,0
100,120,68.875118262244,5.97801206521967,0.856001833097144,12.1,0,0,800,0
100,120,68.875118262244,5.97801206521967,0.856001833097144,21.77,0,0,325,0
101,120,70.9347524543345,3.22765763064806,1.57613029872015,0,101,120000,0,1
101,120,70.9347524543345,3.22765763064806,1.57613029872015,9.47,0,0,1572,0
101,120,70.9347524543345,3.22765763064806,1.57613029872015,12.62,0,0,1026,0
101,120,70.9347524543345,3.22765763064806,1.57613029872015,16.11,0,0,766,0
101,120,70.9347524543345,3.22765763064806,1.57613029872015,19.17,0,0,587,0
102,120,76.2026579286039,4.20109144190691,0.782441720486777,0,101,120000,0,1
102,120,76.2026579286039,4.20109144190691,0.782441720486777,12.1,0,0,839,0
102,120,76.2026579286039,4.20109144190691,0.782441720486777,12.9,0,0,1074,0
102,120,76.2026579286039,4.20109144190691,0.782441720486777,17.17,0,0,541,0
102,120,76.2026579286039,4.20109144190691,0.782441720486777,17.79,0,0,777,0
103,120,115.933591033675,3.09913923661653,0.798427250580249,0,101,120000,0,1
103,120,115.933591033675,3.09913923661653,0.798427250580249,7.13,0,0,924,0
103,120,115.933591033675,3.09913923661653,0.798427250580249,15.59,0,0,904,0
103,120,115.933591033675,3.09913923661653,0.798427250580249,17.94,0,0,640,0
103,120,115.933591033675,3.09913923661653,0.798427250580249,20.46,0,0,614,0
104,120,49.9823743639204,4.14624213665847,0.817388728164465,0,101,120000,0,1
104,120,49.9823743639204,4.14624213665847,0.817388728164465,4.34,0,0,1980,0
104,120,49.9823743639204,4.14624213665847,0.817388728164465,6.01,0,0,1617,0
104,120,49.9823743639204,4.14624213665847,0.817388728164465,8.57,0,0,900,0
104,120,49.9823743639204,4.14624213665847,0.817388728164465,19.41,0,0,539,0
105,120,104.247285405525,4.49912513631237,0.93765228610768,0,101,120000,0,1
105,120,104.247285405525,4.49912513631237,0.93765228610768,7.44,0,0,793,0
105,120,104.247285405525,4.49912513631237,0.93765228610768,12.36,0,0,742,0
105,120,104.247285405525,4.49912513631237,0.93765228610768,22.5,0,0,560,0
105,120,104.247285405525,4.49912513631237,0.93765228610768,23.74,0,0,388,0
106,120,53.7857728505045,3.43726178238437,1.11385527460245,0,101,120000,0,1
106,120,53.7857728505045,3.43726178238437,1.11385527460245,4.71,0,0,2200,0
106,120,53.7857728505045,3.43726178238437,1.11385527460245,15.27,0,0,915,0
106,120,53.7857728505045,3.43726178238437,1.11385527460245,18.51,0,0,791,0
106,120,53.7857728505045,3.43726178238437,1.11385527460245,21.76,0,0,504,0
107,120,46.1546596458157,2.35269294807413,0.510988101347383,0,101,120000,0,1
107,120,46.1546596458157,2.35269294807413,0.510988101347383,8.32,0,0,1513,0
107,120,46.1546596458157,2.35269294807413,0.510988101347383,9.22,0,0,2365,0
107,120,46.1546596458157,2.35269294807413,0.510988101347383,12.77,0,0,1560,0
107,120,46.1546596458157,2.35269294807413,0.510988101347383,16.87,0,0,1456,0
108,120,76.424771518329,4.46232907273236,0.977677415465094,0,101,120000,0,1
108,120,76.424771518329,4.46232907273236,0.977677415465094,0.28,0,0,382,0
108,120,76.424771518329,4.46232907273236,0.977677415465094,17.51,0,0,454,0
108,120,76.424771518329,4.46232907273236,0.977677415465094,17.77,0,0,554,0
108,120,76.424771518329,4.46232907273236,0.977677415465094,21.43,0,0,511,0
109,120,35.3230175389862,8.90779840031232,0.847435353135556,0,101,120000,0,1
109,120,35.3230175389862,8.90779840031232,0.847435353135556,2.28,0,0,1852,0
109,120,35.3230175389862,8.90779840031232,0.847435353135556,3.26,0,0,2348,0
109,120,35.3230175389862,8.90779840031232,0.847435353135556,4.93,0,0,1643,0
109,120,35.3230175389862,8.90779840031232,0.847435353135556,8.4,0,0,470,0
110,120,119.069877705221,3.96938634559904,0.721580242851826,0,101,120000,0,1
110,120,119.069877705221,3.96938634559904,0.721580242851826,4.93,0,0,959,0
110,120,119.069877705221,3.96938634559904,0.721580242851826,5.13,0,0,1016,0
110,120,119.069877705221,3.96938634559904,0.721580242851826,5.72,0,0,920,0
110,120,119.069877705221,3.96938634559904,0.721580242851826,13.26,0,0,656,0
111,120,81.7354475948896,4.74057427287452,0.797680196076164,0,101,120000,0,1
111,120,81.7354475948896,4.74057427287452,0.797680196076164,1.06,0,0,720,0
111,120,81.7354475948896,4.74057427287452,0.797680196076164,13.69,0,0,672,0
111,120,81.7354475948896,4.74057427287452,0.797680196076164,14.37,0,0,737,0
111,120,81.7354475948896,4.74057427287452,0.797680196076164,22.21,0,0,473,0
112,120,67.6347183911424,3.02050110521065,1.10099455747481,0,101,120000,0,1
112,120,67.6347183911424,3.02050110521065,1.10099455747481,6.43,0,0,987,0
112,120,67.6347183911424,3.02050110521065,1.10099455747481,10.3,0,0,1114,0
112,120,67.6347183911424,3.02050110521065,1.10099455747481,13.18,0,0,1373,0
112,120,67.6347183911424,3.02050110521065,1.10099455747481,14.9,0,0,864,0
113,120,90.9030739281848,3.97671453028319,0.735303926126973,0,101,120000,0,1
113,120,90.9030739281848,3.97671453028319,0.735303926126973,3.49,0,0,865,0
113,120,90.9030739281848,3.97671453028319,0.735303926126973,5.97,0,0,1199,0
113,120,90.9030739281848,3.97671453028319,0.735303926126973,11.84,0,0,968,0
113,120,90.9030739281848,3.97671453028319,0.735303926126973,15.36,0,0,761,0
114,120,46.9996622324792,3.03072571366968,1.68706915846795,0,101,120000,0,1
114,120,46.9996622324792,3.03072571366968,1.68706915846795,3.28,0,0,2230,0
114,120,46.9996622324792,3.03072571366968,1.68706915846795,17.22,0,0,756,0
114,120,46.9996622324792,3.03072571366968,1.68706915846795,19.51,0,0,577,0
114,120,46.9996622324792,3.03072571366968,1.68706915846795,21.06,0,0,788,0
115,120,69.2477480183043,3.18455847058865,0.56346156206131,0,101,120000,0,1
115,120,69.2477480183043,3.18455847058865,0.56346156206131,1.73,0,0,857,0
115,120,69.2477480183043,3.18455847058865,0.56346156206131,15.46,0,0,1107,0
115,120,69.2477480183043,3.18455847058865,0.56346156206131,19,0,0,963,0
115,120,69.2477480183043,3.18455847058865,0.56346156206131,19.37,0,0,760,0
116,120,51.1533957051614,3.12805995660331,1.11670508182237,0,101,120000,0,1
116,120,51.1533957051614,3.12805995660331,1.11670508182237,4.95,0,0,1679,0
116,120,51.1533957051614,3.12805995660331,1.11670508182237,7.15,0,0,1861,0
116,120,51.1533957051614,3.12805995660331,1.11670508182237,11.6,0,0,945,0
116,120,51.1533957051614,3.12805995660331,1.11670508182237,22.1,0,0,704,0
117,120,63.9848330839319,3.52887182783349,0.480629237628067,0,101,120000,0,1
117,120,63.9848330839319,3.52887182783349,0.480629237628067,9.07,0,0,1128,0
117,120,63.9848330839319,3.52887182783349,0.480629237628067,16.67,0,0,780,0
117,120,63.9848330839319,3.52887182783349,0.480629237628067,18.97,0,0,629,0
117,120,63.9848330839319,3.52887182783349,0.480629237628067,23.12,0,0,451,0
118,120,59.9819632842445,4.5905163191871,1.00042156013723,0,101,120000,0,1
118,120,59.9819632842445,4.5905163191871,1.00042156013723,1.24,0,0,1005,0
118,120,59.9819632842445,4.5905163191871,1.00042156013723,4.58,0,0,1150,0
118,120,59.9819632842445,4.5905163191871,1.00042156013723,6.39,0,0,1655,0
118,120,59.9819632842445,4.5905163191871,1.00042156013723,15.96,0,0,570,0
119,120,123.761009559266,4.7924054646326,0.651163968151684,0,101,120000,0,1
119,120,123.761009559266,4.7924054646326,0.651163968151684,2.77,0,0,641,0
119,120,123.761009559266,4.7924054646326,0.651163968151684,3.4,0,0,831,0
119,120,123.761009559266,4.7924054646326,0.651163968151684,17.42,0,0,539,0
119,120,123.761009559266,4.7924054646326,0.651163968151684,19.95,0,0,452,0
120,120,66.7657108682059,2.88201202410437,0.694893600506619,0,101,120000,0,1
120,120,66.7657108682059,2.88201202410437,0.694893600506619,0.58,0,0,575,0
120,120,66.7657108682059,2.88201202410437,0.694893600506619,3.34,0,0,1404,0
120,120,66.7657108682059,2.88201202410437,0.694893600506619,7.83,0,0,1145,0
120,120,66.7657108682059,2.88201202410437,0.694893600506619,19.59,0,0,946,0
