ID,DOSE,V,CL,KA,TIME,EVID,AMT,DV,EVIDNM
1,10,76.30259838701,4.61692361978712,0.967915460160981,0,101,10000,0,1
1,10,76.30259838701,4.61692361978712,0.967915460160981,0.51,0,0,50,0
1,10,76.30259838701,4.61692361978712,0.967915460160981,7.67,0,0,102,0
1,10,76.30259838701,4.61692361978712,0.967915460160981,11.14,0,0,50,0
1,10,76.30259838701,4.61692361978712,0.967915460160981,21.39,0,0,45,0
2,10,71.6702600995815,2.82644784836694,1.5563434866404,0,101,10000,0,1
2,10,71.6702600995815,2.82644784836694,1.5563434866404,3.14,0,0,129,0
2,10,71.6702600995815,2.82644784836694,1.5563434866404,6.23,0,0,115,0
2,10,71.6702600995815,2.82644784836694,1.5563434866404,16.17,0,0,78,0
2,10,71.6702600995815,2.82644784836694,1.5563434866404,23.77,0,0,49,0
3,10,53.684495964915,2.51605911707862,0.940617615434134,0,101,10000,0,1
3,10,53.684495964915,2.51605911707862,0.940617615434134,5.55,0,0,127,0
3,10,53.684495964915,2.51605911707862,0.940617615434134,6.96,0,0,160,0
3,10,53.684495964915,2.51605911707862,0.940617615434134,13.19,0,0,92,0
3,10,53.684495964915,2.51605911707862,0.940617615434134,14.09,0,0,122,0
4,10,50.5899878122482,3.58966154781042,1.1925614253418,0,101,10000,0,1
4,10,50.5899878122482,3.58966154781042,1.1925614253418,2.94,0,0,107,0
4,10,50.5899878122482,3.58966154781042,1.1925614253418,3.23,0,0,194,0
4,10,50.5899878122482,3.58966154781042,1.1925614253418,3.64,0,0,140,0
4,10,50.5899878122482,3.58966154781042,1.1925614253418,5.12,0,0,126,0
5,10,58.7466086184939,5.88570738340454,0.768660750852148,0,101,10000,0,1
5,10,58.7466086184939,5.88570738340454,0.768660750852148,6.77,0,0,149,0
5,10,58.7466086184939,5.88570738340454,0.768660750852148,8.54,0,0,152,0
5,10,58.7466086184939,5.88570738340454,0.768660750852148,12.24,0,0,59,0
5,10,58.7466086184939,5.88570738340454,0.768660750852148,13.57,0,0,49,0
6,10,85.0860465814618,2.88909034898309,0.909527533618437,0,101,10000,0,1
6,10,85.0860465814618,2.88909034898309,0.909527533618437,2.31,0,0,99,0
6,10,85.0860465814618,2.88909034898309,0.909527533618437,19.2,0,0,61,0
6,10,85.0860465814618,2.88909034898309,0.909527533618437,19.98,0,0,96,0
6,10,85.0860465814618,2.88909034898309,0.909527533618437,20.99,0,0,64,0
7,10,47.4476950375413,8.15598997928008,0.821810231501362,0,101,10000,0,1
7,10,47.4476950375413,8.15598997928008,0.821810231501362,7.79,0,0,74,0
7,10,47.4476950375413,8.15598997928008,0.821810231501362,15.99,0,0,14,0
7,10,47.4476950375413,8.15598997928008,0.821810231501362,16.17,0,0,15,0
7,10,47.4476950375413,8.15598997928008,0.821810231501362,17.5,0,0,12,0
8,10,50.435032849265,4.16800177620011,1.39790140863383,0,101,10000,0,1
8,10,50.435032849265,4.16800177620011,1.39790140863383,10.48,0,0,105,0
8,10,50.435032849265,4.16800177620011,1.39790140863383,11.81,0,0,98,0
8,10,50.435032849265,4.16800177620011,1.39790140863383,11.89,0,0,86,0
8,10,50.435032849265,4.16800177620011,1.39790140863383,13.46,0,0,59,0
9,10,49.488584313798,6.1580156594049,0.815976977891316,0,101,10000,0,1
9,10,49.488584313798,6.1580156594049,0.815976977891316,0.13,0,0,17,0
9,10,49.488584313798,6.1580156594049,0.815976977891316,3.49,0,0,129,0
9,10,49.488584313798,6.1580156594049,0.815976977891316,10.93,0,0,47,0
9,10,49.488584313798,6.1580156594049,0.815976977891316,19.72,0,0,16,0
10,10,100.845439792079,3.3399166088325,0.671314378379384,0,101,10000,0,1
10,10,100.845439792079,3.3399166088325,0.671314378379384,1.27,0,0,57,0
10,10,100.845439792079,3.3399166088325,0.671314378379384,5.23,0,0,96,0
10,10,100.845439792079,3.3399166088325,0.671314378379384,6.79,0,0,93,0
10,10,100.845439792079,3.3399166088325,0.671314378379384,16.46,0,0,40,0
11,10,51.1917268237073,5.31484170519912,0.93457971998457,0,101,10000,0,1
11,10,51.1917268237073,5.31484170519912,0.93457971998457,2.29,0,0,113,0
11,10,51.1917268237073,5.31484170519912,0.93457971998457,11.68,0,0,56,0
11,10,51.1917268237073,5.31484170519912,0.93457971998457,16,0,0,32,0
11,10,51.1917268237073,5.31484170519912,0.93457971998457,19.48,0,0,20,0
12,10,56.6926481774045,3.88291766788811,0.992986932050716,0,101,10000,0,1
12,10,56.6926481774045,3.88291766788811,0.992986932050716,10.12,0,0,74,0
12,10,56.6926481774045,3.88291766788811,0.992986932050716,11.5,0,0,138,0
12,10,56.6926481774045,3.88291766788811,0.992986932050716,13.8,0,0,74,0
12,10,56.6926481774045,3.88291766788811,0.992986932050716,18.12,0,0,52,0
13,10,91.9082280785063,2.47255986917689,0.716433001149847,0,101,10000,0,1
13,10,91.9082280785063,2.47255986917689,0.716433001149847,5.48,0,0,99,0
13,10,91.9082280785063,2.47255986917689,0.716433001149847,6.32,0,0,74,0
13,10,91.9082280785063,2.47255986917689,0.716433001149847,8.84,0,0,85,0
13,10,91.9082280785063,2.47255986917689,0.716433001149847,14.7,0,0,90,0
14,10,78.0669534966278,2.94669955196019,0.875412549267412,0,101,10000,0,1
14,10,78.0669534966278,2.94669955196019,0.875412549267412,1.32,0,0,102,0
14,10,78.0669534966278,2.94669955196019,0.875412549267412,12.49,0,0,90,0
14,10,78.0669534966278,2.94669955196019,0.875412549267412,16.4,0,0,92,0
14,10,78.0669534966278,2.94669955196019,0.875412549267412,22.18,0,0,51,0
15,10,87.5690339657829,3.6431028747557,0.639954544006238,0,101,10000,0,1
15,10,87.5690339657829,3.6431028747557,0.639954544006238,0.15,0,0,12,0
15,10,87.5690339657829,3.6431028747557,0.639954544006238,2.9,0,0,100,0
15,10,87.5690339657829,3.6431028747557,0.639954544006238,10.23,0,0,84,0
15,10,87.5690339657829,3.6431028747557,0.639954544006238,19.2,0,0,59,0
16,10,85.7958990123935,4.88936507219656,0.953761924195659,0,101,10000,0,1
16,10,85.7958990123935,4.88936507219656,0.953761924195659,0.03,0,0,3,0
16,10,85.7958990123935,4.88936507219656,0.953761924195659,14.2,0,0,44,0
16,10,85.7958990123935,4.88936507219656,0.953761924195659,20.46,0,0,45,0
16,10,85.7958990123935,4.88936507219656,0.953761924195659,22.28,0,0,28,0
17,10,57.4376380566322,5.38845060142378,0.933780515220533,0,101,10000,0,1
17,10,57.4376380566322,5.38845060142378,0.933780515220533,11.11,0,0,87,0
17,10,57.4376380566322,5.38845060142378,0.933780515220533,11.59,0,0,98,0
17,10,57.4376380566322,5.38845060142378,0.933780515220533,13.72,0,0,54,0
17,10,57.4376380566322,5.38845060142378,0.933780515220533,19.61,0,0,30,0
18,10,94.4124401910312,5.17591302630969,1.03275188770382,0,101,10000,0,1
18,10,94.4124401910312,5.17591302630969,1.03275188770382,3.52,0,0,146,0
18,10,94.4124401910312,5.17591302630969,1.03275188770382,9.85,0,0,72,0
18,10,94.4124401910312,5.17591302630969,1.03275188770382,11.8,0,0,37,0
18,10,94.4124401910312,5.17591302630969,1.03275188770382,23.21,0,0,29,0
19,10,116.453964361786,6.05183860352906,1.1166297358517,0,101,10000,0,1
19,10,116.453964361786,6.05183860352906,1.1166297358517,1.08,0,0,75,0
19,10,116.453964361786,6.05183860352906,1.1166297358517,13.5,0,0,51,0
19,10,116.453964361786,6.05183860352906,1.1166297358517,17.51,0,0,34,0
19,10,116.453964361786,6.05183860352906,1.1166297358517,21.49,0,0,22,0
20,10,88.3525093692762,4.31452684800758,1.67149412795585,0,101,10000,0,1
20,10,88.3525093692762,4.31452684800758,1.67149412795585,2.15,0,0,108,0
20,10,88.3525093692762,4.31452684800758,1.67149412795585,5,0,0,84,0
20,10,88.3525093692762,4.31452684800758,1.67149412795585,7.25,0,0,74,0
20,10,88.3525093692762,4.31452684800758,1.67149412795585,8.89,0,0,70,0
21,10,65.5736659934854,4.42956485432969,1.32638984829598,0,101,10000,0,1
21,10,65.5736659934854,4.42956485432969,1.32638984829598,1.76,0,0,111,0
21,10,65.5736659934854,4.42956485432969,1.32638984829598,4.09,0,0,177,0
21,10,65.5736659934854,4.42956485432969,1.32638984829598,19.76,0,0,40,0
21,10,65.5736659934854,4.42956485432969,1.32638984829598,20.57,0,0,42,0
22,10,41.9677414324941,3.35109908264151,1.71106463756136,0,101,10000,0,1
22,10,41.9677414324941,3.35109908264151,1.71106463756136,3.28,0,0,242,0
22,10,41.9677414324941,3.35109908264151,1.71106463756136,8.33,0,0,125,0
22,10,41.9677414324941,3.35109908264151,1.71106463756136,18.64,0,0,43,0
22,10,41.9677414324941,3.35109908264151,1.71106463756136,23.69,0,0,38,0
23,10,53.7599048717354,3.79068019565247,0.721739288218951,0,101,10000,0,1
23,10,53.7599048717354,3.79068019565247,0.721739288218951,10.03,0,0,117,0
23,10,53.7599048717354,3.79068019565247,0.721739288218951,11.73,0,0,68,0
23,10,53.7599048717354,3.79068019565247,0.721739288218951,16.08,0,0,73,0
23,10,53.7599048717354,3.79068019565247,0.721739288218951,23.43,0,0,31,0
24,10,53.5239229229397,2.40440625984201,0.841825535728847,0,101,10000,0,1
24,10,53.5239229229397,2.40440625984201,0.841825535728847,2.55,0,0,177,0
24,10,53.5239229229397,2.40440625984201,0.841825535728847,10.5,0,0,118,0
24,10,53.5239229229397,2.40440625984201,0.841825535728847,16.97,0,0,113,0
24,10,53.5239229229397,2.40440625984201,0.841825535728847,21.24,0,0,71,0
25,10,43.1107361782719,2.78880058587538,1.07070057493623,0,101,10000,0,1
25,10,43.1107361782719,2.78880058587538,1.07070057493623,2.92,0,0,241,0
25,10,43.1107361782719,2.78880058587538,1.07070057493623,10.45,0,0,154,0
25,10,43.1107361782719,2.78880058587538,1.07070057493623,14.09,0,0,77,0
25,10,43.1107361782719,2.78880058587538,1.07070057493623,16.49,0,0,113,0
26,10,136.412894394508,3.72374069293289,1.44909247699817,0,101,10000,0,1
26,10,136.412894394508,3.72374069293289,1.44909247699817,9.4,0,0,66,0
26,10,136.412894394508,3.72374069293289,1.44909247699817,15.61,0,0,58,0
26,10,136.412894394508,3.72374069293289,1.44909247699817,17.71,0,0,47,0
26,10,136.412894394508,3.72374069293289,1.44909247699817,20.81,0,0,38,0
27,10,78.0669534966278,2.94669955196019,0.875412549267412,0,101,10000,0,1
27,10,78.0669534966278,2.94669955196019,0.875412549267412,1.32,0,0,102,0
27,10,78.0669534966278,2.94669955196019,0.875412549267412,12.49,0,0,90,0
27,10,78.0669534966278,2.94669955196019,0.875412549267412,16.4,0,0,92,0
27,10,78.0669534966278,2.94669955196019,0.875412549267412,22.18,0,0,51,0
28,10,74.9122654409475,5.56377325727745,0.816369518557328,0,101,10000,0,1
28,10,74.9122654409475,5.56377325727745,0.816369518557328,0.65,0,0,59,0
28,10,74.9122654409475,5.56377325727745,0.816369518557328,9.82,0,0,61,0
28,10,74.9122654409475,5.56377325727745,0.816369518557328,18.52,0,0,40,0
28,10,74.9122654409475,5.56377325727745,0.816369518557328,18.6,0,0,33,0
29,10,88.8062057162749,4.41459768317456,1.04949008642058,0,101,10000,0,1
29,10,88.8062057162749,4.41459768317456,1.04949008642058,5.29,0,0,101,0
29,10,88.8062057162749,4.41459768317456,1.04949008642058,12.42,0,0,55,0
29,10,88.8062057162749,4.41459768317456,1.04949008642058,16.48,0,0,37,0
29,10,88.8062057162749,4.41459768317456,1.04949008642058,19.91,0,0,34,0
30,10,94.8485087537273,3.34662248710426,0.98138587687262,0,101,10000,0,1
30,10,94.8485087537273,3.34662248710426,0.98138587687262,2.69,0,0,100,0
30,10,94.8485087537273,3.34662248710426,0.98138587687262,6.07,0,0,115,0
30,10,94.8485087537273,3.34662248710426,0.98138587687262,16.27,0,0,54,0
30,10,94.8485087537273,3.34662248710426,0.98138587687262,22.09,0,0,75,0
31,30,79.534135256103,2.44359557789134,0.561042027551338,0,101,30000,0,1
31,30,79.534135256103,2.44359557789134,0.561042027551338,1.47,0,0,175,0
31,30,79.534135256103,2.44359557789134,0.561042027551338,10.15,0,0,232,0
31,30,79.534135256103,2.44359557789134,0.561042027551338,22.87,0,0,219,0
31,30,79.534135256103,2.44359557789134,0.561042027551338,23.66,0,0,187,0
32,30,100.292441008673,2.58350625521427,0.827789341104659,0,101,30000,0,1
32,30,100.292441008673,2.58350625521427,0.827789341104659,0.01,0,0,3,0
32,30,100.292441008673,2.58350625521427,0.827789341104659,14.22,0,0,262,0
32,30,100.292441008673,2.58350625521427,0.827789341104659,19.15,0,0,206,0
32,30,100.292441008673,2.58350625521427,0.827789341104659,20.4,0,0,163,0
33,30,45.5591212960698,5.56682725519784,1.09939930717016,0,101,30000,0,1
33,30,45.5591212960698,5.56682725519784,1.09939930717016,0.2,0,0,109,0
33,30,45.5591212960698,5.56682725519784,1.09939930717016,7.37,0,0,206,0
33,30,45.5591212960698,5.56682725519784,1.09939930717016,9.49,0,0,215,0
33,30,45.5591212960698,5.56682725519784,1.09939930717016,13.71,0,0,121,0
34,30,71.2461583655091,3.39459422060595,1.34456346374294,0,101,30000,0,1
34,30,71.2461583655091,3.39459422060595,1.34456346374294,3.91,0,0,331,0
34,30,71.2461583655091,3.39459422060595,1.34456346374294,5.2,0,0,370,0
34,30,71.2461583655091,3.39459422060595,1.34456346374294,16.72,0,0,195,0
34,30,71.2461583655091,3.39459422060595,1.34456346374294,22.39,0,0,170,0
35,30,74.5257024267013,4.37693213124506,0.787729828250638,0,101,30000,0,1
35,30,74.5257024267013,4.37693213124506,0.787729828250638,5.94,0,0,353,0
35,30,74.5257024267013,4.37693213124506,0.787729828250638,6.25,0,0,326,0
35,30,74.5257024267013,4.37693213124506,0.787729828250638,11.91,0,0,195,0
35,30,74.5257024267013,4.37693213124506,0.787729828250638,18.74,0,0,109,0
36,30,61.2229390956508,2.75973157378089,1.34268757622761,0,101,30000,0,1
36,30,61.2229390956508,2.75973157378089,1.34268757622761,1.69,0,0,392,0
36,30,61.2229390956508,2.75973157378089,1.34268757622761,9.24,0,0,262,0
36,30,61.2229390956508,2.75973157378089,1.34268757622761,22.83,0,0,169,0
36,30,61.2229390956508,2.75973157378089,1.34268757622761,23.98,0,0,204,0
37,30,153.841620916542,2.27832949186016,1.4191456800929,0,101,30000,0,1
37,30,153.841620916542,2.27832949186016,1.4191456800929,0.22,0,0,59,0
37,30,153.841620916542,2.27832949186016,1.4191456800929,7.99,0,0,191,0
37,30,153.841620916542,2.27832949186016,1.4191456800929,10.98,0,0,151,0
37,30,153.841620916542,2.27832949186016,1.4191456800929,16.26,0,0,156,0
38,30,85.2057608288372,5.96283925347259,0.778943041457517,0,101,30000,0,1
38,30,85.2057608288372,5.96283925347259,0.778943041457517,2.38,0,0,242,0
38,30,85.2057608288372,5.96283925347259,0.778943041457517,7.08,0,0,203,0
38,30,85.2057608288372,5.96283925347259,0.778943041457517,9.63,0,0,209,0
38,30,85.2057608288372,5.96283925347259,0.778943041457517,18.06,0,0,95,0
39,30,79.5141986393872,4.51274045146076,0.899793225889481,0,101,30000,0,1
39,30,79.5141986393872,4.51274045146076,0.899793225889481,0.27,0,0,98,0
39,30,79.5141986393872,4.51274045146076,0.899793225889481,9.81,0,0,257,0
39,30,79.5141986393872,4.51274045146076,0.899793225889481,14.64,0,0,198,0
39,30,79.5141986393872,4.51274045146076,0.899793225889481,15.52,0,0,167,0
40,30,67.5956249757649,3.39751964088616,0.898921362588498,0,101,30000,0,1
40,30,67.5956249757649,3.39751964088616,0.898921362588498,0.86,0,0,317,0
40,30,67.5956249757649,3.39751964088616,0.898921362588498,2.32,0,0,499,0
40,30,67.5956249757649,3.39751964088616,0.898921362588498,16.49,0,0,209,0
40,30,67.5956249757649,3.39751964088616,0.898921362588498,20.61,0,0,145,0
41,30,65.8448923930708,5.41268406517173,0.890239559119018,0,101,30000,0,1
41,30,65.8448923930708,5.41268406517173,0.890239559119018,5.08,0,0,241,0
41,30,65.8448923930708,5.41268406517173,0.890239559119018,6.29,0,0,364,0
41,30,65.8448923930708,5.41268406517173,0.890239559119018,9.61,0,0,235,0
41,30,65.8448923930708,5.41268406517173,0.890239559119018,20.62,0,0,114,0
42,30,63.0590234878039,4.21138155420443,0.984936950740472,0,101,30000,0,1
42,30,63.0590234878039,4.21138155420443,0.984936950740472,3.11,0,0,554,0
42,30,63.0590234878039,4.21138155420443,0.984936950740472,7.25,0,0,266,0
42,30,63.0590234878039,4.21138155420443,0.984936950740472,11.55,0,0,214,0
42,30,63.0590234878039,4.21138155420443,0.984936950740472,14.71,0,0,254,0
43,30,94.7956385368214,3.91232295226582,0.800943901468266,0,101,30000,0,1
43,30,94.7956385368214,3.91232295226582,0.800943901468266,2.3,0,0,485,0
43,30,94.7956385368214,3.91232295226582,0.800943901468266,2.59,0,0,233,0
43,30,94.7956385368214,3.91232295226582,0.800943901468266,13.43,0,0,224,0
43,30,94.7956385368214,3.91232295226582,0.800943901468266,16.1,0,0,204,0
44,30,50.5400754079419,5.39608894492579,0.551475277913702,0,101,30000,0,1
44,30,50.5400754079419,5.39608894492579,0.551475277913702,1.96,0,0,385,0
44,30,50.5400754079419,5.39608894492579,0.551475277913702,2.02,0,0,310,0
44,30,50.5400754079419,5.39608894492579,0.551475277913702,20.11,0,0,74,0
44,30,50.5400754079419,5.39608894492579,0.551475277913702,23.76,0,0,53,0
45,30,48.2159268365294,6.16403166183077,0.875089364756187,0,101,30000,0,1
45,30,48.2159268365294,6.16403166183077,0.875089364756187,1.77,0,0,473,0
45,30,48.2159268365294,6.16403166183077,0.875089364756187,19.17,0,0,51,0
45,30,48.2159268365294,6.16403166183077,0.875089364756187,23.13,0,0,34,0
45,30,48.2159268365294,6.16403166183077,0.875089364756187,23.93,0,0,38,0
46,30,77.2778078833683,5.72878682501168,1.39358244705742,0,101,30000,0,1
46,30,77.2778078833683,5.72878682501168,1.39358244705742,4.35,0,0,235,0
46,30,77.2778078833683,5.72878682501168,1.39358244705742,14.99,0,0,127,0
46,30,77.2778078833683,5.72878682501168,1.39358244705742,15.42,0,0,206,0
46,30,77.2778078833683,5.72878682501168,1.39358244705742,21.99,0,0,67,0
47,30,97.2754181797292,5.13660809701005,0.793125077759433,0,101,30000,0,1
47,30,97.2754181797292,5.13660809701005,0.793125077759433,1.97,0,0,204,0
47,30,97.2754181797292,5.13660809701005,0.793125077759433,4.54,0,0,261,0
47,30,97.2754181797292,5.13660809701005,0.793125077759433,7.26,0,0,203,0
47,30,97.2754181797292,5.13660809701005,0.793125077759433,9.81,0,0,236,0
48,30,68.5093636147911,2.67779275457267,1.93870972083551,0,101,30000,0,1
48,30,68.5093636147911,2.67779275457267,1.93870972083551,1.32,0,0,412,0
48,30,68.5093636147911,2.67779275457267,1.93870972083551,9.47,0,0,266,0
48,30,68.5093636147911,2.67779275457267,1.93870972083551,14.92,0,0,201,0
48,30,68.5093636147911,2.67779275457267,1.93870972083551,22.62,0,0,115,0
49,30,99.3520761983763,4.51832445841656,0.718771417662313,0,101,30000,0,1
49,30,99.3520761983763,4.51832445841656,0.718771417662313,6.06,0,0,218,0
49,30,99.3520761983763,4.51832445841656,0.718771417662313,7.9,0,0,208,0
49,30,99.3520761983763,4.51832445841656,0.718771417662313,10.81,0,0,191,0
49,30,99.3520761983763,4.51832445841656,0.718771417662313,14.42,0,0,160,0
50,30,70.5677358218915,1.99979877107087,1.41215861866892,0,101,30000,0,1
50,30,70.5677358218915,1.99979877107087,1.41215861866892,0.41,0,0,220,0
50,30,70.5677358218915,1.99979877107087,1.41215861866892,1.75,0,0,385,0
50,30,70.5677358218915,1.99979877107087,1.41215861866892,13.58,0,0,289,0
50,30,70.5677358218915,1.99979877107087,1.41215861866892,16.07,0,0,229,0
51,30,72.5616538518925,4.17316265438709,1.27616781203731,0,101,30000,0,1
51,30,72.5616538518925,4.17316265438709,1.27616781203731,11.75,0,0,210,0
51,30,72.5616538518925,4.17316265438709,1.27616781203731,18.41,0,0,123,0
51,30,72.5616538518925,4.17316265438709,1.27616781203731,21.21,0,0,94,0
51,30,72.5616538518925,4.17316265438709,1.27616781203731,21.41,0,0,137,0
52,30,46.9931976809825,4.58882252024003,1.02469003053503,0,101,30000,0,1
52,30,46.9931976809825,4.58882252024003,1.02469003053503,2.63,0,0,443,0
52,30,46.9931976809825,4.58882252024003,1.02469003053503,4.54,0,0,414,0
52,30,46.9931976809825,4.58882252024003,1.02469003053503,9.37,0,0,268,0
52,30,46.9931976809825,4.58882252024003,1.02469003053503,17.24,0,0,112,0
53,30,51.7972244828337,3.92665952384596,0.844509834479624,0,101,30000,0,1
53,30,51.7972244828337,3.92665952384596,0.844509834479624,0.48,0,0,232,0
53,30,51.7972244828337,3.92665952384596,0.844509834479624,4.35,0,0,417,0
53,30,51.7972244828337,3.92665952384596,0.844509834479624,9.04,0,0,361,0
53,30,51.7972244828337,3.92665952384596,0.844509834479624,10.91,0,0,266,0
54,30,58.3875788293433,1.49691934735184,0.87427264241045,0,101,30000,0,1
54,30,58.3875788293433,1.49691934735184,0.87427264241045,1.59,0,0,384,0
54,30,58.3875788293433,1.49691934735184,0.87427264241045,1.66,0,0,364,0
54,30,58.3875788293433,1.49691934735184,0.87427264241045,11.21,0,0,403,0
54,30,58.3875788293433,1.49691934735184,0.87427264241045,11.21,0,0,468,0
55,30,41.333971505426,3.17118497650748,0.893720313525904,0,101,30000,0,1
55,30,41.333971505426,3.17118497650748,0.893720313525904,0.02,0,0,13,0
55,30,41.333971505426,3.17118497650748,0.893720313525904,2.72,0,0,683,0
55,30,41.333971505426,3.17118497650748,0.893720313525904,3.25,0,0,504,0
55,30,41.333971505426,3.17118497650748,0.893720313525904,7.16,0,0,450,0
56,30,88.4624053819396,5.4384628931829,1.77599300908711,0,101,30000,0,1
56,30,88.4624053819396,5.4384628931829,1.77599300908711,13.18,0,0,155,0
56,30,88.4624053819396,5.4384628931829,1.77599300908711,13.65,0,0,133,0
56,30,88.4624053819396,5.4384628931829,1.77599300908711,23.11,0,0,86,0
56,30,88.4624053819396,5.4384628931829,1.77599300908711,23.75,0,0,79,0
57,30,54.4001809684401,3.78719048591107,1.07950541642713,0,101,30000,0,1
57,30,54.4001809684401,3.78719048591107,1.07950541642713,3.27,0,0,455,0
57,30,54.4001809684401,3.78719048591107,1.07950541642713,4.13,0,0,358,0
57,30,54.4001809684401,3.78719048591107,1.07950541642713,16.99,0,0,156,0
57,30,54.4001809684401,3.78719048591107,1.07950541642713,22.81,0,0,114,0
58,30,76.6418026901966,1.59650924854121,0.746396542655051,0,101,30000,0,1
58,30,76.6418026901966,1.59650924854121,0.746396542655051,8.7,0,0,386,0
58,30,76.6418026901966,1.59650924854121,0.746396542655051,9.61,0,0,289,0
58,30,76.6418026901966,1.59650924854121,0.746396542655051,12.25,0,0,275,0
58,30,76.6418026901966,1.59650924854121,0.746396542655051,12.84,0,0,330,0
59,30,48.8029583166656,3.15063407930609,1.3515478287626,0,101,30000,0,1
59,30,48.8029583166656,3.15063407930609,1.3515478287626,4.56,0,0,411,0
59,30,48.8029583166656,3.15063407930609,1.3515478287626,11.71,0,0,409,0
59,30,48.8029583166656,3.15063407930609,1.3515478287626,17.34,0,0,182,0
59,30,48.8029583166656,3.15063407930609,1.3515478287626,20.42,0,0,223,0
60,30,80.4427787123033,4.58827977422834,0.640921425507257,0,101,30000,0,1
60,30,80.4427787123033,4.58827977422834,0.640921425507257,7.43,0,0,294,0
60,30,80.4427787123033,4.58827977422834,0.640921425507257,8.57,0,0,306,0
60,30,80.4427787123033,4.58827977422834,0.640921425507257,8.68,0,0,371,0
60,30,80.4427787123033,4.58827977422834,0.640921425507257,9.86,0,0,280,0
61,60,58.5110122011738,5.15595809630875,1.22704337626878,0,101,60000,0,1
61,60,58.5110122011738,5.15595809630875,1.22704337626878,3.51,0,0,734,0
61,60,58.5110122011738,5.15595809630875,1.22704337626878,8.68,0,0,615,0
61,60,58.5110122011738,5.15595809630875,1.22704337626878,11.89,0,0,299,0
61,60,58.5110122011738,5.15595809630875,1.22704337626878,21.86,0,0,157,0
62,60,59.8951944519201,1.97062068324118,1.15028512654164,0,101,60000,0,1
62,60,59.8951944519201,1.97062068324118,1.15028512654164,2.91,0,0,605,0
62,60,59.8951944519201,1.97062068324118,1.15028512654164,2.97,0,0,658,0
62,60,59.8951944519201,1.97062068324118,1.15028512654164,12.68,0,0,825,0
62,60,59.8951944519201,1.97062068324118,1.15028512654164,17.27,0,0,655,0
63,60,50.0729024075642,4.15897308269782,1.25821608097971,0,101,60000,0,1
63,60,50.0729024075642,4.15897308269782,1.25821608097971,3,0,0,956,0
63,60,50.0729024075642,4.15897308269782,1.25821608097971,6.03,0,0,717,0
63,60,50.0729024075642,4.15897308269782,1.25821608097971,16.43,0,0,371,0
63,60,50.0729024075642,4.15897308269782,1.25821608097971,22.73,0,0,304,0
64,60,71.2590033085545,6.24442090172707,1.23715243634909,0,101,60000,0,1
64,60,71.2590033085545,6.24442090172707,1.23715243634909,2.85,0,0,589,0
64,60,71.2590033085545,6.24442090172707,1.23715243634909,14.09,0,0,165,0
64,60,71.2590033085545,6.24442090172707,1.23715243634909,16.04,0,0,216,0
64,60,71.2590033085545,6.24442090172707,1.23715243634909,20.54,0,0,137,0
65,60,84.2866565161324,3.58958080379137,1.13177331714765,0,101,60000,0,1
65,60,84.2866565161324,3.58958080379137,1.13177331714765,1.07,0,0,442,0
65,60,84.2866565161324,3.58958080379137,1.13177331714765,3.96,0,0,749,0
65,60,84.2866565161324,3.58958080379137,1.13177331714765,5.94,0,0,516,0
65,60,84.2866565161324,3.58958080379137,1.13177331714765,14.21,0,0,445,0
66,60,44.2022874257794,3.53047238929296,1.27135206614052,0,101,60000,0,1
66,60,44.2022874257794,3.53047238929296,1.27135206614052,3.52,0,0,778,0
66,60,44.2022874257794,3.53047238929296,1.27135206614052,6.81,0,0,756,0
66,60,44.2022874257794,3.53047238929296,1.27135206614052,15.87,0,0,440,0
66,60,44.2022874257794,3.53047238929296,1.27135206614052,17.89,0,0,395,0
67,60,77.0372893984137,2.91597247952041,1.24396274756897,0,101,60000,0,1
67,60,77.0372893984137,2.91597247952041,1.24396274756897,1.93,0,0,1235,0
67,60,77.0372893984137,2.91597247952041,1.24396274756897,7.1,0,0,723,0
67,60,77.0372893984137,2.91597247952041,1.24396274756897,10.14,0,0,468,0
67,60,77.0372893984137,2.91597247952041,1.24396274756897,15.46,0,0,351,0
68,60,128.246217596752,4.20046271359648,0.686858514232407,0,101,60000,0,1
68,60,128.246217596752,4.20046271359648,0.686858514232407,7.62,0,0,273,0
68,60,128.246217596752,4.20046271359648,0.686858514232407,12.52,0,0,294,0
68,60,128.246217596752,4.20046271359648,0.686858514232407,17.67,0,0,197,0
68,60,128.246217596752,4.20046271359648,0.686858514232407,19.67,0,0,189,0
69,60,48.4432515720214,3.35681504993432,0.570511576890939,0,101,60000,0,1
69,60,48.4432515720214,3.35681504993432,0.570511576890939,13.9,0,0,930,0
69,60,48.4432515720214,3.35681504993432,0.570511576890939,16.53,0,0,454,0
69,60,48.4432515720214,3.35681504993432,0.570511576890939,18.43,0,0,430,0
69,60,48.4432515720214,3.35681504993432,0.570511576890939,23.57,0,0,247,0
70,60,53.9694315369777,3.66128415387104,1.33647709860907,0,101,60000,0,1
70,60,53.9694315369777,3.66128415387104,1.33647709860907,3.8,0,0,704,0
70,60,53.9694315369777,3.66128415387104,1.33647709860907,3.87,0,0,889,0
70,60,53.9694315369777,3.66128415387104,1.33647709860907,7.05,0,0,873,0
70,60,53.9694315369777,3.66128415387104,1.33647709860907,13.38,0,0,468,0
71,60,36.4873716451837,4.33940012534821,0.850469948921935,0,101,60000,0,1
71,60,36.4873716451837,4.33940012534821,0.850469948921935,6.91,0,0,686,0
71,60,36.4873716451837,4.33940012534821,0.850469948921935,11.51,0,0,330,0
71,60,36.4873716451837,4.33940012534821,0.850469948921935,19.67,0,0,206,0
71,60,36.4873716451837,4.33940012534821,0.850469948921935,23.41,0,0,116,0
72,60,78.9110124740824,5.86696600109398,0.861905970222221,0,101,60000,0,1
72,60,78.9110124740824,5.86696600109398,0.861905970222221,2.98,0,0,558,0
72,60,78.9110124740824,5.86696600109398,0.861905970222221,14.37,0,0,304,0
72,60,78.9110124740824,5.86696600109398,0.861905970222221,16.01,0,0,348,0
72,60,78.9110124740824,5.86696600109398,0.861905970222221,21.5,0,0,128,0
73,60,55.5937505543835,5.99456878535653,0.897902221420767,0,101,60000,0,1
73,60,55.5937505543835,5.99456878535653,0.897902221420767,0.91,0,0,569,0
73,60,55.5937505543835,5.99456878535653,0.897902221420767,3.54,0,0,679,0
73,60,55.5937505543835,5.99456878535653,0.897902221420767,8.81,0,0,452,0
73,60,55.5937505543835,5.99456878535653,0.897902221420767,16.53,0,0,207,0
74,60,142.472976603026,5.81928679463323,1.61925956273998,0,101,60000,0,1
74,60,142.472976603026,5.81928679463323,1.61925956273998,7.09,0,0,375,0
74,60,142.472976603026,5.81928679463323,1.61925956273998,10.6,0,0,240,0
74,60,142.472976603026,5.81928679463323,1.61925956273998,19.73,0,0,197,0
74,60,142.472976603026,5.81928679463323,1.61925956273998,22.33,0,0,193,0
75,60,36.2624884863952,2.67920200294443,1.95065587165748,0,101,60000,0,1
75,60,36.2624884863952,2.67920200294443,1.95065587165748,1.92,0,0,2302,0
75,60,36.2624884863952,2.67920200294443,1.95065587165748,1.98,0,0,1118,0
75,60,36.2624884863952,2.67920200294443,1.95065587165748,9.84,0,0,820,0
75,60,36.2624884863952,2.67920200294443,1.95065587165748,14.13,0,0,680,0
76,60,65.3412239695899,2.7379037356077,1.22036727195893,0,101,60000,0,1
76,60,65.3412239695899,2.7379037356077,1.22036727195893,7.04,0,0,717,0
76,60,65.3412239695899,2.7379037356077,1.22036727195893,14.35,0,0,768,0
76,60,65.3412239695899,2.7379037356077,1.22036727195893,19.52,0,0,482,0
76,60,65.3412239695899,2.7379037356077,1.22036727195893,20.89,0,0,478,0
77,60,57.930456603346,3.01006212677895,0.869182317678888,0,101,60000,0,1
77,60,57.930456603346,3.01006212677895,0.869182317678888,2.72,0,0,772,0
77,60,57.930456603346,3.01006212677895,0.869182317678888,4.97,0,0,1221,0
77,60,57.930456603346,3.01006212677895,0.869182317678888,6.59,0,0,599,0
77,60,57.930456603346,3.01006212677895,0.869182317678888,22.42,0,0,317,0
78,60,42.3306980298709,3.93172189713931,1.34519715488821,0,101,60000,0,1
78,60,42.3306980298709,3.93172189713931,1.34519715488821,14.63,0,0,435,0
78,60,42.3306980298709,3.93172189713931,1.34519715488821,16.06,0,0,347,0
78,60,42.3306980298709,3.93172189713931,1.34519715488821,20.02,0,0,243,0
78,60,42.3306980298709,3.93172189713931,1.34519715488821,23.88,0,0,241,0
79,60,85.2965867692976,5.29007442525055,1.03041699449749,0,101,60000,0,1
79,60,85.2965867692976,5.29007442525055,1.03041699449749,6.07,0,0,448,0
79,60,85.2965867692976,5.29007442525055,1.03041699449749,6.1,0,0,396,0
79,60,85.2965867692976,5.29007442525055,1.03041699449749,8.55,0,0,358,0
79,60,85.2965867692976,5.29007442525055,1.03041699449749,11.78,0,0,416,0
80,60,58.0066532934582,7.17117818060456,0.906355123789542,0,101,60000,0,1
80,60,58.0066532934582,7.17117818060456,0.906355123789542,4.1,0,0,530,0
80,60,58.0066532934582,7.17117818060456,0.906355123789542,12.48,0,0,333,0
80,60,58.0066532934582,7.17117818060456,0.906355123789542,21.84,0,0,92,0
80,60,58.0066532934582,7.17117818060456,0.906355123789542,22.75,0,0,77,0
81,60,67.8258601494021,2.20088337481244,1.1145115320273,0,101,60000,0,1
81,60,67.8258601494021,2.20088337481244,1.1145115320273,13.03,0,0,692,0
81,60,67.8258601494021,2.20088337481244,1.1145115320273,13.66,0,0,589,0
81,60,67.8258601494021,2.20088337481244,1.1145115320273,15.24,0,0,442,0
81,60,67.8258601494021,2.20088337481244,1.1145115320273,22.01,0,0,398,0
82,60,72.6034694921169,4.30096537609538,1.59852925313331,0,101,60000,0,1
82,60,72.6034694921169,4.30096537609538,1.59852925313331,1.23,0,0,700,0
82,60,72.6034694921169,4.30096537609538,1.59852925313331,7.48,0,0,377,0
82,60,72.6034694921169,4.30096537609538,1.59852925313331,18.26,0,0,290,0
82,60,72.6034694921169,4.30096537609538,1.59852925313331,20.69,0,0,365,0
83,60,132.725787603138,4.16795405800777,1.32732175641611,0,101,60000,0,1
83,60,132.725787603138,4.16795405800777,1.32732175641611,7.7,0,0,423,0
83,60,132.725787603138,4.16795405800777,1.32732175641611,8.06,0,0,431,0
83,60,132.725787603138,4.16795405800777,1.32732175641611,8.78,0,0,416,0
83,60,132.725787603138,4.16795405800777,1.32732175641611,18.46,0,0,267,0
84,60,63.1883044931688,4.6550482840394,0.86045554390842,0,101,60000,0,1
84,60,63.1883044931688,4.6550482840394,0.86045554390842,0.62,0,0,393,0
84,60,63.1883044931688,4.6550482840394,0.86045554390842,2.56,0,0,740,0
84,60,63.1883044931688,4.6550482840394,0.86045554390842,6.09,0,0,738,0
84,60,63.1883044931688,4.6550482840394,0.86045554390842,14.29,0,0,349,0
85,60,54.3836063805342,2.38577572436088,2.09004820177011,0,101,60000,0,1
85,60,54.3836063805342,2.38577572436088,2.09004820177011,3.97,0,0,760,0
85,60,54.3836063805342,2.38577572436088,2.09004820177011,11.56,0,0,581,0
85,60,54.3836063805342,2.38577572436088,2.09004820177011,12.4,0,0,569,0
85,60,54.3836063805342,2.38577572436088,2.09004820177011,13.66,0,0,626,0
86,60,67.8258601494021,2.20088337481244,1.1145115320273,0,101,60000,0,1
86,60,67.8258601494021,2.20088337481244,1.1145115320273,13.03,0,0,692,0
86,60,67.8258601494021,2.20088337481244,1.1145115320273,13.66,0,0,589,0
86,60,67.8258601494021,2.20088337481244,1.1145115320273,15.24,0,0,442,0
86,60,67.8258601494021,2.20088337481244,1.1145115320273,22.01,0,0,398,0
87,60,25.7313919002209,4.0929265550002,1.50417011256818,0,101,60000,0,1
87,60,25.7313919002209,4.0929265550002,1.50417011256818,0.22,0,0,529,0
87,60,25.7313919002209,4.0929265550002,1.50417011256818,0.58,0,0,1587,0
87,60,25.7313919002209,4.0929265550002,1.50417011256818,14.78,0,0,284,0
87,60,25.7313919002209,4.0929265550002,1.50417011256818,23.68,0,0,82,0
88,60,46.8896848726413,2.61706184239575,0.583602509136276,0,101,60000,0,1
88,60,46.8896848726413,2.61706184239575,0.583602509136276,8.57,0,0,700,0
88,60,46.8896848726413,2.61706184239575,0.583602509136276,10.56,0,0,1139,0
88,60,46.8896848726413,2.61706184239575,0.583602509136276,15.49,0,0,725,0
88,60,46.8896848726413,2.61706184239575,0.583602509136276,23.04,0,0,333,0
89,60,70.5857169414529,2.94174100473735,0.998207141365475,0,101,60000,0,1
89,60,70.5857169414529,2.94174100473735,0.998207141365475,0.46,0,0,365,0
89,60,70.5857169414529,2.94174100473735,0.998207141365475,5.76,0,0,658,0
89,60,70.5857169414529,2.94174100473735,0.998207141365475,12.36,0,0,458,0
89,60,70.5857169414529,2.94174100473735,0.998207141365475,18.82,0,0,349,0
90,60,94.2839998429175,3.82977198737077,1.05037537232703,0,101,60000,0,1
90,60,94.2839998429175,3.82977198737077,1.05037537232703,2.6,0,0,566,0
90,60,94.2839998429175,3.82977198737077,1.05037537232703,4.31,0,0,613,0
90,60,94.2839998429175,3.82977198737077,1.05037537232703,6.77,0,0,384,0
90,60,94.2839998429175,3.82977198737077,1.05037537232703,16.36,0,0,264,0
91,120,69.440398888126,3.62132529524105,1.6334641066452,0,101,120000,0,1
91,120,69.440398888126,3.62132529524105,1.6334641066452,0.71,0,0,967,0
91,120,69.440398888126,3.62132529524105,1.6334641066452,6.44,0,0,1525,0
91,120,69.440398888126,3.62132529524105,1.6334641066452,7.31,0,0,963,0
91,120,69.440398888126,3.62132529524105,1.6334641066452,22.29,0,0,603,0
92,120,104.022047346946,2.9572408865429,1.27139823030345,0,101,120000,0,1
92,120,104.022047346946,2.9572408865429,1.27139823030345,1.94,0,0,1162,0
92,120,104.022047346946,2.9572408865429,1.27139823030345,4.86,0,0,865,0
92,120,104.022047346946,2.9572408865429,1.27139823030345,6.49,0,0,778,0
92,120,104.022047346946,2.9572408865429,1.27139823030345,9.45,0,0,837,0
93,120,82.057412194624,3.65704071042122,0.654080744867831,0,101,120000,0,1
93,120,82.057412194624,3.65704071042122,0.654080744867831,7.33,0,0,1275,0
93,120,82.057412194624,3.65704071042122,0.654080744867831,9.47,0,0,1163,0
93,120,82.057412194624,3.65704071042122,0.654080744867831,13.54,0,0,641,0
93,120,82.057412194624,3.65704071042122,0.654080744867831,20.99,0,0,777,0
94,120,68.7987873154933,4.02091829881621,0.629221005036221,0,101,120000,0,1
94,120,68.7987873154933,4.02091829881621,0.629221005036221,16.13,0,0,464,0
94,120,68.7987873154933,4.02091829881621,0.629221005036221,17.01,0,0,641,0
94,120,68.7987873154933,4.02091829881621,0.629221005036221,21.06,0,0,472,0
94,120,68.7987873154933,4.02091829881621,0.629221005036221,22.06,0,0,437,0
95,120,40.0939182937807,6.51041979371334,0.988566920406643,0,101,120000,0,1
95,120,40.0939182937807,6.51041979371334,0.988566920406643,2.79,0,0,3057,0
95,120,40.0939182937807,6.51041979371334,0.988566920406643,13.78,0,0,495,0
95,120,40.0939182937807,6.51041979371334,0.988566920406643,14.21,0,0,293,0
95,120,40.0939182937807,6.51041979371334,0.988566920406643,21.72,0,0,92,0
96,120,68.6255454100069,4.06657224736755,1.44918205265538,0,101,120000,0,1
96,120,68.6255454100069,4.06657224736755,1.44918205265538,0.03,0,0,67,0
96,120,68.6255454100069,4.06657224736755,1.44918205265538,12.25,0,0,821,0
96,120,68.6255454100069,4.06657224736755,1.44918205265538,13.91,0,0,896,0
96,120,68.6255454100069,4.06657224736755,1.44918205265538,20,0,0,764,0
97,120,59.1207271785547,2.13818359152372,1.2339830037016,0,101,120000,0,1
97,120,59.1207271785547,2.13818359152372,1.2339830037016,16.24,0,0,2059,0
97,120,59.1207271785547,2.13818359152372,1.2339830037016,17.1,0,0,895,0
97,120,59.1207271785547,2.13818359152372,1.2339830037016,17.19,0,0,1109,0
97,120,59.1207271785547,2.13818359152372,1.2339830037016,19.15,0,0,1000,0
98,120,70.9011857055627,5.12270166599285,1.09000249057831,0,101,120000,0,1
98,120,70.9011857055627,5.12270166599285,1.09000249057831,0.88,0,0,814,0
98,120,70.9011857055627,5.12270166599285,1.09000249057831,1.49,0,0,1059,0
98,120,70.9011857055627,5.12270166599285,1.09000249057831,12.34,0,0,716,0
98,120,70.9011857055627,5.12270166599285,1.09000249057831,21.53,0,0,320,0
99,120,103.705074809128,5.10681146416101,0.753469705295568,0,101,120000,0,1
99,120,103.705074809128,5.10681146416101,0.753469705295568,2.21,0,0,768,0
99,120,103.705074809128,5.10681146416101,0.753469705295568,7.64,0,0,874,0
99,120,103.705074809128,5.10681146416101,0.753469705295568,9.45,0,0,857,0
99,120,103.705074809128,5.10681146416101,0.753469705295568,23.51,0,0,362,0
100,120,63.3274514576501,6.10336968730093,0.797489551343253,0,101,120000,0,1
100,120,63.3274514576501,6.10336968730093,0.797489551343253,4.36,0,0,1271,0
100,120,63.3274514576501,6.10336968730093,0.797489551343253,4.61,0,0,1293,0
100,120,63.3274514576501,6.10336968730093,0.797489551343253,12.17,0,0,1007,0
100,120,63.3274514576501,6.10336968730093,0.797489551343253,17.28,0,0,279,0
101,120,48.0921837003055,7.71376049464012,0.703751119695746,0,101,120000,0,1
101,120,48.0921837003055,7.71376049464012,0.703751119695746,1.23,0,0,950,0
101,120,48.0921837003055,7.71376049464012,0.703751119695746,15.32,0,0,241,0
101,120,48.0921837003055,7.71376049464012,0.703751119695746,16.94,0,0,223,0
101,120,48.0921837003055,7.71376049464012,0.703751119695746,23.26,0,0,79,0
102,120,54.415415753536,4.14174989702754,0.719133063284492,0,101,120000,0,1
102,120,54.415415753536,4.14174989702754,0.719133063284492,1.99,0,0,1701,0
102,120,54.415415753536,4.14174989702754,0.719133063284492,2.34,0,0,2747,0
102,120,54.415415753536,4.14174989702754,0.719133063284492,8.86,0,0,1189,0
102,120,54.415415753536,4.14174989702754,0.719133063284492,20.34,0,0,496,0
103,120,85.0086487780888,5.27212174842919,1.83947402744845,0,101,120000,0,1
103,120,85.0086487780888,5.27212174842919,1.83947402744845,0.76,0,0,990,0
103,120,85.0086487780888,5.27212174842919,1.83947402744845,3.31,0,0,975,0
103,120,85.0086487780888,5.27212174842919,1.83947402744845,6.22,0,0,1172,0
103,120,85.0086487780888,5.27212174842919,1.83947402744845,23.57,0,0,445,0
104,120,49.998036595285,3.61488889079397,1.21109139690065,0,101,120000,0,1
104,120,49.998036595285,3.61488889079397,1.21109139690065,7.37,0,0,1144,0
104,120,49.998036595285,3.61488889079397,1.21109139690065,7.77,0,0,1180,0
104,120,49.998036595285,3.61488889079397,1.21109139690065,14.02,0,0,1078,0
104,120,49.998036595285,3.61488889079397,1.21109139690065,18.03,0,0,795,0
105,120,52.8269545932605,10.2125065760807,0.826239437056361,0,101,120000,0,1
105,120,52.8269545932605,10.2125065760807,0.826239437056361,10.19,0,0,409,0
105,120,52.8269545932605,10.2125065760807,0.826239437056361,17.51,0,0,87,0
105,120,52.8269545932605,10.2125065760807,0.826239437056361,19.18,0,0,74,0
105,120,52.8269545932605,10.2125065760807,0.826239437056361,21.08,0,0,57,0
106,120,56.2902557965035,4.31738584812449,0.939843086948472,0,101,120000,0,1
106,120,56.2902557965035,4.31738584812449,0.939843086948472,6.57,0,0,1129,0
106,120,56.2902557965035,4.31738584812449,0.939843086948472,7.13,0,0,1747,0
106,120,56.2902557965035,4.31738584812449,0.939843086948472,12.9,0,0,981,0
106,120,56.2902557965035,4.31738584812449,0.939843086948472,23.91,0,0,428,0
107,120,72.7778432248635,4.19968334118293,1.03305147178674,0,101,120000,0,1
107,120,72.7778432248635,4.19968334118293,1.03305147178674,5.16,0,0,1278,0
107,120,72.7778432248635,4.19968334118293,1.03305147178674,18.28,0,0,631,0
107,120,72.7778432248635,4.19968334118293,1.03305147178674,21.77,0,0,501,0
107,120,72.7778432248635,4.19968334118293,1.03305147178674,23.86,0,0,343,0
108,120,56.2256183360462,3.1535789158525,0.614480247895462,0,101,120000,0,1
108,120,56.2256183360462,3.1535789158525,0.614480247895462,6.92,0,0,1709,0
108,120,56.2256183360462,3.1535789158525,0.614480247895462,12.84,0,0,837,0
108,120,56.2256183360462,3.1535789158525,0.614480247895462,16.72,0,0,779,0
108,120,56.2256183360462,3.1535789158525,0.614480247895462,19.25,0,0,617,0
109,120,57.101335095248,3.26402651522926,0.854786091251863,0,101,120000,0,1
109,120,57.101335095248,3.26402651522926,0.854786091251863,12.21,0,0,1203,0
109,120,57.101335095248,3.26402651522926,0.854786091251863,16.39,0,0,689,0
109,120,57.101335095248,3.26402651522926,0.854786091251863,16.68,0,0,841,0
109,120,57.101335095248,3.26402651522926,0.854786091251863,23.69,0,0,372,0
110,120,47.8226536197171,2.97680515469271,0.804942909528255,0,101,120000,0,1
110,120,47.8226536197171,2.97680515469271,0.804942909528255,1.93,0,0,1472,0
110,120,47.8226536197171,2.97680515469271,0.804942909528255,6.77,0,0,1889,0
110,120,47.8226536197171,2.97680515469271,0.804942909528255,7.07,0,0,1561,0
110,120,47.8226536197171,2.97680515469271,0.804942909528255,10.79,0,0,1592,0
111,120,59.4632502918322,3.94462913952225,1.00047512015265,0,101,120000,0,1
111,120,59.4632502918322,3.94462913952225,1.00047512015265,4.38,0,0,1378,0
111,120,59.4632502918322,3.94462913952225,1.00047512015265,8.78,0,0,1158,0
111,120,59.4632502918322,3.94462913952225,1.00047512015265,10.4,0,0,1129,0
111,120,59.4632502918322,3.94462913952225,1.00047512015265,11.82,0,0,962,0
112,120,62.4839141104248,2.16637665497838,1.22060242539213,0,101,120000,0,1
112,120,62.4839141104248,2.16637665497838,1.22060242539213,3.08,0,0,1692,0
112,120,62.4839141104248,2.16637665497838,1.22060242539213,5.14,0,0,1276,0
112,120,62.4839141104248,2.16637665497838,1.22060242539213,9.32,0,0,1579,0
112,120,62.4839141104248,2.16637665497838,1.22060242539213,10.44,0,0,1679,0
113,120,61.1880639748036,3.53594400766287,0.749867287528285,0,101,120000,0,1
113,120,61.1880639748036,3.53594400766287,0.749867287528285,2.2,0,0,1053,0
113,120,61.1880639748036,3.53594400766287,0.749867287528285,4.79,0,0,1155,0
113,120,61.1880639748036,3.53594400766287,0.749867287528285,6.69,0,0,1018,0
113,120,61.1880639748036,3.53594400766287,0.749867287528285,17.45,0,0,968,0
114,120,91.516266935084,2.33894352223788,0.837861056419451,0,101,120000,0,1
114,120,91.516266935084,2.33894352223788,0.837861056419451,2.24,0,0,1176,0
114,120,91.516266935084,2.33894352223788,0.837861056419451,15.61,0,0,1308,0
114,120,91.516266935084,2.33894352223788,0.837861056419451,22.24,0,0,930,0
114,120,91.516266935084,2.33894352223788,0.837861056419451,23.14,0,0,651,0
115,120,60.6261767683172,6.24218569318917,0.91865152776555,0,101,120000,0,1
115,120,60.6261767683172,6.24218569318917,0.91865152776555,7.31,0,0,2024,0
115,120,60.6261767683172,6.24218569318917,0.91865152776555,10.78,0,0,657,0
115,120,60.6261767683172,6.24218569318917,0.91865152776555,12.44,0,0,738,0
115,120,60.6261767683172,6.24218569318917,0.91865152776555,19.24,0,0,418,0
116,120,49.7341548998081,3.72228498039378,0.588772303102731,0,101,120000,0,1
116,120,49.7341548998081,3.72228498039378,0.588772303102731,0.32,0,0,352,0
116,120,49.7341548998081,3.72228498039378,0.588772303102731,7.96,0,0,1363,0
116,120,49.7341548998081,3.72228498039378,0.588772303102731,10.01,0,0,1149,0
116,120,49.7341548998081,3.72228498039378,0.588772303102731,15.72,0,0,942,0
117,120,127.292832061716,3.80607034021744,1.16147608767807,0,101,120000,0,1
117,120,127.292832061716,3.80607034021744,1.16147608767807,0.13,0,0,102,0
117,120,127.292832061716,3.80607034021744,1.16147608767807,15.76,0,0,931,0
117,120,127.292832061716,3.80607034021744,1.16147608767807,16.85,0,0,514,0
117,120,127.292832061716,3.80607034021744,1.16147608767807,20.59,0,0,439,0
118,120,46.7376715995922,4.14449694241832,1.12429227157724,0,101,120000,0,1
118,120,46.7376715995922,4.14449694241832,1.12429227157724,7.16,0,0,1673,0
118,120,46.7376715995922,4.14449694241832,1.12429227157724,12.32,0,0,948,0
118,120,46.7376715995922,4.14449694241832,1.12429227157724,13.92,0,0,906,0
118,120,46.7376715995922,4.14449694241832,1.12429227157724,15.54,0,0,650,0
119,120,70.0014077048328,6.40601318803029,0.79146935542448,0,101,120000,0,1
119,120,70.0014077048328,6.40601318803029,0.79146935542448,8.28,0,0,633,0
119,120,70.0014077048328,6.40601318803029,0.79146935542448,12.45,0,0,603,0
119,120,70.0014077048328,6.40601318803029,0.79146935542448,13.78,0,0,612,0
119,120,70.0014077048328,6.40601318803029,0.79146935542448,17.65,0,0,346,0
120,120,65.6610286799668,4.07118900285682,1.4018824623951,0,101,120000,0,1
120,120,65.6610286799668,4.07118900285682,1.4018824623951,0.97,0,0,1448,0
120,120,65.6610286799668,4.07118900285682,1.4018824623951,7.44,0,0,1150,0
120,120,65.6610286799668,4.07118900285682,1.4018824623951,9.91,0,0,837,0
120,120,65.6610286799668,4.07118900285682,1.4018824623951,20.78,0,0,438,0
