ID,DOSE,V,CL,KA,TIME,EVID,AMT,DV,EVIDNM
1,10,61.9531683475386,3.27792321657881,0.895487699303612,0,101,10000,0,1
1,10,61.9531683475386,3.27792321657881,0.895487699303612,0.35,0,0,28,0
1,10,61.9531683475386,3.27792321657881,0.895487699303612,10.1,0,0,71,0
1,10,61.9531683475386,3.27792321657881,0.895487699303612,14.81,0,0,56,0
1,10,61.9531683475386,3.27792321657881,0.895487699303612,16.25,0,0,62,0
2,10,83.6454014365596,2.81464723470757,0.694556494202343,0,101,10000,0,1
2,10,83.6454014365596,2.81464723470757,0.694556494202343,1.37,0,0,93,0
2,10,83.6454014365596,2.81464723470757,0.694556494202343,11.77,0,0,91,0
2,10,83.6454014365596,2.81464723470757,0.694556494202343,12.29,0,0,86,0
2,10,83.6454014365596,2.81464723470757,0.694556494202343,20.18,0,0,89,0
3,10,58.6731869766453,3.67568467399713,1.28410447833868,0,101,10000,0,1
3,10,58.6731869766453,3.67568467399713,1.28410447833868,2.79,0,0,175,0
3,10,58.6731869766453,3.67568467399713,1.28410447833868,4.99,0,0,125,0
3,10,58.6731869766453,3.67568467399713,1.28410447833868,12.31,0,0,92,0
3,10,58.6731869766453,3.67568467399713,1.28410447833868,21.79,0,0,42,0
4,10,40.8937137888957,5.32109228752748,0.897675916730653,0,101,10000,0,1
4,10,40.8937137888957,5.32109228752748,0.897675916730653,7.3,0,0,119,0
4,10,40.8937137888957,5.32109228752748,0.897675916730653,8.89,0,0,125,0
4,10,40.8937137888957,5.32109228752748,0.897675916730653,19.07,0,0,24,0
4,10,40.8937137888957,5.32109228752748,0.897675916730653,23.11,0,0,16,0
5,10,82.1646869774088,4.33245762475073,1.12849666748957,0,101,10000,0,1
5,10,82.1646869774088,4.33245762475073,1.12849666748957,15.28,0,0,62,0
5,10,82.1646869774088,4.33245762475073,1.12849666748957,18.7,0,0,40,0
5,10,82.1646869774088,4.33245762475073,1.12849666748957,19.17,0,0,39,0
5,10,82.1646869774088,4.33245762475073,1.12849666748957,21.1,0,0,44,0
6,10,101.910814830677,4.97199601362612,1.28290579052803,0,101,10000,0,1
6,10,101.910814830677,4.97199601362612,1.28290579052803,6.51,0,0,100,0
6,10,101.910814830677,4.97199601362612,1.28290579052803,8.83,0,0,97,0
6,10,101.910814830677,4.97199601362612,1.28290579052803,11.55,0,0,70,0
6,10,101.910814830677,4.97199601362612,1.28290579052803,18.98,0,0,56,0
7,10,75.9139643686058,3.74895342958956,0.985031222533511,0,101,10000,0,1
7,10,75.9139643686058,3.74895342958956,0.985031222533511,7.83,0,0,85,0
7,10,75.9139643686058,3.74895342958956,0.985031222533511,13.54,0,0,77,0
7,10,75.9139643686058,3.74895342958956,0.985031222533511,14.06,0,0,77,0
7,10,75.9139643686058,3.74895342958956,0.985031222533511,21.16,0,0,42,0
8,10,98.0818051437079,2.36848747956775,0.938529525334887,0,101,10000,0,1
8,10,98.0818051437079,2.36848747956775,0.938529525334887,5.57,0,0,57,0
8,10,98.0818051437079,2.36848747956775,0.938529525334887,7.94,0,0,73,0
8,10,98.0818051437079,2.36848747956775,0.938529525334887,13.21,0,0,63,0
8,10,98.0818051437079,2.36848747956775,0.938529525334887,19.98,0,0,76,0
9,10,114.456866837485,5.45704195160134,0.840021520745196,0,101,10000,0,1
9,10,114.456866837485,5.45704195160134,0.840021520745196,5.58,0,0,86,0
9,10,114.456866837485,5.45704195160134,0.840021520745196,6.54,0,0,61,0
9,10,114.456866837485,5.45704195160134,0.840021520745196,9.86,0,0,62,0
9,10,114.456866837485,5.45704195160134,0.840021520745196,11.23,0,0,60,0
10,10,68.8555068774347,3.02797792281807,1.4616742736459,0,101,10000,0,1
10,10,68.8555068774347,3.02797792281807,1.4616742736459,3.05,0,0,139,0
10,10,68.8555068774347,3.02797792281807,1.4616742736459,14.95,0,0,73,0
10,10,68.8555068774347,3.02797792281807,1.4616742736459,20.38,0,0,54,0
10,10,68.8555068774347,3.02797792281807,1.4616742736459,20.95,0,0,45,0
11,10,56.5536435597299,3.32809622241679,0.875065704141156,0,101,10000,0,1
11,10,56.5536435597299,3.32809622241679,0.875065704141156,7.89,0,0,110,0
11,10,56.5536435597299,3.32809622241679,0.875065704141156,10.85,0,0,93,0
11,10,56.5536435597299,3.32809622241679,0.875065704141156,17.75,0,0,89,0
11,10,56.5536435597299,3.32809622241679,0.875065704141156,18.7,0,0,69,0
12,10,30.8360917585918,3.47083856503545,1.08142491601185,0,101,10000,0,1
12,10,30.8360917585918,3.47083856503545,1.08142491601185,3.22,0,0,254,0
12,10,30.8360917585918,3.47083856503545,1.08142491601185,5.89,0,0,208,0
12,10,30.8360917585918,3.47083856503545,1.08142491601185,12.65,0,0,72,0
12,10,30.8360917585918,3.47083856503545,1.08142491601185,23.25,0,0,26,0
13,10,58.9985785895292,3.59206888388176,1.48308994526658,0,101,10000,0,1
13,10,58.9985785895292,3.59206888388176,1.48308994526658,4.51,0,0,101,0
13,10,58.9985785895292,3.59206888388176,1.48308994526658,7.09,0,0,105,0
13,10,58.9985785895292,3.59206888388176,1.48308994526658,9.78,0,0,90,0
13,10,58.9985785895292,3.59206888388176,1.48308994526658,20.41,0,0,59,0
14,10,65.3630344872931,3.13453040774039,0.942892552216616,0,101,10000,0,1
14,10,65.3630344872931,3.13453040774039,0.942892552216616,7.14,0,0,155,0
14,10,65.3630344872931,3.13453040774039,0.942892552216616,8.39,0,0,128,0
14,10,65.3630344872931,3.13453040774039,0.942892552216616,11.6,0,0,80,0
14,10,65.3630344872931,3.13453040774039,0.942892552216616,14.63,0,0,53,0
15,10,119.642171669324,3.80671687356555,0.949497114048039,0,101,10000,0,1
15,10,119.642171669324,3.80671687356555,0.949497114048039,0.49,0,0,27,0
15,10,119.642171669324,3.80671687356555,0.949497114048039,3.95,0,0,87,0
15,10,119.642171669324,3.80671687356555,0.949497114048039,16.36,0,0,63,0
15,10,119.642171669324,3.80671687356555,0.949497114048039,23.51,0,0,39,0
16,10,58.9669677593296,4.81326449353585,0.767972543292418,0,101,10000,0,1
16,10,58.9669677593296,4.81326449353585,0.767972543292418,5.29,0,0,149,0
16,10,58.9669677593296,4.81326449353585,0.767972543292418,6.92,0,0,98,0
16,10,58.9669677593296,4.81326449353585,0.767972543292418,14.98,0,0,54,0
16,10,58.9669677593296,4.81326449353585,0.767972543292418,17.16,0,0,39,0
17,10,72.437742262093,3.14887619135922,0.836487247185956,0,101,10000,0,1
17,10,72.437742262093,3.14887619135922,0.836487247185956,5.05,0,0,99,0
17,10,72.437742262093,3.14887619135922,0.836487247185956,11.47,0,0,94,0
17,10,72.437742262093,3.14887619135922,0.836487247185956,17.9,0,0,47,0
18,10,64.6829515841923,2.59657540680991,0.805349829076363,0,101,10000,0,1
18,10,64.6829515841923,2.59657540680991,0.805349829076363,0.72,0,0,50,0
18,10,64.6829515841923,2.59657540680991,0.805349829076363,12.14,0,0,108,0
18,10,64.6829515841923,2.59657540680991,0.805349829076363,20.43,0,0,71,0
18,10,64.6829515841923,2.59657540680991,0.805349829076363,21.43,0,0,56,0
19,10,119.410946355996,4.90450675104897,0.570573810881043,0,101,10000,0,1
19,10,119.410946355996,4.90450675104897,0.570573810881043,1.51,0,0,68,0
19,10,119.410946355996,4.90450675104897,0.570573810881043,11.91,0,0,51,0
19,10,119.410946355996,4.90450675104897,0.570573810881043,18.16,0,0,48,0
19,10,119.410946355996,4.90450675104897,0.570573810881043,21.25,0,0,28,0
20,10,93.4134653982583,6.14338008028549,1.09745941719093,0,101,10000,0,1
20,10,93.4134653982583,6.14338008028549,1.09745941719093,2.41,0,0,108,0
20,10,93.4134653982583,6.14338008028549,1.09745941719093,2.73,0,0,82,0
20,10,93.4134653982583,6.14338008028549,1.09745941719093,8.31,0,0,61,0
20,10,93.4134653982583,6.14338008028549,1.09745941719093,11.88,0,0,49,0
21,10,53.843969048041,3.32680688398572,0.815079864109586,0,101,10000,0,1
21,10,53.843969048041,3.32680688398572,0.815079864109586,7.56,0,0,133,0
21,10,53.843969048041,3.32680688398572,0.815079864109586,8.57,0,0,143,0
21,10,53.843969048041,3.32680688398572,0.815079864109586,13.24,0,0,91,0
21,10,53.843969048041,3.32680688398572,0.815079864109586,22.36,0,0,58,0
22,10,99.6419454663728,3.19527056306458,0.793163443025129,0,101,10000,0,1
22,10,99.6419454663728,3.19527056306458,0.793163443025129,5.55,0,0,124,0
22,10,99.6419454663728,3.19527056306458,0.793163443025129,5.99,0,0,86,0
22,10,99.6419454663728,3.19527056306458,0.793163443025129,9.17,0,0,59,0
22,10,99.6419454663728,3.19527056306458,0.793163443025129,18.11,0,0,71,0
23,10,88.3155485380109,3.48860135102796,1.07282478926734,0,101,10000,0,1
23,10,88.3155485380109,3.48860135102796,1.07282478926734,3.93,0,0,71,0
23,10,88.3155485380109,3.48860135102796,1.07282478926734,4.57,0,0,77,0
23,10,88.3155485380109,3.48860135102796,1.07282478926734,8.19,0,0,85,0
23,10,88.3155485380109,3.48860135102796,1.07282478926734,10.08,0,0,93,0
24,10,71.7637285799151,3.47674088225325,0.759579013585614,0,101,10000,0,1
24,10,71.7637285799151,3.47674088225325,0.759579013585614,0.46,0,0,48,0
24,10,71.7637285799151,3.47674088225325,0.759579013585614,2.43,0,0,137,0
24,10,71.7637285799151,3.47674088225325,0.759579013585614,3.35,0,0,114,0
24,10,71.7637285799151,3.47674088225325,0.759579013585614,10.95,0,0,107,0
25,10,72.666336121797,2.9227183782891,2.03000748092945,0,101,10000,0,1
25,10,72.666336121797,2.9227183782891,2.03000748092945,3.69,0,0,133,0
25,10,72.666336121797,2.9227183782891,2.03000748092945,9.37,0,0,90,0
25,10,72.666336121797,2.9227183782891,2.03000748092945,9.96,0,0,156,0
25,10,72.666336121797,2.9227183782891,2.03000748092945,18.73,0,0,67,0
26,10,45.4563392998914,4.07208925796783,1.47923500686916,0,101,10000,0,1
26,10,45.4563392998914,4.07208925796783,1.47923500686916,3.38,0,0,214,0
26,10,45.4563392998914,4.07208925796783,1.47923500686916,3.95,0,0,132,0
26,10,45.4563392998914,4.07208925796783,1.47923500686916,14.73,0,0,55,0
26,10,45.4563392998914,4.07208925796783,1.47923500686916,17.68,0,0,47,0
27,10,50.0914021513095,3.41644555467318,0.708843679766686,0,101,10000,0,1
27,10,50.0914021513095,3.41644555467318,0.708843679766686,7.59,0,0,169,0
27,10,50.0914021513095,3.41644555467318,0.708843679766686,14.58,0,0,92,0
27,10,50.0914021513095,3.41644555467318,0.708843679766686,17.11,0,0,63,0
27,10,50.0914021513095,3.41644555467318,0.708843679766686,22.51,0,0,47,0
28,10,60.9784964426492,4.87754094980382,0.85760128179096,0,101,10000,0,1
28,10,60.9784964426492,4.87754094980382,0.85760128179096,1.31,0,0,144,0
28,10,60.9784964426492,4.87754094980382,0.85760128179096,2.83,0,0,96,0
28,10,60.9784964426492,4.87754094980382,0.85760128179096,13.96,0,0,57,0
28,10,60.9784964426492,4.87754094980382,0.85760128179096,22.46,0,0,26,0
29,10,100.797200659178,2.65288851217136,0.681853600870356,0,101,10000,0,1
29,10,100.797200659178,2.65288851217136,0.681853600870356,3.19,0,0,92,0
29,10,100.797200659178,2.65288851217136,0.681853600870356,12.63,0,0,70,0
29,10,100.797200659178,2.65288851217136,0.681853600870356,13.88,0,0,80,0
29,10,100.797200659178,2.65288851217136,0.681853600870356,20.87,0,0,62,0
30,10,80.4826318559288,4.76063115815445,1.14123070787595,0,101,10000,0,1
30,10,80.4826318559288,4.76063115815445,1.14123070787595,2.16,0,0,75,0
30,10,80.4826318559288,4.76063115815445,1.14123070787595,4.85,0,0,100,0
30,10,80.4826318559288,4.76063115815445,1.14123070787595,6.86,0,0,74,0
30,10,80.4826318559288,4.76063115815445,1.14123070787595,15.35,0,0,39,0
31,30,81.0142889094649,4.90849298453195,1.1315323486583,0,101,30000,0,1
31,30,81.0142889094649,4.90849298453195,1.1315323486583,1.11,0,0,286,0
31,30,81.0142889094649,4.90849298453195,1.1315323486583,6.47,0,0,221,0
31,30,81.0142889094649,4.90849298453195,1.1315323486583,7.09,0,0,310,0
31,30,81.0142889094649,4.90849298453195,1.1315323486583,18.8,0,0,156,0
32,30,77.1285616905567,5.04236726888637,0.83109862166396,0,101,30000,0,1
32,30,77.1285616905567,5.04236726888637,0.83109862166396,4.99,0,0,404,0
32,30,77.1285616905567,5.04236726888637,0.83109862166396,8.44,0,0,335,0
32,30,77.1285616905567,5.04236726888637,0.83109862166396,18.96,0,0,96,0
32,30,77.1285616905567,5.04236726888637,0.83109862166396,19.59,0,0,139,0
33,30,96.8672443744232,3.90171940288509,0.924097696276627,0,101,30000,0,1
33,30,96.8672443744232,3.90171940288509,0.924097696276627,1.07,0,0,180,0
33,30,96.8672443744232,3.90171940288509,0.924097696276627,1.19,0,0,221,0
33,30,96.8672443744232,3.90171940288509,0.924097696276627,7.68,0,0,296,0
33,30,96.8672443744232,3.90171940288509,0.924097696276627,21.99,0,0,150,0
34,30,63.213449120406,6.16536325135201,1.06066316817933,0,101,30000,0,1
34,30,63.213449120406,6.16536325135201,1.06066316817933,2.18,0,0,269,0
34,30,63.213449120406,6.16536325135201,1.06066316817933,6.5,0,0,243,0
34,30,63.213449120406,6.16536325135201,1.06066316817933,17.73,0,0,138,0
34,30,63.213449120406,6.16536325135201,1.06066316817933,19.12,0,0,78,0
35,30,88.0705145958571,3.71954724980923,0.866666459268677,0,101,30000,0,1
35,30,88.0705145958571,3.71954724980923,0.866666459268677,1.58,0,0,258,0
35,30,88.0705145958571,3.71954724980923,0.866666459268677,4.93,0,0,289,0
35,30,88.0705145958571,3.71954724980923,0.866666459268677,13.53,0,0,199,0
35,30,88.0705145958571,3.71954724980923,0.866666459268677,17.56,0,0,166,0
36,30,85.6542678939415,5.74743843093934,1.64831885534822,0,101,30000,0,1
36,30,85.6542678939415,5.74743843093934,1.64831885534822,4.01,0,0,347,0
36,30,85.6542678939415,5.74743843093934,1.64831885534822,10.41,0,0,204,0
36,30,85.6542678939415,5.74743843093934,1.64831885534822,19.57,0,0,119,0
36,30,85.6542678939415,5.74743843093934,1.64831885534822,19.62,0,0,92,0
37,30,77.7623291621086,4.92915279431693,0.840878437365125,0,101,30000,0,1
37,30,77.7623291621086,4.92915279431693,0.840878437365125,6.51,0,0,200,0
37,30,77.7623291621086,4.92915279431693,0.840878437365125,7.84,0,0,219,0
37,30,77.7623291621086,4.92915279431693,0.840878437365125,8.04,0,0,278,0
37,30,77.7623291621086,4.92915279431693,0.840878437365125,11.01,0,0,158,0
38,30,64.6616175925589,4.54277460041429,0.840309275171749,0,101,30000,0,1
38,30,64.6616175925589,4.54277460041429,0.840309275171749,2.91,0,0,349,0
38,30,64.6616175925589,4.54277460041429,0.840309275171749,8.95,0,0,287,0
38,30,64.6616175925589,4.54277460041429,0.840309275171749,10.82,0,0,155,0
38,30,64.6616175925589,4.54277460041429,0.840309275171749,19.2,0,0,142,0
39,30,81.9517059203437,3.039998402324,0.853367675659804,0,101,30000,0,1
39,30,81.9517059203437,3.039998402324,0.853367675659804,8.23,0,0,185,0
39,30,81.9517059203437,3.039998402324,0.853367675659804,8.8,0,0,303,0
39,30,81.9517059203437,3.039998402324,0.853367675659804,21.49,0,0,181,0
39,30,81.9517059203437,3.039998402324,0.853367675659804,21.78,0,0,109,0
40,30,42.5287561551449,3.19249054577838,1.01800092705264,0,101,30000,0,1
40,30,42.5287561551449,3.19249054577838,1.01800092705264,3.65,0,0,491,0
40,30,42.5287561551449,3.19249054577838,1.01800092705264,8.14,0,0,415,0
40,30,42.5287561551449,3.19249054577838,1.01800092705264,12.78,0,0,235,0
40,30,42.5287561551449,3.19249054577838,1.01800092705264,21.37,0,0,118,0
41,30,50.7992372338251,5.72651521155484,1.05665488049427,0,101,30000,0,1
41,30,50.7992372338251,5.72651521155484,1.05665488049427,12.12,0,0,175,0
41,30,50.7992372338251,5.72651521155484,1.05665488049427,17.29,0,0,81,0
41,30,50.7992372338251,5.72651521155484,1.05665488049427,19.23,0,0,81,0
41,30,50.7992372338251,5.72651521155484,1.05665488049427,23.96,0,0,34,0
42,30,77.8697557234087,2.65987094508745,0.612188297652175,0,101,30000,0,1
42,30,77.8697557234087,2.65987094508745,0.612188297652175,10.19,0,0,301,0
42,30,77.8697557234087,2.65987094508745,0.612188297652175,11.9,0,0,235,0
42,30,77.8697557234087,2.65987094508745,0.612188297652175,16.86,0,0,206,0
42,30,77.8697557234087,2.65987094508745,0.612188297652175,19.67,0,0,345,0
43,30,89.6255694438493,2.91527582465941,0.76246585706149,0,101,30000,0,1
43,30,89.6255694438493,2.91527582465941,0.76246585706149,8.25,0,0,280,0
43,30,89.6255694438493,2.91527582465941,0.76246585706149,10.94,0,0,210,0
43,30,89.6255694438493,2.91527582465941,0.76246585706149,13.32,0,0,301,0
43,30,89.6255694438493,2.91527582465941,0.76246585706149,15.6,0,0,301,0
44,30,93.2899902446777,5.36822299839533,0.700053857934768,0,101,30000,0,1
44,30,93.2899902446777,5.36822299839533,0.700053857934768,4.42,0,0,279,0
44,30,93.2899902446777,5.36822299839533,0.700053857934768,13.99,0,0,198,0
44,30,93.2899902446777,5.36822299839533,0.700053857934768,22.59,0,0,143,0
44,30,93.2899902446777,5.36822299839533,0.700053857934768,23.83,0,0,59,0
45,30,95.9156275781386,4.53917426561156,0.761921430339649,0,101,30000,0,1
45,30,95.9156275781386,4.53917426561156,0.761921430339649,12.37,0,0,204,0
45,30,95.9156275781386,4.53917426561156,0.761921430339649,15.5,0,0,235,0
45,30,95.9156275781386,4.53917426561156,0.761921430339649,16.04,0,0,172,0
45,30,95.9156275781386,4.53917426561156,0.761921430339649,23.61,0,0,145,0
46,30,94.2400380517609,7.0976668113923,0.939969401494611,0,101,30000,0,1
46,30,94.2400380517609,7.0976668113923,0.939969401494611,4.63,0,0,255,0
46,30,94.2400380517609,7.0976668113923,0.939969401494611,18.84,0,0,71,0
46,30,94.2400380517609,7.0976668113923,0.939969401494611,21.83,0,0,56,0
46,30,94.2400380517609,7.0976668113923,0.939969401494611,22.09,0,0,70,0
47,30,75.837584414333,3.85438819687193,0.920427749518189,0,101,30000,0,1
47,30,75.837584414333,3.85438819687193,0.920427749518189,1.96,0,0,230,0
47,30,75.837584414333,3.85438819687193,0.920427749518189,10.88,0,0,202,0
47,30,75.837584414333,3.85438819687193,0.920427749518189,15.99,0,0,165,0
47,30,75.837584414333,3.85438819687193,0.920427749518189,17.17,0,0,171,0
48,30,42.2132403058496,4.64430906708838,0.801005457144742,0,101,30000,0,1
48,30,42.2132403058496,4.64430906708838,0.801005457144742,8.15,0,0,479,0
48,30,42.2132403058496,4.64430906708838,0.801005457144742,14.18,0,0,131,0
48,30,42.2132403058496,4.64430906708838,0.801005457144742,18.71,0,0,101,0
48,30,42.2132403058496,4.64430906708838,0.801005457144742,19.31,0,0,105,0
49,30,59.2773813394336,1.77230492482846,0.714065898575164,0,101,30000,0,1
49,30,59.2773813394336,1.77230492482846,0.714065898575164,4.8,0,0,385,0
49,30,59.2773813394336,1.77230492482846,0.714065898575164,13.84,0,0,285,0
49,30,59.2773813394336,1.77230492482846,0.714065898575164,20.85,0,0,361,0
49,30,59.2773813394336,1.77230492482846,0.714065898575164,22.34,0,0,373,0
50,30,43.3547367988866,4.1011513720508,1.51600448824256,0,101,30000,0,1
50,30,43.3547367988866,4.1011513720508,1.51600448824256,10.8,0,0,245,0
50,30,43.3547367988866,4.1011513720508,1.51600448824256,14.46,0,0,208,0
50,30,43.3547367988866,4.1011513720508,1.51600448824256,15.21,0,0,209,0
50,30,43.3547367988866,4.1011513720508,1.51600448824256,19.91,0,0,118,0
51,30,49.8963997281023,4.67502392766417,0.91485775898682,0,101,30000,0,1
51,30,49.8963997281023,4.67502392766417,0.91485775898682,2.83,0,0,531,0
51,30,49.8963997281023,4.67502392766417,0.91485775898682,5.21,0,0,314,0
51,30,49.8963997281023,4.67502392766417,0.91485775898682,19.99,0,0,94,0
51,30,49.8963997281023,4.67502392766417,0.91485775898682,21.79,0,0,95,0
52,30,64.7954651679615,4.84124279594042,0.886340636865202,0,101,30000,0,1
52,30,64.7954651679615,4.84124279594042,0.886340636865202,4.82,0,0,396,0
52,30,64.7954651679615,4.84124279594042,0.886340636865202,19.93,0,0,100,0
52,30,64.7954651679615,4.84124279594042,0.886340636865202,21.78,0,0,109,0
52,30,64.7954651679615,4.84124279594042,0.886340636865202,21.91,0,0,102,0
53,30,64.205528034533,5.45516934747962,0.912783290884827,0,101,30000,0,1
53,30,64.205528034533,5.45516934747962,0.912783290884827,8.93,0,0,239,0
53,30,64.205528034533,5.45516934747962,0.912783290884827,11.9,0,0,127,0
53,30,64.205528034533,5.45516934747962,0.912783290884827,12.34,0,0,249,0
53,30,64.205528034533,5.45516934747962,0.912783290884827,23.44,0,0,90,0
54,30,120.410459894199,2.89143047992265,1.22666504617053,0,101,30000,0,1
54,30,120.410459894199,2.89143047992265,1.22666504617053,4.48,0,0,186,0
54,30,120.410459894199,2.89143047992265,1.22666504617053,16.71,0,0,247,0
54,30,120.410459894199,2.89143047992265,1.22666504617053,18.33,0,0,152,0
54,30,120.410459894199,2.89143047992265,1.22666504617053,21.68,0,0,128,0
55,30,85.1044489436934,6.16373822392852,0.938064641246604,0,101,30000,0,1
55,30,85.1044489436934,6.16373822392852,0.938064641246604,3.7,0,0,320,0
55,30,85.1044489436934,6.16373822392852,0.938064641246604,7.22,0,0,256,0
55,30,85.1044489436934,6.16373822392852,0.938064641246604,12.16,0,0,141,0
55,30,85.1044489436934,6.16373822392852,0.938064641246604,22.8,0,0,85,0
56,30,79.285162664907,6.1737123996761,0.911268626394577,0,101,30000,0,1
56,30,79.285162664907,6.1737123996761,0.911268626394577,3.96,0,0,223,0
56,30,79.285162664907,6.1737123996761,0.911268626394577,8.8,0,0,217,0
56,30,79.285162664907,6.1737123996761,0.911268626394577,10.84,0,0,165,0
56,30,79.285162664907,6.1737123996761,0.911268626394577,12.03,0,0,184,0
57,30,110.693859062549,5.2035414893312,0.740460088578618,0,101,30000,0,1
57,30,110.693859062549,5.2035414893312,0.740460088578618,2.2,0,0,173,0
57,30,110.693859062549,5.2035414893312,0.740460088578618,18.92,0,0,110,0
57,30,110.693859062549,5.2035414893312,0.740460088578618,19.79,0,0,120,0
57,30,110.693859062549,5.2035414893312,0.740460088578618,22.18,0,0,89,0
58,30,70.1684496725807,4.34474760921888,1.03554609320267,0,101,30000,0,1
58,30,70.1684496725807,4.34474760921888,1.03554609320267,7.39,0,0,351,0
58,30,70.1684496725807,4.34474760921888,1.03554609320267,11.44,0,0,199,0
58,30,70.1684496725807,4.34474760921888,1.03554609320267,12.16,0,0,235,0
58,30,70.1684496725807,4.34474760921888,1.03554609320267,23.62,0,0,96,0
59,30,76.4377301211255,5.90633695227223,1.05855686504631,0,101,30000,0,1
59,30,76.4377301211255,5.90633695227223,1.05855686504631,0.8,0,0,207,0
59,30,76.4377301211255,5.90633695227223,1.05855686504631,12.07,0,0,236,0
59,30,76.4377301211255,5.90633695227223,1.05855686504631,17.64,0,0,82,0
59,30,76.4377301211255,5.90633695227223,1.05855686504631,19.67,0,0,92,0
60,30,63.054293526759,3.08906853858741,1.03520741614343,0,101,30000,0,1
60,30,63.054293526759,3.08906853858741,1.03520741614343,0.03,0,0,12,0
60,30,63.054293526759,3.08906853858741,1.03520741614343,11.58,0,0,251,0
60,30,63.054293526759,3.08906853858741,1.03520741614343,17.2,0,0,207,0
60,30,63.054293526759,3.08906853858741,1.03520741614343,23.83,0,0,158,0
61,60,58.4214164549953,3.08189441084047,1.34171965038488,0,101,60000,0,1
61,60,58.4214164549953,3.08189441084047,1.34171965038488,13.77,0,0,536,0
61,60,58.4214164549953,3.08189441084047,1.34171965038488,14.62,0,0,434,0
61,60,58.4214164549953,3.08189441084047,1.34171965038488,22.78,0,0,266,0
61,60,58.4214164549953,3.08189441084047,1.34171965038488,22.93,0,0,247,0
62,60,55.0719741164954,2.79371982759277,0.937851815146987,0,101,60000,0,1
62,60,55.0719741164954,2.79371982759277,0.937851815146987,0.66,0,0,526,0
62,60,55.0719741164954,2.79371982759277,0.937851815146987,7.74,0,0,862,0
62,60,55.0719741164954,2.79371982759277,0.937851815146987,11.83,0,0,620,0
62,60,55.0719741164954,2.79371982759277,0.937851815146987,19.48,0,0,391,0
63,60,73.4097494853511,3.22185876572094,1.06668651938801,0,101,60000,0,1
63,60,73.4097494853511,3.22185876572094,1.06668651938801,1.14,0,0,615,0
63,60,73.4097494853511,3.22185876572094,1.06668651938801,12.63,0,0,363,0
63,60,73.4097494853511,3.22185876572094,1.06668651938801,22.32,0,0,331,0
63,60,73.4097494853511,3.22185876572094,1.06668651938801,23.55,0,0,322,0
64,60,61.8047283446475,4.02929763315582,1.04253786737211,0,101,60000,0,1
64,60,61.8047283446475,4.02929763315582,1.04253786737211,0.36,0,0,341,0
64,60,61.8047283446475,4.02929763315582,1.04253786737211,2.94,0,0,787,0
64,60,61.8047283446475,4.02929763315582,1.04253786737211,6.39,0,0,603,0
64,60,61.8047283446475,4.02929763315582,1.04253786737211,14.69,0,0,442,0
65,60,39.973929495552,2.88567118767692,0.845467915573815,0,101,60000,0,1
65,60,39.973929495552,2.88567118767692,0.845467915573815,1.01,0,0,626,0
65,60,39.973929495552,2.88567118767692,0.845467915573815,1.69,0,0,845,0
65,60,39.973929495552,2.88567118767692,0.845467915573815,7.37,0,0,1177,0
65,60,39.973929495552,2.88567118767692,0.845467915573815,11.93,0,0,661,0
66,60,58.1426489522685,2.65338052251915,0.4226150770119,0,101,60000,0,1
66,60,58.1426489522685,2.65338052251915,0.4226150770119,1.51,0,0,400,0
66,60,58.1426489522685,2.65338052251915,0.4226150770119,13.05,0,0,633,0
66,60,58.1426489522685,2.65338052251915,0.4226150770119,18.19,0,0,382,0
66,60,58.1426489522685,2.65338052251915,0.4226150770119,19.82,0,0,583,0
67,60,53.2966493494656,4.99168252592775,0.645854201593628,0,101,60000,0,1
67,60,53.2966493494656,4.99168252592775,0.645854201593628,1.63,0,0,556,0
67,60,53.2966493494656,4.99168252592775,0.645854201593628,5.64,0,0,643,0
67,60,53.2966493494656,4.99168252592775,0.645854201593628,12.01,0,0,460,0
67,60,53.2966493494656,4.99168252592775,0.645854201593628,14.92,0,0,247,0
68,60,63.4092888902413,3.05160634539838,1.27636101710064,0,101,60000,0,1
68,60,63.4092888902413,3.05160634539838,1.27636101710064,2.81,0,0,861,0
68,60,63.4092888902413,3.05160634539838,1.27636101710064,8.52,0,0,759,0
68,60,63.4092888902413,3.05160634539838,1.27636101710064,11.61,0,0,471,0
68,60,63.4092888902413,3.05160634539838,1.27636101710064,20.19,0,0,476,0
69,60,55.0129327176455,2.05009965939781,1.13625018188824,0,101,60000,0,1
69,60,55.0129327176455,2.05009965939781,1.13625018188824,7.38,0,0,792,0
69,60,55.0129327176455,2.05009965939781,1.13625018188824,9.92,0,0,687,0
69,60,55.0129327176455,2.05009965939781,1.13625018188824,10.56,0,0,719,0
69,60,55.0129327176455,2.05009965939781,1.13625018188824,23.19,0,0,396,0
70,60,56.5891745158328,4.06230144722151,0.958220912814514,0,101,60000,0,1
70,60,56.5891745158328,4.06230144722151,0.958220912814514,2.02,0,0,654,0
70,60,56.5891745158328,4.06230144722151,0.958220912814514,5.14,0,0,991,0
70,60,56.5891745158328,4.06230144722151,0.958220912814514,20.38,0,0,295,0
70,60,56.5891745158328,4.06230144722151,0.958220912814514,22.17,0,0,301,0
71,60,79.5416661540645,5.8228186891512,1.01982366241538,0,101,60000,0,1
71,60,79.5416661540645,5.8228186891512,1.01982366241538,8.49,0,0,271,0
71,60,79.5416661540645,5.8228186891512,1.01982366241538,11.1,0,0,281,0
71,60,79.5416661540645,5.8228186891512,1.01982366241538,19.03,0,0,213,0
71,60,79.5416661540645,5.8228186891512,1.01982366241538,22.81,0,0,167,0
72,60,79.9778980624689,3.79280672157749,1.39830540881213,0,101,60000,0,1
72,60,79.9778980624689,3.79280672157749,1.39830540881213,3.71,0,0,635,0
72,60,79.9778980624689,3.79280672157749,1.39830540881213,12.22,0,0,525,0
72,60,79.9778980624689,3.79280672157749,1.39830540881213,13.31,0,0,487,0
72,60,79.9778980624689,3.79280672157749,1.39830540881213,17.97,0,0,358,0
73,60,63.5909093488436,2.84021963302787,1.09770464769375,0,101,60000,0,1
73,60,63.5909093488436,2.84021963302787,1.09770464769375,3.95,0,0,633,0
73,60,63.5909093488436,2.84021963302787,1.09770464769375,9.21,0,0,725,0
73,60,63.5909093488436,2.84021963302787,1.09770464769375,16.67,0,0,392,0
73,60,63.5909093488436,2.84021963302787,1.09770464769375,20.65,0,0,464,0
74,60,68.1381280965244,5.98765542402823,0.934159922450275,0,101,60000,0,1
74,60,68.1381280965244,5.98765542402823,0.934159922450275,8.86,0,0,514,0
74,60,68.1381280965244,5.98765542402823,0.934159922450275,10.71,0,0,342,0
74,60,68.1381280965244,5.98765542402823,0.934159922450275,22.21,0,0,121,0
74,60,68.1381280965244,5.98765542402823,0.934159922450275,23.86,0,0,115,0
75,60,45.0391030156376,4.24079382809913,0.726754351300528,0,101,60000,0,1
75,60,45.0391030156376,4.24079382809913,0.726754351300528,2.53,0,0,863,0
75,60,45.0391030156376,4.24079382809913,0.726754351300528,4,0,0,833,0
75,60,45.0391030156376,4.24079382809913,0.726754351300528,4.24,0,0,1019,0
75,60,45.0391030156376,4.24079382809913,0.726754351300528,14.57,0,0,464,0
76,60,112.180936779043,3.4509253002307,0.948318091537543,0,101,60000,0,1
76,60,112.180936779043,3.4509253002307,0.948318091537543,3.92,0,0,529,0
76,60,112.180936779043,3.4509253002307,0.948318091537543,10.12,0,0,353,0
76,60,112.180936779043,3.4509253002307,0.948318091537543,11.13,0,0,383,0
76,60,112.180936779043,3.4509253002307,0.948318091537543,22.11,0,0,189,0
77,60,66.3450340944264,2.77349283453277,0.869000647883408,0,101,60000,0,1
77,60,66.3450340944264,2.77349283453277,0.869000647883408,3.44,0,0,686,0
77,60,66.3450340944264,2.77349283453277,0.869000647883408,6.36,0,0,990,0
77,60,66.3450340944264,2.77349283453277,0.869000647883408,19.92,0,0,531,0
77,60,66.3450340944264,2.77349283453277,0.869000647883408,20.4,0,0,331,0
78,60,81.9665082322857,4.438851121395,0.871408274338594,0,101,60000,0,1
78,60,81.9665082322857,4.438851121395,0.871408274338594,7.52,0,0,651,0
78,60,81.9665082322857,4.438851121395,0.871408274338594,7.53,0,0,498,0
78,60,81.9665082322857,4.438851121395,0.871408274338594,8.18,0,0,651,0
78,60,81.9665082322857,4.438851121395,0.871408274338594,18.04,0,0,185,0
79,60,36.4322184126013,2.88390462042549,0.814192371647295,0,101,60000,0,1
79,60,36.4322184126013,2.88390462042549,0.814192371647295,5.11,0,0,1931,0
79,60,36.4322184126013,2.88390462042549,0.814192371647295,18.14,0,0,566,0
79,60,36.4322184126013,2.88390462042549,0.814192371647295,18.83,0,0,372,0
79,60,36.4322184126013,2.88390462042549,0.814192371647295,19.71,0,0,278,0
80,60,97.0861307577057,3.02722076347119,0.98833292223176,0,101,60000,0,1
80,60,97.0861307577057,3.02722076347119,0.98833292223176,1.58,0,0,499,0
80,60,97.0861307577057,3.02722076347119,0.98833292223176,2.5,0,0,494,0
80,60,97.0861307577057,3.02722076347119,0.98833292223176,8.53,0,0,650,0
80,60,97.0861307577057,3.02722076347119,0.98833292223176,9.1,0,0,466,0
81,60,113.729419932452,2.11214303199793,0.933823850262367,0,101,60000,0,1
81,60,113.729419932452,2.11214303199793,0.933823850262367,3.04,0,0,513,0
81,60,113.729419932452,2.11214303199793,0.933823850262367,7.8,0,0,493,0
81,60,113.729419932452,2.11214303199793,0.933823850262367,15.34,0,0,468,0
81,60,113.729419932452,2.11214303199793,0.933823850262367,21.8,0,0,328,0
82,60,54.6847040835306,3.27302121510996,0.857627617289606,0,101,60000,0,1
82,60,54.6847040835306,3.27302121510996,0.857627617289606,0.11,0,0,93,0
82,60,54.6847040835306,3.27302121510996,0.857627617289606,10.92,0,0,863,0
82,60,54.6847040835306,3.27302121510996,0.857627617289606,14.59,0,0,601,0
82,60,54.6847040835306,3.27302121510996,0.857627617289606,16.21,0,0,355,0
83,60,83.3663102150006,3.34056404944068,1.33093971676666,0,101,60000,0,1
83,60,83.3663102150006,3.34056404944068,1.33093971676666,5.81,0,0,640,0
83,60,83.3663102150006,3.34056404944068,1.33093971676666,6.66,0,0,418,0
83,60,83.3663102150006,3.34056404944068,1.33093971676666,21.24,0,0,255,0
83,60,83.3663102150006,3.34056404944068,1.33093971676666,22.13,0,0,415,0
84,60,97.9207127048449,3.77649390272807,1.22518025271123,0,101,60000,0,1
84,60,97.9207127048449,3.77649390272807,1.22518025271123,4.54,0,0,598,0
84,60,97.9207127048449,3.77649390272807,1.22518025271123,13.67,0,0,256,0
84,60,97.9207127048449,3.77649390272807,1.22518025271123,23.4,0,0,279,0
84,60,97.9207127048449,3.77649390272807,1.22518025271123,23.93,0,0,397,0
85,60,43.1624927169722,3.83552532491754,0.846076743232695,0,101,60000,0,1
85,60,43.1624927169722,3.83552532491754,0.846076743232695,3.25,0,0,1159,0
85,60,43.1624927169722,3.83552532491754,0.846076743232695,9.85,0,0,756,0
85,60,43.1624927169722,3.83552532491754,0.846076743232695,15.01,0,0,446,0
85,60,43.1624927169722,3.83552532491754,0.846076743232695,21.63,0,0,164,0
86,60,34.9507070125197,5.28786773629186,1.43092414871939,0,101,60000,0,1
86,60,34.9507070125197,5.28786773629186,1.43092414871939,7.02,0,0,404,0
86,60,34.9507070125197,5.28786773629186,1.43092414871939,12.7,0,0,211,0
86,60,34.9507070125197,5.28786773629186,1.43092414871939,13.24,0,0,210,0
86,60,34.9507070125197,5.28786773629186,1.43092414871939,23.59,0,0,55,0
87,60,43.2559756405811,4.69201617514612,1.0063057943637,0,101,60000,0,1
87,60,43.2559756405811,4.69201617514612,1.0063057943637,2.26,0,0,1104,0
87,60,43.2559756405811,4.69201617514612,1.0063057943637,8.99,0,0,1002,0
87,60,43.2559756405811,4.69201617514612,1.0063057943637,10.15,0,0,351,0
87,60,43.2559756405811,4.69201617514612,1.0063057943637,11.38,0,0,431,0
88,60,84.2808138382181,6.15359573438507,1.01860686046358,0,101,60000,0,1
88,60,84.2808138382181,6.15359573438507,1.01860686046358,12.36,0,0,246,0
88,60,84.2808138382181,6.15359573438507,1.01860686046358,15.16,0,0,368,0
88,60,84.2808138382181,6.15359573438507,1.01860686046358,16.76,0,0,252,0
88,60,84.2808138382181,6.15359573438507,1.01860686046358,21.93,0,0,157,0
89,60,78.0794899210521,3.29715317691233,1.64989217581984,0,101,60000,0,1
89,60,78.0794899210521,3.29715317691233,1.64989217581984,3.59,0,0,740,0
89,60,78.0794899210521,3.29715317691233,1.64989217581984,18.63,0,0,378,0
89,60,78.0794899210521,3.29715317691233,1.64989217581984,21.04,0,0,234,0
89,60,78.0794899210521,3.29715317691233,1.64989217581984,21.34,0,0,285,0
90,60,85.2725391074156,3.13085650728598,1.56309623156997,0,101,60000,0,1
90,60,85.2725391074156,3.13085650728598,1.56309623156997,6.64,0,0,555,0
90,60,85.2725391074156,3.13085650728598,1.56309623156997,9.46,0,0,558,0
90,60,85.2725391074156,3.13085650728598,1.56309623156997,11.03,0,0,385,0
90,60,85.2725391074156,3.13085650728598,1.56309623156997,19.18,0,0,306,0
91,120,97.6989416643034,3.36652480772506,1.30591487718005,0,101,120000,0,1
91,120,97.6989416643034,3.36652480772506,1.30591487718005,4.59,0,0,1163,0
91,120,97.6989416643034,3.36652480772506,1.30591487718005,6.6,0,0,847,0
91,120,97.6989416643034,3.36652480772506,1.30591487718005,19.54,0,0,875,0
91,120,97.6989416643034,3.36652480772506,1.30591487718005,20.38,0,0,433,0
92,120,110.858409911293,4.89225123197336,0.757905823244538,0,101,120000,0,1
92,120,110.858409911293,4.89225123197336,0.757905823244538,8.16,0,0,617,0
92,120,110.858409911293,4.89225123197336,0.757905823244538,15.66,0,0,645,0
92,120,110.858409911293,4.89225123197336,0.757905823244538,16.21,0,0,427,0
92,120,110.858409911293,4.89225123197336,0.757905823244538,16.49,0,0,621,0
93,120,63.4966884822694,5.28131074284323,0.659447142215135,0,101,120000,0,1
93,120,63.4966884822694,5.28131074284323,0.659447142215135,3.79,0,0,1298,0
93,120,63.4966884822694,5.28131074284323,0.659447142215135,11.53,0,0,570,0
93,120,63.4966884822694,5.28131074284323,0.659447142215135,20.74,0,0,367,0
93,120,63.4966884822694,5.28131074284323,0.659447142215135,21.19,0,0,464,0
94,120,61.335608045128,3.448675847366,0.679435138381967,0,101,120000,0,1
94,120,61.335608045128,3.448675847366,0.679435138381967,8.87,0,0,1423,0
94,120,61.335608045128,3.448675847366,0.679435138381967,16.19,0,0,738,0
94,120,61.335608045128,3.448675847366,0.679435138381967,17.5,0,0,677,0
94,120,61.335608045128,3.448675847366,0.679435138381967,21.77,0,0,508,0
95,120,104.136713561123,4.33675382973122,0.916417930333105,0,101,120000,0,1
95,120,104.136713561123,4.33675382973122,0.916417930333105,7.8,0,0,915,0
95,120,104.136713561123,4.33675382973122,0.916417930333105,10.27,0,0,671,0
95,120,104.136713561123,4.33675382973122,0.916417930333105,12.49,0,0,782,0
95,120,104.136713561123,4.33675382973122,0.916417930333105,12.74,0,0,757,0
96,120,82.7913765020481,4.19195384744393,1.38243970499584,0,101,120000,0,1
96,120,82.7913765020481,4.19195384744393,1.38243970499584,8.91,0,0,985,0
96,120,82.7913765020481,4.19195384744393,1.38243970499584,10.45,0,0,996,0
96,120,82.7913765020481,4.19195384744393,1.38243970499584,12.83,0,0,852,0
96,120,82.7913765020481,4.19195384744393,1.38243970499584,13.54,0,0,878,0
97,120,100.048306781674,4.53879465171721,0.682682782595715,0,101,120000,0,1
97,120,100.048306781674,4.53879465171721,0.682682782595715,1.52,0,0,854,0
97,120,100.048306781674,4.53879465171721,0.682682782595715,2.58,0,0,1101,0
97,120,100.048306781674,4.53879465171721,0.682682782595715,8.12,0,0,969,0
97,120,100.048306781674,4.53879465171721,0.682682782595715,18.17,0,0,417,0
98,120,59.4008538377795,3.10751917137596,1.01704026739347,0,101,120000,0,1
98,120,59.4008538377795,3.10751917137596,1.01704026739347,1.87,0,0,1854,0
98,120,59.4008538377795,3.10751917137596,1.01704026739347,18.62,0,0,766,0
98,120,59.4008538377795,3.10751917137596,1.01704026739347,18.88,0,0,577,0
98,120,59.4008538377795,3.10751917137596,1.01704026739347,19.81,0,0,1043,0
99,120,83.2646066682605,5.7767040663881,1.07514817563225,0,101,120000,0,1
99,120,83.2646066682605,5.7767040663881,1.07514817563225,1.11,0,0,1185,0
99,120,83.2646066682605,5.7767040663881,1.07514817563225,9.77,0,0,767,0
99,120,83.2646066682605,5.7767040663881,1.07514817563225,12.06,0,0,646,0
99,120,83.2646066682605,5.7767040663881,1.07514817563225,12.12,0,0,767,0
100,120,94.5558760704035,4.82494733906748,0.890652810582544,0,101,120000,0,1
100,120,94.5558760704035,4.82494733906748,0.890652810582544,1.16,0,0,747,0
100,120,94.5558760704035,4.82494733906748,0.890652810582544,1.68,0,0,563,0
100,120,94.5558760704035,4.82494733906748,0.890652810582544,20.67,0,0,531,0
100,120,94.5558760704035,4.82494733906748,0.890652810582544,23.21,0,0,377,0
101,120,51.4214008226332,3.90911586296259,0.983814073329955,0,101,120000,0,1
101,120,51.4214008226332,3.90911586296259,0.983814073329955,0.03,0,0,68,0
101,120,51.4214008226332,3.90911586296259,0.983814073329955,2.59,0,0,2181,0
101,120,51.4214008226332,3.90911586296259,0.983814073329955,4.26,0,0,1404,0
101,120,51.4214008226332,3.90911586296259,0.983814073329955,19.19,0,0,573,0
102,120,48.8423358957211,2.60889711549176,0.689796389880283,0,101,120000,0,1
102,120,48.8423358957211,2.60889711549176,0.689796389880283,4.59,0,0,1811,0
102,120,48.8423358957211,2.60889711549176,0.689796389880283,7.45,0,0,1648,0
102,120,48.8423358957211,2.60889711549176,0.689796389880283,8.4,0,0,2121,0
102,120,48.8423358957211,2.60889711549176,0.689796389880283,21.95,0,0,695,0
103,120,120.392904338442,4.26715968390193,0.837450126340398,0,101,120000,0,1
103,120,120.392904338442,4.26715968390193,0.837450126340398,18.26,0,0,423,0
103,120,120.392904338442,4.26715968390193,0.837450126340398,20.38,0,0,478,0
103,120,120.392904338442,4.26715968390193,0.837450126340398,21.46,0,0,439,0
103,120,120.392904338442,4.26715968390193,0.837450126340398,21.51,0,0,441,0
104,120,72.3829205266891,3.47501937809123,0.854559018618339,0,101,120000,0,1
104,120,72.3829205266891,3.47501937809123,0.854559018618339,2.13,0,0,1575,0
104,120,72.3829205266891,3.47501937809123,0.854559018618339,6.07,0,0,1158,0
104,120,72.3829205266891,3.47501937809123,0.854559018618339,20.85,0,0,640,0
104,120,72.3829205266891,3.47501937809123,0.854559018618339,21.28,0,0,705,0
105,120,101.609231726762,3.19754619641787,1.55298119701359,0,101,120000,0,1
105,120,101.609231726762,3.19754619641787,1.55298119701359,5.68,0,0,1031,0
105,120,101.609231726762,3.19754619641787,1.55298119701359,9.05,0,0,953,0
105,120,101.609231726762,3.19754619641787,1.55298119701359,11,0,0,678,0
105,120,101.609231726762,3.19754619641787,1.55298119701359,17.65,0,0,834,0
106,120,73.3485810901378,7.61408549077112,0.84707531809454,0,101,120000,0,1
106,120,73.3485810901378,7.61408549077112,0.84707531809454,6.38,0,0,1064,0
106,120,73.3485810901378,7.61408549077112,0.84707531809454,14.02,0,0,583,0
106,120,73.3485810901378,7.61408549077112,0.84707531809454,20.63,0,0,178,0
106,120,73.3485810901378,7.61408549077112,0.84707531809454,23.13,0,0,128,0
107,120,74.8736707498488,3.49805125661529,1.02484435345919,0,101,120000,0,1
107,120,74.8736707498488,3.49805125661529,1.02484435345919,7.05,0,0,1619,0
107,120,74.8736707498488,3.49805125661529,1.02484435345919,10.91,0,0,769,0
107,120,74.8736707498488,3.49805125661529,1.02484435345919,11.39,0,0,859,0
107,120,74.8736707498488,3.49805125661529,1.02484435345919,21.94,0,0,456,0
108,120,40.0891750017174,2.44218971517058,0.695922515230075,0,101,120000,0,1
108,120,40.0891750017174,2.44218971517058,0.695922515230075,2.62,0,0,1933,0
108,120,40.0891750017174,2.44218971517058,0.695922515230075,6.9,0,0,1431,0
108,120,40.0891750017174,2.44218971517058,0.695922515230075,7.11,0,0,1889,0
108,120,40.0891750017174,2.44218971517058,0.695922515230075,16.3,0,0,1509,0
109,120,62.2383313140134,3.8858663467185,0.878699884648951,0,101,120000,0,1
109,120,62.2383313140134,3.8858663467185,0.878699884648951,2.75,0,0,1552,0
109,120,62.2383313140134,3.8858663467185,0.878699884648951,4.26,0,0,1760,0
109,120,62.2383313140134,3.8858663467185,0.878699884648951,14.06,0,0,949,0
109,120,62.2383313140134,3.8858663467185,0.878699884648951,15.09,0,0,516,0
110,120,83.2148939182202,3.30253083834821,1.11070096702512,0,101,120000,0,1
110,120,83.2148939182202,3.30253083834821,1.11070096702512,1.95,0,0,1050,0
110,120,83.2148939182202,3.30253083834821,1.11070096702512,8.38,0,0,1248,0
110,120,83.2148939182202,3.30253083834821,1.11070096702512,13.9,0,0,814,0
110,120,83.2148939182202,3.30253083834821,1.11070096702512,16.16,0,0,791,0
111,120,112.459694556361,2.00112460686019,0.747656699339728,0,101,120000,0,1
111,120,112.459694556361,2.00112460686019,0.747656699339728,9.71,0,0,1207,0
111,120,112.459694556361,2.00112460686019,0.747656699339728,12.16,0,0,1121,0
111,120,112.459694556361,2.00112460686019,0.747656699339728,21.16,0,0,1003,0
111,120,112.459694556361,2.00112460686019,0.747656699339728,22.84,0,0,838,0
112,120,60.0347825910899,2.80712993941054,0.748157965630474,0,101,120000,0,1
112,120,60.0347825910899,2.80712993941054,0.748157965630474,0.16,0,0,195,0
112,120,60.0347825910899,2.80712993941054,0.748157965630474,7.09,0,0,1445,0
112,120,60.0347825910899,2.80712993941054,0.748157965630474,20.28,0,0,712,0
112,120,60.0347825910899,2.80712993941054,0.748157965630474,23.81,0,0,911,0
113,120,85.14304420088,3.96474645392145,0.645227268471436,0,101,120000,0,1
113,120,85.14304420088,3.96474645392145,0.645227268471436,5.44,0,0,1012,0
113,120,85.14304420088,3.96474645392145,0.645227268471436,12.98,0,0,552,0
113,120,85.14304420088,3.96474645392145,0.645227268471436,22.57,0,0,523,0
113,120,85.14304420088,3.96474645392145,0.645227268471436,22.63,0,0,502,0
114,120,61.4880880142738,5.13347830927045,1.79053313314321,0,101,120000,0,1
114,120,61.4880880142738,5.13347830927045,1.79053313314321,0.28,0,0,647,0
114,120,61.4880880142738,5.13347830927045,1.79053313314321,5.7,0,0,812,0
114,120,61.4880880142738,5.13347830927045,1.79053313314321,14.94,0,0,588,0
114,120,61.4880880142738,5.13347830927045,1.79053313314321,15.28,0,0,475,0
115,120,56.7774419204734,5.25218110571269,0.967070119201439,0,101,120000,0,1
115,120,56.7774419204734,5.25218110571269,0.967070119201439,0.88,0,0,1737,0
115,120,56.7774419204734,5.25218110571269,0.967070119201439,12.68,0,0,654,0
115,120,56.7774419204734,5.25218110571269,0.967070119201439,20.25,0,0,321,0
115,120,56.7774419204734,5.25218110571269,0.967070119201439,22.49,0,0,284,0
116,120,81.4129761904416,4.59015400347735,0.741228698482378,0,101,120000,0,1
116,120,81.4129761904416,4.59015400347735,0.741228698482378,1.96,0,0,1051,0
116,120,81.4129761904416,4.59015400347735,0.741228698482378,7.5,0,0,1096,0
116,120,81.4129761904416,4.59015400347735,0.741228698482378,16.76,0,0,710,0
116,120,81.4129761904416,4.59015400347735,0.741228698482378,22.23,0,0,350,0
117,120,70.9011857055627,5.12270166599285,1.09000249057831,0,101,120000,0,1
117,120,70.9011857055627,5.12270166599285,1.09000249057831,0.88,0,0,814,0
117,120,70.9011857055627,5.12270166599285,1.09000249057831,1.49,0,0,1059,0
117,120,70.9011857055627,5.12270166599285,1.09000249057831,12.34,0,0,716,0
117,120,70.9011857055627,5.12270166599285,1.09000249057831,21.53,0,0,320,0
118,120,113.087081510083,4.68454752906472,0.791961441494403,0,101,120000,0,1
118,120,113.087081510083,4.68454752906472,0.791961441494403,3.01,0,0,895,0
118,120,113.087081510083,4.68454752906472,0.791961441494403,18.1,0,0,601,0
118,120,113.087081510083,4.68454752906472,0.791961441494403,19.61,0,0,586,0
118,120,113.087081510083,4.68454752906472,0.791961441494403,22.54,0,0,481,0
119,120,87.4694122042892,2.78794824631511,0.945691194630819,0,101,120000,0,1
119,120,87.4694122042892,2.78794824631511,0.945691194630819,3.14,0,0,1027,0
119,120,87.4694122042892,2.78794824631511,0.945691194630819,5.9,0,0,1522,0
119,120,87.4694122042892,2.78794824631511,0.945691194630819,12.26,0,0,769,0
119,120,87.4694122042892,2.78794824631511,0.945691194630819,17.17,0,0,1140,0
120,120,57.0596629917271,3.73053664746007,1.07567973783575,0,101,120000,0,1
120,120,57.0596629917271,3.73053664746007,1.07567973783575,3.24,0,0,1916,0
120,120,57.0596629917271,3.73053664746007,1.07567973783575,11.31,0,0,1070,0
120,120,57.0596629917271,3.73053664746007,1.07567973783575,11.32,0,0,1131,0
120,120,57.0596629917271,3.73053664746007,1.07567973783575,15.1,0,0,850,0
