ID,DOSE,V,CL,KA,TIME,EVID,AMT,DV,EVIDNM
1,10,121.484625274678,3.83591581493807,0.497627418472132,0,101,10000,0,1
1,10,121.484625274678,3.83591581493807,0.497627418472132,6.26,0,0,86,0
1,10,121.484625274678,3.83591581493807,0.497627418472132,15.99,0,0,44,0
1,10,121.484625274678,3.83591581493807,0.497627418472132,16.44,0,0,76,0
1,10,121.484625274678,3.83591581493807,0.497627418472132,19.63,0,0,45,0
2,10,59.2600243062136,3.76145284865479,1.15555136184883,0,101,10000,0,1
2,10,59.2600243062136,3.76145284865479,1.15555136184883,5.94,0,0,120,0
2,10,59.2600243062136,3.76145284865479,1.15555136184883,15.08,0,0,71,0
2,10,59.2600243062136,3.76145284865479,1.15555136184883,15.25,0,0,50,0
2,10,59.2600243062136,3.76145284865479,1.15555136184883,19.63,0,0,49,0
3,10,50.2602346064277,2.80205716500494,0.772542159112979,0,101,10000,0,1
3,10,50.2602346064277,2.80205716500494,0.772542159112979,4.99,0,0,186,0
3,10,50.2602346064277,2.80205716500494,0.772542159112979,5.34,0,0,213,0
3,10,50.2602346064277,2.80205716500494,0.772542159112979,7.77,0,0,138,0
3,10,50.2602346064277,2.80205716500494,0.772542159112979,12.08,0,0,131,0
4,10,38.28684456932,3.09735081304214,0.878281349424239,0,101,10000,0,1
4,10,38.28684456932,3.09735081304214,0.878281349424239,4.23,0,0,186,0
4,10,38.28684456932,3.09735081304214,0.878281349424239,5.94,0,0,165,0
4,10,38.28684456932,3.09735081304214,0.878281349424239,9.65,0,0,117,0
4,10,38.28684456932,3.09735081304214,0.878281349424239,16.1,0,0,66,0
5,10,81.4306882988818,3.11944924316974,1.29590618223509,0,101,10000,0,1
5,10,81.4306882988818,3.11944924316974,1.29590618223509,3.62,0,0,82,0
5,10,81.4306882988818,3.11944924316974,1.29590618223509,6.96,0,0,98,0
5,10,81.4306882988818,3.11944924316974,1.29590618223509,7.67,0,0,109,0
5,10,81.4306882988818,3.11944924316974,1.29590618223509,9.88,0,0,66,0
6,10,132.45855518276,4.25034127571384,1.00172781606137,0,101,10000,0,1
6,10,132.45855518276,4.25034127571384,1.00172781606137,1.59,0,0,49,0
6,10,132.45855518276,4.25034127571384,1.00172781606137,2.1,0,0,74,0
6,10,132.45855518276,4.25034127571384,1.00172781606137,5.01,0,0,77,0
6,10,132.45855518276,4.25034127571384,1.00172781606137,20.9,0,0,36,0
7,10,68.3439600253975,4.46184577519518,1.22059369417872,0,101,10000,0,1
7,10,68.3439600253975,4.46184577519518,1.22059369417872,8.75,0,0,75,0
7,10,68.3439600253975,4.46184577519518,1.22059369417872,16.19,0,0,46,0
7,10,68.3439600253975,4.46184577519518,1.22059369417872,17.64,0,0,26,0
7,10,68.3439600253975,4.46184577519518,1.22059369417872,22.52,0,0,26,0
8,10,102.682741661704,3.06761857458535,1.12963561782992,0,101,10000,0,1
8,10,102.682741661704,3.06761857458535,1.12963561782992,1.13,0,0,109,0
8,10,102.682741661704,3.06761857458535,1.12963561782992,4.67,0,0,73,0
8,10,102.682741661704,3.06761857458535,1.12963561782992,4.89,0,0,90,0
8,10,102.682741661704,3.06761857458535,1.12963561782992,10.8,0,0,61,0
9,10,74.3316950152499,2.44276918841926,0.773042499365385,0,101,10000,0,1
9,10,74.3316950152499,2.44276918841926,0.773042499365385,5.22,0,0,105,0
9,10,74.3316950152499,2.44276918841926,0.773042499365385,5.88,0,0,92,0
9,10,74.3316950152499,2.44276918841926,0.773042499365385,17.27,0,0,63,0
9,10,74.3316950152499,2.44276918841926,0.773042499365385,19.39,0,0,71,0
10,10,48.2211853083714,4.25995497790697,0.621875719036562,0,101,10000,0,1
10,10,48.2211853083714,4.25995497790697,0.621875719036562,3.41,0,0,168,0
10,10,48.2211853083714,4.25995497790697,0.621875719036562,13.22,0,0,57,0
10,10,48.2211853083714,4.25995497790697,0.621875719036562,19.32,0,0,53,0
10,10,48.2211853083714,4.25995497790697,0.621875719036562,23.05,0,0,38,0
11,10,92.7087105449248,4.46861920838207,1.06491255568528,0,101,10000,0,1
11,10,92.7087105449248,4.46861920838207,1.06491255568528,9.18,0,0,74,0
11,10,92.7087105449248,4.46861920838207,1.06491255568528,9.86,0,0,86,0
11,10,92.7087105449248,4.46861920838207,1.06491255568528,20.45,0,0,43,0
11,10,92.7087105449248,4.46861920838207,1.06491255568528,20.7,0,0,39,0
12,10,152.918890720184,5.56825395909139,1.09169917397053,0,101,10000,0,1
12,10,152.918890720184,5.56825395909139,1.09169917397053,3.15,0,0,67,0
12,10,152.918890720184,5.56825395909139,1.09169917397053,5,0,0,39,0
12,10,152.918890720184,5.56825395909139,1.09169917397053,15.77,0,0,38,0
12,10,152.918890720184,5.56825395909139,1.09169917397053,21.34,0,0,26,0
13,10,50.7495370530876,4.12533668720652,0.580313163554747,0,101,10000,0,1
13,10,50.7495370530876,4.12533668720652,0.580313163554747,0.59,0,0,53,0
13,10,50.7495370530876,4.12533668720652,0.580313163554747,7.18,0,0,126,0
13,10,50.7495370530876,4.12533668720652,0.580313163554747,8.02,0,0,167,0
13,10,50.7495370530876,4.12533668720652,0.580313163554747,17.79,0,0,49,0
14,10,101.09200664874,3.34211227167743,0.876271437459136,0,101,10000,0,1
14,10,101.09200664874,3.34211227167743,0.876271437459136,3.5,0,0,85,0
14,10,101.09200664874,3.34211227167743,0.876271437459136,3.66,0,0,96,0
14,10,101.09200664874,3.34211227167743,0.876271437459136,11.02,0,0,62,0
14,10,101.09200664874,3.34211227167743,0.876271437459136,19.17,0,0,51,0
15,10,47.5137645350239,3.98310935303414,0.936924544310123,0,101,10000,0,1
15,10,47.5137645350239,3.98310935303414,0.936924544310123,13.49,0,0,74,0
15,10,47.5137645350239,3.98310935303414,0.936924544310123,13.75,0,0,76,0
15,10,47.5137645350239,3.98310935303414,0.936924544310123,20.63,0,0,38,0
15,10,47.5137645350239,3.98310935303414,0.936924544310123,23.32,0,0,33,0
16,10,94.5708863708863,3.77723546447462,1.22344148152763,0,101,10000,0,1
16,10,94.5708863708863,3.77723546447462,1.22344148152763,10.09,0,0,76,0
16,10,94.5708863708863,3.77723546447462,1.22344148152763,12,0,0,61,0
16,10,94.5708863708863,3.77723546447462,1.22344148152763,21.78,0,0,39,0
16,10,94.5708863708863,3.77723546447462,1.22344148152763,21.88,0,0,53,0
17,10,85.3657259213842,3.12900094077937,0.967427184263036,0,101,10000,0,1
17,10,85.3657259213842,3.12900094077937,0.967427184263036,2.71,0,0,78,0
17,10,85.3657259213842,3.12900094077937,0.967427184263036,11.3,0,0,66,0
17,10,85.3657259213842,3.12900094077937,0.967427184263036,17.87,0,0,56,0
17,10,85.3657259213842,3.12900094077937,0.967427184263036,19.22,0,0,59,0
18,10,87.8957828024293,3.29285165207035,0.546846034936446,0,101,10000,0,1
18,10,87.8957828024293,3.29285165207035,0.546846034936446,10.55,0,0,74,0
18,10,87.8957828024293,3.29285165207035,0.546846034936446,13.12,0,0,97,0
18,10,87.8957828024293,3.29285165207035,0.546846034936446,18.27,0,0,65,0
18,10,87.8957828024293,3.29285165207035,0.546846034936446,22.4,0,0,50,0
19,10,47.7132398468869,4.15074347200914,1.14635365069484,0,101,10000,0,1
19,10,47.7132398468869,4.15074347200914,1.14635365069484,5.42,0,0,158,0
19,10,47.7132398468869,4.15074347200914,1.14635365069484,11.74,0,0,76,0
19,10,47.7132398468869,4.15074347200914,1.14635365069484,14.79,0,0,47,0
19,10,47.7132398468869,4.15074347200914,1.14635365069484,23.06,0,0,26,0
20,10,59.7721463434262,2.89699278431844,0.969361049916194,0,101,10000,0,1
20,10,59.7721463434262,2.89699278431844,0.969361049916194,6.17,0,0,126,0
20,10,59.7721463434262,2.89699278431844,0.969361049916194,8.32,0,0,118,0
20,10,59.7721463434262,2.89699278431844,0.969361049916194,16.45,0,0,92,0
20,10,59.7721463434262,2.89699278431844,0.969361049916194,17.7,0,0,87,0
21,10,64.3681684677138,5.80825662910347,0.698551458782495,0,101,10000,0,1
21,10,64.3681684677138,5.80825662910347,0.698551458782495,5.01,0,0,121,0
21,10,64.3681684677138,5.80825662910347,0.698551458782495,10.74,0,0,83,0
21,10,64.3681684677138,5.80825662910347,0.698551458782495,14.2,0,0,40,0
21,10,64.3681684677138,5.80825662910347,0.698551458782495,20.65,0,0,35,0
22,10,72.050789834651,3.08016678620559,1.1057240990932,0,101,10000,0,1
22,10,72.050789834651,3.08016678620559,1.1057240990932,8.51,0,0,78,0
22,10,72.050789834651,3.08016678620559,1.1057240990932,8.69,0,0,97,0
22,10,72.050789834651,3.08016678620559,1.1057240990932,15.48,0,0,80,0
22,10,72.050789834651,3.08016678620559,1.1057240990932,19.74,0,0,52,0
23,10,52.4242474936719,3.33096362195574,0.725548181280978,0,101,10000,0,1
23,10,52.4242474936719,3.33096362195574,0.725548181280978,8.61,0,0,146,0
23,10,52.4242474936719,3.33096362195574,0.725548181280978,13.39,0,0,73,0
23,10,52.4242474936719,3.33096362195574,0.725548181280978,15.12,0,0,62,0
23,10,52.4242474936719,3.33096362195574,0.725548181280978,19.76,0,0,58,0
24,10,103.847644127299,4.42169293005024,1.59688679940178,0,101,10000,0,1
24,10,103.847644127299,4.42169293005024,1.59688679940178,1.16,0,0,68,0
24,10,103.847644127299,4.42169293005024,1.59688679940178,2.51,0,0,81,0
24,10,103.847644127299,4.42169293005024,1.59688679940178,5.11,0,0,100,0
24,10,103.847644127299,4.42169293005024,1.59688679940178,7.3,0,0,75,0
25,10,59.989247103715,4.25733217688537,1.02066604591267,0,101,10000,0,1
25,10,59.989247103715,4.25733217688537,1.02066604591267,1.31,0,0,65,0
25,10,59.989247103715,4.25733217688537,1.02066604591267,6.23,0,0,116,0
25,10,59.989247103715,4.25733217688537,1.02066604591267,17.78,0,0,33,0
25,10,59.989247103715,4.25733217688537,1.02066604591267,20.24,0,0,33,0
26,10,95.2457094191714,5.69228396704919,1.01609707591039,0,101,10000,0,1
26,10,95.2457094191714,5.69228396704919,1.01609707591039,0.49,0,0,52,0
26,10,95.2457094191714,5.69228396704919,1.01609707591039,1.55,0,0,97,0
26,10,95.2457094191714,5.69228396704919,1.01609707591039,18.77,0,0,39,0
26,10,95.2457094191714,5.69228396704919,1.01609707591039,18.95,0,0,27,0
27,10,87.373499179637,1.5404948667437,0.875633074790336,0,101,10000,0,1
27,10,87.373499179637,1.5404948667437,0.875633074790336,0.5,0,0,46,0
27,10,87.373499179637,1.5404948667437,0.875633074790336,6.76,0,0,121,0
27,10,87.373499179637,1.5404948667437,0.875633074790336,9.12,0,0,83,0
27,10,87.373499179637,1.5404948667437,0.875633074790336,19.12,0,0,95,0
28,10,68.5334053599978,4.40841914896416,1.14153296235937,0,101,10000,0,1
28,10,68.5334053599978,4.40841914896416,1.14153296235937,4.15,0,0,138,0
28,10,68.5334053599978,4.40841914896416,1.14153296235937,13.41,0,0,63,0
28,10,68.5334053599978,4.40841914896416,1.14153296235937,17.32,0,0,48,0
28,10,68.5334053599978,4.40841914896416,1.14153296235937,19.14,0,0,62,0
29,10,93.3596853656461,3.0584876745683,0.882717710911501,0,101,10000,0,1
29,10,93.3596853656461,3.0584876745683,0.882717710911501,0.38,0,0,32,0
29,10,93.3596853656461,3.0584876745683,0.882717710911501,1.42,0,0,89,0
29,10,93.3596853656461,3.0584876745683,0.882717710911501,2.47,0,0,115,0
29,10,93.3596853656461,3.0584876745683,0.882717710911501,13.23,0,0,60,0
30,10,87.9220183455046,3.53615831737309,0.85223372568157,0,101,10000,0,1
30,10,87.9220183455046,3.53615831737309,0.85223372568157,1.55,0,0,84,0
30,10,87.9220183455046,3.53615831737309,0.85223372568157,7.24,0,0,99,0
30,10,87.9220183455046,3.53615831737309,0.85223372568157,9.3,0,0,110,0
30,10,87.9220183455046,3.53615831737309,0.85223372568157,20.82,0,0,40,0
31,30,62.7601136906583,3.21532681862126,0.942891253546935,0,101,30000,0,1
31,30,62.7601136906583,3.21532681862126,0.942891253546935,4.99,0,0,557,0
31,30,62.7601136906583,3.21532681862126,0.942891253546935,7.27,0,0,405,0
31,30,62.7601136906583,3.21532681862126,0.942891253546935,10.86,0,0,296,0
31,30,62.7601136906583,3.21532681862126,0.942891253546935,22.08,0,0,153,0
32,30,56.320376770118,7.34645143156148,1.09459440789497,0,101,30000,0,1
32,30,56.320376770118,7.34645143156148,1.09459440789497,5.13,0,0,407,0
32,30,56.320376770118,7.34645143156148,1.09459440789497,6.72,0,0,187,0
32,30,56.320376770118,7.34645143156148,1.09459440789497,8.5,0,0,248,0
32,30,56.320376770118,7.34645143156148,1.09459440789497,20.6,0,0,60,0
33,30,73.9177845144011,5.60839171600266,0.712160172865321,0,101,30000,0,1
33,30,73.9177845144011,5.60839171600266,0.712160172865321,5.29,0,0,337,0
33,30,73.9177845144011,5.60839171600266,0.712160172865321,7.32,0,0,194,0
33,30,73.9177845144011,5.60839171600266,0.712160172865321,11,0,0,310,0
33,30,73.9177845144011,5.60839171600266,0.712160172865321,13.13,0,0,165,0
34,30,51.2753487568951,4.20211300756065,1.59430942273384,0,101,30000,0,1
34,30,51.2753487568951,4.20211300756065,1.59430942273384,3.79,0,0,502,0
34,30,51.2753487568951,4.20211300756065,1.59430942273384,13.29,0,0,211,0
34,30,51.2753487568951,4.20211300756065,1.59430942273384,13.3,0,0,236,0
34,30,51.2753487568951,4.20211300756065,1.59430942273384,13.69,0,0,171,0
35,30,83.6886894690544,5.77189637985792,0.863318327581641,0,101,30000,0,1
35,30,83.6886894690544,5.77189637985792,0.863318327581641,12.42,0,0,175,0
35,30,83.6886894690544,5.77189637985792,0.863318327581641,20.81,0,0,88,0
35,30,83.6886894690544,5.77189637985792,0.863318327581641,23.52,0,0,77,0
35,30,83.6886894690544,5.77189637985792,0.863318327581641,23.7,0,0,83,0
36,30,43.2230681464476,3.6128417991917,1.4143784221789,0,101,30000,0,1
36,30,43.2230681464476,3.6128417991917,1.4143784221789,0.83,0,0,513,0
36,30,43.2230681464476,3.6128417991917,1.4143784221789,4.74,0,0,374,0
36,30,43.2230681464476,3.6128417991917,1.4143784221789,8.95,0,0,598,0
36,30,43.2230681464476,3.6128417991917,1.4143784221789,21.48,0,0,99,0
37,30,70.7447257494506,5.87632856939802,0.773068853321564,0,101,30000,0,1
37,30,70.7447257494506,5.87632856939802,0.773068853321564,4.5,0,0,421,0
37,30,70.7447257494506,5.87632856939802,0.773068853321564,8.86,0,0,245,0
37,30,70.7447257494506,5.87632856939802,0.773068853321564,12.72,0,0,208,0
37,30,70.7447257494506,5.87632856939802,0.773068853321564,13.89,0,0,222,0
38,30,46.0467846371365,4.45380999558496,1.16904040991819,0,101,30000,0,1
38,30,46.0467846371365,4.45380999558496,1.16904040991819,6.84,0,0,531,0
38,30,46.0467846371365,4.45380999558496,1.16904040991819,7.77,0,0,307,0
38,30,46.0467846371365,4.45380999558496,1.16904040991819,12.83,0,0,199,0
38,30,46.0467846371365,4.45380999558496,1.16904040991819,13.64,0,0,253,0
39,30,47.8677136587306,4.59899559627758,1.19872483457685,0,101,30000,0,1
39,30,47.8677136587306,4.59899559627758,1.19872483457685,3.84,0,0,440,0
39,30,47.8677136587306,4.59899559627758,1.19872483457685,4.41,0,0,542,0
39,30,47.8677136587306,4.59899559627758,1.19872483457685,4.7,0,0,360,0
39,30,47.8677136587306,4.59899559627758,1.19872483457685,20.08,0,0,64,0
40,30,59.1463143561235,4.39078630222977,0.875768461580919,0,101,30000,0,1
40,30,59.1463143561235,4.39078630222977,0.875768461580919,9.78,0,0,181,0
40,30,59.1463143561235,4.39078630222977,0.875768461580919,11.4,0,0,282,0
40,30,59.1463143561235,4.39078630222977,0.875768461580919,17.28,0,0,152,0
40,30,59.1463143561235,4.39078630222977,0.875768461580919,17.45,0,0,149,0
41,30,44.6971540794419,2.66783693287175,1.1481514979521,0,101,30000,0,1
41,30,44.6971540794419,2.66783693287175,1.1481514979521,17.5,0,0,233,0
41,30,44.6971540794419,2.66783693287175,1.1481514979521,22.54,0,0,196,0
41,30,44.6971540794419,2.66783693287175,1.1481514979521,22.61,0,0,189,0
41,30,44.6971540794419,2.66783693287175,1.1481514979521,23.44,0,0,147,0
42,30,95.3210150550213,5.63490521857557,0.746014068073461,0,101,30000,0,1
42,30,95.3210150550213,5.63490521857557,0.746014068073461,0.41,0,0,79,0
42,30,95.3210150550213,5.63490521857557,0.746014068073461,2.93,0,0,275,0
42,30,95.3210150550213,5.63490521857557,0.746014068073461,5.53,0,0,235,0
42,30,95.3210150550213,5.63490521857557,0.746014068073461,22.76,0,0,87,0
43,30,51.0607920260931,3.55984198883051,1.38050714420517,0,101,30000,0,1
43,30,51.0607920260931,3.55984198883051,1.38050714420517,9.84,0,0,377,0
43,30,51.0607920260931,3.55984198883051,1.38050714420517,11.07,0,0,449,0
43,30,51.0607920260931,3.55984198883051,1.38050714420517,17.22,0,0,203,0
43,30,51.0607920260931,3.55984198883051,1.38050714420517,22.24,0,0,139,0
44,30,60.1638141833525,5.65156875110333,1.0905733002644,0,101,30000,0,1
44,30,60.1638141833525,5.65156875110333,1.0905733002644,1.25,0,0,395,0
44,30,60.1638141833525,5.65156875110333,1.0905733002644,6.22,0,0,244,0
44,30,60.1638141833525,5.65156875110333,1.0905733002644,16.97,0,0,122,0
44,30,60.1638141833525,5.65156875110333,1.0905733002644,22.97,0,0,63,0
45,30,102.222445540042,6.01543918569603,0.894477164336966,0,101,30000,0,1
45,30,102.222445540042,6.01543918569603,0.894477164336966,2.3,0,0,283,0
45,30,102.222445540042,6.01543918569603,0.894477164336966,2.36,0,0,244,0
45,30,102.222445540042,6.01543918569603,0.894477164336966,4.47,0,0,277,0
45,30,102.222445540042,6.01543918569603,0.894477164336966,6.71,0,0,174,0
46,30,79.3576794616344,2.60393308709784,0.866283325590047,0,101,30000,0,1
46,30,79.3576794616344,2.60393308709784,0.866283325590047,4.54,0,0,384,0
46,30,79.3576794616344,2.60393308709784,0.866283325590047,12.12,0,0,252,0
46,30,79.3576794616344,2.60393308709784,0.866283325590047,13.52,0,0,384,0
46,30,79.3576794616344,2.60393308709784,0.866283325590047,16.38,0,0,226,0
47,30,38.7892614022699,2.82090270689419,0.616362399066813,0,101,30000,0,1
47,30,38.7892614022699,2.82090270689419,0.616362399066813,2.01,0,0,376,0
47,30,38.7892614022699,2.82090270689419,0.616362399066813,9.37,0,0,413,0
47,30,38.7892614022699,2.82090270689419,0.616362399066813,9.73,0,0,483,0
47,30,38.7892614022699,2.82090270689419,0.616362399066813,11.36,0,0,298,0
48,30,100.816627576211,4.52345237549467,1.31804778740871,0,101,30000,0,1
48,30,100.816627576211,4.52345237549467,1.31804778740871,19.44,0,0,150,0
48,30,100.816627576211,4.52345237549467,1.31804778740871,19.78,0,0,112,0
48,30,100.816627576211,4.52345237549467,1.31804778740871,19.94,0,0,192,0
48,30,100.816627576211,4.52345237549467,1.31804778740871,20.71,0,0,172,0
49,30,57.03653511419,3.52208131102563,0.731344515016818,0,101,30000,0,1
49,30,57.03653511419,3.52208131102563,0.731344515016818,1.94,0,0,421,0
49,30,57.03653511419,3.52208131102563,0.731344515016818,2.73,0,0,615,0
49,30,57.03653511419,3.52208131102563,0.731344515016818,11.04,0,0,362,0
49,30,57.03653511419,3.52208131102563,0.731344515016818,17.47,0,0,201,0
50,30,60.1356504650209,3.34366525489649,0.972630713353812,0,101,30000,0,1
50,30,60.1356504650209,3.34366525489649,0.972630713353812,8.12,0,0,269,0
50,30,60.1356504650209,3.34366525489649,0.972630713353812,11.15,0,0,241,0
50,30,60.1356504650209,3.34366525489649,0.972630713353812,20.54,0,0,122,0
50,30,60.1356504650209,3.34366525489649,0.972630713353812,22.93,0,0,157,0
51,30,81.8937924164905,5.23969794403298,0.864727986613161,0,101,30000,0,1
51,30,81.8937924164905,5.23969794403298,0.864727986613161,12.09,0,0,180,0
51,30,81.8937924164905,5.23969794403298,0.864727986613161,13.01,0,0,177,0
51,30,81.8937924164905,5.23969794403298,0.864727986613161,13.92,0,0,224,0
51,30,81.8937924164905,5.23969794403298,0.864727986613161,21.4,0,0,101,0
52,30,76.3754482617989,5.41708238331791,1.09819010856745,0,101,30000,0,1
52,30,76.3754482617989,5.41708238331791,1.09819010856745,2.6,0,0,380,0
52,30,76.3754482617989,5.41708238331791,1.09819010856745,7.99,0,0,289,0
52,30,76.3754482617989,5.41708238331791,1.09819010856745,17.13,0,0,95,0
52,30,76.3754482617989,5.41708238331791,1.09819010856745,22.1,0,0,127,0
53,30,66.7762012712853,4.0811267725494,0.639250940041158,0,101,30000,0,1
53,30,66.7762012712853,4.0811267725494,0.639250940041158,4.02,0,0,363,0
53,30,66.7762012712853,4.0811267725494,0.639250940041158,4.08,0,0,340,0
53,30,66.7762012712853,4.0811267725494,0.639250940041158,4.63,0,0,440,0
53,30,66.7762012712853,4.0811267725494,0.639250940041158,16.25,0,0,294,0
54,30,48.5764661139225,4.91283596916244,1.0468012929266,0,101,30000,0,1
54,30,48.5764661139225,4.91283596916244,1.0468012929266,7.78,0,0,321,0
54,30,48.5764661139225,4.91283596916244,1.0468012929266,7.81,0,0,247,0
54,30,48.5764661139225,4.91283596916244,1.0468012929266,10.62,0,0,247,0
54,30,48.5764661139225,4.91283596916244,1.0468012929266,12.65,0,0,135,0
55,30,114.65549670545,6.29888565014867,0.667407066830564,0,101,30000,0,1
55,30,114.65549670545,6.29888565014867,0.667407066830564,2.43,0,0,196,0
55,30,114.65549670545,6.29888565014867,0.667407066830564,11.07,0,0,145,0
55,30,114.65549670545,6.29888565014867,0.667407066830564,13.24,0,0,126,0
55,30,114.65549670545,6.29888565014867,0.667407066830564,13.32,0,0,120,0
56,30,110.851406940185,3.87236170278094,1.16583930510628,0,101,30000,0,1
56,30,110.851406940185,3.87236170278094,1.16583930510628,11.07,0,0,250,0
56,30,110.851406940185,3.87236170278094,1.16583930510628,14.6,0,0,122,0
56,30,110.851406940185,3.87236170278094,1.16583930510628,15.85,0,0,214,0
56,30,110.851406940185,3.87236170278094,1.16583930510628,19.29,0,0,138,0
57,30,69.0534518526037,4.59086323853539,0.7490935554461,0,101,30000,0,1
57,30,69.0534518526037,4.59086323853539,0.7490935554461,1.81,0,0,335,0
57,30,69.0534518526037,4.59086323853539,0.7490935554461,5.07,0,0,298,0
57,30,69.0534518526037,4.59086323853539,0.7490935554461,9,0,0,229,0
57,30,69.0534518526037,4.59086323853539,0.7490935554461,12.53,0,0,254,0
58,30,139.870609427137,4.41755347531908,0.815942760354259,0,101,30000,0,1
58,30,139.870609427137,4.41755347531908,0.815942760354259,6.49,0,0,151,0
58,30,139.870609427137,4.41755347531908,0.815942760354259,8.2,0,0,159,0
58,30,139.870609427137,4.41755347531908,0.815942760354259,8.91,0,0,174,0
58,30,139.870609427137,4.41755347531908,0.815942760354259,16.04,0,0,143,0
59,30,63.369056064067,4.50931532498901,1.35131981553032,0,101,30000,0,1
59,30,63.369056064067,4.50931532498901,1.35131981553032,6.06,0,0,332,0
59,30,63.369056064067,4.50931532498901,1.35131981553032,7.04,0,0,249,0
59,30,63.369056064067,4.50931532498901,1.35131981553032,15.1,0,0,179,0
59,30,63.369056064067,4.50931532498901,1.35131981553032,22.42,0,0,95,0
60,30,49.4878762175159,2.65169067323213,0.717323498144935,0,101,30000,0,1
60,30,49.4878762175159,2.65169067323213,0.717323498144935,0.74,0,0,212,0
60,30,49.4878762175159,2.65169067323213,0.717323498144935,4.73,0,0,394,0
60,30,49.4878762175159,2.65169067323213,0.717323498144935,16.33,0,0,327,0
60,30,49.4878762175159,2.65169067323213,0.717323498144935,23.41,0,0,156,0
61,60,121.826981150283,2.43004992973428,1.37782353333489,0,101,60000,0,1
61,60,121.826981150283,2.43004992973428,1.37782353333489,2.47,0,0,331,0
61,60,121.826981150283,2.43004992973428,1.37782353333489,5.28,0,0,369,0
61,60,121.826981150283,2.43004992973428,1.37782353333489,18.3,0,0,412,0
61,60,121.826981150283,2.43004992973428,1.37782353333489,19.65,0,0,337,0
62,60,46.8720958454731,5.07243467609956,1.08754710815868,0,101,60000,0,1
62,60,46.8720958454731,5.07243467609956,1.08754710815868,7.35,0,0,772,0
62,60,46.8720958454731,5.07243467609956,1.08754710815868,16.03,0,0,206,0
62,60,46.8720958454731,5.07243467609956,1.08754710815868,17.91,0,0,228,0
62,60,46.8720958454731,5.07243467609956,1.08754710815868,22.52,0,0,137,0
63,60,90.3911003183894,6.20939722958935,0.867934789874994,0,101,60000,0,1
63,60,90.3911003183894,6.20939722958935,0.867934789874994,2.7,0,0,499,0
63,60,90.3911003183894,6.20939722958935,0.867934789874994,3.94,0,0,506,0
63,60,90.3911003183894,6.20939722958935,0.867934789874994,14.51,0,0,186,0
63,60,90.3911003183894,6.20939722958935,0.867934789874994,19.84,0,0,146,0
64,60,69.7263546957755,2.65196693428956,0.823405848573262,0,101,60000,0,1
64,60,69.7263546957755,2.65196693428956,0.823405848573262,2.23,0,0,645,0
64,60,69.7263546957755,2.65196693428956,0.823405848573262,8.13,0,0,698,0
64,60,69.7263546957755,2.65196693428956,0.823405848573262,10.54,0,0,569,0
64,60,69.7263546957755,2.65196693428956,0.823405848573262,19.41,0,0,445,0
65,60,72.1863353351608,4.69345246786453,1.37483570975887,0,101,60000,0,1
65,60,72.1863353351608,4.69345246786453,1.37483570975887,4.69,0,0,757,0
65,60,72.1863353351608,4.69345246786453,1.37483570975887,10.97,0,0,486,0
65,60,72.1863353351608,4.69345246786453,1.37483570975887,15.18,0,0,291,0
65,60,72.1863353351608,4.69345246786453,1.37483570975887,19.1,0,0,328,0
66,60,78.2132631712097,4.06578132517327,1.00847029300397,0,101,60000,0,1
66,60,78.2132631712097,4.06578132517327,1.00847029300397,3.38,0,0,1201,0
66,60,78.2132631712097,4.06578132517327,1.00847029300397,10.23,0,0,606,0
66,60,78.2132631712097,4.06578132517327,1.00847029300397,11.27,0,0,608,0
66,60,78.2132631712097,4.06578132517327,1.00847029300397,19.44,0,0,313,0
67,60,52.6622235335094,3.43957288439409,0.771138295420144,0,101,60000,0,1
67,60,52.6622235335094,3.43957288439409,0.771138295420144,1.19,0,0,897,0
67,60,52.6622235335094,3.43957288439409,0.771138295420144,2.81,0,0,811,0
67,60,52.6622235335094,3.43957288439409,0.771138295420144,6.04,0,0,883,0
67,60,52.6622235335094,3.43957288439409,0.771138295420144,10.15,0,0,716,0
68,60,71.7481390707772,4.77065120421665,0.913597490381838,0,101,60000,0,1
68,60,71.7481390707772,4.77065120421665,0.913597490381838,13.99,0,0,328,0
68,60,71.7481390707772,4.77065120421665,0.913597490381838,15.5,0,0,318,0
68,60,71.7481390707772,4.77065120421665,0.913597490381838,16.23,0,0,366,0
68,60,71.7481390707772,4.77065120421665,0.913597490381838,17.14,0,0,398,0
69,60,74.2467491800144,4.85199503897523,2.13630151038248,0,101,60000,0,1
69,60,74.2467491800144,4.85199503897523,2.13630151038248,0.42,0,0,387,0
69,60,74.2467491800144,4.85199503897523,2.13630151038248,2.58,0,0,570,0
69,60,74.2467491800144,4.85199503897523,2.13630151038248,5.9,0,0,570,0
69,60,74.2467491800144,4.85199503897523,2.13630151038248,13.01,0,0,328,0
70,60,83.5039314185027,4.04514961728301,1.48988377872949,0,101,60000,0,1
70,60,83.5039314185027,4.04514961728301,1.48988377872949,2.32,0,0,826,0
70,60,83.5039314185027,4.04514961728301,1.48988377872949,2.35,0,0,626,0
70,60,83.5039314185027,4.04514961728301,1.48988377872949,4.21,0,0,519,0
70,60,83.5039314185027,4.04514961728301,1.48988377872949,21.53,0,0,265,0
71,60,87.3013532781955,3.65172798313771,0.975728627576799,0,101,60000,0,1
71,60,87.3013532781955,3.65172798313771,0.975728627576799,0.31,0,0,216,0
71,60,87.3013532781955,3.65172798313771,0.975728627576799,3.35,0,0,436,0
71,60,87.3013532781955,3.65172798313771,0.975728627576799,5.08,0,0,367,0
71,60,87.3013532781955,3.65172798313771,0.975728627576799,9.89,0,0,574,0
72,60,113.865298512208,3.34750547277235,0.867079058690782,0,101,60000,0,1
72,60,113.865298512208,3.34750547277235,0.867079058690782,12.76,0,0,441,0
72,60,113.865298512208,3.34750547277235,0.867079058690782,13,0,0,406,0
72,60,113.865298512208,3.34750547277235,0.867079058690782,15.92,0,0,355,0
72,60,113.865298512208,3.34750547277235,0.867079058690782,17.3,0,0,396,0
73,60,44.7889314278903,6.08416886285536,0.639429530460903,0,101,60000,0,1
73,60,44.7889314278903,6.08416886285536,0.639429530460903,0.41,0,0,371,0
73,60,44.7889314278903,6.08416886285536,0.639429530460903,5.42,0,0,1043,0
73,60,44.7889314278903,6.08416886285536,0.639429530460903,11.01,0,0,342,0
73,60,44.7889314278903,6.08416886285536,0.639429530460903,14.24,0,0,223,0
74,60,56.2934728713392,3.70166849816302,0.667635320612002,0,101,60000,0,1
74,60,56.2934728713392,3.70166849816302,0.667635320612002,3.76,0,0,702,0
74,60,56.2934728713392,3.70166849816302,0.667635320612002,6.89,0,0,680,0
74,60,56.2934728713392,3.70166849816302,0.667635320612002,17.79,0,0,392,0
74,60,56.2934728713392,3.70166849816302,0.667635320612002,17.97,0,0,300,0
75,60,85.3592178909472,2.29090160178712,0.866854858801627,0,101,60000,0,1
75,60,85.3592178909472,2.29090160178712,0.866854858801627,2.56,0,0,536,0
75,60,85.3592178909472,2.29090160178712,0.866854858801627,4.67,0,0,438,0
75,60,85.3592178909472,2.29090160178712,0.866854858801627,15.01,0,0,453,0
75,60,85.3592178909472,2.29090160178712,0.866854858801627,15.74,0,0,418,0
76,60,80.1070574389957,3.10337335710263,0.913650325961396,0,101,60000,0,1
76,60,80.1070574389957,3.10337335710263,0.913650325961396,1.36,0,0,566,0
76,60,80.1070574389957,3.10337335710263,0.913650325961396,1.43,0,0,462,0
76,60,80.1070574389957,3.10337335710263,0.913650325961396,9,0,0,872,0
76,60,80.1070574389957,3.10337335710263,0.913650325961396,21.62,0,0,335,0
77,60,77.1378717197028,7.66957614340973,1.06767741962088,0,101,60000,0,1
77,60,77.1378717197028,7.66957614340973,1.06767741962088,0.15,0,0,99,0
77,60,77.1378717197028,7.66957614340973,1.06767741962088,0.37,0,0,381,0
77,60,77.1378717197028,7.66957614340973,1.06767741962088,12.64,0,0,183,0
77,60,77.1378717197028,7.66957614340973,1.06767741962088,17.87,0,0,133,0
78,60,69.3748629101498,4.83731432361174,0.886650993630196,0,101,60000,0,1
78,60,69.3748629101498,4.83731432361174,0.886650993630196,1.74,0,0,818,0
78,60,69.3748629101498,4.83731432361174,0.886650993630196,8.7,0,0,585,0
78,60,69.3748629101498,4.83731432361174,0.886650993630196,19.93,0,0,212,0
78,60,69.3748629101498,4.83731432361174,0.886650993630196,22.72,0,0,110,0
79,60,53.7715248380925,2.07204233566413,0.98838477342962,0,101,60000,0,1
79,60,53.7715248380925,2.07204233566413,0.98838477342962,3.36,0,0,807,0
79,60,53.7715248380925,2.07204233566413,0.98838477342962,5.42,0,0,853,0
79,60,53.7715248380925,2.07204233566413,0.98838477342962,7.7,0,0,752,0
79,60,53.7715248380925,2.07204233566413,0.98838477342962,23.25,0,0,469,0
80,60,66.8458402817382,4.00115294487644,1.68036935339135,0,101,60000,0,1
80,60,66.8458402817382,4.00115294487644,1.68036935339135,6.51,0,0,559,0
80,60,66.8458402817382,4.00115294487644,1.68036935339135,11.08,0,0,574,0
80,60,66.8458402817382,4.00115294487644,1.68036935339135,12.49,0,0,466,0
80,60,66.8458402817382,4.00115294487644,1.68036935339135,20.52,0,0,255,0
81,60,76.226259814428,5.52618360787753,0.747882093051847,0,101,60000,0,1
81,60,76.226259814428,5.52618360787753,0.747882093051847,7.73,0,0,474,0
81,60,76.226259814428,5.52618360787753,0.747882093051847,17.61,0,0,297,0
81,60,76.226259814428,5.52618360787753,0.747882093051847,21.62,0,0,242,0
81,60,76.226259814428,5.52618360787753,0.747882093051847,23.39,0,0,158,0
82,60,61.2524055176149,7.56632545506253,1.20465754259826,0,101,60000,0,1
82,60,61.2524055176149,7.56632545506253,1.20465754259826,11.11,0,0,263,0
82,60,61.2524055176149,7.56632545506253,1.20465754259826,11.7,0,0,261,0
82,60,61.2524055176149,7.56632545506253,1.20465754259826,19.51,0,0,124,0
82,60,61.2524055176149,7.56632545506253,1.20465754259826,20.38,0,0,113,0
83,60,50.9801382278403,3.60238768911627,0.810221025414537,0,101,60000,0,1
83,60,50.9801382278403,3.60238768911627,0.810221025414537,9.78,0,0,688,0
83,60,50.9801382278403,3.60238768911627,0.810221025414537,14.13,0,0,380,0
83,60,50.9801382278403,3.60238768911627,0.810221025414537,14.37,0,0,424,0
83,60,50.9801382278403,3.60238768911627,0.810221025414537,14.77,0,0,311,0
84,60,58.5362604070172,4.86631365166573,0.882989658595165,0,101,60000,0,1
84,60,58.5362604070172,4.86631365166573,0.882989658595165,1.01,0,0,478,0
84,60,58.5362604070172,4.86631365166573,0.882989658595165,8.84,0,0,453,0
84,60,58.5362604070172,4.86631365166573,0.882989658595165,23.09,0,0,229,0
84,60,58.5362604070172,4.86631365166573,0.882989658595165,23.15,0,0,128,0
85,60,94.3330971973753,2.66996852903679,1.09807569833044,0,101,60000,0,1
85,60,94.3330971973753,2.66996852903679,1.09807569833044,7.56,0,0,659,0
85,60,94.3330971973753,2.66996852903679,1.09807569833044,13.52,0,0,314,0
85,60,94.3330971973753,2.66996852903679,1.09807569833044,15.18,0,0,374,0
85,60,94.3330971973753,2.66996852903679,1.09807569833044,23.16,0,0,345,0
86,60,51.2796382319198,3.69653305397884,1.30377790256223,0,101,60000,0,1
86,60,51.2796382319198,3.69653305397884,1.30377790256223,4.89,0,0,751,0
86,60,51.2796382319198,3.69653305397884,1.30377790256223,5.74,0,0,648,0
86,60,51.2796382319198,3.69653305397884,1.30377790256223,8.65,0,0,1091,0
86,60,51.2796382319198,3.69653305397884,1.30377790256223,23.11,0,0,206,0
87,60,40.6391819178069,2.58183246358708,1.17553762499376,0,101,60000,0,1
87,60,40.6391819178069,2.58183246358708,1.17553762499376,7.74,0,0,852,0
87,60,40.6391819178069,2.58183246358708,1.17553762499376,16.34,0,0,412,0
87,60,40.6391819178069,2.58183246358708,1.17553762499376,22.54,0,0,416,0
87,60,40.6391819178069,2.58183246358708,1.17553762499376,23.78,0,0,522,0
88,60,81.0995565057237,6.2151896096428,0.700720802916161,0,101,60000,0,1
88,60,81.0995565057237,6.2151896096428,0.700720802916161,8,0,0,498,0
88,60,81.0995565057237,6.2151896096428,0.700720802916161,14.63,0,0,261,0
88,60,81.0995565057237,6.2151896096428,0.700720802916161,20.14,0,0,155,0
88,60,81.0995565057237,6.2151896096428,0.700720802916161,20.65,0,0,154,0
89,60,80.7251551487886,3.18129726739234,0.784333889747216,0,101,60000,0,1
89,60,80.7251551487886,3.18129726739234,0.784333889747216,0.91,0,0,346,0
89,60,80.7251551487886,3.18129726739234,0.784333889747216,5.24,0,0,845,0
89,60,80.7251551487886,3.18129726739234,0.784333889747216,11.35,0,0,519,0
89,60,80.7251551487886,3.18129726739234,0.784333889747216,18.88,0,0,406,0
90,60,80.3733761945832,2.80745759952561,2.01576546284806,0,101,60000,0,1
90,60,80.3733761945832,2.80745759952561,2.01576546284806,2.57,0,0,943,0
90,60,80.3733761945832,2.80745759952561,2.01576546284806,11.53,0,0,564,0
90,60,80.3733761945832,2.80745759952561,2.01576546284806,18.21,0,0,386,0
90,60,80.3733761945832,2.80745759952561,2.01576546284806,23.15,0,0,317,0
91,120,74.9942952310834,6.14475858915736,1.70363293140471,0,101,120000,0,1
91,120,74.9942952310834,6.14475858915736,1.70363293140471,0.54,0,0,884,0
91,120,74.9942952310834,6.14475858915736,1.70363293140471,10.33,0,0,847,0
91,120,74.9942952310834,6.14475858915736,1.70363293140471,11.54,0,0,739,0
91,120,74.9942952310834,6.14475858915736,1.70363293140471,15.37,0,0,656,0
92,120,66.9255027342327,3.86906975848177,1.1444035903881,0,101,120000,0,1
92,120,66.9255027342327,3.86906975848177,1.1444035903881,0.5,0,0,607,0
92,120,66.9255027342327,3.86906975848177,1.1444035903881,1.08,0,0,1250,0
92,120,66.9255027342327,3.86906975848177,1.1444035903881,6.65,0,0,1511,0
92,120,66.9255027342327,3.86906975848177,1.1444035903881,8.7,0,0,784,0
93,120,89.1749673823074,6.24888549479829,0.710794360099078,0,101,120000,0,1
93,120,89.1749673823074,6.24888549479829,0.710794360099078,2.64,0,0,1036,0
93,120,89.1749673823074,6.24888549479829,0.710794360099078,6.56,0,0,763,0
93,120,89.1749673823074,6.24888549479829,0.710794360099078,7.9,0,0,872,0
93,120,89.1749673823074,6.24888549479829,0.710794360099078,21.66,0,0,353,0
94,120,51.1183345434034,6.66603313721629,1.04444722766519,0,101,120000,0,1
94,120,51.1183345434034,6.66603313721629,1.04444722766519,3.09,0,0,1633,0
94,120,51.1183345434034,6.66603313721629,1.04444722766519,5.16,0,0,1136,0
94,120,51.1183345434034,6.66603313721629,1.04444722766519,11.47,0,0,726,0
94,120,51.1183345434034,6.66603313721629,1.04444722766519,15.17,0,0,273,0
95,120,111.925747348011,5.42800321362082,1.00676337595151,0,101,120000,0,1
95,120,111.925747348011,5.42800321362082,1.00676337595151,0.77,0,0,605,0
95,120,111.925747348011,5.42800321362082,1.00676337595151,1,0,0,695,0
95,120,111.925747348011,5.42800321362082,1.00676337595151,2.52,0,0,817,0
95,120,111.925747348011,5.42800321362082,1.00676337595151,12.02,0,0,574,0
96,120,81.7354475948896,4.74057427287452,0.797680196076164,0,101,120000,0,1
96,120,81.7354475948896,4.74057427287452,0.797680196076164,1.06,0,0,720,0
96,120,81.7354475948896,4.74057427287452,0.797680196076164,13.69,0,0,672,0
96,120,81.7354475948896,4.74057427287452,0.797680196076164,14.37,0,0,737,0
96,120,81.7354475948896,4.74057427287452,0.797680196076164,22.21,0,0,473,0
97,120,81.4743911800717,4.93631391941088,0.681813778938315,0,101,120000,0,1
97,120,81.4743911800717,4.93631391941088,0.681813778938315,2.84,0,0,913,0
97,120,81.4743911800717,4.93631391941088,0.681813778938315,2.98,0,0,1434,0
97,120,81.4743911800717,4.93631391941088,0.681813778938315,17.24,0,0,681,0
97,120,81.4743911800717,4.93631391941088,0.681813778938315,20.49,0,0,540,0
98,120,80.6510502375212,4.57702010000768,1.09170786532333,0,101,120000,0,1
98,120,80.6510502375212,4.57702010000768,1.09170786532333,3.25,0,0,1454,0
98,120,80.6510502375212,4.57702010000768,1.09170786532333,4.37,0,0,1120,0
98,120,80.6510502375212,4.57702010000768,1.09170786532333,6.89,0,0,1397,0
98,120,80.6510502375212,4.57702010000768,1.09170786532333,15.9,0,0,660,0
99,120,65.7665794992381,4.23445493771623,1.50031073236758,0,101,120000,0,1
99,120,65.7665794992381,4.23445493771623,1.50031073236758,7.69,0,0,1132,0
99,120,65.7665794992381,4.23445493771623,1.50031073236758,7.98,0,0,1258,0
99,120,65.7665794992381,4.23445493771623,1.50031073236758,9.99,0,0,879,0
99,120,65.7665794992381,4.23445493771623,1.50031073236758,17.96,0,0,530,0
100,120,63.9026322845649,2.25619475425125,0.814156083153836,0,101,120000,0,1
100,120,63.9026322845649,2.25619475425125,0.814156083153836,4.64,0,0,2266,0
100,120,63.9026322845649,2.25619475425125,0.814156083153836,8.68,0,0,1297,0
100,120,63.9026322845649,2.25619475425125,0.814156083153836,9.81,0,0,1212,0
100,120,63.9026322845649,2.25619475425125,0.814156083153836,11.07,0,0,974,0
101,120,50.9560103694338,4.46193740377014,0.900263529492947,0,101,120000,0,1
101,120,50.9560103694338,4.46193740377014,0.900263529492947,4.39,0,0,1615,0
101,120,50.9560103694338,4.46193740377014,0.900263529492947,5.7,0,0,1666,0
101,120,50.9560103694338,4.46193740377014,0.900263529492947,16.38,0,0,583,0
101,120,50.9560103694338,4.46193740377014,0.900263529492947,22.62,0,0,254,0
102,120,77.1868351215049,3.05069900738281,2.04140046525383,0,101,120000,0,1
102,120,77.1868351215049,3.05069900738281,2.04140046525383,0.37,0,0,600,0
102,120,77.1868351215049,3.05069900738281,2.04140046525383,7.52,0,0,1028,0
102,120,77.1868351215049,3.05069900738281,2.04140046525383,14.35,0,0,906,0
102,120,77.1868351215049,3.05069900738281,2.04140046525383,18.71,0,0,717,0
103,120,152.83256339505,2.66318955865508,0.520860294989442,0,101,120000,0,1
103,120,152.83256339505,2.66318955865508,0.520860294989442,0.48,0,0,157,0
103,120,152.83256339505,2.66318955865508,0.520860294989442,14.2,0,0,529,0
103,120,152.83256339505,2.66318955865508,0.520860294989442,16.71,0,0,751,0
103,120,152.83256339505,2.66318955865508,0.520860294989442,20.74,0,0,448,0
104,120,52.120074920928,6.70742671464956,0.975496712401852,0,101,120000,0,1
104,120,52.120074920928,6.70742671464956,0.975496712401852,3.05,0,0,1473,0
104,120,52.120074920928,6.70742671464956,0.975496712401852,11.51,0,0,475,0
104,120,52.120074920928,6.70742671464956,0.975496712401852,21.11,0,0,213,0
104,120,52.120074920928,6.70742671464956,0.975496712401852,23.34,0,0,98,0
105,120,93.7211925475568,3.50202851512452,1.3317595202129,0,101,120000,0,1
105,120,93.7211925475568,3.50202851512452,1.3317595202129,3.14,0,0,801,0
105,120,93.7211925475568,3.50202851512452,1.3317595202129,5.09,0,0,1321,0
105,120,93.7211925475568,3.50202851512452,1.3317595202129,20.86,0,0,658,0
105,120,93.7211925475568,3.50202851512452,1.3317595202129,23.27,0,0,512,0
106,120,42.3022694491306,3.61931951583349,1.12868758646717,0,101,120000,0,1
106,120,42.3022694491306,3.61931951583349,1.12868758646717,0.62,0,0,1223,0
106,120,42.3022694491306,3.61931951583349,1.12868758646717,5.03,0,0,2216,0
106,120,42.3022694491306,3.61931951583349,1.12868758646717,9.77,0,0,1699,0
106,120,42.3022694491306,3.61931951583349,1.12868758646717,16.2,0,0,791,0
107,120,55.1296380336676,4.22604645112202,0.899671912711427,0,101,120000,0,1
107,120,55.1296380336676,4.22604645112202,0.899671912711427,1.89,0,0,2049,0
107,120,55.1296380336676,4.22604645112202,0.899671912711427,9.76,0,0,1310,0
107,120,55.1296380336676,4.22604645112202,0.899671912711427,20.32,0,0,636,0
107,120,55.1296380336676,4.22604645112202,0.899671912711427,22.07,0,0,312,0
108,120,62.4634061861657,5.58802922105526,1.02380314870339,0,101,120000,0,1
108,120,62.4634061861657,5.58802922105526,1.02380314870339,6.24,0,0,1368,0
108,120,62.4634061861657,5.58802922105526,1.02380314870339,11.18,0,0,590,0
108,120,62.4634061861657,5.58802922105526,1.02380314870339,12.3,0,0,838,0
108,120,62.4634061861657,5.58802922105526,1.02380314870339,21.05,0,0,264,0
109,120,91.1504200490953,3.95179210872691,0.917493796004254,0,101,120000,0,1
109,120,91.1504200490953,3.95179210872691,0.917493796004254,4.97,0,0,1022,0
109,120,91.1504200490953,3.95179210872691,0.917493796004254,6.46,0,0,957,0
109,120,91.1504200490953,3.95179210872691,0.917493796004254,20.63,0,0,537,0
109,120,91.1504200490953,3.95179210872691,0.917493796004254,21.76,0,0,452,0
110,120,89.9262889611457,5.74912429119501,1.68071407516252,0,101,120000,0,1
110,120,89.9262889611457,5.74912429119501,1.68071407516252,1.02,0,0,1152,0
110,120,89.9262889611457,5.74912429119501,1.68071407516252,11.21,0,0,863,0
110,120,89.9262889611457,5.74912429119501,1.68071407516252,13.47,0,0,754,0
110,120,89.9262889611457,5.74912429119501,1.68071407516252,20.28,0,0,367,0
111,120,55.6725407019503,4.23015971577883,0.673001991972317,0,101,120000,0,1
111,120,55.6725407019503,4.23015971577883,0.673001991972317,0.48,0,0,449,0
111,120,55.6725407019503,4.23015971577883,0.673001991972317,7.54,0,0,1386,0
111,120,55.6725407019503,4.23015971577883,0.673001991972317,10.14,0,0,1184,0
111,120,55.6725407019503,4.23015971577883,0.673001991972317,19.18,0,0,552,0
112,120,144.811208693156,5.60012028639379,0.664672853647724,0,101,120000,0,1
112,120,144.811208693156,5.60012028639379,0.664672853647724,1.33,0,0,541,0
112,120,144.811208693156,5.60012028639379,0.664672853647724,3.21,0,0,739,0
112,120,144.811208693156,5.60012028639379,0.664672853647724,5.8,0,0,496,0
112,120,144.811208693156,5.60012028639379,0.664672853647724,17.47,0,0,593,0
113,120,127.088395643993,4.56722635134544,0.840682864878103,0,101,120000,0,1
113,120,127.088395643993,4.56722635134544,0.840682864878103,3.4,0,0,944,0
113,120,127.088395643993,4.56722635134544,0.840682864878103,9.29,0,0,567,0
113,120,127.088395643993,4.56722635134544,0.840682864878103,16.18,0,0,637,0
113,120,127.088395643993,4.56722635134544,0.840682864878103,17.95,0,0,507,0
114,120,47.9412003335112,4.02970861240091,1.31500010329303,0,101,120000,0,1
114,120,47.9412003335112,4.02970861240091,1.31500010329303,0.35,0,0,881,0
114,120,47.9412003335112,4.02970861240091,1.31500010329303,2.02,0,0,1899,0
114,120,47.9412003335112,4.02970861240091,1.31500010329303,6.75,0,0,1414,0
114,120,47.9412003335112,4.02970861240091,1.31500010329303,20.92,0,0,421,0
115,120,85.4001069894774,1.68531852533975,1.68083113798097,0,101,120000,0,1
115,120,85.4001069894774,1.68531852533975,1.68083113798097,2.91,0,0,1051,0
115,120,85.4001069894774,1.68531852533975,1.68083113798097,6.92,0,0,908,0
115,120,85.4001069894774,1.68531852533975,1.68083113798097,9.27,0,0,1587,0
115,120,85.4001069894774,1.68531852533975,1.68083113798097,16.81,0,0,1012,0
116,120,84.2379520710525,2.62670786693104,1.66998207315007,0,101,120000,0,1
116,120,84.2379520710525,2.62670786693104,1.66998207315007,5.54,0,0,1184,0
116,120,84.2379520710525,2.62670786693104,1.66998207315007,18.33,0,0,1168,0
116,120,84.2379520710525,2.62670786693104,1.66998207315007,18.71,0,0,635,0
116,120,84.2379520710525,2.62670786693104,1.66998207315007,22.6,0,0,832,0
117,120,88.0984305002478,4.13703086743946,0.654221313798674,0,101,120000,0,1
117,120,88.0984305002478,4.13703086743946,0.654221313798674,0.54,0,0,294,0
117,120,88.0984305002478,4.13703086743946,0.654221313798674,1.5,0,0,718,0
117,120,88.0984305002478,4.13703086743946,0.654221313798674,20.53,0,0,555,0
117,120,88.0984305002478,4.13703086743946,0.654221313798674,22.74,0,0,517,0
118,120,163.722245031366,3.62154421733935,0.689252374320601,0,101,120000,0,1
118,120,163.722245031366,3.62154421733935,0.689252374320601,0.06,0,0,18,0
118,120,163.722245031366,3.62154421733935,0.689252374320601,8.61,0,0,626,0
118,120,163.722245031366,3.62154421733935,0.689252374320601,13.03,0,0,497,0
118,120,163.722245031366,3.62154421733935,0.689252374320601,21.54,0,0,440,0
119,120,84.1660642223112,3.07584759363951,0.905973537807387,0,101,120000,0,1
119,120,84.1660642223112,3.07584759363951,0.905973537807387,3.72,0,0,1099,0
119,120,84.1660642223112,3.07584759363951,0.905973537807387,6.17,0,0,1197,0
119,120,84.1660642223112,3.07584759363951,0.905973537807387,7.11,0,0,1176,0
119,120,84.1660642223112,3.07584759363951,0.905973537807387,8.28,0,0,1390,0
120,120,93.4777163586083,5.01809367144746,0.602453146588747,0,101,120000,0,1
120,120,93.4777163586083,5.01809367144746,0.602453146588747,7.19,0,0,945,0
120,120,93.4777163586083,5.01809367144746,0.602453146588747,8.86,0,0,985,0
120,120,93.4777163586083,5.01809367144746,0.602453146588747,20.76,0,0,332,0
120,120,93.4777163586083,5.01809367144746,0.602453146588747,23.83,0,0,338,0
