ID,DOSE,V,CL,KA,TIME,EVID,AMT,DV,EVIDNM
1,10,92.6451037764641,4.26909422787075,1.10672538164048,0,101,10000,0,1
1,10,92.6451037764641,4.26909422787075,1.10672538164048,6.17,0,0,74,0
1,10,92.6451037764641,4.26909422787075,1.10672538164048,9.46,0,0,109,0
1,10,92.6451037764641,4.26909422787075,1.10672538164048,20.25,0,0,47,0
1,10,92.6451037764641,4.26909422787075,1.10672538164048,23.4,0,0,28,0
2,10,53.5389120731415,3.09352339136517,0.920770366707667,0,101,10000,0,1
2,10,53.5389120731415,3.09352339136517,0.920770366707667,1.82,0,0,167,0
2,10,53.5389120731415,3.09352339136517,0.920770366707667,7.53,0,0,117,0
2,10,53.5389120731415,3.09352339136517,0.920770366707667,13.46,0,0,86,0
2,10,53.5389120731415,3.09352339136517,0.920770366707667,19.82,0,0,50,0
3,10,73.3030377814393,2.70709092936475,0.717264147056521,0,101,10000,0,1
3,10,73.3030377814393,2.70709092936475,0.717264147056521,1.43,0,0,117,0
3,10,73.3030377814393,2.70709092936475,0.717264147056521,14.36,0,0,99,0
3,10,73.3030377814393,2.70709092936475,0.717264147056521,21.81,0,0,59,0
3,10,73.3030377814393,2.70709092936475,0.717264147056521,23.2,0,0,47,0
4,10,56.0786394242153,2.74600563954402,1.76527507303039,0,101,10000,0,1
4,10,56.0786394242153,2.74600563954402,1.76527507303039,4.15,0,0,193,0
4,10,56.0786394242153,2.74600563954402,1.76527507303039,4.37,0,0,98,0
4,10,56.0786394242153,2.74600563954402,1.76527507303039,14.13,0,0,91,0
4,10,56.0786394242153,2.74600563954402,1.76527507303039,21.44,0,0,61,0
5,10,71.722392102368,5.50598335391716,0.752272909930537,0,101,10000,0,1
5,10,71.722392102368,5.50598335391716,0.752272909930537,1.01,0,0,69,0
5,10,71.722392102368,5.50598335391716,0.752272909930537,4.85,0,0,80,0
5,10,71.722392102368,5.50598335391716,0.752272909930537,13.62,0,0,71,0
5,10,71.722392102368,5.50598335391716,0.752272909930537,22.52,0,0,34,0
6,10,92.8622674636098,3.46168267215409,0.649372059764454,0,101,10000,0,1
6,10,92.8622674636098,3.46168267215409,0.649372059764454,2.7,0,0,103,0
6,10,92.8622674636098,3.46168267215409,0.649372059764454,4.81,0,0,81,0
6,10,92.8622674636098,3.46168267215409,0.649372059764454,11,0,0,72,0
6,10,92.8622674636098,3.46168267215409,0.649372059764454,23.94,0,0,40,0
7,10,104.743232563967,3.6635235168715,0.987961068374623,0,101,10000,0,1
7,10,104.743232563967,3.6635235168715,0.987961068374623,6.8,0,0,68,0
7,10,104.743232563967,3.6635235168715,0.987961068374623,7.22,0,0,85,0
7,10,104.743232563967,3.6635235168715,0.987961068374623,14.97,0,0,54,0
7,10,104.743232563967,3.6635235168715,0.987961068374623,19.58,0,0,50,0
8,10,68.8522369746948,3.96291532008808,1.36961305642974,0,101,10000,0,1
8,10,68.8522369746948,3.96291532008808,1.36961305642974,4.56,0,0,101,0
8,10,68.8522369746948,3.96291532008808,1.36961305642974,10.37,0,0,59,0
8,10,68.8522369746948,3.96291532008808,1.36961305642974,13.9,0,0,49,0
8,10,68.8522369746948,3.96291532008808,1.36961305642974,21.98,0,0,34,0
9,10,64.1714430727864,3.4185940725359,1.76870887453482,0,101,10000,0,1
9,10,64.1714430727864,3.4185940725359,1.76870887453482,10.44,0,0,138,0
9,10,64.1714430727864,3.4185940725359,1.76870887453482,10.52,0,0,87,0
9,10,64.1714430727864,3.4185940725359,1.76870887453482,13.13,0,0,67,0
9,10,64.1714430727864,3.4185940725359,1.76870887453482,13.55,0,0,57,0
10,10,80.2619366855081,3.5695301002118,0.688325934182596,0,101,10000,0,1
10,10,80.2619366855081,3.5695301002118,0.688325934182596,14.49,0,0,86,0
10,10,80.2619366855081,3.5695301002118,0.688325934182596,15.6,0,0,76,0
10,10,80.2619366855081,3.5695301002118,0.688325934182596,18.54,0,0,73,0
10,10,80.2619366855081,3.5695301002118,0.688325934182596,22.54,0,0,35,0
11,10,133.441758176691,5.4912798419743,1.01551970822325,0,101,10000,0,1
11,10,133.441758176691,5.4912798419743,1.01551970822325,10.54,0,0,49,0
11,10,133.441758176691,5.4912798419743,1.01551970822325,12.3,0,0,43,0
11,10,133.441758176691,5.4912798419743,1.01551970822325,18.45,0,0,43,0
11,10,133.441758176691,5.4912798419743,1.01551970822325,19.12,0,0,37,0
12,10,78.8843673062923,3.09848178593912,1.45927913178669,0,101,10000,0,1
12,10,78.8843673062923,3.09848178593912,1.45927913178669,7.35,0,0,109,0
12,10,78.8843673062923,3.09848178593912,1.45927913178669,8.96,0,0,120,0
12,10,78.8843673062923,3.09848178593912,1.45927913178669,10.3,0,0,67,0
12,10,78.8843673062923,3.09848178593912,1.45927913178669,23.95,0,0,62,0
13,10,57.2856538266038,4.36332999759368,0.970431500033924,0,101,10000,0,1
13,10,57.2856538266038,4.36332999759368,0.970431500033924,9,0,0,126,0
13,10,57.2856538266038,4.36332999759368,0.970431500033924,12.3,0,0,61,0
13,10,57.2856538266038,4.36332999759368,0.970431500033924,13.65,0,0,57,0
13,10,57.2856538266038,4.36332999759368,0.970431500033924,23.42,0,0,33,0
14,10,136.412894394508,3.72374069293289,1.44909247699817,0,101,10000,0,1
14,10,136.412894394508,3.72374069293289,1.44909247699817,9.4,0,0,66,0
14,10,136.412894394508,3.72374069293289,1.44909247699817,15.61,0,0,58,0
14,10,136.412894394508,3.72374069293289,1.44909247699817,17.71,0,0,47,0
14,10,136.412894394508,3.72374069293289,1.44909247699817,20.81,0,0,38,0
15,10,41.7549939815487,4.35560664764444,0.85498132071751,0,101,10000,0,1
15,10,41.7549939815487,4.35560664764444,0.85498132071751,1.61,0,0,155,0
15,10,41.7549939815487,4.35560664764444,0.85498132071751,6.91,0,0,126,0
15,10,41.7549939815487,4.35560664764444,0.85498132071751,14.67,0,0,70,0
15,10,41.7549939815487,4.35560664764444,0.85498132071751,17.51,0,0,56,0
16,10,56.0107402693177,3.90204022757948,0.385646564548224,0,101,10000,0,1
16,10,56.0107402693177,3.90204022757948,0.385646564548224,18.02,0,0,81,0
16,10,56.0107402693177,3.90204022757948,0.385646564548224,20.29,0,0,48,0
16,10,56.0107402693177,3.90204022757948,0.385646564548224,21.07,0,0,77,0
16,10,56.0107402693177,3.90204022757948,0.385646564548224,21.28,0,0,55,0
17,10,83.7866992345104,3.76571755389815,0.469169148565926,0,101,10000,0,1
17,10,83.7866992345104,3.76571755389815,0.469169148565926,12.71,0,0,133,0
17,10,83.7866992345104,3.76571755389815,0.469169148565926,17.76,0,0,52,0
17,10,83.7866992345104,3.76571755389815,0.469169148565926,18.56,0,0,53,0
17,10,83.7866992345104,3.76571755389815,0.469169148565926,19.97,0,0,47,0
18,10,46.7017151295933,2.87237372180408,1.36242493301561,0,101,10000,0,1
18,10,46.7017151295933,2.87237372180408,1.36242493301561,6.54,0,0,141,0
18,10,46.7017151295933,2.87237372180408,1.36242493301561,7.85,0,0,128,0
18,10,46.7017151295933,2.87237372180408,1.36242493301561,14.14,0,0,101,0
18,10,46.7017151295933,2.87237372180408,1.36242493301561,18.68,0,0,93,0
19,10,46.3268631315043,3.77418583803451,0.801864438397607,0,101,10000,0,1
19,10,46.3268631315043,3.77418583803451,0.801864438397607,4.48,0,0,190,0
19,10,46.3268631315043,3.77418583803451,0.801864438397607,5.42,0,0,160,0
19,10,46.3268631315043,3.77418583803451,0.801864438397607,12.9,0,0,69,0
19,10,46.3268631315043,3.77418583803451,0.801864438397607,14.49,0,0,92,0
20,10,99.4995402045374,5.10625850511547,1.41708087501647,0,101,10000,0,1
20,10,99.4995402045374,5.10625850511547,1.41708087501647,3.95,0,0,86,0
20,10,99.4995402045374,5.10625850511547,1.41708087501647,4.72,0,0,76,0
20,10,99.4995402045374,5.10625850511547,1.41708087501647,7.08,0,0,99,0
20,10,99.4995402045374,5.10625850511547,1.41708087501647,19.83,0,0,42,0
21,10,79.5882154833167,5.80700404495685,1.49139535044894,0,101,10000,0,1
21,10,79.5882154833167,5.80700404495685,1.49139535044894,5.78,0,0,65,0
21,10,79.5882154833167,5.80700404495685,1.49139535044894,9.87,0,0,68,0
21,10,79.5882154833167,5.80700404495685,1.49139535044894,13.17,0,0,57,0
21,10,79.5882154833167,5.80700404495685,1.49139535044894,20.7,0,0,37,0
22,10,105.342303785701,7.86641753263166,1.83225029034964,0,101,10000,0,1
22,10,105.342303785701,7.86641753263166,1.83225029034964,11.09,0,0,48,0
22,10,105.342303785701,7.86641753263166,1.83225029034964,13.84,0,0,40,0
22,10,105.342303785701,7.86641753263166,1.83225029034964,17.9,0,0,26,0
22,10,105.342303785701,7.86641753263166,1.83225029034964,18.67,0,0,21,0
23,10,64.3995608725095,4.90540409390094,0.837602017531476,0,101,10000,0,1
23,10,64.3995608725095,4.90540409390094,0.837602017531476,1.21,0,0,98,0
23,10,64.3995608725095,4.90540409390094,0.837602017531476,3.06,0,0,103,0
23,10,64.3995608725095,4.90540409390094,0.837602017531476,17.93,0,0,39,0
23,10,64.3995608725095,4.90540409390094,0.837602017531476,19.65,0,0,43,0
24,10,70.1407391852051,2.57783978104609,0.997657108666026,0,101,10000,0,1
24,10,70.1407391852051,2.57783978104609,0.997657108666026,19.91,0,0,61,0
24,10,70.1407391852051,2.57783978104609,0.997657108666026,21.22,0,0,80,0
24,10,70.1407391852051,2.57783978104609,0.997657108666026,21.53,0,0,56,0
24,10,70.1407391852051,2.57783978104609,0.997657108666026,21.69,0,0,99,0
25,10,88.1882947564292,3.21249694871427,0.983716017615081,0,101,10000,0,1
25,10,88.1882947564292,3.21249694871427,0.983716017615081,2.1,0,0,118,0
25,10,88.1882947564292,3.21249694871427,0.983716017615081,3.04,0,0,82,0
25,10,88.1882947564292,3.21249694871427,0.983716017615081,13.81,0,0,69,0
25,10,88.1882947564292,3.21249694871427,0.983716017615081,20.86,0,0,49,0
26,10,73.6692241266665,4.08676235244801,1.10174916025177,0,101,10000,0,1
26,10,73.6692241266665,4.08676235244801,1.10174916025177,4.92,0,0,125,0
26,10,73.6692241266665,4.08676235244801,1.10174916025177,12.65,0,0,72,0
26,10,73.6692241266665,4.08676235244801,1.10174916025177,14.62,0,0,61,0
26,10,73.6692241266665,4.08676235244801,1.10174916025177,19.47,0,0,36,0
27,10,86.6796740835808,3.25654128068582,1.63379590440937,0,101,10000,0,1
27,10,86.6796740835808,3.25654128068582,1.63379590440937,2.03,0,0,116,0
27,10,86.6796740835808,3.25654128068582,1.63379590440937,10.13,0,0,70,0
27,10,86.6796740835808,3.25654128068582,1.63379590440937,15.61,0,0,43,0
27,10,86.6796740835808,3.25654128068582,1.63379590440937,23.26,0,0,44,0
28,10,85.9928174172026,3.52201602906403,0.942493460321146,0,101,10000,0,1
28,10,85.9928174172026,3.52201602906403,0.942493460321146,8.26,0,0,92,0
28,10,85.9928174172026,3.52201602906403,0.942493460321146,20.43,0,0,57,0
28,10,85.9928174172026,3.52201602906403,0.942493460321146,21,0,0,61,0
28,10,85.9928174172026,3.52201602906403,0.942493460321146,23.77,0,0,50,0
29,10,73.8138599767866,3.49312337757466,0.856559601348198,0,101,10000,0,1
29,10,73.8138599767866,3.49312337757466,0.856559601348198,2.8,0,0,114,0
29,10,73.8138599767866,3.49312337757466,0.856559601348198,10.78,0,0,60,0
29,10,73.8138599767866,3.49312337757466,0.856559601348198,11.04,0,0,110,0
29,10,73.8138599767866,3.49312337757466,0.856559601348198,21.18,0,0,82,0
30,10,64.5654913418207,3.98186110373348,1.06738628165382,0,101,10000,0,1
30,10,64.5654913418207,3.98186110373348,1.06738628165382,6.56,0,0,105,0
30,10,64.5654913418207,3.98186110373348,1.06738628165382,16.75,0,0,46,0
30,10,64.5654913418207,3.98186110373348,1.06738628165382,22.38,0,0,37,0
30,10,64.5654913418207,3.98186110373348,1.06738628165382,22.86,0,0,59,0
31,30,112.908828929246,3.33329335834122,1.97883373113855,0,101,30000,0,1
31,30,112.908828929246,3.33329335834122,1.97883373113855,0.26,0,0,180,0
31,30,112.908828929246,3.33329335834122,1.97883373113855,3.51,0,0,251,0
31,30,112.908828929246,3.33329335834122,1.97883373113855,8.87,0,0,249,0
31,30,112.908828929246,3.33329335834122,1.97883373113855,22.71,0,0,164,0
32,30,47.1005212207864,2.69700034681431,1.7187644569366,0,101,30000,0,1
32,30,47.1005212207864,2.69700034681431,1.7187644569366,2.35,0,0,437,0
32,30,47.1005212207864,2.69700034681431,1.7187644569366,4.31,0,0,513,0
32,30,47.1005212207864,2.69700034681431,1.7187644569366,17.15,0,0,377,0
32,30,47.1005212207864,2.69700034681431,1.7187644569366,22.13,0,0,234,0
33,30,91.9797566763933,4.54209369346771,1.31700473991026,0,101,30000,0,1
33,30,91.9797566763933,4.54209369346771,1.31700473991026,11.8,0,0,220,0
33,30,91.9797566763933,4.54209369346771,1.31700473991026,12.67,0,0,162,0
33,30,91.9797566763933,4.54209369346771,1.31700473991026,15.67,0,0,132,0
33,30,91.9797566763933,4.54209369346771,1.31700473991026,19.01,0,0,150,0
34,30,58.9624590174367,5.71244687842089,0.606842822039644,0,101,30000,0,1
34,30,58.9624590174367,5.71244687842089,0.606842822039644,3.31,0,0,380,0
34,30,58.9624590174367,5.71244687842089,0.606842822039644,8.76,0,0,240,0
34,30,58.9624590174367,5.71244687842089,0.606842822039644,17.99,0,0,114,0
34,30,58.9624590174367,5.71244687842089,0.606842822039644,22.72,0,0,83,0
35,30,81.9575803565416,3.80548665360894,1.11843006164993,0,101,30000,0,1
35,30,81.9575803565416,3.80548665360894,1.11843006164993,3.71,0,0,398,0
35,30,81.9575803565416,3.80548665360894,1.11843006164993,20.07,0,0,147,0
35,30,81.9575803565416,3.80548665360894,1.11843006164993,20.27,0,0,198,0
35,30,81.9575803565416,3.80548665360894,1.11843006164993,21.22,0,0,163,0
36,30,84.09955940417,4.38913313148545,1.16065321623763,0,101,30000,0,1
36,30,84.09955940417,4.38913313148545,1.16065321623763,8.86,0,0,250,0
36,30,84.09955940417,4.38913313148545,1.16065321623763,8.93,0,0,194,0
36,30,84.09955940417,4.38913313148545,1.16065321623763,17.8,0,0,195,0
36,30,84.09955940417,4.38913313148545,1.16065321623763,19.33,0,0,153,0
37,30,90.8626799115858,5.93096173283443,0.846597861637241,0,101,30000,0,1
37,30,90.8626799115858,5.93096173283443,0.846597861637241,3.3,0,0,322,0
37,30,90.8626799115858,5.93096173283443,0.846597861637241,7.26,0,0,266,0
37,30,90.8626799115858,5.93096173283443,0.846597861637241,11.37,0,0,210,0
37,30,90.8626799115858,5.93096173283443,0.846597861637241,13.22,0,0,153,0
38,30,84.5084095137831,3.3815333266801,0.866553798188652,0,101,30000,0,1
38,30,84.5084095137831,3.3815333266801,0.866553798188652,0.51,0,0,69,0
38,30,84.5084095137831,3.3815333266801,0.866553798188652,14.05,0,0,219,0
38,30,84.5084095137831,3.3815333266801,0.866553798188652,20.06,0,0,137,0
38,30,84.5084095137831,3.3815333266801,0.866553798188652,23,0,0,219,0
39,30,99.0120000204187,5.19593215447106,1.54746358768364,0,101,30000,0,1
39,30,99.0120000204187,5.19593215447106,1.54746358768364,1.36,0,0,470,0
39,30,99.0120000204187,5.19593215447106,1.54746358768364,10.25,0,0,158,0
39,30,99.0120000204187,5.19593215447106,1.54746358768364,10.46,0,0,153,0
39,30,99.0120000204187,5.19593215447106,1.54746358768364,14.89,0,0,185,0
40,30,49.5775932947411,4.24190300289553,0.704213073653024,0,101,30000,0,1
40,30,49.5775932947411,4.24190300289553,0.704213073653024,4.06,0,0,326,0
40,30,49.5775932947411,4.24190300289553,0.704213073653024,10.87,0,0,375,0
40,30,49.5775932947411,4.24190300289553,0.704213073653024,12.11,0,0,269,0
40,30,49.5775932947411,4.24190300289553,0.704213073653024,20.84,0,0,101,0
41,30,108.183426619102,3.69365186056798,0.976920523173086,0,101,30000,0,1
41,30,108.183426619102,3.69365186056798,0.976920523173086,6.09,0,0,196,0
41,30,108.183426619102,3.69365186056798,0.976920523173086,15.78,0,0,201,0
41,30,108.183426619102,3.69365186056798,0.976920523173086,20.68,0,0,125,0
41,30,108.183426619102,3.69365186056798,0.976920523173086,21.69,0,0,180,0
42,30,125.341977316788,3.86745285730528,0.779898785862078,0,101,30000,0,1
42,30,125.341977316788,3.86745285730528,0.779898785862078,1.58,0,0,149,0
42,30,125.341977316788,3.86745285730528,0.779898785862078,6.92,0,0,181,0
42,30,125.341977316788,3.86745285730528,0.779898785862078,16.95,0,0,145,0
42,30,125.341977316788,3.86745285730528,0.779898785862078,19.37,0,0,112,0
43,30,64.205528034533,5.45516934747962,0.912783290884827,0,101,30000,0,1
43,30,64.205528034533,5.45516934747962,0.912783290884827,8.93,0,0,239,0
43,30,64.205528034533,5.45516934747962,0.912783290884827,11.9,0,0,127,0
43,30,64.205528034533,5.45516934747962,0.912783290884827,12.34,0,0,249,0
43,30,64.205528034533,5.45516934747962,0.912783290884827,23.44,0,0,90,0
44,30,111.805588698561,4.22860823478662,1.37165292034175,0,101,30000,0,1
44,30,111.805588698561,4.22860823478662,1.37165292034175,9.86,0,0,178,0
44,30,111.805588698561,4.22860823478662,1.37165292034175,14.07,0,0,187,0
44,30,111.805588698561,4.22860823478662,1.37165292034175,19.11,0,0,197,0
44,30,111.805588698561,4.22860823478662,1.37165292034175,21.81,0,0,128,0
45,30,81.6544538573186,4.79029751764938,0.723400197972152,0,101,30000,0,1
45,30,81.6544538573186,4.79029751764938,0.723400197972152,3.09,0,0,265,0
45,30,81.6544538573186,4.79029751764938,0.723400197972152,6.28,0,0,261,0
45,30,81.6544538573186,4.79029751764938,0.723400197972152,8.25,0,0,317,0
45,30,81.6544538573186,4.79029751764938,0.723400197972152,23.9,0,0,115,0
46,30,58.5568797859835,4.72104571711855,1.04018991862229,0,101,30000,0,1
46,30,58.5568797859835,4.72104571711855,1.04018991862229,1.98,0,0,348,0
46,30,58.5568797859835,4.72104571711855,1.04018991862229,2.19,0,0,411,0
46,30,58.5568797859835,4.72104571711855,1.04018991862229,14.95,0,0,133,0
46,30,58.5568797859835,4.72104571711855,1.04018991862229,20.78,0,0,141,0
47,30,103.485476106526,4.35775190019237,0.83928201330937,0,101,30000,0,1
47,30,103.485476106526,4.35775190019237,0.83928201330937,3.14,0,0,242,0
47,30,103.485476106526,4.35775190019237,0.83928201330937,12.45,0,0,382,0
47,30,103.485476106526,4.35775190019237,0.83928201330937,19.22,0,0,166,0
47,30,103.485476106526,4.35775190019237,0.83928201330937,19.7,0,0,122,0
48,30,115.837539435565,5.26728165294582,0.767838176562882,0,101,30000,0,1
48,30,115.837539435565,5.26728165294582,0.767838176562882,2.94,0,0,225,0
48,30,115.837539435565,5.26728165294582,0.767838176562882,6.26,0,0,190,0
48,30,115.837539435565,5.26728165294582,0.767838176562882,17.38,0,0,113,0
48,30,115.837539435565,5.26728165294582,0.767838176562882,23.5,0,0,99,0
49,30,127.991620354614,4.33270361318837,0.856810967290244,0,101,30000,0,1
49,30,127.991620354614,4.33270361318837,0.856810967290244,0.01,0,0,2,0
49,30,127.991620354614,4.33270361318837,0.856810967290244,7.64,0,0,182,0
49,30,127.991620354614,4.33270361318837,0.856810967290244,19.34,0,0,102,0
49,30,127.991620354614,4.33270361318837,0.856810967290244,21.51,0,0,103,0
50,30,58.0285042190056,3.67632714029757,0.921089187951989,0,101,30000,0,1
50,30,58.0285042190056,3.67632714029757,0.921089187951989,3.25,0,0,358,0
50,30,58.0285042190056,3.67632714029757,0.921089187951989,17.04,0,0,142,0
50,30,58.0285042190056,3.67632714029757,0.921089187951989,21.1,0,0,160,0
50,30,58.0285042190056,3.67632714029757,0.921089187951989,23.98,0,0,87,0
51,30,63.72701141902,4.31514738889724,1.50374107851264,0,101,30000,0,1
51,30,63.72701141902,4.31514738889724,1.50374107851264,0.04,0,0,26,0
51,30,63.72701141902,4.31514738889724,1.50374107851264,1.5,0,0,312,0
51,30,63.72701141902,4.31514738889724,1.50374107851264,11.21,0,0,243,0
51,30,63.72701141902,4.31514738889724,1.50374107851264,14.54,0,0,241,0
52,30,60.0910174543921,5.9045802045582,2.09791364913317,0,101,30000,0,1
52,30,60.0910174543921,5.9045802045582,2.09791364913317,14.25,0,0,141,0
52,30,60.0910174543921,5.9045802045582,2.09791364913317,20.48,0,0,96,0
52,30,60.0910174543921,5.9045802045582,2.09791364913317,21.88,0,0,64,0
52,30,60.0910174543921,5.9045802045582,2.09791364913317,23.8,0,0,56,0
53,30,81.1659192042725,3.90184442429085,1.06821432877455,0,101,30000,0,1
53,30,81.1659192042725,3.90184442429085,1.06821432877455,1.43,0,0,256,0
53,30,81.1659192042725,3.90184442429085,1.06821432877455,10.39,0,0,189,0
53,30,81.1659192042725,3.90184442429085,1.06821432877455,19.68,0,0,166,0
53,30,81.1659192042725,3.90184442429085,1.06821432877455,20.81,0,0,169,0
54,30,56.6328186280027,4.32986135054922,0.889645190893362,0,101,30000,0,1
54,30,56.6328186280027,4.32986135054922,0.889645190893362,5.09,0,0,362,0
54,30,56.6328186280027,4.32986135054922,0.889645190893362,17.59,0,0,137,0
54,30,56.6328186280027,4.32986135054922,0.889645190893362,21.85,0,0,99,0
54,30,56.6328186280027,4.32986135054922,0.889645190893362,21.88,0,0,142,0
55,30,53.8333002079547,5.1153693904332,1.56916261169817,0,101,30000,0,1
55,30,53.8333002079547,5.1153693904332,1.56916261169817,0.2,0,0,140,0
55,30,53.8333002079547,5.1153693904332,1.56916261169817,1.98,0,0,593,0
55,30,53.8333002079547,5.1153693904332,1.56916261169817,7.48,0,0,300,0
55,30,53.8333002079547,5.1153693904332,1.56916261169817,7.85,0,0,382,0
56,30,102.222445540042,6.01543918569603,0.894477164336966,0,101,30000,0,1
56,30,102.222445540042,6.01543918569603,0.894477164336966,2.3,0,0,283,0
56,30,102.222445540042,6.01543918569603,0.894477164336966,2.36,0,0,244,0
56,30,102.222445540042,6.01543918569603,0.894477164336966,4.47,0,0,277,0
56,30,102.222445540042,6.01543918569603,0.894477164336966,6.71,0,0,174,0
57,30,94.0829141171349,3.28651218069157,1.07134141205682,0,101,30000,0,1
57,30,94.0829141171349,3.28651218069157,1.07134141205682,10.81,0,0,233,0
57,30,94.0829141171349,3.28651218069157,1.07134141205682,12.91,0,0,254,0
57,30,94.0829141171349,3.28651218069157,1.07134141205682,13.68,0,0,180,0
57,30,94.0829141171349,3.28651218069157,1.07134141205682,15.14,0,0,215,0
58,30,50.8862175404029,2.81499442728414,1.13076623533597,0,101,30000,0,1
58,30,50.8862175404029,2.81499442728414,1.13076623533597,0.42,0,0,234,0
58,30,50.8862175404029,2.81499442728414,1.13076623533597,15.76,0,0,194,0
58,30,50.8862175404029,2.81499442728414,1.13076623533597,16.18,0,0,352,0
58,30,50.8862175404029,2.81499442728414,1.13076623533597,22,0,0,216,0
59,30,53.7379703769732,6.88475697486986,1.30252379220809,0,101,30000,0,1
59,30,53.7379703769732,6.88475697486986,1.30252379220809,1.96,0,0,396,0
59,30,53.7379703769732,6.88475697486986,1.30252379220809,8.9,0,0,189,0
59,30,53.7379703769732,6.88475697486986,1.30252379220809,12.48,0,0,152,0
59,30,53.7379703769732,6.88475697486986,1.30252379220809,20.67,0,0,34,0
60,30,78.5706734400723,3.91788738897036,1.52357962508125,0,101,30000,0,1
60,30,78.5706734400723,3.91788738897036,1.52357962508125,1.33,0,0,399,0
60,30,78.5706734400723,3.91788738897036,1.52357962508125,2.27,0,0,201,0
60,30,78.5706734400723,3.91788738897036,1.52357962508125,2.51,0,0,264,0
60,30,78.5706734400723,3.91788738897036,1.52357962508125,2.95,0,0,271,0
61,60,89.9280768998025,5.71654847257714,0.791782415822642,0,101,60000,0,1
61,60,89.9280768998025,5.71654847257714,0.791782415822642,9.47,0,0,351,0
61,60,89.9280768998025,5.71654847257714,0.791782415822642,15.14,0,0,259,0
61,60,89.9280768998025,5.71654847257714,0.791782415822642,20.63,0,0,194,0
61,60,89.9280768998025,5.71654847257714,0.791782415822642,22.48,0,0,182,0
62,60,79.2535489778788,4.49491569433111,1.40508532480162,0,101,60000,0,1
62,60,79.2535489778788,4.49491569433111,1.40508532480162,4.46,0,0,519,0
62,60,79.2535489778788,4.49491569433111,1.40508532480162,12.74,0,0,220,0
62,60,79.2535489778788,4.49491569433111,1.40508532480162,17.25,0,0,332,0
62,60,79.2535489778788,4.49491569433111,1.40508532480162,21.74,0,0,214,0
63,60,80.1070574389957,3.10337335710263,0.913650325961396,0,101,60000,0,1
63,60,80.1070574389957,3.10337335710263,0.913650325961396,1.36,0,0,566,0
63,60,80.1070574389957,3.10337335710263,0.913650325961396,1.43,0,0,462,0
63,60,80.1070574389957,3.10337335710263,0.913650325961396,9,0,0,872,0
63,60,80.1070574389957,3.10337335710263,0.913650325961396,21.62,0,0,335,0
64,60,80.8239424090397,4.03212565176457,0.713679104788109,0,101,60000,0,1
64,60,80.8239424090397,4.03212565176457,0.713679104788109,9.16,0,0,483,0
64,60,80.8239424090397,4.03212565176457,0.713679104788109,9.24,0,0,438,0
64,60,80.8239424090397,4.03212565176457,0.713679104788109,10.1,0,0,413,0
64,60,80.8239424090397,4.03212565176457,0.713679104788109,10.93,0,0,395,0
65,60,46.956155092551,4.15672733197904,1.18415121296722,0,101,60000,0,1
65,60,46.956155092551,4.15672733197904,1.18415121296722,0.39,0,0,536,0
65,60,46.956155092551,4.15672733197904,1.18415121296722,13.28,0,0,357,0
65,60,46.956155092551,4.15672733197904,1.18415121296722,13.48,0,0,379,0
65,60,46.956155092551,4.15672733197904,1.18415121296722,17.91,0,0,306,0
66,60,105.329786223358,5.35953411203798,1.05469277081344,0,101,60000,0,1
66,60,105.329786223358,5.35953411203798,1.05469277081344,1.48,0,0,469,0
66,60,105.329786223358,5.35953411203798,1.05469277081344,3.35,0,0,453,0
66,60,105.329786223358,5.35953411203798,1.05469277081344,4.73,0,0,483,0
66,60,105.329786223358,5.35953411203798,1.05469277081344,22.76,0,0,178,0
67,60,94.2839998429175,3.82977198737077,1.05037537232703,0,101,60000,0,1
67,60,94.2839998429175,3.82977198737077,1.05037537232703,2.6,0,0,566,0
67,60,94.2839998429175,3.82977198737077,1.05037537232703,4.31,0,0,613,0
67,60,94.2839998429175,3.82977198737077,1.05037537232703,6.77,0,0,384,0
67,60,94.2839998429175,3.82977198737077,1.05037537232703,16.36,0,0,264,0
68,60,140.840861553712,6.28778998825989,0.998465889128339,0,101,60000,0,1
68,60,140.840861553712,6.28778998825989,0.998465889128339,4.64,0,0,367,0
68,60,140.840861553712,6.28778998825989,0.998465889128339,5.66,0,0,251,0
68,60,140.840861553712,6.28778998825989,0.998465889128339,10.78,0,0,394,0
68,60,140.840861553712,6.28778998825989,0.998465889128339,22.75,0,0,156,0
69,60,65.9425526720913,2.70350259015347,0.884122125584949,0,101,60000,0,1
69,60,65.9425526720913,2.70350259015347,0.884122125584949,10.86,0,0,475,0
69,60,65.9425526720913,2.70350259015347,0.884122125584949,13,0,0,617,0
69,60,65.9425526720913,2.70350259015347,0.884122125584949,16.29,0,0,533,0
69,60,65.9425526720913,2.70350259015347,0.884122125584949,18.16,0,0,526,0
70,60,93.7778853979721,2.27906367946756,1.01600935650411,0,101,60000,0,1
70,60,93.7778853979721,2.27906367946756,1.01600935650411,0.07,0,0,35,0
70,60,93.7778853979721,2.27906367946756,1.01600935650411,9.55,0,0,457,0
70,60,93.7778853979721,2.27906367946756,1.01600935650411,11.94,0,0,530,0
70,60,93.7778853979721,2.27906367946756,1.01600935650411,16.28,0,0,537,0
71,60,108.033873318281,6.15510365716227,1.18581524633321,0,101,60000,0,1
71,60,108.033873318281,6.15510365716227,1.18581524633321,3.65,0,0,624,0
71,60,108.033873318281,6.15510365716227,1.18581524633321,16.89,0,0,285,0
71,60,108.033873318281,6.15510365716227,1.18581524633321,19.82,0,0,193,0
71,60,108.033873318281,6.15510365716227,1.18581524633321,20.81,0,0,192,0
72,60,76.037297853143,4.00035867687631,0.929791299921196,0,101,60000,0,1
72,60,76.037297853143,4.00035867687631,0.929791299921196,4.25,0,0,737,0
72,60,76.037297853143,4.00035867687631,0.929791299921196,5.72,0,0,836,0
72,60,76.037297853143,4.00035867687631,0.929791299921196,7.44,0,0,463,0
72,60,76.037297853143,4.00035867687631,0.929791299921196,16.77,0,0,462,0
73,60,113.463172838553,3.35783866020705,0.524222577329906,0,101,60000,0,1
73,60,113.463172838553,3.35783866020705,0.524222577329906,8.03,0,0,786,0
73,60,113.463172838553,3.35783866020705,0.524222577329906,9.79,0,0,391,0
73,60,113.463172838553,3.35783866020705,0.524222577329906,14.63,0,0,456,0
73,60,113.463172838553,3.35783866020705,0.524222577329906,19.29,0,0,423,0
74,60,91.9146551905366,3.20502611106439,0.931273491888501,0,101,60000,0,1
74,60,91.9146551905366,3.20502611106439,0.931273491888501,7.76,0,0,520,0
74,60,91.9146551905366,3.20502611106439,0.931273491888501,11.21,0,0,477,0
74,60,91.9146551905366,3.20502611106439,0.931273491888501,11.82,0,0,643,0
74,60,91.9146551905366,3.20502611106439,0.931273491888501,22.3,0,0,334,0
75,60,54.5686270342424,3.89842925698948,1.44655620593406,0,101,60000,0,1
75,60,54.5686270342424,3.89842925698948,1.44655620593406,14.44,0,0,475,0
75,60,54.5686270342424,3.89842925698948,1.44655620593406,14.65,0,0,432,0
75,60,54.5686270342424,3.89842925698948,1.44655620593406,20.57,0,0,341,0
75,60,54.5686270342424,3.89842925698948,1.44655620593406,22.25,0,0,202,0
76,60,36.9081764931931,4.15420006655061,1.04977818351676,0,101,60000,0,1
76,60,36.9081764931931,4.15420006655061,1.04977818351676,9.24,0,0,487,0
76,60,36.9081764931931,4.15420006655061,1.04977818351676,11.11,0,0,420,0
76,60,36.9081764931931,4.15420006655061,1.04977818351676,13.31,0,0,425,0
76,60,36.9081764931931,4.15420006655061,1.04977818351676,14.07,0,0,454,0
77,60,103.555938063771,2.94630188406262,0.893039924225343,0,101,60000,0,1
77,60,103.555938063771,2.94630188406262,0.893039924225343,4.05,0,0,734,0
77,60,103.555938063771,2.94630188406262,0.893039924225343,9.36,0,0,569,0
77,60,103.555938063771,2.94630188406262,0.893039924225343,10.98,0,0,472,0
77,60,103.555938063771,2.94630188406262,0.893039924225343,21.41,0,0,271,0
78,60,51.3156209540885,2.05369804997895,1.02532031594174,0,101,60000,0,1
78,60,51.3156209540885,2.05369804997895,1.02532031594174,1.49,0,0,1078,0
78,60,51.3156209540885,2.05369804997895,1.02532031594174,7.81,0,0,715,0
78,60,51.3156209540885,2.05369804997895,1.02532031594174,9.38,0,0,846,0
78,60,51.3156209540885,2.05369804997895,1.02532031594174,16.9,0,0,559,0
79,60,92.9099278739795,2.28910891114334,1.60986447768509,0,101,60000,0,1
79,60,92.9099278739795,2.28910891114334,1.60986447768509,1.42,0,0,495,0
79,60,92.9099278739795,2.28910891114334,1.60986447768509,15.19,0,0,435,0
79,60,92.9099278739795,2.28910891114334,1.60986447768509,16.1,0,0,317,0
79,60,92.9099278739795,2.28910891114334,1.60986447768509,18.91,0,0,401,0
80,60,37.4535468301463,3.30542525654907,1.02951340670685,0,101,60000,0,1
80,60,37.4535468301463,3.30542525654907,1.02951340670685,2.97,0,0,1247,0
80,60,37.4535468301463,3.30542525654907,1.02951340670685,3.6,0,0,1350,0
80,60,37.4535468301463,3.30542525654907,1.02951340670685,8.31,0,0,846,0
80,60,37.4535468301463,3.30542525654907,1.02951340670685,8.55,0,0,966,0
81,60,50.309605236994,5.34594892117231,0.596738549869443,0,101,60000,0,1
81,60,50.309605236994,5.34594892117231,0.596738549869443,6.1,0,0,834,0
81,60,50.309605236994,5.34594892117231,0.596738549869443,7.01,0,0,655,0
81,60,50.309605236994,5.34594892117231,0.596738549869443,10.24,0,0,678,0
81,60,50.309605236994,5.34594892117231,0.596738549869443,18.85,0,0,179,0
82,60,132.938247611808,3.23701148133654,1.22194939911265,0,101,60000,0,1
82,60,132.938247611808,3.23701148133654,1.22194939911265,1.08,0,0,264,0
82,60,132.938247611808,3.23701148133654,1.22194939911265,3,0,0,418,0
82,60,132.938247611808,3.23701148133654,1.22194939911265,10.05,0,0,363,0
82,60,132.938247611808,3.23701148133654,1.22194939911265,12.56,0,0,454,0
83,60,46.4059549731764,3.05159499067797,0.725634258359288,0,101,60000,0,1
83,60,46.4059549731764,3.05159499067797,0.725634258359288,0.8,0,0,507,0
83,60,46.4059549731764,3.05159499067797,0.725634258359288,5.91,0,0,1178,0
83,60,46.4059549731764,3.05159499067797,0.725634258359288,16.86,0,0,490,0
83,60,46.4059549731764,3.05159499067797,0.725634258359288,20.79,0,0,562,0
84,60,46.6504851892134,4.09894122800458,1.12344905282083,0,101,60000,0,1
84,60,46.6504851892134,4.09894122800458,1.12344905282083,0.27,0,0,393,0
84,60,46.6504851892134,4.09894122800458,1.12344905282083,2.57,0,0,1391,0
84,60,46.6504851892134,4.09894122800458,1.12344905282083,4,0,0,896,0
84,60,46.6504851892134,4.09894122800458,1.12344905282083,17.61,0,0,338,0
85,60,94.7076294392784,3.93343645332572,0.789209578313389,0,101,60000,0,1
85,60,94.7076294392784,3.93343645332572,0.789209578313389,5.31,0,0,523,0
85,60,94.7076294392784,3.93343645332572,0.789209578313389,5.64,0,0,709,0
85,60,94.7076294392784,3.93343645332572,0.789209578313389,18.1,0,0,237,0
85,60,94.7076294392784,3.93343645332572,0.789209578313389,21.58,0,0,280,0
86,60,51.231933458096,3.91738661072215,0.575165304770462,0,101,60000,0,1
86,60,51.231933458096,3.91738661072215,0.575165304770462,10.62,0,0,512,0
86,60,51.231933458096,3.91738661072215,0.575165304770462,14.15,0,0,349,0
86,60,51.231933458096,3.91738661072215,0.575165304770462,17.75,0,0,288,0
86,60,51.231933458096,3.91738661072215,0.575165304770462,17.9,0,0,377,0
87,60,77.3920627067876,4.70954455365703,1.14365052651669,0,101,60000,0,1
87,60,77.3920627067876,4.70954455365703,1.14365052651669,4.26,0,0,580,0
87,60,77.3920627067876,4.70954455365703,1.14365052651669,8.71,0,0,473,0
87,60,77.3920627067876,4.70954455365703,1.14365052651669,15.04,0,0,600,0
87,60,77.3920627067876,4.70954455365703,1.14365052651669,17.44,0,0,212,0
88,60,85.7467025501565,3.9037284022015,0.883622744094195,0,101,60000,0,1
88,60,85.7467025501565,3.9037284022015,0.883622744094195,0.64,0,0,431,0
88,60,85.7467025501565,3.9037284022015,0.883622744094195,0.89,0,0,437,0
88,60,85.7467025501565,3.9037284022015,0.883622744094195,9.47,0,0,411,0
88,60,85.7467025501565,3.9037284022015,0.883622744094195,23.32,0,0,282,0
89,60,53.3624029669334,4.78274359310291,1.01911942638071,0,101,60000,0,1
89,60,53.3624029669334,4.78274359310291,1.01911942638071,0.01,0,0,11,0
89,60,53.3624029669334,4.78274359310291,1.01911942638071,15.47,0,0,325,0
89,60,53.3624029669334,4.78274359310291,1.01911942638071,16.11,0,0,199,0
89,60,53.3624029669334,4.78274359310291,1.01911942638071,16.31,0,0,376,0
90,60,55.603037025717,4.67073165734707,1.10410205728621,0,101,60000,0,1
90,60,55.603037025717,4.67073165734707,1.10410205728621,3.54,0,0,860,0
90,60,55.603037025717,4.67073165734707,1.10410205728621,12.1,0,0,490,0
90,60,55.603037025717,4.67073165734707,1.10410205728621,12.95,0,0,511,0
90,60,55.603037025717,4.67073165734707,1.10410205728621,17.75,0,0,272,0
91,120,66.4491510009582,5.17564328780782,0.800713518721955,0,101,120000,0,1
91,120,66.4491510009582,5.17564328780782,0.800713518721955,4.7,0,0,1511,0
91,120,66.4491510009582,5.17564328780782,0.800713518721955,11.13,0,0,945,0
91,120,66.4491510009582,5.17564328780782,0.800713518721955,11.47,0,0,993,0
91,120,66.4491510009582,5.17564328780782,0.800713518721955,23.5,0,0,327,0
92,120,43.3201365863296,2.71845069978197,1.1894700053132,0,101,120000,0,1
92,120,43.3201365863296,2.71845069978197,1.1894700053132,5.32,0,0,1857,0
92,120,43.3201365863296,2.71845069978197,1.1894700053132,6.16,0,0,1701,0
92,120,43.3201365863296,2.71845069978197,1.1894700053132,7.5,0,0,1781,0
92,120,43.3201365863296,2.71845069978197,1.1894700053132,7.57,0,0,2120,0
93,120,56.6853163375935,4.46272086366366,1.01612031073986,0,101,120000,0,1
93,120,56.6853163375935,4.46272086366366,1.01612031073986,6.08,0,0,1608,0
93,120,56.6853163375935,4.46272086366366,1.01612031073986,12.37,0,0,887,0
93,120,56.6853163375935,4.46272086366366,1.01612031073986,13.03,0,0,948,0
93,120,56.6853163375935,4.46272086366366,1.01612031073986,19.54,0,0,459,0
94,120,140.027579248102,5.04285818801964,0.786542323313648,0,101,120000,0,1
94,120,140.027579248102,5.04285818801964,0.786542323313648,1.14,0,0,409,0
94,120,140.027579248102,5.04285818801964,0.786542323313648,5.93,0,0,655,0
94,120,140.027579248102,5.04285818801964,0.786542323313648,12.56,0,0,488,0
94,120,140.027579248102,5.04285818801964,0.786542323313648,13.74,0,0,539,0
95,120,135.665555559834,3.1597125102649,0.780574691672028,0,101,120000,0,1
95,120,135.665555559834,3.1597125102649,0.780574691672028,2.21,0,0,772,0
95,120,135.665555559834,3.1597125102649,0.780574691672028,5.92,0,0,995,0
95,120,135.665555559834,3.1597125102649,0.780574691672028,9.37,0,0,671,0
95,120,135.665555559834,3.1597125102649,0.780574691672028,11.7,0,0,793,0
96,120,55.6725407019503,4.23015971577883,0.673001991972317,0,101,120000,0,1
96,120,55.6725407019503,4.23015971577883,0.673001991972317,0.48,0,0,449,0
96,120,55.6725407019503,4.23015971577883,0.673001991972317,7.54,0,0,1386,0
96,120,55.6725407019503,4.23015971577883,0.673001991972317,10.14,0,0,1184,0
96,120,55.6725407019503,4.23015971577883,0.673001991972317,19.18,0,0,552,0
97,120,103.705074809128,5.10681146416101,0.753469705295568,0,101,120000,0,1
97,120,103.705074809128,5.10681146416101,0.753469705295568,2.21,0,0,768,0
97,120,103.705074809128,5.10681146416101,0.753469705295568,7.64,0,0,874,0
97,120,103.705074809128,5.10681146416101,0.753469705295568,9.45,0,0,857,0
97,120,103.705074809128,5.10681146416101,0.753469705295568,23.51,0,0,362,0
98,120,75.1588533163131,4.55112289179296,1.4282195962847,0,101,120000,0,1
98,120,75.1588533163131,4.55112289179296,1.4282195962847,5.95,0,0,1590,0
98,120,75.1588533163131,4.55112289179296,1.4282195962847,12.9,0,0,709,0
98,120,75.1588533163131,4.55112289179296,1.4282195962847,17.88,0,0,593,0
98,120,75.1588533163131,4.55112289179296,1.4282195962847,22.66,0,0,371,0
99,120,78.6860107916978,3.84120514051882,1.4262250458862,0,101,120000,0,1
99,120,78.6860107916978,3.84120514051882,1.4262250458862,2.16,0,0,1512,0
99,120,78.6860107916978,3.84120514051882,1.4262250458862,4.69,0,0,892,0
99,120,78.6860107916978,3.84120514051882,1.4262250458862,12.17,0,0,886,0
99,120,78.6860107916978,3.84120514051882,1.4262250458862,19.78,0,0,323,0
100,120,68.5959595947102,2.52137979923482,0.941356362343687,0,101,120000,0,1
100,120,68.5959595947102,2.52137979923482,0.941356362343687,5.52,0,0,1647,0
100,120,68.5959595947102,2.52137979923482,0.941356362343687,12.42,0,0,891,0
100,120,68.5959595947102,2.52137979923482,0.941356362343687,14.32,0,0,1436,0
100,120,68.5959595947102,2.52137979923482,0.941356362343687,17.65,0,0,713,0
101,120,120.410779546128,5.44589483391312,1.32554495167424,0,101,120000,0,1
101,120,120.410779546128,5.44589483391312,1.32554495167424,2.74,0,0,1048,0
101,120,120.410779546128,5.44589483391312,1.32554495167424,6.41,0,0,737,0
101,120,120.410779546128,5.44589483391312,1.32554495167424,23.73,0,0,413,0
101,120,120.410779546128,5.44589483391312,1.32554495167424,23.83,0,0,197,0
102,120,52.4391072632216,7.33855539310855,0.658592882412659,0,101,120000,0,1
102,120,52.4391072632216,7.33855539310855,0.658592882412659,1.3,0,0,1365,0
102,120,52.4391072632216,7.33855539310855,0.658592882412659,7.28,0,0,1157,0
102,120,52.4391072632216,7.33855539310855,0.658592882412659,9.09,0,0,1183,0
102,120,52.4391072632216,7.33855539310855,0.658592882412659,23.94,0,0,112,0
103,120,70.5874604757438,4.01017764442316,1.0201578084465,0,101,120000,0,1
103,120,70.5874604757438,4.01017764442316,1.0201578084465,10.14,0,0,1240,0
103,120,70.5874604757438,4.01017764442316,1.0201578084465,13.53,0,0,1158,0
103,120,70.5874604757438,4.01017764442316,1.0201578084465,13.66,0,0,966,0
103,120,70.5874604757438,4.01017764442316,1.0201578084465,14.43,0,0,727,0
104,120,47.5721684154662,3.63376068317179,1.08394649085523,0,101,120000,0,1
104,120,47.5721684154662,3.63376068317179,1.08394649085523,5.5,0,0,1478,0
104,120,47.5721684154662,3.63376068317179,1.08394649085523,7.48,0,0,1786,0
104,120,47.5721684154662,3.63376068317179,1.08394649085523,8.14,0,0,1954,0
104,120,47.5721684154662,3.63376068317179,1.08394649085523,11.71,0,0,1096,0
105,120,79.8713413534785,2.89168378369376,2.11046012377101,0,101,120000,0,1
105,120,79.8713413534785,2.89168378369376,2.11046012377101,9.97,0,0,739,0
105,120,79.8713413534785,2.89168378369376,2.11046012377101,10.2,0,0,1211,0
105,120,79.8713413534785,2.89168378369376,2.11046012377101,16.06,0,0,1032,0
105,120,79.8713413534785,2.89168378369376,2.11046012377101,16.83,0,0,761,0
106,120,62.8993528181602,4.49135332783342,0.780768706291216,0,101,120000,0,1
106,120,62.8993528181602,4.49135332783342,0.780768706291216,1.02,0,0,1058,0
106,120,62.8993528181602,4.49135332783342,0.780768706291216,4.5,0,0,1788,0
106,120,62.8993528181602,4.49135332783342,0.780768706291216,21.59,0,0,392,0
106,120,62.8993528181602,4.49135332783342,0.780768706291216,23.01,0,0,346,0
107,120,63.3274514576501,6.10336968730093,0.797489551343253,0,101,120000,0,1
107,120,63.3274514576501,6.10336968730093,0.797489551343253,4.36,0,0,1271,0
107,120,63.3274514576501,6.10336968730093,0.797489551343253,4.61,0,0,1293,0
107,120,63.3274514576501,6.10336968730093,0.797489551343253,12.17,0,0,1007,0
107,120,63.3274514576501,6.10336968730093,0.797489551343253,17.28,0,0,279,0
108,120,83.7234204102592,5.02245136776839,0.953668967776224,0,101,120000,0,1
108,120,83.7234204102592,5.02245136776839,0.953668967776224,9.19,0,0,1084,0
108,120,83.7234204102592,5.02245136776839,0.953668967776224,10.6,0,0,695,0
108,120,83.7234204102592,5.02245136776839,0.953668967776224,16.76,0,0,620,0
108,120,83.7234204102592,5.02245136776839,0.953668967776224,19.72,0,0,403,0
109,120,51.7939191947953,6.61473502996095,1.26322526739145,0,101,120000,0,1
109,120,51.7939191947953,6.61473502996095,1.26322526739145,4.35,0,0,1395,0
109,120,51.7939191947953,6.61473502996095,1.26322526739145,16.79,0,0,296,0
109,120,51.7939191947953,6.61473502996095,1.26322526739145,21.13,0,0,172,0
109,120,51.7939191947953,6.61473502996095,1.26322526739145,21.21,0,0,235,0
110,120,62.0860498132213,2.89717175591631,1.00289771399627,0,101,120000,0,1
110,120,62.0860498132213,2.89717175591631,1.00289771399627,16.46,0,0,1001,0
110,120,62.0860498132213,2.89717175591631,1.00289771399627,16.66,0,0,785,0
110,120,62.0860498132213,2.89717175591631,1.00289771399627,18.89,0,0,850,0
110,120,62.0860498132213,2.89717175591631,1.00289771399627,23.78,0,0,607,0
111,120,113.507981965172,5.01720529238675,0.963174485462462,0,101,120000,0,1
111,120,113.507981965172,5.01720529238675,0.963174485462462,4.87,0,0,846,0
111,120,113.507981965172,5.01720529238675,0.963174485462462,8.75,0,0,563,0
111,120,113.507981965172,5.01720529238675,0.963174485462462,10.02,0,0,655,0
111,120,113.507981965172,5.01720529238675,0.963174485462462,20.47,0,0,478,0
112,120,68.875118262244,5.97801206521967,0.856001833097144,0,101,120000,0,1
112,120,68.875118262244,5.97801206521967,0.856001833097144,2.97,0,0,1187,0
112,120,68.875118262244,5.97801206521967,0.856001833097144,3.97,0,0,1294,0
112,120,68.875118262244,5.97801206521967,0.856001833097144,12.1,0,0,800,0
112,120,68.875118262244,5.97801206521967,0.856001833097144,21.77,0,0,325,0
113,120,64.0830356114237,3.42429002174591,0.769271231785431,0,101,120000,0,1
113,120,64.0830356114237,3.42429002174591,0.769271231785431,9.73,0,0,1068,0
113,120,64.0830356114237,3.42429002174591,0.769271231785431,10.33,0,0,997,0
113,120,64.0830356114237,3.42429002174591,0.769271231785431,10.34,0,0,1275,0
113,120,64.0830356114237,3.42429002174591,0.769271231785431,19.45,0,0,659,0
114,120,63.2697645584597,3.38676743308946,1.39289681280862,0,101,120000,0,1
114,120,63.2697645584597,3.38676743308946,1.39289681280862,11.77,0,0,937,0
114,120,63.2697645584597,3.38676743308946,1.39289681280862,14.19,0,0,833,0
114,120,63.2697645584597,3.38676743308946,1.39289681280862,21.45,0,0,597,0
114,120,63.2697645584597,3.38676743308946,1.39289681280862,23.56,0,0,421,0
115,120,86.0902410010476,4.63451972825843,1.04486822876182,0,101,120000,0,1
115,120,86.0902410010476,4.63451972825843,1.04486822876182,1.04,0,0,841,0
115,120,86.0902410010476,4.63451972825843,1.04486822876182,5.13,0,0,1013,0
115,120,86.0902410010476,4.63451972825843,1.04486822876182,6.23,0,0,1108,0
115,120,86.0902410010476,4.63451972825843,1.04486822876182,7.33,0,0,1349,0
116,120,62.5997848067292,3.2570680901455,1.31952403802501,0,101,120000,0,1
116,120,62.5997848067292,3.2570680901455,1.31952403802501,3.75,0,0,1540,0
116,120,62.5997848067292,3.2570680901455,1.31952403802501,19.74,0,0,829,0
116,120,62.5997848067292,3.2570680901455,1.31952403802501,20.49,0,0,584,0
116,120,62.5997848067292,3.2570680901455,1.31952403802501,23.47,0,0,682,0
117,120,88.8667144607936,5.38802730899803,1.21149494549254,0,101,120000,0,1
117,120,88.8667144607936,5.38802730899803,1.21149494549254,3.42,0,0,1173,0
117,120,88.8667144607936,5.38802730899803,1.21149494549254,8.07,0,0,769,0
117,120,88.8667144607936,5.38802730899803,1.21149494549254,14.14,0,0,702,0
117,120,88.8667144607936,5.38802730899803,1.21149494549254,18.44,0,0,389,0
118,120,42.304037343099,3.69487978355931,0.684914131089554,0,101,120000,0,1
118,120,42.304037343099,3.69487978355931,0.684914131089554,5.52,0,0,2299,0
118,120,42.304037343099,3.69487978355931,0.684914131089554,12.43,0,0,1589,0
118,120,42.304037343099,3.69487978355931,0.684914131089554,17.9,0,0,679,0
118,120,42.304037343099,3.69487978355931,0.684914131089554,20.36,0,0,429,0
119,120,96.4835083451134,4.268443450047,1.40250840222196,0,101,120000,0,1
119,120,96.4835083451134,4.268443450047,1.40250840222196,11.76,0,0,549,0
119,120,96.4835083451134,4.268443450047,1.40250840222196,17.86,0,0,690,0
119,120,96.4835083451134,4.268443450047,1.40250840222196,19.65,0,0,371,0
119,120,96.4835083451134,4.268443450047,1.40250840222196,23.23,0,0,384,0
120,120,75.6128218314821,3.79883221587927,0.84117585674205,0,101,120000,0,1
120,120,75.6128218314821,3.79883221587927,0.84117585674205,8.77,0,0,890,0
120,120,75.6128218314821,3.79883221587927,0.84117585674205,19.27,0,0,614,0
120,120,75.6128218314821,3.79883221587927,0.84117585674205,19.7,0,0,740,0
120,120,75.6128218314821,3.79883221587927,0.84117585674205,23.97,0,0,605,0
