ID,DOSE,V,CL,KA,TIME,EVID,AMT,DV,EVIDNM
1,10,55.6578967632213,2.5222523192191,1.77637425588144,0,101,10000,0,1
1,10,55.6578967632213,2.5222523192191,1.77637425588144,3.71,0,0,160,0
1,10,55.6578967632213,2.5222523192191,1.77637425588144,4.94,0,0,180,0
1,10,55.6578967632213,2.5222523192191,1.77637425588144,18.16,0,0,53,0
1,10,55.6578967632213,2.5222523192191,1.77637425588144,18.87,0,0,74,0
2,10,75.0838084463034,6.73848569566811,0.492675689476343,0,101,10000,0,1
2,10,75.0838084463034,6.73848569566811,0.492675689476343,5.37,0,0,84,0
2,10,75.0838084463034,6.73848569566811,0.492675689476343,15.43,0,0,39,0
2,10,75.0838084463034,6.73848569566811,0.492675689476343,17.21,0,0,30,0
2,10,75.0838084463034,6.73848569566811,0.492675689476343,19.64,0,0,29,0
3,10,85.7958990123935,4.88936507219656,0.953761924195659,0,101,10000,0,1
3,10,85.7958990123935,4.88936507219656,0.953761924195659,0.03,0,0,3,0
3,10,85.7958990123935,4.88936507219656,0.953761924195659,14.2,0,0,44,0
3,10,85.7958990123935,4.88936507219656,0.953761924195659,20.46,0,0,45,0
3,10,85.7958990123935,4.88936507219656,0.953761924195659,22.28,0,0,28,0
4,10,54.9925352181239,4.60777183588762,0.946293047139213,0,101,10000,0,1
4,10,54.9925352181239,4.60777183588762,0.946293047139213,2.11,0,0,201,0
4,10,54.9925352181239,4.60777183588762,0.946293047139213,6.94,0,0,162,0
4,10,54.9925352181239,4.60777183588762,0.946293047139213,15.07,0,0,70,0
4,10,54.9925352181239,4.60777183588762,0.946293047139213,22.9,0,0,32,0
5,10,81.1532407910111,3.22965182642765,1.37859019242751,0,101,10000,0,1
5,10,81.1532407910111,3.22965182642765,1.37859019242751,3.71,0,0,93,0
5,10,81.1532407910111,3.22965182642765,1.37859019242751,11.44,0,0,120,0
5,10,81.1532407910111,3.22965182642765,1.37859019242751,19.09,0,0,68,0
5,10,81.1532407910111,3.22965182642765,1.37859019242751,22.44,0,0,53,0
6,10,56.1941674098045,2.95494242088213,0.780470340566201,0,101,10000,0,1
6,10,56.1941674098045,2.95494242088213,0.780470340566201,0.69,0,0,83,0
6,10,56.1941674098045,2.95494242088213,0.780470340566201,3.82,0,0,175,0
6,10,56.1941674098045,2.95494242088213,0.780470340566201,13.03,0,0,97,0
6,10,56.1941674098045,2.95494242088213,0.780470340566201,13.75,0,0,78,0
7,10,63.4327218933558,2.5794327182467,1.82837626083305,0,101,10000,0,1
7,10,63.4327218933558,2.5794327182467,1.82837626083305,1.45,0,0,142,0
7,10,63.4327218933558,2.5794327182467,1.82837626083305,11.26,0,0,168,0
7,10,63.4327218933558,2.5794327182467,1.82837626083305,19.48,0,0,54,0
7,10,63.4327218933558,2.5794327182467,1.82837626083305,19.53,0,0,67,0
8,10,77.0725871506173,3.8115880130102,0.520329761429494,0,101,10000,0,1
8,10,77.0725871506173,3.8115880130102,0.520329761429494,3.33,0,0,85,0
8,10,77.0725871506173,3.8115880130102,0.520329761429494,6.56,0,0,88,0
8,10,77.0725871506173,3.8115880130102,0.520329761429494,8.25,0,0,90,0
8,10,77.0725871506173,3.8115880130102,0.520329761429494,14.14,0,0,77,0
9,10,66.4139838505873,5.00889190031608,0.601978692884075,0,101,10000,0,1
9,10,66.4139838505873,5.00889190031608,0.601978692884075,4.42,0,0,130,0
9,10,66.4139838505873,5.00889190031608,0.601978692884075,5.54,0,0,86,0
9,10,66.4139838505873,5.00889190031608,0.601978692884075,7.71,0,0,127,0
9,10,66.4139838505873,5.00889190031608,0.601978692884075,9.16,0,0,108,0
10,10,49.3026196290301,3.71331912695323,0.77928440355155,0,101,10000,0,1
10,10,49.3026196290301,3.71331912695323,0.77928440355155,4.54,0,0,169,0
10,10,49.3026196290301,3.71331912695323,0.77928440355155,6.16,0,0,115,0
10,10,49.3026196290301,3.71331912695323,0.77928440355155,9.02,0,0,129,0
10,10,49.3026196290301,3.71331912695323,0.77928440355155,21.46,0,0,45,0
11,10,126.790708387881,5.87252818464639,0.999683511347633,0,101,10000,0,1
11,10,126.790708387881,5.87252818464639,0.999683511347633,9.51,0,0,57,0
11,10,126.790708387881,5.87252818464639,0.999683511347633,16.78,0,0,36,0
11,10,126.790708387881,5.87252818464639,0.999683511347633,20.57,0,0,32,0
11,10,126.790708387881,5.87252818464639,0.999683511347633,23.01,0,0,33,0
12,10,47.0816186068322,6.15335659022138,0.832850832089374,0,101,10000,0,1
12,10,47.0816186068322,6.15335659022138,0.832850832089374,2.98,0,0,136,0
12,10,47.0816186068322,6.15335659022138,0.832850832089374,9.01,0,0,99,0
12,10,47.0816186068322,6.15335659022138,0.832850832089374,14.94,0,0,27,0
12,10,47.0816186068322,6.15335659022138,0.832850832089374,23.56,0,0,10,0
13,10,67.4551151329823,4.27791524224987,0.969302347819582,0,101,10000,0,1
13,10,67.4551151329823,4.27791524224987,0.969302347819582,4.31,0,0,158,0
13,10,67.4551151329823,4.27791524224987,0.969302347819582,6.71,0,0,98,0
13,10,67.4551151329823,4.27791524224987,0.969302347819582,14.31,0,0,43,0
13,10,67.4551151329823,4.27791524224987,0.969302347819582,18.74,0,0,43,0
14,10,38.0579306140827,3.23325575661654,1.42019709967308,0,101,10000,0,1
14,10,38.0579306140827,3.23325575661654,1.42019709967308,11.38,0,0,119,0
14,10,38.0579306140827,3.23325575661654,1.42019709967308,14.43,0,0,84,0
14,10,38.0579306140827,3.23325575661654,1.42019709967308,16.08,0,0,53,0
14,10,38.0579306140827,3.23325575661654,1.42019709967308,18.73,0,0,56,0
15,10,73.7451485579407,3.24060607562719,1.16106477531728,0,101,10000,0,1
15,10,73.7451485579407,3.24060607562719,1.16106477531728,1.56,0,0,76,0
15,10,73.7451485579407,3.24060607562719,1.16106477531728,5.16,0,0,131,0
15,10,73.7451485579407,3.24060607562719,1.16106477531728,8.48,0,0,118,0
15,10,73.7451485579407,3.24060607562719,1.16106477531728,21.79,0,0,80,0
16,10,78.8949682628724,1.89892294934238,0.754447718254229,0,101,10000,0,1
16,10,78.8949682628724,1.89892294934238,0.754447718254229,12.68,0,0,190,0
16,10,78.8949682628724,1.89892294934238,0.754447718254229,16.92,0,0,107,0
16,10,78.8949682628724,1.89892294934238,0.754447718254229,20.31,0,0,94,0
16,10,78.8949682628724,1.89892294934238,0.754447718254229,21.33,0,0,92,0
17,10,49.6676502789256,3.48158021984659,1.11430731953533,0,101,10000,0,1
17,10,49.6676502789256,3.48158021984659,1.11430731953533,0.4,0,0,76,0
17,10,49.6676502789256,3.48158021984659,1.11430731953533,4.57,0,0,134,0
17,10,49.6676502789256,3.48158021984659,1.11430731953533,4.95,0,0,131,0
17,10,49.6676502789256,3.48158021984659,1.11430731953533,16.33,0,0,55,0
18,10,58.3214203707742,2.84499053668735,1.23511978876763,0,101,10000,0,1
18,10,58.3214203707742,2.84499053668735,1.23511978876763,15.45,0,0,92,0
18,10,58.3214203707742,2.84499053668735,1.23511978876763,17.78,0,0,80,0
18,10,58.3214203707742,2.84499053668735,1.23511978876763,19.08,0,0,72,0
18,10,58.3214203707742,2.84499053668735,1.23511978876763,20.72,0,0,49,0
19,10,82.3888541823936,3.51701819387171,1.12612302275363,0,101,10000,0,1
19,10,82.3888541823936,3.51701819387171,1.12612302275363,5.04,0,0,96,0
19,10,82.3888541823936,3.51701819387171,1.12612302275363,7.49,0,0,82,0
19,10,82.3888541823936,3.51701819387171,1.12612302275363,8.04,0,0,85,0
19,10,82.3888541823936,3.51701819387171,1.12612302275363,21.11,0,0,65,0
20,10,66.4477006052633,4.71556092576704,1.19185102506963,0,101,10000,0,1
20,10,66.4477006052633,4.71556092576704,1.19185102506963,0.61,0,0,99,0
20,10,66.4477006052633,4.71556092576704,1.19185102506963,3.99,0,0,103,0
20,10,66.4477006052633,4.71556092576704,1.19185102506963,7.39,0,0,96,0
20,10,66.4477006052633,4.71556092576704,1.19185102506963,16.64,0,0,43,0
21,10,72.3767560612676,3.52219269817419,0.698107771450953,0,101,10000,0,1
21,10,72.3767560612676,3.52219269817419,0.698107771450953,0.82,0,0,60,0
21,10,72.3767560612676,3.52219269817419,0.698107771450953,5.8,0,0,116,0
21,10,72.3767560612676,3.52219269817419,0.698107771450953,11.95,0,0,74,0
21,10,72.3767560612676,3.52219269817419,0.698107771450953,23.84,0,0,46,0
22,10,87.7026159129647,4.81507895307439,0.939078896159725,0,101,10000,0,1
22,10,87.7026159129647,4.81507895307439,0.939078896159725,1.15,0,0,52,0
22,10,87.7026159129647,4.81507895307439,0.939078896159725,2.16,0,0,109,0
22,10,87.7026159129647,4.81507895307439,0.939078896159725,13.1,0,0,48,0
22,10,87.7026159129647,4.81507895307439,0.939078896159725,22.64,0,0,35,0
23,10,37.0502460732393,3.46832273822402,0.765791321790222,0,101,10000,0,1
23,10,37.0502460732393,3.46832273822402,0.765791321790222,7.99,0,0,108,0
23,10,37.0502460732393,3.46832273822402,0.765791321790222,8.74,0,0,158,0
23,10,37.0502460732393,3.46832273822402,0.765791321790222,11.15,0,0,96,0
23,10,37.0502460732393,3.46832273822402,0.765791321790222,16.81,0,0,68,0
24,10,55.9569965610514,3.96030621399776,0.944343265943254,0,101,10000,0,1
24,10,55.9569965610514,3.96030621399776,0.944343265943254,6.94,0,0,115,0
24,10,55.9569965610514,3.96030621399776,0.944343265943254,11.41,0,0,96,0
24,10,55.9569965610514,3.96030621399776,0.944343265943254,14.12,0,0,77,0
24,10,55.9569965610514,3.96030621399776,0.944343265943254,23.04,0,0,37,0
25,10,70.440547218523,2.98481732270913,1.19452671844736,0,101,10000,0,1
25,10,70.440547218523,2.98481732270913,1.19452671844736,5.6,0,0,141,0
25,10,70.440547218523,2.98481732270913,1.19452671844736,8.34,0,0,110,0
25,10,70.440547218523,2.98481732270913,1.19452671844736,9.04,0,0,97,0
25,10,70.440547218523,2.98481732270913,1.19452671844736,20.96,0,0,67,0
26,10,48.8026217223551,4.07885818621704,0.8695627382698,0,101,10000,0,1
26,10,48.8026217223551,4.07885818621704,0.8695627382698,1.76,0,0,128,0
26,10,48.8026217223551,4.07885818621704,0.8695627382698,6.4,0,0,179,0
26,10,48.8026217223551,4.07885818621704,0.8695627382698,8.62,0,0,96,0
26,10,48.8026217223551,4.07885818621704,0.8695627382698,20.81,0,0,33,0
27,10,74.7924023871465,3.73624050357545,0.527456577885444,0,101,10000,0,1
27,10,74.7924023871465,3.73624050357545,0.527456577885444,11.65,0,0,76,0
27,10,74.7924023871465,3.73624050357545,0.527456577885444,11.86,0,0,70,0
27,10,74.7924023871465,3.73624050357545,0.527456577885444,19.68,0,0,60,0
27,10,74.7924023871465,3.73624050357545,0.527456577885444,19.96,0,0,47,0
28,10,94.1454097262373,4.68946952545126,1.47483322592606,0,101,10000,0,1
28,10,94.1454097262373,4.68946952545126,1.47483322592606,13.3,0,0,59,0
28,10,94.1454097262373,4.68946952545126,1.47483322592606,15,0,0,44,0
28,10,94.1454097262373,4.68946952545126,1.47483322592606,18.05,0,0,31,0
28,10,94.1454097262373,4.68946952545126,1.47483322592606,20.36,0,0,44,0
29,10,93.3352831657242,2.11616443024212,1.32661468318504,0,101,10000,0,1
29,10,93.3352831657242,2.11616443024212,1.32661468318504,3.59,0,0,116,0
29,10,93.3352831657242,2.11616443024212,1.32661468318504,7.17,0,0,111,0
29,10,93.3352831657242,2.11616443024212,1.32661468318504,12.64,0,0,73,0
29,10,93.3352831657242,2.11616443024212,1.32661468318504,19.06,0,0,72,0
30,10,71.8186606808621,3.34460190367713,0.722210176763812,0,101,10000,0,1
30,10,71.8186606808621,3.34460190367713,0.722210176763812,1.36,0,0,88,0
30,10,71.8186606808621,3.34460190367713,0.722210176763812,20.6,0,0,40,0
30,10,71.8186606808621,3.34460190367713,0.722210176763812,20.63,0,0,56,0
30,10,71.8186606808621,3.34460190367713,0.722210176763812,23.75,0,0,44,0
31,30,84.1455565318426,2.64851374905599,1.1287901280424,0,101,30000,0,1
31,30,84.1455565318426,2.64851374905599,1.1287901280424,2.75,0,0,311,0
31,30,84.1455565318426,2.64851374905599,1.1287901280424,9.05,0,0,290,0
31,30,84.1455565318426,2.64851374905599,1.1287901280424,11.73,0,0,293,0
31,30,84.1455565318426,2.64851374905599,1.1287901280424,12.18,0,0,214,0
32,30,55.5157183570669,4.22335319381339,0.795032430754539,0,101,30000,0,1
32,30,55.5157183570669,4.22335319381339,0.795032430754539,0.12,0,0,47,0
32,30,55.5157183570669,4.22335319381339,0.795032430754539,4.79,0,0,468,0
32,30,55.5157183570669,4.22335319381339,0.795032430754539,9.72,0,0,219,0
32,30,55.5157183570669,4.22335319381339,0.795032430754539,20.38,0,0,159,0
33,30,62.1582695066924,3.78809794598973,0.919239053768605,0,101,30000,0,1
33,30,62.1582695066924,3.78809794598973,0.919239053768605,2.48,0,0,401,0
33,30,62.1582695066924,3.78809794598973,0.919239053768605,16.19,0,0,172,0
33,30,62.1582695066924,3.78809794598973,0.919239053768605,17.34,0,0,144,0
33,30,62.1582695066924,3.78809794598973,0.919239053768605,22.32,0,0,112,0
34,30,83.1463527657243,5.82217849528536,1.62713418660404,0,101,30000,0,1
34,30,83.1463527657243,5.82217849528536,1.62713418660404,1.23,0,0,192,0
34,30,83.1463527657243,5.82217849528536,1.62713418660404,4.26,0,0,221,0
34,30,83.1463527657243,5.82217849528536,1.62713418660404,8.86,0,0,271,0
34,30,83.1463527657243,5.82217849528536,1.62713418660404,18,0,0,77,0
35,30,87.26821219794,8.17824426891002,1.50694762878845,0,101,30000,0,1
35,30,87.26821219794,8.17824426891002,1.50694762878845,4.13,0,0,253,0
35,30,87.26821219794,8.17824426891002,1.50694762878845,4.98,0,0,180,0
35,30,87.26821219794,8.17824426891002,1.50694762878845,6.01,0,0,205,0
35,30,87.26821219794,8.17824426891002,1.50694762878845,22.78,0,0,33,0
36,30,86.2922621779213,3.81491030386119,0.94802210716016,0,101,30000,0,1
36,30,86.2922621779213,3.81491030386119,0.94802210716016,2.72,0,0,227,0
36,30,86.2922621779213,3.81491030386119,0.94802210716016,10.29,0,0,235,0
36,30,86.2922621779213,3.81491030386119,0.94802210716016,10.8,0,0,215,0
36,30,86.2922621779213,3.81491030386119,0.94802210716016,20.97,0,0,185,0
37,30,112.104629574157,3.35941336946464,0.645815521616908,0,101,30000,0,1
37,30,112.104629574157,3.35941336946464,0.645815521616908,1.27,0,0,153,0
37,30,112.104629574157,3.35941336946464,0.645815521616908,8.22,0,0,253,0
37,30,112.104629574157,3.35941336946464,0.645815521616908,14.86,0,0,196,0
37,30,112.104629574157,3.35941336946464,0.645815521616908,21.79,0,0,116,0
38,30,125.197098934308,3.25267254936058,0.769325990415646,0,101,30000,0,1
38,30,125.197098934308,3.25267254936058,0.769325990415646,3.08,0,0,184,0
38,30,125.197098934308,3.25267254936058,0.769325990415646,10.85,0,0,176,0
38,30,125.197098934308,3.25267254936058,0.769325990415646,13.37,0,0,183,0
38,30,125.197098934308,3.25267254936058,0.769325990415646,18.19,0,0,131,0
39,30,59.701994602044,3.03791987552357,0.634442103024349,0,101,30000,0,1
39,30,59.701994602044,3.03791987552357,0.634442103024349,4.22,0,0,324,0
39,30,59.701994602044,3.03791987552357,0.634442103024349,6.05,0,0,404,0
39,30,59.701994602044,3.03791987552357,0.634442103024349,9.96,0,0,259,0
39,30,59.701994602044,3.03791987552357,0.634442103024349,22.22,0,0,214,0
40,30,60.2344675173901,3.15294858809623,1.2048579650695,0,101,30000,0,1
40,30,60.2344675173901,3.15294858809623,1.2048579650695,1.33,0,0,486,0
40,30,60.2344675173901,3.15294858809623,1.2048579650695,17.01,0,0,188,0
40,30,60.2344675173901,3.15294858809623,1.2048579650695,18.45,0,0,202,0
40,30,60.2344675173901,3.15294858809623,1.2048579650695,20.79,0,0,202,0
41,30,71.6815791737406,5.20451587710802,0.656913096429307,0,101,30000,0,1
41,30,71.6815791737406,5.20451587710802,0.656913096429307,1.96,0,0,353,0
41,30,71.6815791737406,5.20451587710802,0.656913096429307,4.3,0,0,310,0
41,30,71.6815791737406,5.20451587710802,0.656913096429307,5.96,0,0,332,0
41,30,71.6815791737406,5.20451587710802,0.656913096429307,6.02,0,0,328,0
42,30,99.9336105123846,5.23041363971015,0.972943977192542,0,101,30000,0,1
42,30,99.9336105123846,5.23041363971015,0.972943977192542,10.67,0,0,208,0
42,30,99.9336105123846,5.23041363971015,0.972943977192542,17.84,0,0,126,0
42,30,99.9336105123846,5.23041363971015,0.972943977192542,21.05,0,0,99,0
42,30,99.9336105123846,5.23041363971015,0.972943977192542,22.92,0,0,65,0
43,30,39.8386343135587,6.39606881156613,0.624539408571861,0,101,30000,0,1
43,30,39.8386343135587,6.39606881156613,0.624539408571861,0.74,0,0,283,0
43,30,39.8386343135587,6.39606881156613,0.624539408571861,6.25,0,0,467,0
43,30,39.8386343135587,6.39606881156613,0.624539408571861,13.24,0,0,112,0
43,30,39.8386343135587,6.39606881156613,0.624539408571861,15.01,0,0,133,0
44,30,78.7424151218706,5.01031673349896,1.13696704855169,0,101,30000,0,1
44,30,78.7424151218706,5.01031673349896,1.13696704855169,9.77,0,0,154,0
44,30,78.7424151218706,5.01031673349896,1.13696704855169,17.07,0,0,186,0
44,30,78.7424151218706,5.01031673349896,1.13696704855169,19.41,0,0,102,0
44,30,78.7424151218706,5.01031673349896,1.13696704855169,20.12,0,0,83,0
45,30,45.1264377538156,3.48946618385368,1.54316356745588,0,101,30000,0,1
45,30,45.1264377538156,3.48946618385368,1.54316356745588,3.88,0,0,645,0
45,30,45.1264377538156,3.48946618385368,1.54316356745588,9.57,0,0,389,0
45,30,45.1264377538156,3.48946618385368,1.54316356745588,11.72,0,0,321,0
45,30,45.1264377538156,3.48946618385368,1.54316356745588,16.22,0,0,193,0
46,30,58.2248470927659,3.12046504540365,0.753228203791713,0,101,30000,0,1
46,30,58.2248470927659,3.12046504540365,0.753228203791713,4.83,0,0,460,0
46,30,58.2248470927659,3.12046504540365,0.753228203791713,5.61,0,0,472,0
46,30,58.2248470927659,3.12046504540365,0.753228203791713,15.22,0,0,165,0
46,30,58.2248470927659,3.12046504540365,0.753228203791713,16.84,0,0,197,0
47,30,102.479623620215,3.49025831202004,1.08687953641788,0,101,30000,0,1
47,30,102.479623620215,3.49025831202004,1.08687953641788,9.48,0,0,264,0
47,30,102.479623620215,3.49025831202004,1.08687953641788,17.22,0,0,138,0
47,30,102.479623620215,3.49025831202004,1.08687953641788,21.17,0,0,128,0
47,30,102.479623620215,3.49025831202004,1.08687953641788,21.7,0,0,208,0
48,30,84.5592571705647,4.70416897515309,0.986526579805296,0,101,30000,0,1
48,30,84.5592571705647,4.70416897515309,0.986526579805296,5.94,0,0,337,0
48,30,84.5592571705647,4.70416897515309,0.986526579805296,6.07,0,0,200,0
48,30,84.5592571705647,4.70416897515309,0.986526579805296,18.59,0,0,115,0
48,30,84.5592571705647,4.70416897515309,0.986526579805296,20.67,0,0,110,0
49,30,44.2542023581348,4.2824092135165,1.21302537799883,0,101,30000,0,1
49,30,44.2542023581348,4.2824092135165,1.21302537799883,9.2,0,0,284,0
49,30,44.2542023581348,4.2824092135165,1.21302537799883,10.09,0,0,270,0
49,30,44.2542023581348,4.2824092135165,1.21302537799883,16.76,0,0,166,0
49,30,44.2542023581348,4.2824092135165,1.21302537799883,23.7,0,0,59,0
50,30,76.2419983661077,3.54848579833157,0.960822450920239,0,101,30000,0,1
50,30,76.2419983661077,3.54848579833157,0.960822450920239,8.03,0,0,171,0
50,30,76.2419983661077,3.54848579833157,0.960822450920239,10.08,0,0,295,0
50,30,76.2419983661077,3.54848579833157,0.960822450920239,16.74,0,0,188,0
50,30,76.2419983661077,3.54848579833157,0.960822450920239,19.98,0,0,129,0
51,30,85.6542678939415,5.74743843093934,1.64831885534822,0,101,30000,0,1
51,30,85.6542678939415,5.74743843093934,1.64831885534822,4.01,0,0,347,0
51,30,85.6542678939415,5.74743843093934,1.64831885534822,10.41,0,0,204,0
51,30,85.6542678939415,5.74743843093934,1.64831885534822,19.57,0,0,119,0
51,30,85.6542678939415,5.74743843093934,1.64831885534822,19.62,0,0,92,0
52,30,62.5787966563819,3.54330287633678,1.48552550679419,0,101,30000,0,1
52,30,62.5787966563819,3.54330287633678,1.48552550679419,5.01,0,0,367,0
52,30,62.5787966563819,3.54330287633678,1.48552550679419,9.85,0,0,264,0
52,30,62.5787966563819,3.54330287633678,1.48552550679419,11.24,0,0,265,0
52,30,62.5787966563819,3.54330287633678,1.48552550679419,13.9,0,0,221,0
53,30,90.0269455288127,3.09595784312532,0.913837781004981,0,101,30000,0,1
53,30,90.0269455288127,3.09595784312532,0.913837781004981,2.05,0,0,264,0
53,30,90.0269455288127,3.09595784312532,0.913837781004981,6.62,0,0,261,0
53,30,90.0269455288127,3.09595784312532,0.913837781004981,15.64,0,0,253,0
53,30,90.0269455288127,3.09595784312532,0.913837781004981,22.04,0,0,212,0
54,30,81.3141122361125,5.23076126799744,1.37439557471732,0,101,30000,0,1
54,30,81.3141122361125,5.23076126799744,1.37439557471732,12.49,0,0,183,0
54,30,81.3141122361125,5.23076126799744,1.37439557471732,15.15,0,0,143,0
54,30,81.3141122361125,5.23076126799744,1.37439557471732,19.6,0,0,121,0
54,30,81.3141122361125,5.23076126799744,1.37439557471732,20.56,0,0,137,0
55,30,70.9540052763308,3.91023874419354,1.17049673508096,0,101,30000,0,1
55,30,70.9540052763308,3.91023874419354,1.17049673508096,1.3,0,0,353,0
55,30,70.9540052763308,3.91023874419354,1.17049673508096,1.55,0,0,423,0
55,30,70.9540052763308,3.91023874419354,1.17049673508096,11.91,0,0,178,0
55,30,70.9540052763308,3.91023874419354,1.17049673508096,17.37,0,0,229,0
56,30,101.935679032303,3.26964019672172,0.891689129814184,0,101,30000,0,1
56,30,101.935679032303,3.26964019672172,0.891689129814184,5.47,0,0,332,0
56,30,101.935679032303,3.26964019672172,0.891689129814184,7.99,0,0,256,0
56,30,101.935679032303,3.26964019672172,0.891689129814184,13.69,0,0,181,0
56,30,101.935679032303,3.26964019672172,0.891689129814184,21.2,0,0,207,0
57,30,62.536311237546,5.94785587805699,0.897373475896521,0,101,30000,0,1
57,30,62.536311237546,5.94785587805699,0.897373475896521,2.34,0,0,394,0
57,30,62.536311237546,5.94785587805699,0.897373475896521,4.34,0,0,407,0
57,30,62.536311237546,5.94785587805699,0.897373475896521,7.66,0,0,170,0
57,30,62.536311237546,5.94785587805699,0.897373475896521,7.72,0,0,275,0
58,30,93.8421217782673,7.24034953475027,1.21878973595973,0,101,30000,0,1
58,30,93.8421217782673,7.24034953475027,1.21878973595973,0.49,0,0,160,0
58,30,93.8421217782673,7.24034953475027,1.21878973595973,10.48,0,0,150,0
58,30,93.8421217782673,7.24034953475027,1.21878973595973,17.39,0,0,90,0
58,30,93.8421217782673,7.24034953475027,1.21878973595973,21.4,0,0,63,0
59,30,76.7220326687583,5.40616885761156,0.742219700210524,0,101,30000,0,1
59,30,76.7220326687583,5.40616885761156,0.742219700210524,10.87,0,0,185,0
59,30,76.7220326687583,5.40616885761156,0.742219700210524,11.14,0,0,184,0
59,30,76.7220326687583,5.40616885761156,0.742219700210524,16,0,0,170,0
59,30,76.7220326687583,5.40616885761156,0.742219700210524,22.69,0,0,111,0
60,30,93.3348785484577,3.74530855247893,0.924219111190915,0,101,30000,0,1
60,30,93.3348785484577,3.74530855247893,0.924219111190915,1.24,0,0,299,0
60,30,93.3348785484577,3.74530855247893,0.924219111190915,7.11,0,0,355,0
60,30,93.3348785484577,3.74530855247893,0.924219111190915,9.98,0,0,268,0
60,30,93.3348785484577,3.74530855247893,0.924219111190915,13.14,0,0,171,0
61,60,35.0753898830754,3.43132936147023,1.28433523419807,0,101,60000,0,1
61,60,35.0753898830754,3.43132936147023,1.28433523419807,3.75,0,0,1681,0
61,60,35.0753898830754,3.43132936147023,1.28433523419807,3.89,0,0,1241,0
61,60,35.0753898830754,3.43132936147023,1.28433523419807,10,0,0,625,0
61,60,35.0753898830754,3.43132936147023,1.28433523419807,19.9,0,0,261,0
62,60,55.5937505543835,5.99456878535653,0.897902221420767,0,101,60000,0,1
62,60,55.5937505543835,5.99456878535653,0.897902221420767,0.91,0,0,569,0
62,60,55.5937505543835,5.99456878535653,0.897902221420767,3.54,0,0,679,0
62,60,55.5937505543835,5.99456878535653,0.897902221420767,8.81,0,0,452,0
62,60,55.5937505543835,5.99456878535653,0.897902221420767,16.53,0,0,207,0
63,60,57.0766309905368,4.33973574655131,1.38348346654554,0,101,60000,0,1
63,60,57.0766309905368,4.33973574655131,1.38348346654554,3.45,0,0,448,0
63,60,57.0766309905368,4.33973574655131,1.38348346654554,8.41,0,0,662,0
63,60,57.0766309905368,4.33973574655131,1.38348346654554,11.18,0,0,409,0
63,60,57.0766309905368,4.33973574655131,1.38348346654554,20.33,0,0,187,0
64,60,72.3974556017392,2.55410018473072,0.712776442041904,0,101,60000,0,1
64,60,72.3974556017392,2.55410018473072,0.712776442041904,8.66,0,0,505,0
64,60,72.3974556017392,2.55410018473072,0.712776442041904,13.35,0,0,462,0
64,60,72.3974556017392,2.55410018473072,0.712776442041904,20.39,0,0,390,0
64,60,72.3974556017392,2.55410018473072,0.712776442041904,20.44,0,0,431,0
65,60,52.4598322278024,5.07290865375928,1.26462580556521,0,101,60000,0,1
65,60,52.4598322278024,5.07290865375928,1.26462580556521,5.57,0,0,813,0
65,60,52.4598322278024,5.07290865375928,1.26462580556521,8.6,0,0,480,0
65,60,52.4598322278024,5.07290865375928,1.26462580556521,8.67,0,0,617,0
65,60,52.4598322278024,5.07290865375928,1.26462580556521,9.53,0,0,490,0
66,60,88.3448408673337,2.68282970721963,1.46561255367934,0,101,60000,0,1
66,60,88.3448408673337,2.68282970721963,1.46561255367934,1.39,0,0,477,0
66,60,88.3448408673337,2.68282970721963,1.46561255367934,3.4,0,0,688,0
66,60,88.3448408673337,2.68282970721963,1.46561255367934,13.08,0,0,444,0
66,60,88.3448408673337,2.68282970721963,1.46561255367934,13.52,0,0,550,0
67,60,93.6119750475992,2.93100616862873,0.644220635065541,0,101,60000,0,1
67,60,93.6119750475992,2.93100616862873,0.644220635065541,5.94,0,0,641,0
67,60,93.6119750475992,2.93100616862873,0.644220635065541,8.46,0,0,382,0
67,60,93.6119750475992,2.93100616862873,0.644220635065541,9.28,0,0,582,0
67,60,93.6119750475992,2.93100616862873,0.644220635065541,10.6,0,0,403,0
68,60,54.8293808865361,5.94651758422278,0.943195168281534,0,101,60000,0,1
68,60,54.8293808865361,5.94651758422278,0.943195168281534,6.89,0,0,481,0
68,60,54.8293808865361,5.94651758422278,0.943195168281534,12.38,0,0,314,0
68,60,54.8293808865361,5.94651758422278,0.943195168281534,15.26,0,0,201,0
68,60,54.8293808865361,5.94651758422278,0.943195168281534,15.56,0,0,223,0
69,60,68.9179274186533,4.14034089378552,1.17613660021206,0,101,60000,0,1
69,60,68.9179274186533,4.14034089378552,1.17613660021206,11.94,0,0,360,0
69,60,68.9179274186533,4.14034089378552,1.17613660021206,17.89,0,0,268,0
69,60,68.9179274186533,4.14034089378552,1.17613660021206,18.17,0,0,451,0
69,60,68.9179274186533,4.14034089378552,1.17613660021206,19.93,0,0,352,0
70,60,51.3452175581905,3.50142134443207,0.8817312899063,0,101,60000,0,1
70,60,51.3452175581905,3.50142134443207,0.8817312899063,4.63,0,0,988,0
70,60,51.3452175581905,3.50142134443207,0.8817312899063,5.8,0,0,836,0
70,60,51.3452175581905,3.50142134443207,0.8817312899063,17.34,0,0,461,0
70,60,51.3452175581905,3.50142134443207,0.8817312899063,20.99,0,0,293,0
71,60,74.9982563227676,4.36015134166518,0.652565078436859,0,101,60000,0,1
71,60,74.9982563227676,4.36015134166518,0.652565078436859,7.02,0,0,447,0
71,60,74.9982563227676,4.36015134166518,0.652565078436859,7.33,0,0,631,0
71,60,74.9982563227676,4.36015134166518,0.652565078436859,8.47,0,0,611,0
71,60,74.9982563227676,4.36015134166518,0.652565078436859,20.68,0,0,245,0
72,60,52.8851485615241,4.042821496584,0.953788720340009,0,101,60000,0,1
72,60,52.8851485615241,4.042821496584,0.953788720340009,0.45,0,0,669,0
72,60,52.8851485615241,4.042821496584,0.953788720340009,2.22,0,0,770,0
72,60,52.8851485615241,4.042821496584,0.953788720340009,18.85,0,0,282,0
72,60,52.8851485615241,4.042821496584,0.953788720340009,19.69,0,0,240,0
73,60,42.6781575352818,4.57632569716958,0.590167267645947,0,101,60000,0,1
73,60,42.6781575352818,4.57632569716958,0.590167267645947,5.15,0,0,890,0
73,60,42.6781575352818,4.57632569716958,0.590167267645947,10.04,0,0,554,0
73,60,42.6781575352818,4.57632569716958,0.590167267645947,10.4,0,0,427,0
73,60,42.6781575352818,4.57632569716958,0.590167267645947,13.14,0,0,424,0
74,60,121.475675983238,4.27700277821844,1.38311205025154,0,101,60000,0,1
74,60,121.475675983238,4.27700277821844,1.38311205025154,1.8,0,0,551,0
74,60,121.475675983238,4.27700277821844,1.38311205025154,3.69,0,0,435,0
74,60,121.475675983238,4.27700277821844,1.38311205025154,5.74,0,0,463,0
74,60,121.475675983238,4.27700277821844,1.38311205025154,21.43,0,0,329,0
75,60,29.3451608580638,1.9386054438682,0.570708212959118,0,101,60000,0,1
75,60,29.3451608580638,1.9386054438682,0.570708212959118,9.43,0,0,1214,0
75,60,29.3451608580638,1.9386054438682,0.570708212959118,15.77,0,0,716,0
75,60,29.3451608580638,1.9386054438682,0.570708212959118,16.39,0,0,925,0
75,60,29.3451608580638,1.9386054438682,0.570708212959118,21.91,0,0,574,0
76,60,70.8782055154281,3.98112992698219,0.84566205780256,0,101,60000,0,1
76,60,70.8782055154281,3.98112992698219,0.84566205780256,0.29,0,0,133,0
76,60,70.8782055154281,3.98112992698219,0.84566205780256,15.59,0,0,373,0
76,60,70.8782055154281,3.98112992698219,0.84566205780256,21.22,0,0,327,0
76,60,70.8782055154281,3.98112992698219,0.84566205780256,21.67,0,0,291,0
77,60,49.285985083677,3.66344221285306,1.29941885136091,0,101,60000,0,1
77,60,49.285985083677,3.66344221285306,1.29941885136091,5.13,0,0,1059,0
77,60,49.285985083677,3.66344221285306,1.29941885136091,15.56,0,0,409,0
77,60,49.285985083677,3.66344221285306,1.29941885136091,22.81,0,0,280,0
77,60,49.285985083677,3.66344221285306,1.29941885136091,23.08,0,0,277,0
78,60,90.7954041967444,4.00411166776013,1.08609235464276,0,101,60000,0,1
78,60,90.7954041967444,4.00411166776013,1.08609235464276,0.52,0,0,257,0
78,60,90.7954041967444,4.00411166776013,1.08609235464276,1.42,0,0,464,0
78,60,90.7954041967444,4.00411166776013,1.08609235464276,8.95,0,0,499,0
78,60,90.7954041967444,4.00411166776013,1.08609235464276,12.37,0,0,440,0
79,60,67.5618326986171,3.72767329770347,1.10985753132045,0,101,60000,0,1
79,60,67.5618326986171,3.72767329770347,1.10985753132045,1.01,0,0,648,0
79,60,67.5618326986171,3.72767329770347,1.10985753132045,6.31,0,0,1004,0
79,60,67.5618326986171,3.72767329770347,1.10985753132045,17.85,0,0,368,0
79,60,67.5618326986171,3.72767329770347,1.10985753132045,19.63,0,0,505,0
80,60,91.2475386023506,2.38862926404053,0.879556414773715,0,101,60000,0,1
80,60,91.2475386023506,2.38862926404053,0.879556414773715,9.65,0,0,492,0
80,60,91.2475386023506,2.38862926404053,0.879556414773715,12.51,0,0,449,0
80,60,91.2475386023506,2.38862926404053,0.879556414773715,20.2,0,0,453,0
80,60,91.2475386023506,2.38862926404053,0.879556414773715,20.73,0,0,301,0
81,60,103.356887359216,2.81858569818633,1.20285619002163,0,101,60000,0,1
81,60,103.356887359216,2.81858569818633,1.20285619002163,1.85,0,0,459,0
81,60,103.356887359216,2.81858569818633,1.20285619002163,8.43,0,0,454,0
81,60,103.356887359216,2.81858569818633,1.20285619002163,20.04,0,0,408,0
81,60,103.356887359216,2.81858569818633,1.20285619002163,23.78,0,0,534,0
82,60,72.8352720326127,6.47011783929793,1.1696552029647,0,101,60000,0,1
82,60,72.8352720326127,6.47011783929793,1.1696552029647,7.99,0,0,393,0
82,60,72.8352720326127,6.47011783929793,1.1696552029647,8.08,0,0,303,0
82,60,72.8352720326127,6.47011783929793,1.1696552029647,12.16,0,0,344,0
82,60,72.8352720326127,6.47011783929793,1.1696552029647,12.25,0,0,223,0
83,60,81.2124926064739,2.58444899557604,1.01102750398183,0,101,60000,0,1
83,60,81.2124926064739,2.58444899557604,1.01102750398183,3.33,0,0,592,0
83,60,81.2124926064739,2.58444899557604,1.01102750398183,17.78,0,0,696,0
83,60,81.2124926064739,2.58444899557604,1.01102750398183,18.61,0,0,290,0
83,60,81.2124926064739,2.58444899557604,1.01102750398183,19.1,0,0,293,0
84,60,48.0187406321982,7.75990111870972,1.41535206030303,0,101,60000,0,1
84,60,48.0187406321982,7.75990111870972,1.41535206030303,12.14,0,0,195,0
84,60,48.0187406321982,7.75990111870972,1.41535206030303,12.65,0,0,189,0
84,60,48.0187406321982,7.75990111870972,1.41535206030303,18.79,0,0,62,0
84,60,48.0187406321982,7.75990111870972,1.41535206030303,23.5,0,0,30,0
85,60,68.7187635572429,3.88886427124639,1.10767724024949,0,101,60000,0,1
85,60,68.7187635572429,3.88886427124639,1.10767724024949,1.45,0,0,629,0
85,60,68.7187635572429,3.88886427124639,1.10767724024949,6.16,0,0,636,0
85,60,68.7187635572429,3.88886427124639,1.10767724024949,15.91,0,0,469,0
85,60,68.7187635572429,3.88886427124639,1.10767724024949,16.18,0,0,271,0
86,60,44.6364778694322,4.77710164392295,0.831877899597095,0,101,60000,0,1
86,60,44.6364778694322,4.77710164392295,0.831877899597095,3.09,0,0,709,0
86,60,44.6364778694322,4.77710164392295,0.831877899597095,4.99,0,0,762,0
86,60,44.6364778694322,4.77710164392295,0.831877899597095,12.48,0,0,520,0
86,60,44.6364778694322,4.77710164392295,0.831877899597095,14.31,0,0,312,0
87,60,119.285154838713,7.6488480683803,0.855409916030047,0,101,60000,0,1
87,60,119.285154838713,7.6488480683803,0.855409916030047,2.93,0,0,389,0
87,60,119.285154838713,7.6488480683803,0.855409916030047,8.32,0,0,279,0
87,60,119.285154838713,7.6488480683803,0.855409916030047,20.3,0,0,187,0
87,60,119.285154838713,7.6488480683803,0.855409916030047,23.07,0,0,150,0
88,60,54.5826443472859,4.39135721616615,1.36561271205113,0,101,60000,0,1
88,60,54.5826443472859,4.39135721616615,1.36561271205113,10.76,0,0,532,0
88,60,54.5826443472859,4.39135721616615,1.36561271205113,10.89,0,0,520,0
88,60,54.5826443472859,4.39135721616615,1.36561271205113,17.89,0,0,271,0
88,60,54.5826443472859,4.39135721616615,1.36561271205113,21.61,0,0,167,0
89,60,71.680321306378,2.90761848264349,0.860260639853296,0,101,60000,0,1
89,60,71.680321306378,2.90761848264349,0.860260639853296,0.37,0,0,249,0
89,60,71.680321306378,2.90761848264349,0.860260639853296,0.72,0,0,348,0
89,60,71.680321306378,2.90761848264349,0.860260639853296,12.09,0,0,503,0
89,60,71.680321306378,2.90761848264349,0.860260639853296,15.2,0,0,597,0
90,60,100.051346360158,4.44641039848167,0.681125237516652,0,101,60000,0,1
90,60,100.051346360158,4.44641039848167,0.681125237516652,0.4,0,0,156,0
90,60,100.051346360158,4.44641039848167,0.681125237516652,2.65,0,0,303,0
90,60,100.051346360158,4.44641039848167,0.681125237516652,3.3,0,0,483,0
90,60,100.051346360158,4.44641039848167,0.681125237516652,7.44,0,0,375,0
91,120,79.0492421153426,3.97069991708058,0.884400402444621,0,101,120000,0,1
91,120,79.0492421153426,3.97069991708058,0.884400402444621,9.43,0,0,894,0
91,120,79.0492421153426,3.97069991708058,0.884400402444621,12.07,0,0,1041,0
91,120,79.0492421153426,3.97069991708058,0.884400402444621,12.55,0,0,691,0
91,120,79.0492421153426,3.97069991708058,0.884400402444621,18.24,0,0,742,0
92,120,103.0271335955,3.80964909391045,1.67635899093215,0,101,120000,0,1
92,120,103.0271335955,3.80964909391045,1.67635899093215,11.49,0,0,909,0
92,120,103.0271335955,3.80964909391045,1.67635899093215,15.78,0,0,726,0
92,120,103.0271335955,3.80964909391045,1.67635899093215,20.84,0,0,454,0
92,120,103.0271335955,3.80964909391045,1.67635899093215,22.53,0,0,465,0
93,120,179.252259791045,3.9103763529377,0.645128077691616,0,101,120000,0,1
93,120,179.252259791045,3.9103763529377,0.645128077691616,5.85,0,0,597,0
93,120,179.252259791045,3.9103763529377,0.645128077691616,6.52,0,0,704,0
93,120,179.252259791045,3.9103763529377,0.645128077691616,10.56,0,0,756,0
93,120,179.252259791045,3.9103763529377,0.645128077691616,23.14,0,0,424,0
94,120,113.92157294856,3.31124378944539,0.941728716856383,0,101,120000,0,1
94,120,113.92157294856,3.31124378944539,0.941728716856383,12.35,0,0,581,0
94,120,113.92157294856,3.31124378944539,0.941728716856383,14.93,0,0,612,0
94,120,113.92157294856,3.31124378944539,0.941728716856383,21.15,0,0,629,0
94,120,113.92157294856,3.31124378944539,0.941728716856383,22.54,0,0,355,0
95,120,81.2804704208671,4.27179321577321,1.28114651600245,0,101,120000,0,1
95,120,81.2804704208671,4.27179321577321,1.28114651600245,2.27,0,0,1026,0
95,120,81.2804704208671,4.27179321577321,1.28114651600245,8.24,0,0,1017,0
95,120,81.2804704208671,4.27179321577321,1.28114651600245,11.82,0,0,738,0
95,120,81.2804704208671,4.27179321577321,1.28114651600245,23.43,0,0,539,0
96,120,99.7940781342448,3.00823363246965,0.816483881336969,0,101,120000,0,1
96,120,99.7940781342448,3.00823363246965,0.816483881336969,2.65,0,0,900,0
96,120,99.7940781342448,3.00823363246965,0.816483881336969,5.61,0,0,951,0
96,120,99.7940781342448,3.00823363246965,0.816483881336969,7.32,0,0,893,0
96,120,99.7940781342448,3.00823363246965,0.816483881336969,7.62,0,0,811,0
97,120,51.3995120878105,4.25621784233178,1.01505637188389,0,101,120000,0,1
97,120,51.3995120878105,4.25621784233178,1.01505637188389,2.52,0,0,2272,0
97,120,51.3995120878105,4.25621784233178,1.01505637188389,13.89,0,0,451,0
97,120,51.3995120878105,4.25621784233178,1.01505637188389,14.79,0,0,673,0
97,120,51.3995120878105,4.25621784233178,1.01505637188389,16.67,0,0,744,0
98,120,66.7657108682059,2.88201202410437,0.694893600506619,0,101,120000,0,1
98,120,66.7657108682059,2.88201202410437,0.694893600506619,0.58,0,0,575,0
98,120,66.7657108682059,2.88201202410437,0.694893600506619,3.34,0,0,1404,0
98,120,66.7657108682059,2.88201202410437,0.694893600506619,7.83,0,0,1145,0
98,120,66.7657108682059,2.88201202410437,0.694893600506619,19.59,0,0,946,0
99,120,65.347219057712,3.93889174612128,0.650762435313219,0,101,120000,0,1
99,120,65.347219057712,3.93889174612128,0.650762435313219,6,0,0,1582,0
99,120,65.347219057712,3.93889174612128,0.650762435313219,11.83,0,0,963,0
99,120,65.347219057712,3.93889174612128,0.650762435313219,18.81,0,0,651,0
99,120,65.347219057712,3.93889174612128,0.650762435313219,19.14,0,0,619,0
100,120,57.7379762421535,5.7782857176717,0.794265798108307,0,101,120000,0,1
100,120,57.7379762421535,5.7782857176717,0.794265798108307,4.24,0,0,2569,0
100,120,57.7379762421535,5.7782857176717,0.794265798108307,5.17,0,0,1045,0
100,120,57.7379762421535,5.7782857176717,0.794265798108307,16.07,0,0,439,0
100,120,57.7379762421535,5.7782857176717,0.794265798108307,19.14,0,0,327,0
101,120,88.8667144607936,5.38802730899803,1.21149494549254,0,101,120000,0,1
101,120,88.8667144607936,5.38802730899803,1.21149494549254,3.42,0,0,1173,0
101,120,88.8667144607936,5.38802730899803,1.21149494549254,8.07,0,0,769,0
101,120,88.8667144607936,5.38802730899803,1.21149494549254,14.14,0,0,702,0
101,120,88.8667144607936,5.38802730899803,1.21149494549254,18.44,0,0,389,0
102,120,58.5671387713074,4.25153928580879,0.503904206219265,0,101,120000,0,1
102,120,58.5671387713074,4.25153928580879,0.503904206219265,3.51,0,0,1092,0
102,120,58.5671387713074,4.25153928580879,0.503904206219265,13.61,0,0,1208,0
102,120,58.5671387713074,4.25153928580879,0.503904206219265,19.34,0,0,516,0
102,120,58.5671387713074,4.25153928580879,0.503904206219265,19.8,0,0,522,0
103,120,67.8284022871615,3.49493235175707,0.58045509269395,0,101,120000,0,1
103,120,67.8284022871615,3.49493235175707,0.58045509269395,17.45,0,0,619,0
103,120,67.8284022871615,3.49493235175707,0.58045509269395,18.07,0,0,720,0
103,120,67.8284022871615,3.49493235175707,0.58045509269395,18.22,0,0,601,0
103,120,67.8284022871615,3.49493235175707,0.58045509269395,21.27,0,0,694,0
104,120,68.8401649585672,3.64872429871642,0.824293177467983,0,101,120000,0,1
104,120,68.8401649585672,3.64872429871642,0.824293177467983,3.6,0,0,1121,0
104,120,68.8401649585672,3.64872429871642,0.824293177467983,5.08,0,0,1285,0
104,120,68.8401649585672,3.64872429871642,0.824293177467983,11.73,0,0,1119,0
104,120,68.8401649585672,3.64872429871642,0.824293177467983,15.83,0,0,1014,0
105,120,57.2382162508123,3.52041994560836,0.761725079034309,0,101,120000,0,1
105,120,57.2382162508123,3.52041994560836,0.761725079034309,6.05,0,0,1397,0
105,120,57.2382162508123,3.52041994560836,0.761725079034309,9.43,0,0,1539,0
105,120,57.2382162508123,3.52041994560836,0.761725079034309,21.77,0,0,581,0
105,120,57.2382162508123,3.52041994560836,0.761725079034309,22.68,0,0,549,0
106,120,139.40505577756,4.30192143429791,0.911563939447825,0,101,120000,0,1
106,120,139.40505577756,4.30192143429791,0.911563939447825,8.26,0,0,434,0
106,120,139.40505577756,4.30192143429791,0.911563939447825,8.29,0,0,587,0
106,120,139.40505577756,4.30192143429791,0.911563939447825,11.39,0,0,505,0
106,120,139.40505577756,4.30192143429791,0.911563939447825,23.82,0,0,599,0
107,120,140.027579248102,5.04285818801964,0.786542323313648,0,101,120000,0,1
107,120,140.027579248102,5.04285818801964,0.786542323313648,1.14,0,0,409,0
107,120,140.027579248102,5.04285818801964,0.786542323313648,5.93,0,0,655,0
107,120,140.027579248102,5.04285818801964,0.786542323313648,12.56,0,0,488,0
107,120,140.027579248102,5.04285818801964,0.786542323313648,13.74,0,0,539,0
108,120,80.9704417121074,7.17386804284658,1.1584507815111,0,101,120000,0,1
108,120,80.9704417121074,7.17386804284658,1.1584507815111,0.6,0,0,729,0
108,120,80.9704417121074,7.17386804284658,1.1584507815111,1.73,0,0,1417,0
108,120,80.9704417121074,7.17386804284658,1.1584507815111,11.39,0,0,736,0
108,120,80.9704417121074,7.17386804284658,1.1584507815111,17.72,0,0,434,0
109,120,48.4436546248675,6.56128878914802,0.723253904954375,0,101,120000,0,1
109,120,48.4436546248675,6.56128878914802,0.723253904954375,8.21,0,0,1131,0
109,120,48.4436546248675,6.56128878914802,0.723253904954375,9.4,0,0,1025,0
109,120,48.4436546248675,6.56128878914802,0.723253904954375,10.57,0,0,581,0
109,120,48.4436546248675,6.56128878914802,0.723253904954375,10.76,0,0,848,0
110,120,71.5872350959566,4.85077855197566,1.22838651039189,0,101,120000,0,1
110,120,71.5872350959566,4.85077855197566,1.22838651039189,8.92,0,0,840,0
110,120,71.5872350959566,4.85077855197566,1.22838651039189,14.73,0,0,702,0
110,120,71.5872350959566,4.85077855197566,1.22838651039189,20.39,0,0,368,0
110,120,71.5872350959566,4.85077855197566,1.22838651039189,21.35,0,0,385,0
111,120,109.50165804519,7.02503208485448,0.665578520167514,0,101,120000,0,1
111,120,109.50165804519,7.02503208485448,0.665578520167514,7.37,0,0,557,0
111,120,109.50165804519,7.02503208485448,0.665578520167514,13.94,0,0,412,0
111,120,109.50165804519,7.02503208485448,0.665578520167514,22.33,0,0,232,0
111,120,109.50165804519,7.02503208485448,0.665578520167514,22.36,0,0,304,0
112,120,86.0724260708707,3.8327674762243,0.860531682540096,0,101,120000,0,1
112,120,86.0724260708707,3.8327674762243,0.860531682540096,2.19,0,0,1118,0
112,120,86.0724260708707,3.8327674762243,0.860531682540096,17.92,0,0,533,0
112,120,86.0724260708707,3.8327674762243,0.860531682540096,18.79,0,0,741,0
112,120,86.0724260708707,3.8327674762243,0.860531682540096,19.53,0,0,798,0
113,120,58.4953144430406,5.62366748222297,0.546407059713889,0,101,120000,0,1
113,120,58.4953144430406,5.62366748222297,0.546407059713889,4.66,0,0,1288,0
113,120,58.4953144430406,5.62366748222297,0.546407059713889,8.63,0,0,922,0
113,120,58.4953144430406,5.62366748222297,0.546407059713889,23.17,0,0,209,0
113,120,58.4953144430406,5.62366748222297,0.546407059713889,23.43,0,0,231,0
114,120,67.1006857882099,3.6110386275108,0.83560012917818,0,101,120000,0,1
114,120,67.1006857882099,3.6110386275108,0.83560012917818,5.12,0,0,1342,0
114,120,67.1006857882099,3.6110386275108,0.83560012917818,6.93,0,0,1193,0
114,120,67.1006857882099,3.6110386275108,0.83560012917818,13.5,0,0,925,0
114,120,67.1006857882099,3.6110386275108,0.83560012917818,18.03,0,0,680,0
115,120,89.4447978245154,2.29135717721873,0.988140553194738,0,101,120000,0,1
115,120,89.4447978245154,2.29135717721873,0.988140553194738,1.64,0,0,935,0
115,120,89.4447978245154,2.29135717721873,0.988140553194738,2.24,0,0,1495,0
115,120,89.4447978245154,2.29135717721873,0.988140553194738,13.04,0,0,851,0
115,120,89.4447978245154,2.29135717721873,0.988140553194738,17.78,0,0,872,0
116,120,50.2302074105084,6.23884911324223,0.67429810037577,0,101,120000,0,1
116,120,50.2302074105084,6.23884911324223,0.67429810037577,2.82,0,0,1689,0
116,120,50.2302074105084,6.23884911324223,0.67429810037577,11.64,0,0,681,0
116,120,50.2302074105084,6.23884911324223,0.67429810037577,14.17,0,0,415,0
116,120,50.2302074105084,6.23884911324223,0.67429810037577,22.2,0,0,193,0
117,120,35.8128207457553,2.79891468340886,1.52270187582996,0,101,120000,0,1
117,120,35.8128207457553,2.79891468340886,1.52270187582996,3.42,0,0,2712,0
117,120,35.8128207457553,2.79891468340886,1.52270187582996,14.4,0,0,1020,0
117,120,35.8128207457553,2.79891468340886,1.52270187582996,15.05,0,0,1655,0
117,120,35.8128207457553,2.79891468340886,1.52270187582996,17.36,0,0,1267,0
118,120,56.2256183360462,3.1535789158525,0.614480247895462,0,101,120000,0,1
118,120,56.2256183360462,3.1535789158525,0.614480247895462,6.92,0,0,1709,0
118,120,56.2256183360462,3.1535789158525,0.614480247895462,12.84,0,0,837,0
118,120,56.2256183360462,3.1535789158525,0.614480247895462,16.72,0,0,779,0
118,120,56.2256183360462,3.1535789158525,0.614480247895462,19.25,0,0,617,0
119,120,95.7374602947966,3.62415642604166,0.826441774632311,0,101,120000,0,1
119,120,95.7374602947966,3.62415642604166,0.826441774632311,11.6,0,0,792,0
119,120,95.7374602947966,3.62415642604166,0.826441774632311,11.6,0,0,861,0
119,120,95.7374602947966,3.62415642604166,0.826441774632311,17.33,0,0,761,0
119,120,95.7374602947966,3.62415642604166,0.826441774632311,21.32,0,0,361,0
120,120,68.9480596963136,3.81169131902919,0.744250068810762,0,101,120000,0,1
120,120,68.9480596963136,3.81169131902919,0.744250068810762,11.96,0,0,1063,0
120,120,68.9480596963136,3.81169131902919,0.744250068810762,14.05,0,0,844,0
120,120,68.9480596963136,3.81169131902919,0.744250068810762,18.66,0,0,624,0
120,120,68.9480596963136,3.81169131902919,0.744250068810762,21.34,0,0,540,0
