ID,DOSE,V,CL,KA,TIME,EVID,AMT,DV,EVIDNM
1,10,66.2323112149076,3.32540410978104,0.850769472699935,0,101,10000,0,1
1,10,66.2323112149076,3.32540410978104,0.850769472699935,2.41,0,0,98,0
1,10,66.2323112149076,3.32540410978104,0.850769472699935,5.4,0,0,144,0
1,10,66.2323112149076,3.32540410978104,0.850769472699935,11.77,0,0,84,0
1,10,66.2323112149076,3.32540410978104,0.850769472699935,13.33,0,0,86,0
2,10,51.1917268237073,5.31484170519912,0.93457971998457,0,101,10000,0,1
2,10,51.1917268237073,5.31484170519912,0.93457971998457,2.29,0,0,113,0
2,10,51.1917268237073,5.31484170519912,0.93457971998457,11.68,0,0,56,0
2,10,51.1917268237073,5.31484170519912,0.93457971998457,16,0,0,32,0
2,10,51.1917268237073,5.31484170519912,0.93457971998457,19.48,0,0,20,0
3,10,73.5382532402865,2.68603364828272,1.14463734219156,0,101,10000,0,1
3,10,73.5382532402865,2.68603364828272,1.14463734219156,6.74,0,0,84,0
3,10,73.5382532402865,2.68603364828272,1.14463734219156,7.23,0,0,94,0
3,10,73.5382532402865,2.68603364828272,1.14463734219156,10.31,0,0,86,0
3,10,73.5382532402865,2.68603364828272,1.14463734219156,19.28,0,0,77,0
4,10,59.7721463434262,2.89699278431844,0.969361049916194,0,101,10000,0,1
4,10,59.7721463434262,2.89699278431844,0.969361049916194,6.17,0,0,126,0
4,10,59.7721463434262,2.89699278431844,0.969361049916194,8.32,0,0,118,0
4,10,59.7721463434262,2.89699278431844,0.969361049916194,16.45,0,0,92,0
4,10,59.7721463434262,2.89699278431844,0.969361049916194,17.7,0,0,87,0
5,10,81.5221935004323,3.22199960445514,1.1206861887939,0,101,10000,0,1
5,10,81.5221935004323,3.22199960445514,1.1206861887939,3.42,0,0,95,0
5,10,81.5221935004323,3.22199960445514,1.1206861887939,11.13,0,0,74,0
5,10,81.5221935004323,3.22199960445514,1.1206861887939,16.66,0,0,70,0
5,10,81.5221935004323,3.22199960445514,1.1206861887939,17.24,0,0,75,0
6,10,65.0414167770798,3.57032268150532,0.823939393762516,0,101,10000,0,1
6,10,65.0414167770798,3.57032268150532,0.823939393762516,2.52,0,0,112,0
6,10,65.0414167770798,3.57032268150532,0.823939393762516,2.73,0,0,123,0
6,10,65.0414167770798,3.57032268150532,0.823939393762516,10.99,0,0,80,0
6,10,65.0414167770798,3.57032268150532,0.823939393762516,21.3,0,0,59,0
7,10,178.117178499999,3.30005888150839,0.957178350630219,0,101,10000,0,1
7,10,178.117178499999,3.30005888150839,0.957178350630219,3.31,0,0,51,0
7,10,178.117178499999,3.30005888150839,0.957178350630219,10.02,0,0,41,0
7,10,178.117178499999,3.30005888150839,0.957178350630219,11.4,0,0,47,0
7,10,178.117178499999,3.30005888150839,0.957178350630219,13.56,0,0,33,0
8,10,85.6056856275337,4.13661511215404,0.947062377477272,0,101,10000,0,1
8,10,85.6056856275337,4.13661511215404,0.947062377477272,9.78,0,0,72,0
8,10,85.6056856275337,4.13661511215404,0.947062377477272,12.9,0,0,82,0
8,10,85.6056856275337,4.13661511215404,0.947062377477272,13.21,0,0,56,0
8,10,85.6056856275337,4.13661511215404,0.947062377477272,16.64,0,0,56,0
9,10,56.8995157325029,6.99022863351983,1.00696092198451,0,101,10000,0,1
9,10,56.8995157325029,6.99022863351983,1.00696092198451,6.27,0,0,111,0
9,10,56.8995157325029,6.99022863351983,1.00696092198451,6.51,0,0,142,0
9,10,56.8995157325029,6.99022863351983,1.00696092198451,14.35,0,0,35,0
9,10,56.8995157325029,6.99022863351983,1.00696092198451,23.15,0,0,16,0
10,10,84.8303682421109,4.1406720778187,1.19282420338176,0,101,10000,0,1
10,10,84.8303682421109,4.1406720778187,1.19282420338176,4.92,0,0,74,0
10,10,84.8303682421109,4.1406720778187,1.19282420338176,6.55,0,0,105,0
10,10,84.8303682421109,4.1406720778187,1.19282420338176,16.19,0,0,77,0
10,10,84.8303682421109,4.1406720778187,1.19282420338176,19.62,0,0,38,0
11,10,54.650864996671,3.659934602724,0.799051192990578,0,101,10000,0,1
11,10,54.650864996671,3.659934602724,0.799051192990578,6.87,0,0,197,0
11,10,54.650864996671,3.659934602724,0.799051192990578,8.37,0,0,110,0
11,10,54.650864996671,3.659934602724,0.799051192990578,11.41,0,0,109,0
11,10,54.650864996671,3.659934602724,0.799051192990578,13.31,0,0,123,0
12,10,72.4725647251231,3.14705487844787,0.963897117463505,0,101,10000,0,1
12,10,72.4725647251231,3.14705487844787,0.963897117463505,0.82,0,0,80,0
12,10,72.4725647251231,3.14705487844787,0.963897117463505,3.32,0,0,135,0
12,10,72.4725647251231,3.14705487844787,0.963897117463505,20.54,0,0,60,0
12,10,72.4725647251231,3.14705487844787,0.963897117463505,23.91,0,0,47,0
13,10,70.5816743401292,2.18908788058242,0.940500006082522,0,101,10000,0,1
13,10,70.5816743401292,2.18908788058242,0.940500006082522,3.09,0,0,170,0
13,10,70.5816743401292,2.18908788058242,0.940500006082522,3.42,0,0,122,0
13,10,70.5816743401292,2.18908788058242,0.940500006082522,5.41,0,0,129,0
13,10,70.5816743401292,2.18908788058242,0.940500006082522,12.21,0,0,68,0
14,10,123.179188003076,3.20923156148164,1.2266420942714,0,101,10000,0,1
14,10,123.179188003076,3.20923156148164,1.2266420942714,0.53,0,0,34,0
14,10,123.179188003076,3.20923156148164,1.2266420942714,3.61,0,0,78,0
14,10,123.179188003076,3.20923156148164,1.2266420942714,19.65,0,0,40,0
14,10,123.179188003076,3.20923156148164,1.2266420942714,20.67,0,0,52,0
15,10,72.5443520925389,3.76062850736046,1.13393120227926,0,101,10000,0,1
15,10,72.5443520925389,3.76062850736046,1.13393120227926,2.97,0,0,146,0
15,10,72.5443520925389,3.76062850736046,1.13393120227926,4.4,0,0,121,0
15,10,72.5443520925389,3.76062850736046,1.13393120227926,5.47,0,0,125,0
15,10,72.5443520925389,3.76062850736046,1.13393120227926,11.77,0,0,76,0
16,10,43.3723567818617,4.05413674119329,0.939637467101542,0,101,10000,0,1
16,10,43.3723567818617,4.05413674119329,0.939637467101542,0.55,0,0,89,0
16,10,43.3723567818617,4.05413674119329,0.939637467101542,2.37,0,0,208,0
16,10,43.3723567818617,4.05413674119329,0.939637467101542,15.32,0,0,74,0
16,10,43.3723567818617,4.05413674119329,0.939637467101542,22.77,0,0,34,0
17,10,103.547819839107,4.63267754514693,1.07186601228559,0,101,10000,0,1
17,10,103.547819839107,4.63267754514693,1.07186601228559,5.34,0,0,69,0
17,10,103.547819839107,4.63267754514693,1.07186601228559,12.8,0,0,43,0
17,10,103.547819839107,4.63267754514693,1.07186601228559,14.88,0,0,66,0
17,10,103.547819839107,4.63267754514693,1.07186601228559,22.12,0,0,39,0
18,10,90.344848945218,2.89777091192783,1.09494368994616,0,101,10000,0,1
18,10,90.344848945218,2.89777091192783,1.09494368994616,3.33,0,0,112,0
18,10,90.344848945218,2.89777091192783,1.09494368994616,6.86,0,0,82,0
18,10,90.344848945218,2.89777091192783,1.09494368994616,10.05,0,0,72,0
18,10,90.344848945218,2.89777091192783,1.09494368994616,20.52,0,0,71,0
19,10,53.7580520015301,3.42457291927398,1.20478850902659,0,101,10000,0,1
19,10,53.7580520015301,3.42457291927398,1.20478850902659,9.48,0,0,117,0
19,10,53.7580520015301,3.42457291927398,1.20478850902659,15.25,0,0,65,0
19,10,53.7580520015301,3.42457291927398,1.20478850902659,19.64,0,0,66,0
19,10,53.7580520015301,3.42457291927398,1.20478850902659,22.99,0,0,27,0
20,10,68.0011781664646,4.15594993793102,0.853147433079027,0,101,10000,0,1
20,10,68.0011781664646,4.15594993793102,0.853147433079027,6.12,0,0,67,0
20,10,68.0011781664646,4.15594993793102,0.853147433079027,7.02,0,0,95,0
20,10,68.0011781664646,4.15594993793102,0.853147433079027,7.18,0,0,108,0
20,10,68.0011781664646,4.15594993793102,0.853147433079027,9.06,0,0,86,0
21,10,65.7486267656,3.30117036041763,0.737884177824007,0,101,10000,0,1
21,10,65.7486267656,3.30117036041763,0.737884177824007,8.56,0,0,144,0
21,10,65.7486267656,3.30117036041763,0.737884177824007,20.2,0,0,48,0
21,10,65.7486267656,3.30117036041763,0.737884177824007,20.24,0,0,57,0
21,10,65.7486267656,3.30117036041763,0.737884177824007,21.38,0,0,61,0
22,10,83.5698901499915,5.67536145251115,0.870008781207589,0,101,10000,0,1
22,10,83.5698901499915,5.67536145251115,0.870008781207589,3.42,0,0,87,0
22,10,83.5698901499915,5.67536145251115,0.870008781207589,3.99,0,0,121,0
22,10,83.5698901499915,5.67536145251115,0.870008781207589,6.41,0,0,67,0
22,10,83.5698901499915,5.67536145251115,0.870008781207589,17.86,0,0,31,0
23,10,105.125598812405,5.50986524480011,1.06847758527989,0,101,10000,0,1
23,10,105.125598812405,5.50986524480011,1.06847758527989,2.59,0,0,106,0
23,10,105.125598812405,5.50986524480011,1.06847758527989,11.96,0,0,54,0
23,10,105.125598812405,5.50986524480011,1.06847758527989,19.6,0,0,40,0
23,10,105.125598812405,5.50986524480011,1.06847758527989,21.45,0,0,32,0
24,10,41.1515584679619,5.41661527757599,0.698609713036501,0,101,10000,0,1
24,10,41.1515584679619,5.41661527757599,0.698609713036501,1.76,0,0,179,0
24,10,41.1515584679619,5.41661527757599,0.698609713036501,4.17,0,0,199,0
24,10,41.1515584679619,5.41661527757599,0.698609713036501,11.88,0,0,67,0
24,10,41.1515584679619,5.41661527757599,0.698609713036501,16.99,0,0,34,0
25,10,36.4740648210207,2.84288553489492,0.614504652443212,0,101,10000,0,1
25,10,36.4740648210207,2.84288553489492,0.614504652443212,2.19,0,0,216,0
25,10,36.4740648210207,2.84288553489492,0.614504652443212,6.14,0,0,180,0
25,10,36.4740648210207,2.84288553489492,0.614504652443212,7.99,0,0,151,0
25,10,36.4740648210207,2.84288553489492,0.614504652443212,15.95,0,0,107,0
26,10,106.921630716071,5.77026664841053,1.52123693043643,0,101,10000,0,1
26,10,106.921630716071,5.77026664841053,1.52123693043643,6.45,0,0,50,0
26,10,106.921630716071,5.77026664841053,1.52123693043643,7.38,0,0,60,0
26,10,106.921630716071,5.77026664841053,1.52123693043643,16.03,0,0,26,0
26,10,106.921630716071,5.77026664841053,1.52123693043643,23.4,0,0,20,0
27,10,59.2103460002753,2.87212583695464,0.835068183486238,0,101,10000,0,1
27,10,59.2103460002753,2.87212583695464,0.835068183486238,0.2,0,0,34,0
27,10,59.2103460002753,2.87212583695464,0.835068183486238,6.96,0,0,152,0
27,10,59.2103460002753,2.87212583695464,0.835068183486238,11.14,0,0,94,0
27,10,59.2103460002753,2.87212583695464,0.835068183486238,15.27,0,0,97,0
28,10,55.6578967632213,2.5222523192191,1.77637425588144,0,101,10000,0,1
28,10,55.6578967632213,2.5222523192191,1.77637425588144,3.71,0,0,160,0
28,10,55.6578967632213,2.5222523192191,1.77637425588144,4.94,0,0,180,0
28,10,55.6578967632213,2.5222523192191,1.77637425588144,18.16,0,0,53,0
28,10,55.6578967632213,2.5222523192191,1.77637425588144,18.87,0,0,74,0
29,10,52.0992316669015,5.70607206506692,0.922835689300577,0,101,10000,0,1
29,10,52.0992316669015,5.70607206506692,0.922835689300577,1.61,0,0,133,0
29,10,52.0992316669015,5.70607206506692,0.922835689300577,2.43,0,0,102,0
29,10,52.0992316669015,5.70607206506692,0.922835689300577,6.67,0,0,92,0
29,10,52.0992316669015,5.70607206506692,0.922835689300577,13.9,0,0,63,0
30,10,53.5239229229397,2.40440625984201,0.841825535728847,0,101,10000,0,1
30,10,53.5239229229397,2.40440625984201,0.841825535728847,2.55,0,0,177,0
30,10,53.5239229229397,2.40440625984201,0.841825535728847,10.5,0,0,118,0
30,10,53.5239229229397,2.40440625984201,0.841825535728847,16.97,0,0,113,0
30,10,53.5239229229397,2.40440625984201,0.841825535728847,21.24,0,0,71,0
31,30,66.7136975560833,6.08048946304639,1.00107099901972,0,101,30000,0,1
31,30,66.7136975560833,6.08048946304639,1.00107099901972,1.53,0,0,266,0
31,30,66.7136975560833,6.08048946304639,1.00107099901972,2,0,0,318,0
31,30,66.7136975560833,6.08048946304639,1.00107099901972,9.47,0,0,165,0
31,30,66.7136975560833,6.08048946304639,1.00107099901972,14.89,0,0,85,0
32,30,73.7255215555241,2.51214187232773,1.2572138222488,0,101,30000,0,1
32,30,73.7255215555241,2.51214187232773,1.2572138222488,1.54,0,0,368,0
32,30,73.7255215555241,2.51214187232773,1.2572138222488,2.68,0,0,479,0
32,30,73.7255215555241,2.51214187232773,1.2572138222488,16.33,0,0,204,0
32,30,73.7255215555241,2.51214187232773,1.2572138222488,17.78,0,0,228,0
33,30,84.7117238327546,3.73600138521305,1.14358294179798,0,101,30000,0,1
33,30,84.7117238327546,3.73600138521305,1.14358294179798,2.64,0,0,403,0
33,30,84.7117238327546,3.73600138521305,1.14358294179798,3.62,0,0,280,0
33,30,84.7117238327546,3.73600138521305,1.14358294179798,9.6,0,0,262,0
33,30,84.7117238327546,3.73600138521305,1.14358294179798,21.48,0,0,105,0
34,30,47.8238537286034,2.42073541561468,0.918840735426697,0,101,30000,0,1
34,30,47.8238537286034,2.42073541561468,0.918840735426697,10.16,0,0,320,0
34,30,47.8238537286034,2.42073541561468,0.918840735426697,15.39,0,0,207,0
34,30,47.8238537286034,2.42073541561468,0.918840735426697,20.71,0,0,248,0
34,30,47.8238537286034,2.42073541561468,0.918840735426697,23.32,0,0,264,0
35,30,42.0414327767372,4.72296350503823,0.834669434039073,0,101,30000,0,1
35,30,42.0414327767372,4.72296350503823,0.834669434039073,9.21,0,0,287,0
35,30,42.0414327767372,4.72296350503823,0.834669434039073,10.99,0,0,233,0
35,30,42.0414327767372,4.72296350503823,0.834669434039073,14.39,0,0,134,0
35,30,42.0414327767372,4.72296350503823,0.834669434039073,15.86,0,0,128,0
36,30,59.9202010864881,4.70582061596616,0.981596596095722,0,101,30000,0,1
36,30,59.9202010864881,4.70582061596616,0.981596596095722,7.31,0,0,416,0
36,30,59.9202010864881,4.70582061596616,0.981596596095722,20.04,0,0,131,0
36,30,59.9202010864881,4.70582061596616,0.981596596095722,22.25,0,0,97,0
36,30,59.9202010864881,4.70582061596616,0.981596596095722,23.54,0,0,114,0
37,30,66.8390633644153,4.40391812958092,1.01375121478672,0,101,30000,0,1
37,30,66.8390633644153,4.40391812958092,1.01375121478672,1.3,0,0,363,0
37,30,66.8390633644153,4.40391812958092,1.01375121478672,9.48,0,0,201,0
37,30,66.8390633644153,4.40391812958092,1.01375121478672,10.29,0,0,219,0
37,30,66.8390633644153,4.40391812958092,1.01375121478672,15.83,0,0,176,0
38,30,46.1133174449578,3.29932682416831,0.706957859742516,0,101,30000,0,1
38,30,46.1133174449578,3.29932682416831,0.706957859742516,7.14,0,0,398,0
38,30,46.1133174449578,3.29932682416831,0.706957859742516,7.29,0,0,313,0
38,30,46.1133174449578,3.29932682416831,0.706957859742516,10.14,0,0,322,0
38,30,46.1133174449578,3.29932682416831,0.706957859742516,12.92,0,0,391,0
39,30,48.6873988415797,6.15389094778979,1.14593571108275,0,101,30000,0,1
39,30,48.6873988415797,6.15389094778979,1.14593571108275,2.84,0,0,554,0
39,30,48.6873988415797,6.15389094778979,1.14593571108275,13.68,0,0,113,0
39,30,48.6873988415797,6.15389094778979,1.14593571108275,14.69,0,0,96,0
39,30,48.6873988415797,6.15389094778979,1.14593571108275,15.32,0,0,91,0
40,30,60.1880169836287,4.4266649389382,0.992539342560624,0,101,30000,0,1
40,30,60.1880169836287,4.4266649389382,0.992539342560624,5.91,0,0,333,0
40,30,60.1880169836287,4.4266649389382,0.992539342560624,10.75,0,0,246,0
40,30,60.1880169836287,4.4266649389382,0.992539342560624,16.18,0,0,171,0
40,30,60.1880169836287,4.4266649389382,0.992539342560624,18.87,0,0,167,0
41,30,84.5592571705647,4.70416897515309,0.986526579805296,0,101,30000,0,1
41,30,84.5592571705647,4.70416897515309,0.986526579805296,5.94,0,0,337,0
41,30,84.5592571705647,4.70416897515309,0.986526579805296,6.07,0,0,200,0
41,30,84.5592571705647,4.70416897515309,0.986526579805296,18.59,0,0,115,0
41,30,84.5592571705647,4.70416897515309,0.986526579805296,20.67,0,0,110,0
42,30,38.7131392117163,3.20204400834309,0.805279268449036,0,101,30000,0,1
42,30,38.7131392117163,3.20204400834309,0.805279268449036,0.58,0,0,319,0
42,30,38.7131392117163,3.20204400834309,0.805279268449036,7.2,0,0,362,0
42,30,38.7131392117163,3.20204400834309,0.805279268449036,9.8,0,0,494,0
42,30,38.7131392117163,3.20204400834309,0.805279268449036,19.42,0,0,189,0
43,30,64.5707867327543,6.87929943180222,0.542319652533734,0,101,30000,0,1
43,30,64.5707867327543,6.87929943180222,0.542319652533734,9.4,0,0,232,0
43,30,64.5707867327543,6.87929943180222,0.542319652533734,10.93,0,0,182,0
43,30,64.5707867327543,6.87929943180222,0.542319652533734,15.08,0,0,106,0
43,30,64.5707867327543,6.87929943180222,0.542319652533734,18.56,0,0,70,0
44,30,97.7103208109396,4.71505291972771,1.20404992628301,0,101,30000,0,1
44,30,97.7103208109396,4.71505291972771,1.20404992628301,0.48,0,0,118,0
44,30,97.7103208109396,4.71505291972771,1.20404992628301,0.53,0,0,124,0
44,30,97.7103208109396,4.71505291972771,1.20404992628301,15.14,0,0,158,0
44,30,97.7103208109396,4.71505291972771,1.20404992628301,21.41,0,0,124,0
45,30,86.5321789503071,4.11912090515604,0.984333055776491,0,101,30000,0,1
45,30,86.5321789503071,4.11912090515604,0.984333055776491,4.91,0,0,216,0
45,30,86.5321789503071,4.11912090515604,0.984333055776491,4.94,0,0,175,0
45,30,86.5321789503071,4.11912090515604,0.984333055776491,5.29,0,0,367,0
45,30,86.5321789503071,4.11912090515604,0.984333055776491,9.67,0,0,265,0
46,30,65.4428520369495,3.9253898115102,0.936774517068898,0,101,30000,0,1
46,30,65.4428520369495,3.9253898115102,0.936774517068898,2.42,0,0,420,0
46,30,65.4428520369495,3.9253898115102,0.936774517068898,6.85,0,0,340,0
46,30,65.4428520369495,3.9253898115102,0.936774517068898,19.28,0,0,181,0
46,30,65.4428520369495,3.9253898115102,0.936774517068898,22.97,0,0,126,0
47,30,81.8267544181149,4.13760030482451,1.43514440475046,0,101,30000,0,1
47,30,81.8267544181149,4.13760030482451,1.43514440475046,3.83,0,0,300,0
47,30,81.8267544181149,4.13760030482451,1.43514440475046,5.39,0,0,365,0
47,30,81.8267544181149,4.13760030482451,1.43514440475046,10.35,0,0,216,0
47,30,81.8267544181149,4.13760030482451,1.43514440475046,11.3,0,0,313,0
48,30,69.4002789476587,3.57058896964223,0.896983263729945,0,101,30000,0,1
48,30,69.4002789476587,3.57058896964223,0.896983263729945,9.14,0,0,339,0
48,30,69.4002789476587,3.57058896964223,0.896983263729945,12.96,0,0,320,0
48,30,69.4002789476587,3.57058896964223,0.896983263729945,14.35,0,0,178,0
48,30,69.4002789476587,3.57058896964223,0.896983263729945,22.46,0,0,184,0
49,30,60.0639109402798,2.94510996027997,0.817654356563085,0,101,30000,0,1
49,30,60.0639109402798,2.94510996027997,0.817654356563085,2.64,0,0,469,0
49,30,60.0639109402798,2.94510996027997,0.817654356563085,9.56,0,0,316,0
49,30,60.0639109402798,2.94510996027997,0.817654356563085,11.61,0,0,194,0
49,30,60.0639109402798,2.94510996027997,0.817654356563085,17.3,0,0,289,0
50,30,128.184548364701,2.38680473644555,1.14238425501513,0,101,30000,0,1
50,30,128.184548364701,2.38680473644555,1.14238425501513,0.83,0,0,141,0
50,30,128.184548364701,2.38680473644555,1.14238425501513,13.12,0,0,262,0
50,30,128.184548364701,2.38680473644555,1.14238425501513,14.38,0,0,205,0
50,30,128.184548364701,2.38680473644555,1.14238425501513,17.33,0,0,153,0
51,30,71.9407603007624,2.58286586815262,1.25949855641102,0,101,30000,0,1
51,30,71.9407603007624,2.58286586815262,1.25949855641102,9.23,0,0,432,0
51,30,71.9407603007624,2.58286586815262,1.25949855641102,18.56,0,0,198,0
51,30,71.9407603007624,2.58286586815262,1.25949855641102,20.08,0,0,169,0
51,30,71.9407603007624,2.58286586815262,1.25949855641102,23.33,0,0,184,0
52,30,104.700604546831,4.8302601665734,1.03166800838004,0,101,30000,0,1
52,30,104.700604546831,4.8302601665734,1.03166800838004,10.64,0,0,122,0
52,30,104.700604546831,4.8302601665734,1.03166800838004,16.15,0,0,105,0
52,30,104.700604546831,4.8302601665734,1.03166800838004,18.73,0,0,149,0
52,30,104.700604546831,4.8302601665734,1.03166800838004,22.72,0,0,85,0
53,30,76.2419983661077,3.54848579833157,0.960822450920239,0,101,30000,0,1
53,30,76.2419983661077,3.54848579833157,0.960822450920239,8.03,0,0,171,0
53,30,76.2419983661077,3.54848579833157,0.960822450920239,10.08,0,0,295,0
53,30,76.2419983661077,3.54848579833157,0.960822450920239,16.74,0,0,188,0
53,30,76.2419983661077,3.54848579833157,0.960822450920239,19.98,0,0,129,0
54,30,50.6372395954677,3.44615871174751,0.86251928857397,0,101,30000,0,1
54,30,50.6372395954677,3.44615871174751,0.86251928857397,0.29,0,0,95,0
54,30,50.6372395954677,3.44615871174751,0.86251928857397,1.99,0,0,528,0
54,30,50.6372395954677,3.44615871174751,0.86251928857397,7.77,0,0,459,0
54,30,50.6372395954677,3.44615871174751,0.86251928857397,17.8,0,0,118,0
55,30,26.3719821290041,5.01006282403355,0.676446754554082,0,101,30000,0,1
55,30,26.3719821290041,5.01006282403355,0.676446754554082,6.38,0,0,290,0
55,30,26.3719821290041,5.01006282403355,0.676446754554082,9.5,0,0,273,0
55,30,26.3719821290041,5.01006282403355,0.676446754554082,10.23,0,0,272,0
55,30,26.3719821290041,5.01006282403355,0.676446754554082,11.94,0,0,135,0
56,30,77.7324293530776,2.83043217798025,1.58183802118592,0,101,30000,0,1
56,30,77.7324293530776,2.83043217798025,1.58183802118592,2.95,0,0,428,0
56,30,77.7324293530776,2.83043217798025,1.58183802118592,8.1,0,0,322,0
56,30,77.7324293530776,2.83043217798025,1.58183802118592,13.72,0,0,301,0
56,30,77.7324293530776,2.83043217798025,1.58183802118592,15.71,0,0,153,0
57,30,92.7387414302267,5.06807161895341,1.20666308571865,0,101,30000,0,1
57,30,92.7387414302267,5.06807161895341,1.20666308571865,8.69,0,0,258,0
57,30,92.7387414302267,5.06807161895341,1.20666308571865,11.43,0,0,194,0
57,30,92.7387414302267,5.06807161895341,1.20666308571865,13.96,0,0,159,0
57,30,92.7387414302267,5.06807161895341,1.20666308571865,14.12,0,0,149,0
58,30,95.0722742794989,3.71440725055397,1.06883458321227,0,101,30000,0,1
58,30,95.0722742794989,3.71440725055397,1.06883458321227,0.71,0,0,157,0
58,30,95.0722742794989,3.71440725055397,1.06883458321227,7.52,0,0,213,0
58,30,95.0722742794989,3.71440725055397,1.06883458321227,11.08,0,0,233,0
58,30,95.0722742794989,3.71440725055397,1.06883458321227,21.54,0,0,145,0
59,30,93.1978473218343,7.26575647141375,1.04353338362569,0,101,30000,0,1
59,30,93.1978473218343,7.26575647141375,1.04353338362569,9.96,0,0,206,0
59,30,93.1978473218343,7.26575647141375,1.04353338362569,12.59,0,0,116,0
59,30,93.1978473218343,7.26575647141375,1.04353338362569,21.21,0,0,59,0
59,30,93.1978473218343,7.26575647141375,1.04353338362569,23.15,0,0,60,0
60,30,76.0993356109411,3.60644755614473,1.08252408186473,0,101,30000,0,1
60,30,76.0993356109411,3.60644755614473,1.08252408186473,5.37,0,0,286,0
60,30,76.0993356109411,3.60644755614473,1.08252408186473,6.49,0,0,356,0
60,30,76.0993356109411,3.60644755614473,1.08252408186473,8.43,0,0,272,0
60,30,76.0993356109411,3.60644755614473,1.08252408186473,14.64,0,0,201,0
61,60,52.724095915694,4.99475055773029,0.941422997758237,0,101,60000,0,1
61,60,52.724095915694,4.99475055773029,0.941422997758237,0.41,0,0,420,0
61,60,52.724095915694,4.99475055773029,0.941422997758237,2.35,0,0,869,0
61,60,52.724095915694,4.99475055773029,0.941422997758237,4.55,0,0,496,0
61,60,52.724095915694,4.99475055773029,0.941422997758237,9.38,0,0,773,0
62,60,58.2466949026002,4.38809959352473,0.96712424205199,0,101,60000,0,1
62,60,58.2466949026002,4.38809959352473,0.96712424205199,2.12,0,0,606,0
62,60,58.2466949026002,4.38809959352473,0.96712424205199,9.16,0,0,514,0
62,60,58.2466949026002,4.38809959352473,0.96712424205199,18.92,0,0,267,0
62,60,58.2466949026002,4.38809959352473,0.96712424205199,20.07,0,0,258,0
63,60,111.136566861798,2.86835235033832,1.43943754104255,0,101,60000,0,1
63,60,111.136566861798,2.86835235033832,1.43943754104255,4.76,0,0,561,0
63,60,111.136566861798,2.86835235033832,1.43943754104255,13.9,0,0,338,0
63,60,111.136566861798,2.86835235033832,1.43943754104255,20.66,0,0,282,0
63,60,111.136566861798,2.86835235033832,1.43943754104255,23.15,0,0,205,0
64,60,46.83898310628,4.22586502283071,0.79890882210408,0,101,60000,0,1
64,60,46.83898310628,4.22586502283071,0.79890882210408,3.01,0,0,871,0
64,60,46.83898310628,4.22586502283071,0.79890882210408,17.23,0,0,281,0
64,60,46.83898310628,4.22586502283071,0.79890882210408,18.58,0,0,332,0
64,60,46.83898310628,4.22586502283071,0.79890882210408,21.16,0,0,265,0
65,60,48.5074760888266,1.81461226327988,1.04883971351648,0,101,60000,0,1
65,60,48.5074760888266,1.81461226327988,1.04883971351648,6.6,0,0,1051,0
65,60,48.5074760888266,1.81461226327988,1.04883971351648,10.25,0,0,954,0
65,60,48.5074760888266,1.81461226327988,1.04883971351648,10.64,0,0,1064,0
65,60,48.5074760888266,1.81461226327988,1.04883971351648,17.15,0,0,689,0
66,60,64.415244707287,6.66110063440597,0.928026720386601,0,101,60000,0,1
66,60,64.415244707287,6.66110063440597,0.928026720386601,7.02,0,0,647,0
66,60,64.415244707287,6.66110063440597,0.928026720386601,7.22,0,0,521,0
66,60,64.415244707287,6.66110063440597,0.928026720386601,9.6,0,0,455,0
66,60,64.415244707287,6.66110063440597,0.928026720386601,23.1,0,0,88,0
67,60,92.3796470743162,4.46019124221765,0.736739455129729,0,101,60000,0,1
67,60,92.3796470743162,4.46019124221765,0.736739455129729,5.61,0,0,404,0
67,60,92.3796470743162,4.46019124221765,0.736739455129729,9.87,0,0,466,0
67,60,92.3796470743162,4.46019124221765,0.736739455129729,19.56,0,0,367,0
67,60,92.3796470743162,4.46019124221765,0.736739455129729,19.96,0,0,250,0
68,60,68.2300751012182,3.87836142112068,1.16017485396775,0,101,60000,0,1
68,60,68.2300751012182,3.87836142112068,1.16017485396775,2.41,0,0,837,0
68,60,68.2300751012182,3.87836142112068,1.16017485396775,3,0,0,884,0
68,60,68.2300751012182,3.87836142112068,1.16017485396775,3.57,0,0,605,0
68,60,68.2300751012182,3.87836142112068,1.16017485396775,11.04,0,0,557,0
69,60,58.3215366466627,5.63715240335722,0.836325652406979,0,101,60000,0,1
69,60,58.3215366466627,5.63715240335722,0.836325652406979,1.95,0,0,658,0
69,60,58.3215366466627,5.63715240335722,0.836325652406979,3.6,0,0,731,0
69,60,58.3215366466627,5.63715240335722,0.836325652406979,7.32,0,0,613,0
69,60,58.3215366466627,5.63715240335722,0.836325652406979,16.35,0,0,238,0
70,60,58.5047119367011,4.41794182044085,2.52839064349533,0,101,60000,0,1
70,60,58.5047119367011,4.41794182044085,2.52839064349533,0.94,0,0,1063,0
70,60,58.5047119367011,4.41794182044085,2.52839064349533,4.23,0,0,722,0
70,60,58.5047119367011,4.41794182044085,2.52839064349533,5.59,0,0,744,0
70,60,58.5047119367011,4.41794182044085,2.52839064349533,12.98,0,0,245,0
71,60,76.6850636296513,4.26779922717021,1.292507747341,0,101,60000,0,1
71,60,76.6850636296513,4.26779922717021,1.292507747341,7.57,0,0,397,0
71,60,76.6850636296513,4.26779922717021,1.292507747341,7.94,0,0,604,0
71,60,76.6850636296513,4.26779922717021,1.292507747341,12.86,0,0,327,0
71,60,76.6850636296513,4.26779922717021,1.292507747341,22.66,0,0,233,0
72,60,67.0576389604801,5.70789042399139,1.42413225694707,0,101,60000,0,1
72,60,67.0576389604801,5.70789042399139,1.42413225694707,2.63,0,0,515,0
72,60,67.0576389604801,5.70789042399139,1.42413225694707,17.4,0,0,180,0
72,60,67.0576389604801,5.70789042399139,1.42413225694707,20.76,0,0,176,0
72,60,67.0576389604801,5.70789042399139,1.42413225694707,23.77,0,0,165,0
73,60,142.368525083776,4.69293053531213,1.13850415054212,0,101,60000,0,1
73,60,142.368525083776,4.69293053531213,1.13850415054212,2.8,0,0,378,0
73,60,142.368525083776,4.69293053531213,1.13850415054212,3.07,0,0,393,0
73,60,142.368525083776,4.69293053531213,1.13850415054212,13.2,0,0,222,0
73,60,142.368525083776,4.69293053531213,1.13850415054212,22.79,0,0,332,0
74,60,74.073049336194,3.65652822721817,0.723909211645193,0,101,60000,0,1
74,60,74.073049336194,3.65652822721817,0.723909211645193,3.46,0,0,815,0
74,60,74.073049336194,3.65652822721817,0.723909211645193,9.01,0,0,515,0
74,60,74.073049336194,3.65652822721817,0.723909211645193,14.49,0,0,408,0
74,60,74.073049336194,3.65652822721817,0.723909211645193,23.29,0,0,321,0
75,60,58.7554603933721,5.13324951277327,1.0134565704651,0,101,60000,0,1
75,60,58.7554603933721,5.13324951277327,1.0134565704651,2.97,0,0,872,0
75,60,58.7554603933721,5.13324951277327,1.0134565704651,10.2,0,0,571,0
75,60,58.7554603933721,5.13324951277327,1.0134565704651,13.93,0,0,351,0
75,60,58.7554603933721,5.13324951277327,1.0134565704651,17.89,0,0,214,0
76,60,84.2812885332726,3.45028655614164,0.793618039002097,0,101,60000,0,1
76,60,84.2812885332726,3.45028655614164,0.793618039002097,14.05,0,0,528,0
76,60,84.2812885332726,3.45028655614164,0.793618039002097,16.21,0,0,261,0
76,60,84.2812885332726,3.45028655614164,0.793618039002097,18.08,0,0,334,0
76,60,84.2812885332726,3.45028655614164,0.793618039002097,21.29,0,0,259,0
77,60,71.1987652015152,6.65646567989989,0.566918371047454,0,101,60000,0,1
77,60,71.1987652015152,6.65646567989989,0.566918371047454,1.05,0,0,382,0
77,60,71.1987652015152,6.65646567989989,0.566918371047454,9.83,0,0,441,0
77,60,71.1987652015152,6.65646567989989,0.566918371047454,10.92,0,0,431,0
77,60,71.1987652015152,6.65646567989989,0.566918371047454,12.66,0,0,262,0
78,60,54.6600948340957,5.87535882960318,1.09938711028034,0,101,60000,0,1
78,60,54.6600948340957,5.87535882960318,1.09938711028034,2.61,0,0,1047,0
78,60,54.6600948340957,5.87535882960318,1.09938711028034,9.91,0,0,358,0
78,60,54.6600948340957,5.87535882960318,1.09938711028034,17.76,0,0,206,0
78,60,54.6600948340957,5.87535882960318,1.09938711028034,20.03,0,0,154,0
79,60,79.6975451218556,7.27626683897314,1.10852030587782,0,101,60000,0,1
79,60,79.6975451218556,7.27626683897314,1.10852030587782,0.1,0,0,60,0
79,60,79.6975451218556,7.27626683897314,1.10852030587782,3.82,0,0,455,0
79,60,79.6975451218556,7.27626683897314,1.10852030587782,18.81,0,0,113,0
79,60,79.6975451218556,7.27626683897314,1.10852030587782,23.3,0,0,110,0
80,60,60.7293272910185,5.15053214983177,0.824673681308355,0,101,60000,0,1
80,60,60.7293272910185,5.15053214983177,0.824673681308355,6.79,0,0,624,0
80,60,60.7293272910185,5.15053214983177,0.824673681308355,9.88,0,0,596,0
80,60,60.7293272910185,5.15053214983177,0.824673681308355,13.05,0,0,456,0
80,60,60.7293272910185,5.15053214983177,0.824673681308355,14.04,0,0,387,0
81,60,60.3205105039584,3.83386296953087,1.0568428006754,0,101,60000,0,1
81,60,60.3205105039584,3.83386296953087,1.0568428006754,13.91,0,0,572,0
81,60,60.3205105039584,3.83386296953087,1.0568428006754,20.4,0,0,306,0
81,60,60.3205105039584,3.83386296953087,1.0568428006754,22.8,0,0,244,0
81,60,60.3205105039584,3.83386296953087,1.0568428006754,23.06,0,0,298,0
82,60,61.7695173768601,4.46795448103981,1.11120973066691,0,101,60000,0,1
82,60,61.7695173768601,4.46795448103981,1.11120973066691,9.63,0,0,678,0
82,60,61.7695173768601,4.46795448103981,1.11120973066691,10.82,0,0,623,0
82,60,61.7695173768601,4.46795448103981,1.11120973066691,10.92,0,0,590,0
82,60,61.7695173768601,4.46795448103981,1.11120973066691,21.7,0,0,242,0
83,60,74.4639992864752,6.13207012977154,1.17372901525557,0,101,60000,0,1
83,60,74.4639992864752,6.13207012977154,1.17372901525557,7.58,0,0,469,0
83,60,74.4639992864752,6.13207012977154,1.17372901525557,8.98,0,0,498,0
83,60,74.4639992864752,6.13207012977154,1.17372901525557,14.24,0,0,346,0
83,60,74.4639992864752,6.13207012977154,1.17372901525557,22.26,0,0,119,0
84,60,44.1112599482641,4.23675434310791,0.824209865917678,0,101,60000,0,1
84,60,44.1112599482641,4.23675434310791,0.824209865917678,1.84,0,0,1505,0
84,60,44.1112599482641,4.23675434310791,0.824209865917678,5.03,0,0,1059,0
84,60,44.1112599482641,4.23675434310791,0.824209865917678,8.62,0,0,834,0
84,60,44.1112599482641,4.23675434310791,0.824209865917678,23.54,0,0,215,0
85,60,85.2725391074156,3.13085650728598,1.56309623156997,0,101,60000,0,1
85,60,85.2725391074156,3.13085650728598,1.56309623156997,6.64,0,0,555,0
85,60,85.2725391074156,3.13085650728598,1.56309623156997,9.46,0,0,558,0
85,60,85.2725391074156,3.13085650728598,1.56309623156997,11.03,0,0,385,0
85,60,85.2725391074156,3.13085650728598,1.56309623156997,19.18,0,0,306,0
86,60,80.331922962187,3.25930365993656,0.792846000784185,0,101,60000,0,1
86,60,80.331922962187,3.25930365993656,0.792846000784185,7.81,0,0,606,0
86,60,80.331922962187,3.25930365993656,0.792846000784185,12.3,0,0,447,0
86,60,80.331922962187,3.25930365993656,0.792846000784185,15.78,0,0,477,0
86,60,80.331922962187,3.25930365993656,0.792846000784185,19.51,0,0,388,0
87,60,50.7575352677355,4.03765251948168,0.692866125286139,0,101,60000,0,1
87,60,50.7575352677355,4.03765251948168,0.692866125286139,12.11,0,0,583,0
87,60,50.7575352677355,4.03765251948168,0.692866125286139,14.62,0,0,326,0
87,60,50.7575352677355,4.03765251948168,0.692866125286139,22.62,0,0,201,0
87,60,50.7575352677355,4.03765251948168,0.692866125286139,22.89,0,0,248,0
88,60,68.7187635572429,3.88886427124639,1.10767724024949,0,101,60000,0,1
88,60,68.7187635572429,3.88886427124639,1.10767724024949,1.45,0,0,629,0
88,60,68.7187635572429,3.88886427124639,1.10767724024949,6.16,0,0,636,0
88,60,68.7187635572429,3.88886427124639,1.10767724024949,15.91,0,0,469,0
88,60,68.7187635572429,3.88886427124639,1.10767724024949,16.18,0,0,271,0
89,60,76.6388616072589,4.65527174499764,1.68253838800026,0,101,60000,0,1
89,60,76.6388616072589,4.65527174499764,1.68253838800026,2.04,0,0,858,0
89,60,76.6388616072589,4.65527174499764,1.68253838800026,5.71,0,0,443,0
89,60,76.6388616072589,4.65527174499764,1.68253838800026,11.68,0,0,381,0
89,60,76.6388616072589,4.65527174499764,1.68253838800026,15.31,0,0,480,0
90,60,75.2115757617552,6.66624998312755,0.852419353659881,0,101,60000,0,1
90,60,75.2115757617552,6.66624998312755,0.852419353659881,5.7,0,0,544,0
90,60,75.2115757617552,6.66624998312755,0.852419353659881,5.9,0,0,512,0
90,60,75.2115757617552,6.66624998312755,0.852419353659881,6.77,0,0,472,0
90,60,75.2115757617552,6.66624998312755,0.852419353659881,20.11,0,0,102,0
91,120,111.398402830585,4.25674798259653,1.15156590049389,0,101,120000,0,1
91,120,111.398402830585,4.25674798259653,1.15156590049389,0.1,0,0,110,0
91,120,111.398402830585,4.25674798259653,1.15156590049389,9.65,0,0,609,0
91,120,111.398402830585,4.25674798259653,1.15156590049389,14.58,0,0,492,0
91,120,111.398402830585,4.25674798259653,1.15156590049389,22.55,0,0,505,0
92,120,65.8923265973857,2.33126181596856,0.583101844169948,0,101,120000,0,1
92,120,65.8923265973857,2.33126181596856,0.583101844169948,1.14,0,0,774,0
92,120,65.8923265973857,2.33126181596856,0.583101844169948,7.47,0,0,1873,0
92,120,65.8923265973857,2.33126181596856,0.583101844169948,14.07,0,0,1220,0
92,120,65.8923265973857,2.33126181596856,0.583101844169948,21.2,0,0,1032,0
93,120,122.338176962235,3.61289055918062,0.868146486337839,0,101,120000,0,1
93,120,122.338176962235,3.61289055918062,0.868146486337839,10.29,0,0,1132,0
93,120,122.338176962235,3.61289055918062,0.868146486337839,16.1,0,0,763,0
93,120,122.338176962235,3.61289055918062,0.868146486337839,18.22,0,0,699,0
94,120,55.0188917987436,6.21007526948511,1.89694470124888,0,101,120000,0,1
94,120,55.0188917987436,6.21007526948511,1.89694470124888,9.79,0,0,814,0
94,120,55.0188917987436,6.21007526948511,1.89694470124888,15.43,0,0,569,0
94,120,55.0188917987436,6.21007526948511,1.89694470124888,16.45,0,0,486,0
94,120,55.0188917987436,6.21007526948511,1.89694470124888,23.17,0,0,137,0
95,120,107.47840083385,4.63456669925349,0.677362353415126,0,101,120000,0,1
95,120,107.47840083385,4.63456669925349,0.677362353415126,3.42,0,0,895,0
95,120,107.47840083385,4.63456669925349,0.677362353415126,7.17,0,0,1080,0
95,120,107.47840083385,4.63456669925349,0.677362353415126,12.05,0,0,726,0
95,120,107.47840083385,4.63456669925349,0.677362353415126,19.97,0,0,530,0
96,120,70.7286423733219,3.62680809624118,1.32245279123637,0,101,120000,0,1
96,120,70.7286423733219,3.62680809624118,1.32245279123637,7.09,0,0,1604,0
96,120,70.7286423733219,3.62680809624118,1.32245279123637,8.36,0,0,1005,0
96,120,70.7286423733219,3.62680809624118,1.32245279123637,20.61,0,0,553,0
96,120,70.7286423733219,3.62680809624118,1.32245279123637,20.77,0,0,542,0
97,120,55.9636927585768,2.73450298758078,0.551714547971873,0,101,120000,0,1
97,120,55.9636927585768,2.73450298758078,0.551714547971873,2.32,0,0,1404,0
97,120,55.9636927585768,2.73450298758078,0.551714547971873,3.42,0,0,1821,0
97,120,55.9636927585768,2.73450298758078,0.551714547971873,9.5,0,0,1412,0
97,120,55.9636927585768,2.73450298758078,0.551714547971873,9.54,0,0,2399,0
98,120,101.495354396996,4.82081470217957,1.17511086700282,0,101,120000,0,1
98,120,101.495354396996,4.82081470217957,1.17511086700282,10.35,0,0,819,0
98,120,101.495354396996,4.82081470217957,1.17511086700282,12.14,0,0,682,0
98,120,101.495354396996,4.82081470217957,1.17511086700282,13.11,0,0,509,0
98,120,101.495354396996,4.82081470217957,1.17511086700282,18.11,0,0,510,0
99,120,81.3081222849926,4.46542130160054,0.946165392004303,0,101,120000,0,1
99,120,81.3081222849926,4.46542130160054,0.946165392004303,8.23,0,0,954,0
99,120,81.3081222849926,4.46542130160054,0.946165392004303,8.8,0,0,1272,0
99,120,81.3081222849926,4.46542130160054,0.946165392004303,13.32,0,0,878,0
99,120,81.3081222849926,4.46542130160054,0.946165392004303,18.82,0,0,380,0
100,120,61.3622319608226,5.000082643748,1.07602004930259,0,101,120000,0,1
100,120,61.3622319608226,5.000082643748,1.07602004930259,1.02,0,0,1415,0
100,120,61.3622319608226,5.000082643748,1.07602004930259,3.12,0,0,1151,0
100,120,61.3622319608226,5.000082643748,1.07602004930259,4.37,0,0,1640,0
100,120,61.3622319608226,5.000082643748,1.07602004930259,13.98,0,0,500,0
101,120,107.872468243246,7.40247875600332,1.30857559135607,0,101,120000,0,1
101,120,107.872468243246,7.40247875600332,1.30857559135607,0.12,0,0,183,0
101,120,107.872468243246,7.40247875600332,1.30857559135607,0.22,0,0,343,0
101,120,107.872468243246,7.40247875600332,1.30857559135607,17.7,0,0,325,0
101,120,107.872468243246,7.40247875600332,1.30857559135607,23.61,0,0,237,0
102,120,55.9530699476986,2.34043725487915,0.993277196037726,0,101,120000,0,1
102,120,55.9530699476986,2.34043725487915,0.993277196037726,0.61,0,0,1268,0
102,120,55.9530699476986,2.34043725487915,0.993277196037726,8.14,0,0,1740,0
102,120,55.9530699476986,2.34043725487915,0.993277196037726,14.72,0,0,984,0
102,120,55.9530699476986,2.34043725487915,0.993277196037726,17.14,0,0,1274,0
103,120,59.6396205838355,4.80740382955039,0.821948689337862,0,101,120000,0,1
103,120,59.6396205838355,4.80740382955039,0.821948689337862,6.41,0,0,1072,0
103,120,59.6396205838355,4.80740382955039,0.821948689337862,7.86,0,0,1199,0
103,120,59.6396205838355,4.80740382955039,0.821948689337862,9.99,0,0,1040,0
103,120,59.6396205838355,4.80740382955039,0.821948689337862,21.82,0,0,257,0
104,120,48.6664362601896,3.97246980315168,0.852852960589828,0,101,120000,0,1
104,120,48.6664362601896,3.97246980315168,0.852852960589828,8.48,0,0,1214,0
104,120,48.6664362601896,3.97246980315168,0.852852960589828,12.98,0,0,713,0
104,120,48.6664362601896,3.97246980315168,0.852852960589828,14.57,0,0,639,0
104,120,48.6664362601896,3.97246980315168,0.852852960589828,23.57,0,0,292,0
105,120,70.5194208003751,2.99708755653636,1.03181053320322,0,101,120000,0,1
105,120,70.5194208003751,2.99708755653636,1.03181053320322,4.39,0,0,1406,0
105,120,70.5194208003751,2.99708755653636,1.03181053320322,9.18,0,0,1296,0
105,120,70.5194208003751,2.99708755653636,1.03181053320322,11.72,0,0,1041,0
105,120,70.5194208003751,2.99708755653636,1.03181053320322,13.99,0,0,885,0
106,120,119.097258795473,4.36021308814508,1.16446702700535,0,101,120000,0,1
106,120,119.097258795473,4.36021308814508,1.16446702700535,1.15,0,0,881,0
106,120,119.097258795473,4.36021308814508,1.16446702700535,7.88,0,0,819,0
106,120,119.097258795473,4.36021308814508,1.16446702700535,10.84,0,0,687,0
106,120,119.097258795473,4.36021308814508,1.16446702700535,21.35,0,0,457,0
107,120,81.7094317073166,1.87115500605756,0.737683994411068,0,101,120000,0,1
107,120,81.7094317073166,1.87115500605756,0.737683994411068,2.35,0,0,1088,0
107,120,81.7094317073166,1.87115500605756,0.737683994411068,3.61,0,0,996,0
107,120,81.7094317073166,1.87115500605756,0.737683994411068,17.35,0,0,929,0
107,120,81.7094317073166,1.87115500605756,0.737683994411068,18.36,0,0,1017,0
108,120,101.448327029349,6.31296558649443,0.821463942205896,0,101,120000,0,1
108,120,101.448327029349,6.31296558649443,0.821463942205896,5.05,0,0,964,0
108,120,101.448327029349,6.31296558649443,0.821463942205896,6.89,0,0,843,0
108,120,101.448327029349,6.31296558649443,0.821463942205896,15.41,0,0,318,0
108,120,101.448327029349,6.31296558649443,0.821463942205896,19.28,0,0,431,0
109,120,96.7528866025628,4.9256984814889,1.01580877500938,0,101,120000,0,1
109,120,96.7528866025628,4.9256984814889,1.01580877500938,5.78,0,0,996,0
109,120,96.7528866025628,4.9256984814889,1.01580877500938,8.29,0,0,1088,0
109,120,96.7528866025628,4.9256984814889,1.01580877500938,8.37,0,0,935,0
109,120,96.7528866025628,4.9256984814889,1.01580877500938,15.6,0,0,520,0
110,120,139.40505577756,4.30192143429791,0.911563939447825,0,101,120000,0,1
110,120,139.40505577756,4.30192143429791,0.911563939447825,8.26,0,0,434,0
110,120,139.40505577756,4.30192143429791,0.911563939447825,8.29,0,0,587,0
110,120,139.40505577756,4.30192143429791,0.911563939447825,11.39,0,0,505,0
110,120,139.40505577756,4.30192143429791,0.911563939447825,23.82,0,0,599,0
111,120,82.0463515683201,2.69590483767155,0.871691008772583,0,101,120000,0,1
111,120,82.0463515683201,2.69590483767155,0.871691008772583,1.55,0,0,1146,0
111,120,82.0463515683201,2.69590483767155,0.871691008772583,4.5,0,0,1247,0
111,120,82.0463515683201,2.69590483767155,0.871691008772583,8.86,0,0,1161,0
111,120,82.0463515683201,2.69590483767155,0.871691008772583,17.87,0,0,977,0
112,120,90.6932728953778,4.1218413059432,0.51083206039962,0,101,120000,0,1
112,120,90.6932728953778,4.1218413059432,0.51083206039962,9.82,0,0,1334,0
112,120,90.6932728953778,4.1218413059432,0.51083206039962,11.15,0,0,933,0
112,120,90.6932728953778,4.1218413059432,0.51083206039962,14.39,0,0,708,0
112,120,90.6932728953778,4.1218413059432,0.51083206039962,15.12,0,0,704,0
113,120,65.6896486708468,3.30819835759515,0.784390070899719,0,101,120000,0,1
113,120,65.6896486708468,3.30819835759515,0.784390070899719,0.45,0,0,621,0
113,120,65.6896486708468,3.30819835759515,0.784390070899719,5.56,0,0,1279,0
113,120,65.6896486708468,3.30819835759515,0.784390070899719,22.61,0,0,684,0
113,120,65.6896486708468,3.30819835759515,0.784390070899719,23.16,0,0,659,0
114,120,78.2951991600284,2.82490166386223,1.30784197657628,0,101,120000,0,1
114,120,78.2951991600284,2.82490166386223,1.30784197657628,7.34,0,0,894,0
114,120,78.2951991600284,2.82490166386223,1.30784197657628,13.9,0,0,921,0
114,120,78.2951991600284,2.82490166386223,1.30784197657628,19.85,0,0,748,0
114,120,78.2951991600284,2.82490166386223,1.30784197657628,22.48,0,0,676,0
115,120,78.6984511772485,6.06530111153688,0.888885877633498,0,101,120000,0,1
115,120,78.6984511772485,6.06530111153688,0.888885877633498,0.96,0,0,747,0
115,120,78.6984511772485,6.06530111153688,0.888885877633498,3.19,0,0,1690,0
115,120,78.6984511772485,6.06530111153688,0.888885877633498,18.99,0,0,446,0
115,120,78.6984511772485,6.06530111153688,0.888885877633498,23.78,0,0,319,0
116,120,81.3376969465529,2.92511814261654,1.26646206909906,0,101,120000,0,1
116,120,81.3376969465529,2.92511814261654,1.26646206909906,0.34,0,0,571,0
116,120,81.3376969465529,2.92511814261654,1.26646206909906,4.02,0,0,1703,0
116,120,81.3376969465529,2.92511814261654,1.26646206909906,19.97,0,0,608,0
116,120,81.3376969465529,2.92511814261654,1.26646206909906,23.86,0,0,472,0
117,120,64.6930681628649,3.41089794577276,1.60122384701894,0,101,120000,0,1
117,120,64.6930681628649,3.41089794577276,1.60122384701894,6.24,0,0,1347,0
117,120,64.6930681628649,3.41089794577276,1.60122384701894,9.5,0,0,870,0
117,120,64.6930681628649,3.41089794577276,1.60122384701894,10.8,0,0,943,0
117,120,64.6930681628649,3.41089794577276,1.60122384701894,15.97,0,0,891,0
118,120,86.4301053493107,6.02677908576825,0.860953113034944,0,101,120000,0,1
118,120,86.4301053493107,6.02677908576825,0.860953113034944,10,0,0,776,0
118,120,86.4301053493107,6.02677908576825,0.860953113034944,12.51,0,0,537,0
118,120,86.4301053493107,6.02677908576825,0.860953113034944,14.81,0,0,674,0
118,120,86.4301053493107,6.02677908576825,0.860953113034944,22.26,0,0,280,0
119,120,120.266633314796,7.82518410370744,0.812569144505525,0,101,120000,0,1
119,120,120.266633314796,7.82518410370744,0.812569144505525,4.4,0,0,739,0
119,120,120.266633314796,7.82518410370744,0.812569144505525,7.94,0,0,834,0
119,120,120.266633314796,7.82518410370744,0.812569144505525,8.35,0,0,460,0
119,120,120.266633314796,7.82518410370744,0.812569144505525,14.11,0,0,409,0
120,120,100.463684989407,3.20383275087894,1.50519639823998,0,101,120000,0,1
120,120,100.463684989407,3.20383275087894,1.50519639823998,6.34,0,0,980,0
120,120,100.463684989407,3.20383275087894,1.50519639823998,7.61,0,0,1818,0
120,120,100.463684989407,3.20383275087894,1.50519639823998,9.33,0,0,877,0
120,120,100.463684989407,3.20383275087894,1.50519639823998,13.09,0,0,1063,0
