ID,DOSE,V,CL,KA,TIME,EVID,AMT,DV,EVIDNM
1,10,54.8921236318507,5.19924773387828,1.21360995817758,0,101,10000,0,1
1,10,54.8921236318507,5.19924773387828,1.21360995817758,1.98,0,0,124,0
1,10,54.8921236318507,5.19924773387828,1.21360995817758,2.91,0,0,124,0
1,10,54.8921236318507,5.19924773387828,1.21360995817758,13.5,0,0,61,0
1,10,54.8921236318507,5.19924773387828,1.21360995817758,16.16,0,0,46,0
2,10,37.3069167414827,3.55741622047308,1.01706330859387,0,101,10000,0,1
2,10,37.3069167414827,3.55741622047308,1.01706330859387,5.23,0,0,231,0
2,10,37.3069167414827,3.55741622047308,1.01706330859387,12.67,0,0,103,0
2,10,37.3069167414827,3.55741622047308,1.01706330859387,13.45,0,0,80,0
2,10,37.3069167414827,3.55741622047308,1.01706330859387,20.09,0,0,60,0
3,10,54.8124496589085,2.57104205472932,0.457144949166972,0,101,10000,0,1
3,10,54.8124496589085,2.57104205472932,0.457144949166972,6.02,0,0,123,0
3,10,54.8124496589085,2.57104205472932,0.457144949166972,15.09,0,0,123,0
3,10,54.8124496589085,2.57104205472932,0.457144949166972,15.36,0,0,86,0
3,10,54.8124496589085,2.57104205472932,0.457144949166972,19.35,0,0,74,0
4,10,100.050532597434,5.56634638887986,0.948951848637759,0,101,10000,0,1
4,10,100.050532597434,5.56634638887986,0.948951848637759,0.26,0,0,18,0
4,10,100.050532597434,5.56634638887986,0.948951848637759,6.53,0,0,84,0
4,10,100.050532597434,5.56634638887986,0.948951848637759,8.62,0,0,51,0
4,10,100.050532597434,5.56634638887986,0.948951848637759,9.25,0,0,82,0
5,10,105.76296718542,3.99923324529959,0.952247767450227,0,101,10000,0,1
5,10,105.76296718542,3.99923324529959,0.952247767450227,2.28,0,0,70,0
5,10,105.76296718542,3.99923324529959,0.952247767450227,12.71,0,0,49,0
5,10,105.76296718542,3.99923324529959,0.952247767450227,13.59,0,0,62,0
5,10,105.76296718542,3.99923324529959,0.952247767450227,20.74,0,0,45,0
6,10,54.7209926968327,3.45983130045288,0.994921079803456,0,101,10000,0,1
6,10,54.7209926968327,3.45983130045288,0.994921079803456,1.66,0,0,127,0
6,10,54.7209926968327,3.45983130045288,0.994921079803456,15.99,0,0,74,0
6,10,54.7209926968327,3.45983130045288,0.994921079803456,20.19,0,0,71,0
6,10,54.7209926968327,3.45983130045288,0.994921079803456,20.82,0,0,48,0
7,10,95.9387091335973,2.18266470925629,0.783336791246876,0,101,10000,0,1
7,10,95.9387091335973,2.18266470925629,0.783336791246876,8.58,0,0,109,0
7,10,95.9387091335973,2.18266470925629,0.783336791246876,11.98,0,0,89,0
7,10,95.9387091335973,2.18266470925629,0.783336791246876,13.76,0,0,76,0
7,10,95.9387091335973,2.18266470925629,0.783336791246876,19.03,0,0,48,0
8,10,66.2323112149076,3.32540410978104,0.850769472699935,0,101,10000,0,1
8,10,66.2323112149076,3.32540410978104,0.850769472699935,2.41,0,0,98,0
8,10,66.2323112149076,3.32540410978104,0.850769472699935,5.4,0,0,144,0
8,10,66.2323112149076,3.32540410978104,0.850769472699935,11.77,0,0,84,0
8,10,66.2323112149076,3.32540410978104,0.850769472699935,13.33,0,0,86,0
9,10,64.6549525587796,6.33465104661809,0.633064724239672,0,101,10000,0,1
9,10,64.6549525587796,6.33465104661809,0.633064724239672,5.79,0,0,86,0
9,10,64.6549525587796,6.33465104661809,0.633064724239672,10.88,0,0,44,0
9,10,64.6549525587796,6.33465104661809,0.633064724239672,15.12,0,0,53,0
9,10,64.6549525587796,6.33465104661809,0.633064724239672,22.42,0,0,22,0
10,10,48.8711804903944,4.11576727422008,0.900427205747072,0,101,10000,0,1
10,10,48.8711804903944,4.11576727422008,0.900427205747072,5.34,0,0,121,0
10,10,48.8711804903944,4.11576727422008,0.900427205747072,11.77,0,0,64,0
10,10,48.8711804903944,4.11576727422008,0.900427205747072,20.11,0,0,48,0
10,10,48.8711804903944,4.11576727422008,0.900427205747072,21.8,0,0,41,0
11,10,75.3695520966712,5.94580273601737,1.12480498421316,0,101,10000,0,1
11,10,75.3695520966712,5.94580273601737,1.12480498421316,0.03,0,0,5,0
11,10,75.3695520966712,5.94580273601737,1.12480498421316,0.85,0,0,95,0
11,10,75.3695520966712,5.94580273601737,1.12480498421316,4.76,0,0,114,0
11,10,75.3695520966712,5.94580273601737,1.12480498421316,16.06,0,0,36,0
12,10,98.366286036274,4.75941165377207,0.486257439907876,0,101,10000,0,1
12,10,98.366286036274,4.75941165377207,0.486257439907876,1.48,0,0,45,0
12,10,98.366286036274,4.75941165377207,0.486257439907876,2.05,0,0,86,0
12,10,98.366286036274,4.75941165377207,0.486257439907876,2.16,0,0,67,0
12,10,98.366286036274,4.75941165377207,0.486257439907876,19.74,0,0,39,0
13,10,63.8514093939978,4.60697196536093,0.935421528630142,0,101,10000,0,1
13,10,63.8514093939978,4.60697196536093,0.935421528630142,5.46,0,0,112,0
13,10,63.8514093939978,4.60697196536093,0.935421528630142,6.67,0,0,93,0
13,10,63.8514093939978,4.60697196536093,0.935421528630142,17.95,0,0,59,0
13,10,63.8514093939978,4.60697196536093,0.935421528630142,20.87,0,0,33,0
14,10,103.395800210319,3.80590777718582,1.0018641650077,0,101,10000,0,1
14,10,103.395800210319,3.80590777718582,1.0018641650077,2.74,0,0,37,0
14,10,103.395800210319,3.80590777718582,1.0018641650077,14.81,0,0,58,0
14,10,103.395800210319,3.80590777718582,1.0018641650077,21.71,0,0,55,0
14,10,103.395800210319,3.80590777718582,1.0018641650077,22.84,0,0,47,0
15,10,45.6638885436655,5.68020072346881,0.979288676214266,0,101,10000,0,1
15,10,45.6638885436655,5.68020072346881,0.979288676214266,4.36,0,0,141,0
15,10,45.6638885436655,5.68020072346881,0.979288676214266,7.13,0,0,79,0
15,10,45.6638885436655,5.68020072346881,0.979288676214266,9.24,0,0,59,0
15,10,45.6638885436655,5.68020072346881,0.979288676214266,15.98,0,0,30,0
16,10,41.48153649827,2.42084156062724,0.873823088047873,0,101,10000,0,1
16,10,41.48153649827,2.42084156062724,0.873823088047873,6.38,0,0,148,0
16,10,41.48153649827,2.42084156062724,0.873823088047873,11.26,0,0,153,0
16,10,41.48153649827,2.42084156062724,0.873823088047873,17.16,0,0,70,0
16,10,41.48153649827,2.42084156062724,0.873823088047873,20.07,0,0,103,0
17,10,52.6109996002615,4.32882348603422,0.692238855049171,0,101,10000,0,1
17,10,52.6109996002615,4.32882348603422,0.692238855049171,1.13,0,0,144,0
17,10,52.6109996002615,4.32882348603422,0.692238855049171,10.51,0,0,116,0
17,10,52.6109996002615,4.32882348603422,0.692238855049171,13.26,0,0,64,0
17,10,52.6109996002615,4.32882348603422,0.692238855049171,17.89,0,0,37,0
18,10,44.6356510528541,5.27673286091778,0.969172597632152,0,101,10000,0,1
18,10,44.6356510528541,5.27673286091778,0.969172597632152,9.99,0,0,75,0
18,10,44.6356510528541,5.27673286091778,0.969172597632152,10.34,0,0,87,0
18,10,44.6356510528541,5.27673286091778,0.969172597632152,12.51,0,0,80,0
18,10,44.6356510528541,5.27673286091778,0.969172597632152,21.38,0,0,24,0
19,10,72.8977303481836,6.55394937116323,0.948901756077158,0,101,10000,0,1
19,10,72.8977303481836,6.55394937116323,0.948901756077158,1.54,0,0,84,0
19,10,72.8977303481836,6.55394937116323,0.948901756077158,4.68,0,0,86,0
19,10,72.8977303481836,6.55394937116323,0.948901756077158,12.64,0,0,37,0
19,10,72.8977303481836,6.55394937116323,0.948901756077158,14.77,0,0,49,0
20,10,72.3227560895105,3.58562628088228,0.763477210886465,0,101,10000,0,1
20,10,72.3227560895105,3.58562628088228,0.763477210886465,3.63,0,0,110,0
20,10,72.3227560895105,3.58562628088228,0.763477210886465,4.1,0,0,115,0
20,10,72.3227560895105,3.58562628088228,0.763477210886465,8.95,0,0,76,0
20,10,72.3227560895105,3.58562628088228,0.763477210886465,22.75,0,0,43,0
21,10,65.8281506185903,3.43937444317671,1.61951514867867,0,101,10000,0,1
21,10,65.8281506185903,3.43937444317671,1.61951514867867,1.99,0,0,86,0
21,10,65.8281506185903,3.43937444317671,1.61951514867867,8.99,0,0,92,0
21,10,65.8281506185903,3.43937444317671,1.61951514867867,9.63,0,0,100,0
21,10,65.8281506185903,3.43937444317671,1.61951514867867,20,0,0,75,0
22,10,38.2992997803156,6.56640902572603,0.852874883246749,0,101,10000,0,1
22,10,38.2992997803156,6.56640902572603,0.852874883246749,5.38,0,0,132,0
22,10,38.2992997803156,6.56640902572603,0.852874883246749,16.86,0,0,19,0
22,10,38.2992997803156,6.56640902572603,0.852874883246749,19.65,0,0,10,0
22,10,38.2992997803156,6.56640902572603,0.852874883246749,22.75,0,0,5,0
23,10,49.9586139219465,5.33772390922511,0.505532580435314,0,101,10000,0,1
23,10,49.9586139219465,5.33772390922511,0.505532580435314,6.71,0,0,88,0
23,10,49.9586139219465,5.33772390922511,0.505532580435314,7.6,0,0,133,0
23,10,49.9586139219465,5.33772390922511,0.505532580435314,13.09,0,0,59,0
23,10,49.9586139219465,5.33772390922511,0.505532580435314,22.41,0,0,17,0
24,10,52.5269424060179,2.50865738587763,0.652651947966433,0,101,10000,0,1
24,10,52.5269424060179,2.50865738587763,0.652651947966433,15.67,0,0,112,0
24,10,52.5269424060179,2.50865738587763,0.652651947966433,18.73,0,0,54,0
24,10,52.5269424060179,2.50865738587763,0.652651947966433,19.59,0,0,69,0
24,10,52.5269424060179,2.50865738587763,0.652651947966433,20.64,0,0,99,0
25,10,50.8131956532888,4.81481802620794,0.817770768574661,0,101,10000,0,1
25,10,50.8131956532888,4.81481802620794,0.817770768574661,5.98,0,0,131,0
25,10,50.8131956532888,4.81481802620794,0.817770768574661,9.34,0,0,101,0
25,10,50.8131956532888,4.81481802620794,0.817770768574661,19.47,0,0,37,0
25,10,50.8131956532888,4.81481802620794,0.817770768574661,20.99,0,0,34,0
26,10,78.3921640440541,5.36711672069245,0.931006070629306,0,101,10000,0,1
26,10,78.3921640440541,5.36711672069245,0.931006070629306,0.27,0,0,30,0
26,10,78.3921640440541,5.36711672069245,0.931006070629306,0.85,0,0,67,0
26,10,78.3921640440541,5.36711672069245,0.931006070629306,6.52,0,0,60,0
26,10,78.3921640440541,5.36711672069245,0.931006070629306,15.04,0,0,45,0
27,10,59.0607147715077,4.58943092056898,1.30965743240468,0,101,10000,0,1
27,10,59.0607147715077,4.58943092056898,1.30965743240468,1.01,0,0,78,0
27,10,59.0607147715077,4.58943092056898,1.30965743240468,8.26,0,0,132,0
27,10,59.0607147715077,4.58943092056898,1.30965743240468,16.42,0,0,54,0
27,10,59.0607147715077,4.58943092056898,1.30965743240468,21.73,0,0,44,0
28,10,53.8393872278373,4.93745507283733,0.763571813744258,0,101,10000,0,1
28,10,53.8393872278373,4.93745507283733,0.763571813744258,6.11,0,0,106,0
28,10,53.8393872278373,4.93745507283733,0.763571813744258,15.76,0,0,59,0
28,10,53.8393872278373,4.93745507283733,0.763571813744258,17.8,0,0,35,0
28,10,53.8393872278373,4.93745507283733,0.763571813744258,23.28,0,0,25,0
29,10,38.0579306140827,3.23325575661654,1.42019709967308,0,101,10000,0,1
29,10,38.0579306140827,3.23325575661654,1.42019709967308,11.38,0,0,119,0
29,10,38.0579306140827,3.23325575661654,1.42019709967308,14.43,0,0,84,0
29,10,38.0579306140827,3.23325575661654,1.42019709967308,16.08,0,0,53,0
29,10,38.0579306140827,3.23325575661654,1.42019709967308,18.73,0,0,56,0
30,10,99.3791660625618,3.95516677409945,0.679014844112061,0,101,10000,0,1
30,10,99.3791660625618,3.95516677409945,0.679014844112061,5.6,0,0,56,0
30,10,99.3791660625618,3.95516677409945,0.679014844112061,12.46,0,0,63,0
30,10,99.3791660625618,3.95516677409945,0.679014844112061,13.11,0,0,56,0
30,10,99.3791660625618,3.95516677409945,0.679014844112061,23.57,0,0,43,0
31,30,78.926858925225,3.07182353408834,0.876182964946018,0,101,30000,0,1
31,30,78.926858925225,3.07182353408834,0.876182964946018,4.45,0,0,437,0
31,30,78.926858925225,3.07182353408834,0.876182964946018,7.49,0,0,444,0
31,30,78.926858925225,3.07182353408834,0.876182964946018,16.61,0,0,253,0
31,30,78.926858925225,3.07182353408834,0.876182964946018,18.34,0,0,125,0
32,30,98.9786114573725,5.92561577574513,0.932946741735392,0,101,30000,0,1
32,30,98.9786114573725,5.92561577574513,0.932946741735392,7.35,0,0,177,0
32,30,98.9786114573725,5.92561577574513,0.932946741735392,17.03,0,0,110,0
32,30,98.9786114573725,5.92561577574513,0.932946741735392,17.65,0,0,93,0
32,30,98.9786114573725,5.92561577574513,0.932946741735392,23.27,0,0,92,0
33,30,92.591332500438,4.4137884108577,0.853867257265918,0,101,30000,0,1
33,30,92.591332500438,4.4137884108577,0.853867257265918,10.01,0,0,275,0
33,30,92.591332500438,4.4137884108577,0.853867257265918,12.69,0,0,138,0
33,30,92.591332500438,4.4137884108577,0.853867257265918,12.9,0,0,197,0
33,30,92.591332500438,4.4137884108577,0.853867257265918,23.08,0,0,110,0
34,30,72.4582331593808,3.89214024445056,0.758840026591624,0,101,30000,0,1
34,30,72.4582331593808,3.89214024445056,0.758840026591624,1.37,0,0,402,0
34,30,72.4582331593808,3.89214024445056,0.758840026591624,11.05,0,0,194,0
34,30,72.4582331593808,3.89214024445056,0.758840026591624,16.12,0,0,160,0
34,30,72.4582331593808,3.89214024445056,0.758840026591624,20.02,0,0,171,0
35,30,65.1473530156668,3.62394145179587,0.988497676129236,0,101,30000,0,1
35,30,65.1473530156668,3.62394145179587,0.988497676129236,4.02,0,0,345,0
35,30,65.1473530156668,3.62394145179587,0.988497676129236,5.64,0,0,469,0
35,30,65.1473530156668,3.62394145179587,0.988497676129236,9.8,0,0,300,0
35,30,65.1473530156668,3.62394145179587,0.988497676129236,11.78,0,0,295,0
36,30,115.344010777357,3.55957551709105,1.17162101767508,0,101,30000,0,1
36,30,115.344010777357,3.55957551709105,1.17162101767508,2.44,0,0,246,0
36,30,115.344010777357,3.55957551709105,1.17162101767508,8.3,0,0,211,0
36,30,115.344010777357,3.55957551709105,1.17162101767508,15.14,0,0,167,0
36,30,115.344010777357,3.55957551709105,1.17162101767508,23.85,0,0,104,0
37,30,84.09955940417,4.38913313148545,1.16065321623763,0,101,30000,0,1
37,30,84.09955940417,4.38913313148545,1.16065321623763,8.86,0,0,250,0
37,30,84.09955940417,4.38913313148545,1.16065321623763,8.93,0,0,194,0
37,30,84.09955940417,4.38913313148545,1.16065321623763,17.8,0,0,195,0
37,30,84.09955940417,4.38913313148545,1.16065321623763,19.33,0,0,153,0
38,30,76.8130747869915,3.05533782861991,0.730226506226334,0,101,30000,0,1
38,30,76.8130747869915,3.05533782861991,0.730226506226334,0.26,0,0,62,0
38,30,76.8130747869915,3.05533782861991,0.730226506226334,4.2,0,0,363,0
38,30,76.8130747869915,3.05533782861991,0.730226506226334,10.21,0,0,244,0
38,30,76.8130747869915,3.05533782861991,0.730226506226334,19.41,0,0,162,0
39,30,70.0447108803919,3.2748923041326,0.901259946035283,0,101,30000,0,1
39,30,70.0447108803919,3.2748923041326,0.901259946035283,2.23,0,0,366,0
39,30,70.0447108803919,3.2748923041326,0.901259946035283,3.01,0,0,452,0
39,30,70.0447108803919,3.2748923041326,0.901259946035283,13.38,0,0,214,0
39,30,70.0447108803919,3.2748923041326,0.901259946035283,19.16,0,0,180,0
40,30,80.5442471861704,3.82712912954701,1.21192694919824,0,101,30000,0,1
40,30,80.5442471861704,3.82712912954701,1.21192694919824,10.98,0,0,302,0
40,30,80.5442471861704,3.82712912954701,1.21192694919824,15.12,0,0,206,0
40,30,80.5442471861704,3.82712912954701,1.21192694919824,17.57,0,0,193,0
40,30,80.5442471861704,3.82712912954701,1.21192694919824,22.44,0,0,136,0
41,30,53.6846284791791,3.90826446955226,0.902760011986744,0,101,30000,0,1
41,30,53.6846284791791,3.90826446955226,0.902760011986744,0.42,0,0,162,0
41,30,53.6846284791791,3.90826446955226,0.902760011986744,4.79,0,0,566,0
41,30,53.6846284791791,3.90826446955226,0.902760011986744,9.97,0,0,295,0
41,30,53.6846284791791,3.90826446955226,0.902760011986744,23.36,0,0,107,0
42,30,79.1117698664784,4.62786014112065,0.766509677764068,0,101,30000,0,1
42,30,79.1117698664784,4.62786014112065,0.766509677764068,1.92,0,0,251,0
42,30,79.1117698664784,4.62786014112065,0.766509677764068,8.33,0,0,238,0
42,30,79.1117698664784,4.62786014112065,0.766509677764068,11.96,0,0,200,0
42,30,79.1117698664784,4.62786014112065,0.766509677764068,23.33,0,0,90,0
43,30,70.5677358218915,1.99979877107087,1.41215861866892,0,101,30000,0,1
43,30,70.5677358218915,1.99979877107087,1.41215861866892,0.41,0,0,220,0
43,30,70.5677358218915,1.99979877107087,1.41215861866892,1.75,0,0,385,0
43,30,70.5677358218915,1.99979877107087,1.41215861866892,13.58,0,0,289,0
43,30,70.5677358218915,1.99979877107087,1.41215861866892,16.07,0,0,229,0
44,30,82.0089268991063,3.6779152143778,0.792304892902278,0,101,30000,0,1
44,30,82.0089268991063,3.6779152143778,0.792304892902278,4.49,0,0,381,0
44,30,82.0089268991063,3.6779152143778,0.792304892902278,6.26,0,0,202,0
44,30,82.0089268991063,3.6779152143778,0.792304892902278,9.42,0,0,197,0
44,30,82.0089268991063,3.6779152143778,0.792304892902278,19.97,0,0,129,0
45,30,80.7124491016368,2.64429269727308,1.03136217370668,0,101,30000,0,1
45,30,80.7124491016368,2.64429269727308,1.03136217370668,3.39,0,0,502,0
45,30,80.7124491016368,2.64429269727308,1.03136217370668,9.96,0,0,265,0
45,30,80.7124491016368,2.64429269727308,1.03136217370668,10.38,0,0,296,0
45,30,80.7124491016368,2.64429269727308,1.03136217370668,23.89,0,0,177,0
46,30,100.409425404381,2.52185880657886,0.67871210564365,0,101,30000,0,1
46,30,100.409425404381,2.52185880657886,0.67871210564365,0.18,0,0,38,0
46,30,100.409425404381,2.52185880657886,0.67871210564365,3.1,0,0,234,0
46,30,100.409425404381,2.52185880657886,0.67871210564365,6.7,0,0,297,0
46,30,100.409425404381,2.52185880657886,0.67871210564365,13.78,0,0,177,0
47,30,84.0836145030999,3.48717971874777,1.41222119571029,0,101,30000,0,1
47,30,84.0836145030999,3.48717971874777,1.41222119571029,3.4,0,0,308,0
47,30,84.0836145030999,3.48717971874777,1.41222119571029,3.67,0,0,342,0
47,30,84.0836145030999,3.48717971874777,1.41222119571029,8.25,0,0,231,0
47,30,84.0836145030999,3.48717971874777,1.41222119571029,17.16,0,0,154,0
48,30,104.127582553895,5.03950761197156,0.63893465913742,0,101,30000,0,1
48,30,104.127582553895,5.03950761197156,0.63893465913742,1.63,0,0,170,0
48,30,104.127582553895,5.03950761197156,0.63893465913742,8.53,0,0,225,0
48,30,104.127582553895,5.03950761197156,0.63893465913742,11.04,0,0,223,0
48,30,104.127582553895,5.03950761197156,0.63893465913742,23.4,0,0,101,0
49,30,64.6400093653731,3.58212466512366,1.56788242164843,0,101,30000,0,1
49,30,64.6400093653731,3.58212466512366,1.56788242164843,0.65,0,0,295,0
49,30,64.6400093653731,3.58212466512366,1.56788242164843,1.76,0,0,412,0
49,30,64.6400093653731,3.58212466512366,1.56788242164843,3.81,0,0,322,0
49,30,64.6400093653731,3.58212466512366,1.56788242164843,11.8,0,0,290,0
50,30,43.0132598137271,2.63705362765443,1.20821805815509,0,101,30000,0,1
50,30,43.0132598137271,2.63705362765443,1.20821805815509,0.18,0,0,85,0
50,30,43.0132598137271,2.63705362765443,1.20821805815509,9.11,0,0,364,0
50,30,43.0132598137271,2.63705362765443,1.20821805815509,12.44,0,0,385,0
50,30,43.0132598137271,2.63705362765443,1.20821805815509,20.08,0,0,203,0
51,30,81.1299255511824,5.88389740706388,0.642939744131136,0,101,30000,0,1
51,30,81.1299255511824,5.88389740706388,0.642939744131136,0.67,0,0,131,0
51,30,81.1299255511824,5.88389740706388,0.642939744131136,4.23,0,0,335,0
51,30,81.1299255511824,5.88389740706388,0.642939744131136,9.95,0,0,199,0
51,30,81.1299255511824,5.88389740706388,0.642939744131136,13.72,0,0,183,0
52,30,92.591332500438,4.4137884108577,0.853867257265918,0,101,30000,0,1
52,30,92.591332500438,4.4137884108577,0.853867257265918,10.01,0,0,275,0
52,30,92.591332500438,4.4137884108577,0.853867257265918,12.69,0,0,138,0
52,30,92.591332500438,4.4137884108577,0.853867257265918,12.9,0,0,197,0
52,30,92.591332500438,4.4137884108577,0.853867257265918,23.08,0,0,110,0
53,30,72.6011677205924,3.47745387970983,1.51392934991369,0,101,30000,0,1
53,30,72.6011677205924,3.47745387970983,1.51392934991369,8.04,0,0,230,0
53,30,72.6011677205924,3.47745387970983,1.51392934991369,13.29,0,0,286,0
53,30,72.6011677205924,3.47745387970983,1.51392934991369,17.8,0,0,190,0
53,30,72.6011677205924,3.47745387970983,1.51392934991369,23.58,0,0,116,0
54,30,113.019627362671,4.28963323873896,0.657545508282014,0,101,30000,0,1
54,30,113.019627362671,4.28963323873896,0.657545508282014,1.46,0,0,211,0
54,30,113.019627362671,4.28963323873896,0.657545508282014,6.84,0,0,209,0
54,30,113.019627362671,4.28963323873896,0.657545508282014,12.03,0,0,200,0
54,30,113.019627362671,4.28963323873896,0.657545508282014,16.63,0,0,157,0
55,30,55.7283300738484,3.40204977423617,0.878353181889385,0,101,30000,0,1
55,30,55.7283300738484,3.40204977423617,0.878353181889385,14.31,0,0,276,0
55,30,55.7283300738484,3.40204977423617,0.878353181889385,16.22,0,0,227,0
55,30,55.7283300738484,3.40204977423617,0.878353181889385,17.63,0,0,263,0
55,30,55.7283300738484,3.40204977423617,0.878353181889385,23.97,0,0,141,0
56,30,65.7138930546644,3.57554746695361,0.897034031250975,0,101,30000,0,1
56,30,65.7138930546644,3.57554746695361,0.897034031250975,0.13,0,0,62,0
56,30,65.7138930546644,3.57554746695361,0.897034031250975,14.6,0,0,199,0
56,30,65.7138930546644,3.57554746695361,0.897034031250975,19.04,0,0,194,0
56,30,65.7138930546644,3.57554746695361,0.897034031250975,21.78,0,0,128,0
57,30,73.9364414244612,5.46282703546019,1.01860353260391,0,101,30000,0,1
57,30,73.9364414244612,5.46282703546019,1.01860353260391,0.26,0,0,80,0
57,30,73.9364414244612,5.46282703546019,1.01860353260391,8.69,0,0,197,0
57,30,73.9364414244612,5.46282703546019,1.01860353260391,12.78,0,0,174,0
57,30,73.9364414244612,5.46282703546019,1.01860353260391,20.83,0,0,86,0
58,30,85.2100597866145,3.96829216490411,1.11632932744974,0,101,30000,0,1
58,30,85.2100597866145,3.96829216490411,1.11632932744974,0.29,0,0,73,0
58,30,85.2100597866145,3.96829216490411,1.11632932744974,6.77,0,0,278,0
58,30,85.2100597866145,3.96829216490411,1.11632932744974,13.26,0,0,214,0
58,30,85.2100597866145,3.96829216490411,1.11632932744974,16.29,0,0,152,0
59,30,53.9412414127934,3.40648947335437,1.36103663311405,0,101,30000,0,1
59,30,53.9412414127934,3.40648947335437,1.36103663311405,4.04,0,0,454,0
59,30,53.9412414127934,3.40648947335437,1.36103663311405,4.63,0,0,623,0
59,30,53.9412414127934,3.40648947335437,1.36103663311405,10.9,0,0,381,0
59,30,53.9412414127934,3.40648947335437,1.36103663311405,22.04,0,0,153,0
60,30,65.7266362664688,4.83224521483134,1.23821557988347,0,101,30000,0,1
60,30,65.7266362664688,4.83224521483134,1.23821557988347,0.46,0,0,253,0
60,30,65.7266362664688,4.83224521483134,1.23821557988347,2.22,0,0,395,0
60,30,65.7266362664688,4.83224521483134,1.23821557988347,13.24,0,0,204,0
60,30,65.7266362664688,4.83224521483134,1.23821557988347,22.64,0,0,80,0
61,60,114.834359973399,6.62448772940184,1.69208703944127,0,101,60000,0,1
61,60,114.834359973399,6.62448772940184,1.69208703944127,4.15,0,0,486,0
61,60,114.834359973399,6.62448772940184,1.69208703944127,4.55,0,0,369,0
61,60,114.834359973399,6.62448772940184,1.69208703944127,9.92,0,0,331,0
61,60,114.834359973399,6.62448772940184,1.69208703944127,21.01,0,0,179,0
62,60,110.625841305734,4.73240365081961,0.938164095378432,0,101,60000,0,1
62,60,110.625841305734,4.73240365081961,0.938164095378432,0.94,0,0,335,0
62,60,110.625841305734,4.73240365081961,0.938164095378432,13.32,0,0,412,0
62,60,110.625841305734,4.73240365081961,0.938164095378432,14.05,0,0,287,0
62,60,110.625841305734,4.73240365081961,0.938164095378432,14.33,0,0,415,0
63,60,52.724095915694,4.99475055773029,0.941422997758237,0,101,60000,0,1
63,60,52.724095915694,4.99475055773029,0.941422997758237,0.41,0,0,420,0
63,60,52.724095915694,4.99475055773029,0.941422997758237,2.35,0,0,869,0
63,60,52.724095915694,4.99475055773029,0.941422997758237,4.55,0,0,496,0
63,60,52.724095915694,4.99475055773029,0.941422997758237,9.38,0,0,773,0
64,60,79.9259344059681,3.11949601207977,0.603664123584261,0,101,60000,0,1
64,60,79.9259344059681,3.11949601207977,0.603664123584261,16.55,0,0,318,0
64,60,79.9259344059681,3.11949601207977,0.603664123584261,16.77,0,0,447,0
64,60,79.9259344059681,3.11949601207977,0.603664123584261,22.42,0,0,368,0
64,60,79.9259344059681,3.11949601207977,0.603664123584261,22.53,0,0,434,0
65,60,73.0139297541391,3.21828039167526,0.485117074389168,0,101,60000,0,1
65,60,73.0139297541391,3.21828039167526,0.485117074389168,5.13,0,0,642,0
65,60,73.0139297541391,3.21828039167526,0.485117074389168,18,0,0,443,0
65,60,73.0139297541391,3.21828039167526,0.485117074389168,19.08,0,0,349,0
65,60,73.0139297541391,3.21828039167526,0.485117074389168,20.45,0,0,436,0
66,60,44.2961589393989,5.74790863579816,1.17388401260374,0,101,60000,0,1
66,60,44.2961589393989,5.74790863579816,1.17388401260374,4.61,0,0,951,0
66,60,44.2961589393989,5.74790863579816,1.17388401260374,7.46,0,0,501,0
66,60,44.2961589393989,5.74790863579816,1.17388401260374,10.28,0,0,341,0
66,60,44.2961589393989,5.74790863579816,1.17388401260374,19.88,0,0,94,0
67,60,63.4103822139249,2.88019202577776,1.01964849213235,0,101,60000,0,1
67,60,63.4103822139249,2.88019202577776,1.01964849213235,1.62,0,0,858,0
67,60,63.4103822139249,2.88019202577776,1.01964849213235,5.37,0,0,560,0
67,60,63.4103822139249,2.88019202577776,1.01964849213235,5.59,0,0,735,0
67,60,63.4103822139249,2.88019202577776,1.01964849213235,23.11,0,0,378,0
68,60,67.2356154105912,3.61616610560534,1.66222513228866,0,101,60000,0,1
68,60,67.2356154105912,3.61616610560534,1.66222513228866,3.66,0,0,909,0
68,60,67.2356154105912,3.61616610560534,1.66222513228866,4.34,0,0,724,0
68,60,67.2356154105912,3.61616610560534,1.66222513228866,5.75,0,0,1066,0
68,60,67.2356154105912,3.61616610560534,1.66222513228866,23.55,0,0,269,0
69,60,59.595118482564,3.87870588879861,0.829763946196064,0,101,60000,0,1
69,60,59.595118482564,3.87870588879861,0.829763946196064,7.07,0,0,629,0
69,60,59.595118482564,3.87870588879861,0.829763946196064,9.73,0,0,732,0
69,60,59.595118482564,3.87870588879861,0.829763946196064,20.24,0,0,293,0
69,60,59.595118482564,3.87870588879861,0.829763946196064,21.95,0,0,256,0
70,60,44.5376642533775,1.7736236221254,1.24646187326996,0,101,60000,0,1
70,60,44.5376642533775,1.7736236221254,1.24646187326996,3.22,0,0,1417,0
70,60,44.5376642533775,1.7736236221254,1.24646187326996,4.1,0,0,845,0
70,60,44.5376642533775,1.7736236221254,1.24646187326996,5.64,0,0,1160,0
70,60,44.5376642533775,1.7736236221254,1.24646187326996,5.98,0,0,816,0
71,60,108.688392408618,2.9099212152437,1.00520767160588,0,101,60000,0,1
71,60,108.688392408618,2.9099212152437,1.00520767160588,4.25,0,0,533,0
71,60,108.688392408618,2.9099212152437,1.00520767160588,9.44,0,0,677,0
71,60,108.688392408618,2.9099212152437,1.00520767160588,10.52,0,0,346,0
71,60,108.688392408618,2.9099212152437,1.00520767160588,20.93,0,0,382,0
72,60,69.394069907261,9.2231946328033,1.33777823089116,0,101,60000,0,1
72,60,69.394069907261,9.2231946328033,1.33777823089116,1.33,0,0,634,0
72,60,69.394069907261,9.2231946328033,1.33777823089116,9.75,0,0,300,0
72,60,69.394069907261,9.2231946328033,1.33777823089116,15.59,0,0,119,0
72,60,69.394069907261,9.2231946328033,1.33777823089116,17.13,0,0,94,0
73,60,71.4196015936283,4.12237792977014,0.788823186905851,0,101,60000,0,1
73,60,71.4196015936283,4.12237792977014,0.788823186905851,8.54,0,0,481,0
73,60,71.4196015936283,4.12237792977014,0.788823186905851,9.58,0,0,463,0
73,60,71.4196015936283,4.12237792977014,0.788823186905851,21.59,0,0,231,0
73,60,71.4196015936283,4.12237792977014,0.788823186905851,21.76,0,0,230,0
74,60,74.8705484676318,4.22772890901112,0.770000889340221,0,101,60000,0,1
74,60,74.8705484676318,4.22772890901112,0.770000889340221,0.43,0,0,206,0
74,60,74.8705484676318,4.22772890901112,0.770000889340221,5.04,0,0,911,0
74,60,74.8705484676318,4.22772890901112,0.770000889340221,6.9,0,0,482,0
74,60,74.8705484676318,4.22772890901112,0.770000889340221,16.98,0,0,424,0
75,60,116.276313934458,3.5519107312688,0.70271452173054,0,101,60000,0,1
75,60,116.276313934458,3.5519107312688,0.70271452173054,8.03,0,0,682,0
75,60,116.276313934458,3.5519107312688,0.70271452173054,14.97,0,0,410,0
75,60,116.276313934458,3.5519107312688,0.70271452173054,19.36,0,0,306,0
75,60,116.276313934458,3.5519107312688,0.70271452173054,23.92,0,0,227,0
76,60,51.0753982680873,4.32024639908461,0.684823781400825,0,101,60000,0,1
76,60,51.0753982680873,4.32024639908461,0.684823781400825,8.17,0,0,732,0
76,60,51.0753982680873,4.32024639908461,0.684823781400825,8.53,0,0,563,0
76,60,51.0753982680873,4.32024639908461,0.684823781400825,11.62,0,0,621,0
76,60,51.0753982680873,4.32024639908461,0.684823781400825,23.87,0,0,141,0
77,60,39.8857561705015,4.03142834575352,1.32594578918774,0,101,60000,0,1
77,60,39.8857561705015,4.03142834575352,1.32594578918774,14.27,0,0,387,0
77,60,39.8857561705015,4.03142834575352,1.32594578918774,15.51,0,0,503,0
77,60,39.8857561705015,4.03142834575352,1.32594578918774,19.38,0,0,259,0
77,60,39.8857561705015,4.03142834575352,1.32594578918774,19.89,0,0,313,0
78,60,38.9401018495324,5.39945824574933,1.14709883157283,0,101,60000,0,1
78,60,38.9401018495324,5.39945824574933,1.14709883157283,0.11,0,0,170,0
78,60,38.9401018495324,5.39945824574933,1.14709883157283,3.44,0,0,1058,0
78,60,38.9401018495324,5.39945824574933,1.14709883157283,11.59,0,0,353,0
78,60,38.9401018495324,5.39945824574933,1.14709883157283,11.91,0,0,334,0
79,60,68.067431400297,2.70534100779851,0.872216617781039,0,101,60000,0,1
79,60,68.067431400297,2.70534100779851,0.872216617781039,1.68,0,0,618,0
79,60,68.067431400297,2.70534100779851,0.872216617781039,9.88,0,0,553,0
79,60,68.067431400297,2.70534100779851,0.872216617781039,10.61,0,0,578,0
79,60,68.067431400297,2.70534100779851,0.872216617781039,16.01,0,0,524,0
80,60,65.9414032789127,3.96446544197124,1.16035341644748,0,101,60000,0,1
80,60,65.9414032789127,3.96446544197124,1.16035341644748,2.73,0,0,666,0
80,60,65.9414032789127,3.96446544197124,1.16035341644748,4.77,0,0,627,0
80,60,65.9414032789127,3.96446544197124,1.16035341644748,8.32,0,0,661,0
80,60,65.9414032789127,3.96446544197124,1.16035341644748,14.45,0,0,336,0
81,60,46.3588521032585,4.47099229582509,1.09857208752667,0,101,60000,0,1
81,60,46.3588521032585,4.47099229582509,1.09857208752667,0.53,0,0,548,0
81,60,46.3588521032585,4.47099229582509,1.09857208752667,5.48,0,0,1012,0
81,60,46.3588521032585,4.47099229582509,1.09857208752667,18.19,0,0,147,0
81,60,46.3588521032585,4.47099229582509,1.09857208752667,18.49,0,0,358,0
82,60,65.8385178373074,5.41356336078087,0.736953819994666,0,101,60000,0,1
82,60,65.8385178373074,5.41356336078087,0.736953819994666,0.3,0,0,180,0
82,60,65.8385178373074,5.41356336078087,0.736953819994666,12.48,0,0,290,0
82,60,65.8385178373074,5.41356336078087,0.736953819994666,19.14,0,0,191,0
82,60,65.8385178373074,5.41356336078087,0.736953819994666,19.39,0,0,182,0
83,60,73.5165693722168,6.52038364756657,0.998098230148039,0,101,60000,0,1
83,60,73.5165693722168,6.52038364756657,0.998098230148039,0.1,0,0,88,0
83,60,73.5165693722168,6.52038364756657,0.998098230148039,7.58,0,0,427,0
83,60,73.5165693722168,6.52038364756657,0.998098230148039,10.63,0,0,255,0
83,60,73.5165693722168,6.52038364756657,0.998098230148039,21.69,0,0,134,0
84,60,41.226952996756,4.07302585664593,1.05261681090267,0,101,60000,0,1
84,60,41.226952996756,4.07302585664593,1.05261681090267,2.94,0,0,1175,0
84,60,41.226952996756,4.07302585664593,1.05261681090267,4,0,0,1737,0
84,60,41.226952996756,4.07302585664593,1.05261681090267,19.61,0,0,239,0
84,60,41.226952996756,4.07302585664593,1.05261681090267,23.03,0,0,197,0
85,60,65.5799668109301,2.87515887832196,0.885998493052929,0,101,60000,0,1
85,60,65.5799668109301,2.87515887832196,0.885998493052929,4.35,0,0,962,0
85,60,65.5799668109301,2.87515887832196,0.885998493052929,6.62,0,0,921,0
85,60,65.5799668109301,2.87515887832196,0.885998493052929,6.66,0,0,1049,0
85,60,65.5799668109301,2.87515887832196,0.885998493052929,9.08,0,0,705,0
86,60,45.9145250280513,2.87629748892588,0.940594930346585,0,101,60000,0,1
86,60,45.9145250280513,2.87629748892588,0.940594930346585,14.01,0,0,438,0
86,60,45.9145250280513,2.87629748892588,0.940594930346585,15.08,0,0,364,0
86,60,45.9145250280513,2.87629748892588,0.940594930346585,15.94,0,0,599,0
86,60,45.9145250280513,2.87629748892588,0.940594930346585,20.62,0,0,461,0
87,60,74.4112077175398,8.16337164104709,1.49788863121613,0,101,60000,0,1
87,60,74.4112077175398,8.16337164104709,1.49788863121613,0.7,0,0,483,0
87,60,74.4112077175398,8.16337164104709,1.49788863121613,1.28,0,0,537,0
87,60,74.4112077175398,8.16337164104709,1.49788863121613,7.05,0,0,431,0
87,60,74.4112077175398,8.16337164104709,1.49788863121613,16.69,0,0,172,0
88,60,73.0916122281374,4.41709297801136,1.26098625908991,0,101,60000,0,1
88,60,73.0916122281374,4.41709297801136,1.26098625908991,12.86,0,0,443,0
88,60,73.0916122281374,4.41709297801136,1.26098625908991,13.86,0,0,295,0
88,60,73.0916122281374,4.41709297801136,1.26098625908991,14.37,0,0,391,0
88,60,73.0916122281374,4.41709297801136,1.26098625908991,20.68,0,0,320,0
89,60,63.0276999733647,3.86046681896914,0.681094085845231,0,101,60000,0,1
89,60,63.0276999733647,3.86046681896914,0.681094085845231,1.71,0,0,598,0
89,60,63.0276999733647,3.86046681896914,0.681094085845231,12.05,0,0,526,0
89,60,63.0276999733647,3.86046681896914,0.681094085845231,18.06,0,0,397,0
89,60,63.0276999733647,3.86046681896914,0.681094085845231,23.59,0,0,269,0
90,60,65.8830003304717,4.62836756283444,0.763647927297879,0,101,60000,0,1
90,60,65.8830003304717,4.62836756283444,0.763647927297879,4.63,0,0,823,0
90,60,65.8830003304717,4.62836756283444,0.763647927297879,10.79,0,0,498,0
90,60,65.8830003304717,4.62836756283444,0.763647927297879,19.77,0,0,272,0
90,60,65.8830003304717,4.62836756283444,0.763647927297879,21.13,0,0,181,0
91,120,59.253690285828,4.44179704135204,0.992539751216085,0,101,120000,0,1
91,120,59.253690285828,4.44179704135204,0.992539751216085,6.08,0,0,1265,0
91,120,59.253690285828,4.44179704135204,0.992539751216085,7.75,0,0,1853,0
91,120,59.253690285828,4.44179704135204,0.992539751216085,9.18,0,0,1379,0
91,120,59.253690285828,4.44179704135204,0.992539751216085,11.33,0,0,998,0
92,120,72.8039747021197,4.4473614972989,0.60366244491944,0,101,120000,0,1
92,120,72.8039747021197,4.4473614972989,0.60366244491944,10.46,0,0,1292,0
92,120,72.8039747021197,4.4473614972989,0.60366244491944,14.14,0,0,611,0
92,120,72.8039747021197,4.4473614972989,0.60366244491944,15.99,0,0,419,0
92,120,72.8039747021197,4.4473614972989,0.60366244491944,20.7,0,0,462,0
93,120,131.194537535597,2.06997230921754,0.74370747261938,0,101,120000,0,1
93,120,131.194537535597,2.06997230921754,0.74370747261938,2.64,0,0,580,0
93,120,131.194537535597,2.06997230921754,0.74370747261938,5.91,0,0,824,0
93,120,131.194537535597,2.06997230921754,0.74370747261938,5.97,0,0,768,0
93,120,131.194537535597,2.06997230921754,0.74370747261938,18.43,0,0,609,0
94,120,70.9775597284046,2.76892610550111,0.856618199345571,0,101,120000,0,1
94,120,70.9775597284046,2.76892610550111,0.856618199345571,4.16,0,0,1860,0
94,120,70.9775597284046,2.76892610550111,0.856618199345571,4.38,0,0,1962,0
94,120,70.9775597284046,2.76892610550111,0.856618199345571,17.27,0,0,836,0
94,120,70.9775597284046,2.76892610550111,0.856618199345571,22.79,0,0,907,0
95,120,90.2546365873965,4.13802997760602,0.910249172487955,0,101,120000,0,1
95,120,90.2546365873965,4.13802997760602,0.910249172487955,4.51,0,0,907,0
95,120,90.2546365873965,4.13802997760602,0.910249172487955,11.08,0,0,934,0
95,120,90.2546365873965,4.13802997760602,0.910249172487955,17.09,0,0,539,0
95,120,90.2546365873965,4.13802997760602,0.910249172487955,17.12,0,0,624,0
96,120,67.5095839391361,3.38568498104386,0.84440260546943,0,101,120000,0,1
96,120,67.5095839391361,3.38568498104386,0.84440260546943,14.07,0,0,1317,0
96,120,67.5095839391361,3.38568498104386,0.84440260546943,16.04,0,0,731,0
96,120,67.5095839391361,3.38568498104386,0.84440260546943,16.96,0,0,705,0
96,120,67.5095839391361,3.38568498104386,0.84440260546943,19.28,0,0,983,0
97,120,86.5392347897352,4.3162479729041,1.23295684429144,0,101,120000,0,1
97,120,86.5392347897352,4.3162479729041,1.23295684429144,7.4,0,0,1176,0
97,120,86.5392347897352,4.3162479729041,1.23295684429144,12.7,0,0,766,0
97,120,86.5392347897352,4.3162479729041,1.23295684429144,16.78,0,0,585,0
97,120,86.5392347897352,4.3162479729041,1.23295684429144,18.18,0,0,719,0
98,120,50.9845332771302,5.10425536493634,1.13128381812388,0,101,120000,0,1
98,120,50.9845332771302,5.10425536493634,1.13128381812388,3.07,0,0,1863,0
98,120,50.9845332771302,5.10425536493634,1.13128381812388,6.68,0,0,1501,0
98,120,50.9845332771302,5.10425536493634,1.13128381812388,16.77,0,0,361,0
98,120,50.9845332771302,5.10425536493634,1.13128381812388,21.49,0,0,242,0
99,120,73.136765392178,4.39273689723529,0.799402622678733,0,101,120000,0,1
99,120,73.136765392178,4.39273689723529,0.799402622678733,13.13,0,0,813,0
99,120,73.136765392178,4.39273689723529,0.799402622678733,14.33,0,0,619,0
99,120,73.136765392178,4.39273689723529,0.799402622678733,19.76,0,0,728,0
99,120,73.136765392178,4.39273689723529,0.799402622678733,23.01,0,0,411,0
100,120,120.659671640258,2.7050012421211,1.10825868873586,0,101,120000,0,1
100,120,120.659671640258,2.7050012421211,1.10825868873586,10.33,0,0,850,0
100,120,120.659671640258,2.7050012421211,1.10825868873586,10.54,0,0,497,0
100,120,120.659671640258,2.7050012421211,1.10825868873586,17.34,0,0,973,0
100,120,120.659671640258,2.7050012421211,1.10825868873586,18.17,0,0,644,0
101,120,99.239190204992,1.99791884588263,0.78100592158914,0,101,120000,0,1
101,120,99.239190204992,1.99791884588263,0.78100592158914,2,0,0,701,0
101,120,99.239190204992,1.99791884588263,0.78100592158914,4.65,0,0,1275,0
101,120,99.239190204992,1.99791884588263,0.78100592158914,6.95,0,0,1383,0
101,120,99.239190204992,1.99791884588263,0.78100592158914,18.64,0,0,1352,0
102,120,88.5921680361809,5.86166299991152,0.928538600512063,0,101,120000,0,1
102,120,88.5921680361809,5.86166299991152,0.928538600512063,5.63,0,0,909,0
102,120,88.5921680361809,5.86166299991152,0.928538600512063,12.36,0,0,610,0
102,120,88.5921680361809,5.86166299991152,0.928538600512063,14.52,0,0,619,0
102,120,88.5921680361809,5.86166299991152,0.928538600512063,22.17,0,0,350,0
103,120,59.7268660859353,3.54084844130702,2.76943359606064,0,101,120000,0,1
103,120,59.7268660859353,3.54084844130702,2.76943359606064,8.09,0,0,1179,0
103,120,59.7268660859353,3.54084844130702,2.76943359606064,10.32,0,0,1452,0
103,120,59.7268660859353,3.54084844130702,2.76943359606064,14.07,0,0,812,0
103,120,59.7268660859353,3.54084844130702,2.76943359606064,22.48,0,0,537,0
104,120,57.7303681676698,7.0476120547958,1.67701491334295,0,101,120000,0,1
104,120,57.7303681676698,7.0476120547958,1.67701491334295,9.76,0,0,822,0
104,120,57.7303681676698,7.0476120547958,1.67701491334295,11.64,0,0,418,0
104,120,57.7303681676698,7.0476120547958,1.67701491334295,22.43,0,0,119,0
104,120,57.7303681676698,7.0476120547958,1.67701491334295,22.47,0,0,106,0
105,120,45.7563647960794,3.70593457134074,1.49480146542244,0,101,120000,0,1
105,120,45.7563647960794,3.70593457134074,1.49480146542244,6.93,0,0,1447,0
105,120,45.7563647960794,3.70593457134074,1.49480146542244,9.73,0,0,1066,0
105,120,45.7563647960794,3.70593457134074,1.49480146542244,9.77,0,0,905,0
105,120,45.7563647960794,3.70593457134074,1.49480146542244,23,0,0,464,0
106,120,88.5994275725231,5.30853344001033,1.40077283224676,0,101,120000,0,1
106,120,88.5994275725231,5.30853344001033,1.40077283224676,3.2,0,0,1013,0
106,120,88.5994275725231,5.30853344001033,1.40077283224676,5.38,0,0,1294,0
106,120,88.5994275725231,5.30853344001033,1.40077283224676,9.35,0,0,736,0
106,120,88.5994275725231,5.30853344001033,1.40077283224676,23.69,0,0,317,0
107,120,77.0250593235953,5.18582335214804,1.27122260911362,0,101,120000,0,1
107,120,77.0250593235953,5.18582335214804,1.27122260911362,2.32,0,0,1299,0
107,120,77.0250593235953,5.18582335214804,1.27122260911362,4.54,0,0,1250,0
107,120,77.0250593235953,5.18582335214804,1.27122260911362,5.22,0,0,1484,0
107,120,77.0250593235953,5.18582335214804,1.27122260911362,5.87,0,0,1316,0
108,120,70.9011857055627,5.12270166599285,1.09000249057831,0,101,120000,0,1
108,120,70.9011857055627,5.12270166599285,1.09000249057831,0.88,0,0,814,0
108,120,70.9011857055627,5.12270166599285,1.09000249057831,1.49,0,0,1059,0
108,120,70.9011857055627,5.12270166599285,1.09000249057831,12.34,0,0,716,0
108,120,70.9011857055627,5.12270166599285,1.09000249057831,21.53,0,0,320,0
109,120,61.8817339850988,3.0810068505276,0.541892086313665,0,101,120000,0,1
109,120,61.8817339850988,3.0810068505276,0.541892086313665,2.38,0,0,1234,0
109,120,61.8817339850988,3.0810068505276,0.541892086313665,12.48,0,0,1155,0
109,120,61.8817339850988,3.0810068505276,0.541892086313665,16.71,0,0,1108,0
109,120,61.8817339850988,3.0810068505276,0.541892086313665,23.71,0,0,549,0
110,120,107.754593823742,3.34355307642057,1.17837515926196,0,101,120000,0,1
110,120,107.754593823742,3.34355307642057,1.17837515926196,8.36,0,0,1053,0
110,120,107.754593823742,3.34355307642057,1.17837515926196,10.46,0,0,1176,0
110,120,107.754593823742,3.34355307642057,1.17837515926196,16.65,0,0,634,0
110,120,107.754593823742,3.34355307642057,1.17837515926196,23.91,0,0,776,0
111,120,57.2382162508123,3.52041994560836,0.761725079034309,0,101,120000,0,1
111,120,57.2382162508123,3.52041994560836,0.761725079034309,6.05,0,0,1397,0
111,120,57.2382162508123,3.52041994560836,0.761725079034309,9.43,0,0,1539,0
111,120,57.2382162508123,3.52041994560836,0.761725079034309,21.77,0,0,581,0
111,120,57.2382162508123,3.52041994560836,0.761725079034309,22.68,0,0,549,0
112,120,70.957659201965,3.04554093035581,1.52399205900079,0,101,120000,0,1
112,120,70.957659201965,3.04554093035581,1.52399205900079,2.22,0,0,1771,0
112,120,70.957659201965,3.04554093035581,1.52399205900079,12.92,0,0,1279,0
112,120,70.957659201965,3.04554093035581,1.52399205900079,15.07,0,0,669,0
112,120,70.957659201965,3.04554093035581,1.52399205900079,15.72,0,0,926,0
113,120,62.8491877361462,5.91201113767995,1.66879737399619,0,101,120000,0,1
113,120,62.8491877361462,5.91201113767995,1.66879737399619,3.52,0,0,1690,0
113,120,62.8491877361462,5.91201113767995,1.66879737399619,11.11,0,0,725,0
113,120,62.8491877361462,5.91201113767995,1.66879737399619,17.7,0,0,262,0
113,120,62.8491877361462,5.91201113767995,1.66879737399619,20.77,0,0,344,0
114,120,51.2318196830068,4.0400260738163,0.883604857684846,0,101,120000,0,1
114,120,51.2318196830068,4.0400260738163,0.883604857684846,2,0,0,1865,0
114,120,51.2318196830068,4.0400260738163,0.883604857684846,2.48,0,0,1826,0
114,120,51.2318196830068,4.0400260738163,0.883604857684846,6.11,0,0,1440,0
114,120,51.2318196830068,4.0400260738163,0.883604857684846,17.29,0,0,726,0
115,120,51.7679777304147,6.13119107625959,0.824561084787659,0,101,120000,0,1
115,120,51.7679777304147,6.13119107625959,0.824561084787659,15.39,0,0,457,0
115,120,51.7679777304147,6.13119107625959,0.824561084787659,15.85,0,0,452,0
115,120,51.7679777304147,6.13119107625959,0.824561084787659,19.08,0,0,253,0
115,120,51.7679777304147,6.13119107625959,0.824561084787659,19.86,0,0,302,0
116,120,127.298044331539,3.53371397935522,0.751459750522588,0,101,120000,0,1
116,120,127.298044331539,3.53371397935522,0.751459750522588,2.49,0,0,808,0
116,120,127.298044331539,3.53371397935522,0.751459750522588,3.36,0,0,617,0
116,120,127.298044331539,3.53371397935522,0.751459750522588,18.2,0,0,791,0
116,120,127.298044331539,3.53371397935522,0.751459750522588,20.02,0,0,482,0
117,120,42.3022694491306,3.61931951583349,1.12868758646717,0,101,120000,0,1
117,120,42.3022694491306,3.61931951583349,1.12868758646717,0.62,0,0,1223,0
117,120,42.3022694491306,3.61931951583349,1.12868758646717,5.03,0,0,2216,0
117,120,42.3022694491306,3.61931951583349,1.12868758646717,9.77,0,0,1699,0
117,120,42.3022694491306,3.61931951583349,1.12868758646717,16.2,0,0,791,0
118,120,77.9599958602823,4.43063642631551,1.12839120836107,0,101,120000,0,1
118,120,77.9599958602823,4.43063642631551,1.12839120836107,6.96,0,0,993,0
118,120,77.9599958602823,4.43063642631551,1.12839120836107,8.41,0,0,1189,0
118,120,77.9599958602823,4.43063642631551,1.12839120836107,8.65,0,0,1308,0
118,120,77.9599958602823,4.43063642631551,1.12839120836107,17.93,0,0,808,0
119,120,82.5716914376012,2.60837603676869,0.938504603207035,0,101,120000,0,1
119,120,82.5716914376012,2.60837603676869,0.938504603207035,3.08,0,0,1894,0
119,120,82.5716914376012,2.60837603676869,0.938504603207035,10.58,0,0,1225,0
119,120,82.5716914376012,2.60837603676869,0.938504603207035,17.99,0,0,1062,0
119,120,82.5716914376012,2.60837603676869,0.938504603207035,23.51,0,0,760,0
120,120,55.3534636887221,4.074872373777,0.993334718612786,0,101,120000,0,1
120,120,55.3534636887221,4.074872373777,0.993334718612786,8.57,0,0,1091,0
120,120,55.3534636887221,4.074872373777,0.993334718612786,11.54,0,0,891,0
120,120,55.3534636887221,4.074872373777,0.993334718612786,15.33,0,0,1040,0
120,120,55.3534636887221,4.074872373777,0.993334718612786,22.87,0,0,482,0
