ID,DOSE,V,CL,KA,TIME,EVID,AMT,DV,EVIDNM
1,10,56.3645038480344,3.22243007100253,0.874960279601337,0,101,10000,0,1
1,10,56.3645038480344,3.22243007100253,0.874960279601337,2.57,0,0,122,0
1,10,56.3645038480344,3.22243007100253,0.874960279601337,3.91,0,0,138,0
1,10,56.3645038480344,3.22243007100253,0.874960279601337,5.51,0,0,191,0
1,10,56.3645038480344,3.22243007100253,0.874960279601337,9.38,0,0,134,0
2,10,74.1272804017632,4.29254962622765,1.27111950285381,0,101,10000,0,1
2,10,74.1272804017632,4.29254962622765,1.27111950285381,4.71,0,0,118,0
2,10,74.1272804017632,4.29254962622765,1.27111950285381,6.3,0,0,77,0
2,10,74.1272804017632,4.29254962622765,1.27111950285381,12.35,0,0,73,0
2,10,74.1272804017632,4.29254962622765,1.27111950285381,23.59,0,0,36,0
3,10,80.7869743595063,2.69482624521119,1.46267876225854,0,101,10000,0,1
3,10,80.7869743595063,2.69482624521119,1.46267876225854,0.92,0,0,66,0
3,10,80.7869743595063,2.69482624521119,1.46267876225854,4.81,0,0,123,0
3,10,80.7869743595063,2.69482624521119,1.46267876225854,18.12,0,0,92,0
3,10,80.7869743595063,2.69482624521119,1.46267876225854,19.63,0,0,63,0
4,10,89.9577865094214,4.44910295776978,1.23595239405601,0,101,10000,0,1
4,10,89.9577865094214,4.44910295776978,1.23595239405601,2.35,0,0,138,0
4,10,89.9577865094214,4.44910295776978,1.23595239405601,3.96,0,0,89,0
4,10,89.9577865094214,4.44910295776978,1.23595239405601,8,0,0,83,0
4,10,89.9577865094214,4.44910295776978,1.23595239405601,20.8,0,0,43,0
5,10,63.2923545869585,5.90745311283635,0.576652073337735,0,101,10000,0,1
5,10,63.2923545869585,5.90745311283635,0.576652073337735,3.17,0,0,111,0
5,10,63.2923545869585,5.90745311283635,0.576652073337735,8.35,0,0,66,0
5,10,63.2923545869585,5.90745311283635,0.576652073337735,11.98,0,0,49,0
5,10,63.2923545869585,5.90745311283635,0.576652073337735,19.85,0,0,36,0
6,10,55.7703781966427,3.22661712962263,0.970791942867073,0,101,10000,0,1
6,10,55.7703781966427,3.22661712962263,0.970791942867073,11.37,0,0,130,0
6,10,55.7703781966427,3.22661712962263,0.970791942867073,16.1,0,0,89,0
6,10,55.7703781966427,3.22661712962263,0.970791942867073,21.33,0,0,34,0
6,10,55.7703781966427,3.22661712962263,0.970791942867073,21.52,0,0,37,0
7,10,56.7900631062327,3.21956555473707,0.826579614087453,0,101,10000,0,1
7,10,56.7900631062327,3.21956555473707,0.826579614087453,1.91,0,0,147,0
7,10,56.7900631062327,3.21956555473707,0.826579614087453,3.84,0,0,146,0
7,10,56.7900631062327,3.21956555473707,0.826579614087453,11.97,0,0,89,0
7,10,56.7900631062327,3.21956555473707,0.826579614087453,15.04,0,0,81,0
8,10,66.8215419054139,2.64531978139341,1.13210561874481,0,101,10000,0,1
8,10,66.8215419054139,2.64531978139341,1.13210561874481,9.61,0,0,120,0
8,10,66.8215419054139,2.64531978139341,1.13210561874481,17.26,0,0,68,0
8,10,66.8215419054139,2.64531978139341,1.13210561874481,17.28,0,0,82,0
8,10,66.8215419054139,2.64531978139341,1.13210561874481,20.96,0,0,86,0
9,10,77.3056566209589,6.07177299029853,0.68462664844344,0,101,10000,0,1
9,10,77.3056566209589,6.07177299029853,0.68462664844344,1.83,0,0,84,0
9,10,77.3056566209589,6.07177299029853,0.68462664844344,4.88,0,0,64,0
9,10,77.3056566209589,6.07177299029853,0.68462664844344,8.49,0,0,45,0
9,10,77.3056566209589,6.07177299029853,0.68462664844344,23.98,0,0,17,0
10,10,104.247070196593,5.24797970461063,0.87472448144289,0,101,10000,0,1
10,10,104.247070196593,5.24797970461063,0.87472448144289,0.32,0,0,19,0
10,10,104.247070196593,5.24797970461063,0.87472448144289,8.38,0,0,76,0
10,10,104.247070196593,5.24797970461063,0.87472448144289,13.4,0,0,58,0
10,10,104.247070196593,5.24797970461063,0.87472448144289,20.92,0,0,38,0
11,10,54.7209926968327,3.45983130045288,0.994921079803456,0,101,10000,0,1
11,10,54.7209926968327,3.45983130045288,0.994921079803456,1.66,0,0,127,0
11,10,54.7209926968327,3.45983130045288,0.994921079803456,15.99,0,0,74,0
11,10,54.7209926968327,3.45983130045288,0.994921079803456,20.19,0,0,71,0
11,10,54.7209926968327,3.45983130045288,0.994921079803456,20.82,0,0,48,0
12,10,91.5632989217742,3.01867467070201,1.11595105979187,0,101,10000,0,1
12,10,91.5632989217742,3.01867467070201,1.11595105979187,1.64,0,0,70,0
12,10,91.5632989217742,3.01867467070201,1.11595105979187,9.99,0,0,87,0
12,10,91.5632989217742,3.01867467070201,1.11595105979187,12.19,0,0,75,0
12,10,91.5632989217742,3.01867467070201,1.11595105979187,16.58,0,0,47,0
13,10,75.9980884954332,2.85802765856637,1.11008447456897,0,101,10000,0,1
13,10,75.9980884954332,2.85802765856637,1.11008447456897,7.82,0,0,171,0
13,10,75.9980884954332,2.85802765856637,1.11008447456897,14.61,0,0,88,0
13,10,75.9980884954332,2.85802765856637,1.11008447456897,18.13,0,0,71,0
13,10,75.9980884954332,2.85802765856637,1.11008447456897,23.67,0,0,48,0
14,10,44.2814460659433,4.04699901952866,1.42531763010027,0,101,10000,0,1
14,10,44.2814460659433,4.04699901952866,1.42531763010027,3.66,0,0,116,0
14,10,44.2814460659433,4.04699901952866,1.42531763010027,7,0,0,157,0
14,10,44.2814460659433,4.04699901952866,1.42531763010027,10.74,0,0,95,0
14,10,44.2814460659433,4.04699901952866,1.42531763010027,13.18,0,0,45,0
15,10,128.154214545112,7.37693756824655,0.671881153994538,0,101,10000,0,1
15,10,128.154214545112,7.37693756824655,0.671881153994538,5.1,0,0,68,0
15,10,128.154214545112,7.37693756824655,0.671881153994538,12.79,0,0,55,0
15,10,128.154214545112,7.37693756824655,0.671881153994538,18.65,0,0,25,0
15,10,128.154214545112,7.37693756824655,0.671881153994538,22.9,0,0,26,0
16,10,52.7432058103729,3.68281915899783,1.20540728398749,0,101,10000,0,1
16,10,52.7432058103729,3.68281915899783,1.20540728398749,12.84,0,0,100,0
16,10,52.7432058103729,3.68281915899783,1.20540728398749,14.5,0,0,58,0
16,10,52.7432058103729,3.68281915899783,1.20540728398749,19.63,0,0,49,0
16,10,52.7432058103729,3.68281915899783,1.20540728398749,19.63,0,0,70,0
17,10,56.3645038480344,3.22243007100253,0.874960279601337,0,101,10000,0,1
17,10,56.3645038480344,3.22243007100253,0.874960279601337,2.57,0,0,122,0
17,10,56.3645038480344,3.22243007100253,0.874960279601337,3.91,0,0,138,0
17,10,56.3645038480344,3.22243007100253,0.874960279601337,5.51,0,0,191,0
17,10,56.3645038480344,3.22243007100253,0.874960279601337,9.38,0,0,134,0
18,10,104.874560341132,4.23822333832703,0.497064529511333,0,101,10000,0,1
18,10,104.874560341132,4.23822333832703,0.497064529511333,1.14,0,0,41,0
18,10,104.874560341132,4.23822333832703,0.497064529511333,4.04,0,0,59,0
18,10,104.874560341132,4.23822333832703,0.497064529511333,20.64,0,0,55,0
18,10,104.874560341132,4.23822333832703,0.497064529511333,20.99,0,0,37,0
19,10,35.643710111767,3.97306845531169,0.528169096049402,0,101,10000,0,1
19,10,35.643710111767,3.97306845531169,0.528169096049402,0.45,0,0,73,0
19,10,35.643710111767,3.97306845531169,0.528169096049402,16.56,0,0,62,0
19,10,35.643710111767,3.97306845531169,0.528169096049402,16.69,0,0,64,0
19,10,35.643710111767,3.97306845531169,0.528169096049402,21.71,0,0,33,0
20,10,47.2098943465958,2.94893805261994,1.11967310352375,0,101,10000,0,1
20,10,47.2098943465958,2.94893805261994,1.11967310352375,0.17,0,0,41,0
20,10,47.2098943465958,2.94893805261994,1.11967310352375,2.03,0,0,198,0
20,10,47.2098943465958,2.94893805261994,1.11967310352375,19.36,0,0,51,0
20,10,47.2098943465958,2.94893805261994,1.11967310352375,19.97,0,0,97,0
21,10,60.0301315785605,2.43211500625642,1.05595059248602,0,101,10000,0,1
21,10,60.0301315785605,2.43211500625642,1.05595059248602,0.35,0,0,57,0
21,10,60.0301315785605,2.43211500625642,1.05595059248602,5.1,0,0,144,0
21,10,60.0301315785605,2.43211500625642,1.05595059248602,5.4,0,0,161,0
21,10,60.0301315785605,2.43211500625642,1.05595059248602,13.88,0,0,127,0
22,10,114.168052748685,3.02476073316597,1.57219323228989,0,101,10000,0,1
22,10,114.168052748685,3.02476073316597,1.57219323228989,0.58,0,0,54,0
22,10,114.168052748685,3.02476073316597,1.57219323228989,6.54,0,0,114,0
22,10,114.168052748685,3.02476073316597,1.57219323228989,7.84,0,0,62,0
22,10,114.168052748685,3.02476073316597,1.57219323228989,15.7,0,0,57,0
23,10,91.4327563145418,8.15965479174223,0.972477449504195,0,101,10000,0,1
23,10,91.4327563145418,8.15965479174223,0.972477449504195,1.15,0,0,47,0
23,10,91.4327563145418,8.15965479174223,0.972477449504195,3.33,0,0,76,0
23,10,91.4327563145418,8.15965479174223,0.972477449504195,13.22,0,0,29,0
23,10,91.4327563145418,8.15965479174223,0.972477449504195,20.49,0,0,20,0
24,10,111.068023422618,3.83493646741275,0.866862008079596,0,101,10000,0,1
24,10,111.068023422618,3.83493646741275,0.866862008079596,7.11,0,0,92,0
24,10,111.068023422618,3.83493646741275,0.866862008079596,8.48,0,0,72,0
24,10,111.068023422618,3.83493646741275,0.866862008079596,12.67,0,0,56,0
24,10,111.068023422618,3.83493646741275,0.866862008079596,20.74,0,0,68,0
25,10,110.946726689048,3.59311215269567,1.26975736787043,0,101,10000,0,1
25,10,110.946726689048,3.59311215269567,1.26975736787043,6.13,0,0,75,0
25,10,110.946726689048,3.59311215269567,1.26975736787043,8.87,0,0,70,0
25,10,110.946726689048,3.59311215269567,1.26975736787043,17.81,0,0,50,0
25,10,110.946726689048,3.59311215269567,1.26975736787043,18.11,0,0,45,0
26,10,58.8509500805676,5.08987030630576,0.948119346315551,0,101,10000,0,1
26,10,58.8509500805676,5.08987030630576,0.948119346315551,13.26,0,0,70,0
26,10,58.8509500805676,5.08987030630576,0.948119346315551,15.59,0,0,73,0
26,10,58.8509500805676,5.08987030630576,0.948119346315551,23.54,0,0,21,0
26,10,58.8509500805676,5.08987030630576,0.948119346315551,23.97,0,0,27,0
27,10,82.8689106267768,2.28596284949159,0.843410752883968,0,101,10000,0,1
27,10,82.8689106267768,2.28596284949159,0.843410752883968,12.98,0,0,51,0
27,10,82.8689106267768,2.28596284949159,0.843410752883968,13.79,0,0,73,0
27,10,82.8689106267768,2.28596284949159,0.843410752883968,14.9,0,0,76,0
27,10,82.8689106267768,2.28596284949159,0.843410752883968,20.34,0,0,79,0
28,10,86.5308601973921,4.0561554451426,1.53469381611272,0,101,10000,0,1
28,10,86.5308601973921,4.0561554451426,1.53469381611272,5.81,0,0,111,0
28,10,86.5308601973921,4.0561554451426,1.53469381611272,12.91,0,0,72,0
28,10,86.5308601973921,4.0561554451426,1.53469381611272,17.1,0,0,50,0
28,10,86.5308601973921,4.0561554451426,1.53469381611272,17.29,0,0,62,0
29,10,58.7000731046828,3.47381056321226,0.75039084690099,0,101,10000,0,1
29,10,58.7000731046828,3.47381056321226,0.75039084690099,0.81,0,0,80,0
29,10,58.7000731046828,3.47381056321226,0.75039084690099,3.5,0,0,191,0
29,10,58.7000731046828,3.47381056321226,0.75039084690099,6.72,0,0,99,0
29,10,58.7000731046828,3.47381056321226,0.75039084690099,21.47,0,0,53,0
30,10,86.0336002203491,3.4995493650289,1.05631290937386,0,101,10000,0,1
30,10,86.0336002203491,3.4995493650289,1.05631290937386,1.26,0,0,94,0
30,10,86.0336002203491,3.4995493650289,1.05631290937386,4.11,0,0,131,0
30,10,86.0336002203491,3.4995493650289,1.05631290937386,9.68,0,0,78,0
30,10,86.0336002203491,3.4995493650289,1.05631290937386,12.47,0,0,69,0
31,30,61.7495311334405,3.07888398620807,0.665095606780417,0,101,30000,0,1
31,30,61.7495311334405,3.07888398620807,0.665095606780417,3.16,0,0,362,0
31,30,61.7495311334405,3.07888398620807,0.665095606780417,3.45,0,0,452,0
31,30,61.7495311334405,3.07888398620807,0.665095606780417,3.74,0,0,398,0
31,30,61.7495311334405,3.07888398620807,0.665095606780417,15.74,0,0,286,0
32,30,125.458680640386,4.87759097458283,1.24371703840707,0,101,30000,0,1
32,30,125.458680640386,4.87759097458283,1.24371703840707,9.31,0,0,141,0
32,30,125.458680640386,4.87759097458283,1.24371703840707,12.82,0,0,145,0
32,30,125.458680640386,4.87759097458283,1.24371703840707,19.03,0,0,134,0
32,30,125.458680640386,4.87759097458283,1.24371703840707,20.15,0,0,112,0
33,30,56.7872363505833,3.2168949151829,1.26480880048647,0,101,30000,0,1
33,30,56.7872363505833,3.2168949151829,1.26480880048647,3.27,0,0,539,0
33,30,56.7872363505833,3.2168949151829,1.26480880048647,4.99,0,0,357,0
33,30,56.7872363505833,3.2168949151829,1.26480880048647,17.67,0,0,147,0
33,30,56.7872363505833,3.2168949151829,1.26480880048647,23.29,0,0,169,0
34,30,35.7386675061851,8.8004525510898,0.855341189058227,0,101,30000,0,1
34,30,35.7386675061851,8.8004525510898,0.855341189058227,3.55,0,0,483,0
34,30,35.7386675061851,8.8004525510898,0.855341189058227,5.59,0,0,310,0
34,30,35.7386675061851,8.8004525510898,0.855341189058227,10.04,0,0,101,0
34,30,35.7386675061851,8.8004525510898,0.855341189058227,20.1,0,0,8,0
35,30,92.0934191605987,4.59307131255834,1.09911129125639,0,101,30000,0,1
35,30,92.0934191605987,4.59307131255834,1.09911129125639,1.36,0,0,247,0
35,30,92.0934191605987,4.59307131255834,1.09911129125639,5.24,0,0,209,0
35,30,92.0934191605987,4.59307131255834,1.09911129125639,10.67,0,0,153,0
35,30,92.0934191605987,4.59307131255834,1.09911129125639,12.34,0,0,243,0
36,30,71.5940581161515,3.22340346549317,1.3161133967548,0,101,30000,0,1
36,30,71.5940581161515,3.22340346549317,1.3161133967548,0.1,0,0,54,0
36,30,71.5940581161515,3.22340346549317,1.3161133967548,6.41,0,0,332,0
36,30,71.5940581161515,3.22340346549317,1.3161133967548,11.12,0,0,283,0
36,30,71.5940581161515,3.22340346549317,1.3161133967548,23.84,0,0,113,0
37,30,83.0009639957206,3.35946670484837,0.493688475348568,0,101,30000,0,1
37,30,83.0009639957206,3.35946670484837,0.493688475348568,0.56,0,0,95,0
37,30,83.0009639957206,3.35946670484837,0.493688475348568,11.03,0,0,359,0
37,30,83.0009639957206,3.35946670484837,0.493688475348568,15.02,0,0,156,0
37,30,83.0009639957206,3.35946670484837,0.493688475348568,18.01,0,0,233,0
38,30,57.3752386630608,4.35335695968007,1.16865644318441,0,101,30000,0,1
38,30,57.3752386630608,4.35335695968007,1.16865644318441,11.88,0,0,252,0
38,30,57.3752386630608,4.35335695968007,1.16865644318441,13.44,0,0,192,0
38,30,57.3752386630608,4.35335695968007,1.16865644318441,17.4,0,0,205,0
38,30,57.3752386630608,4.35335695968007,1.16865644318441,22.31,0,0,94,0
39,30,72.5335676727913,3.9565028464013,0.631623284970087,0,101,30000,0,1
39,30,72.5335676727913,3.9565028464013,0.631623284970087,2.87,0,0,324,0
39,30,72.5335676727913,3.9565028464013,0.631623284970087,7.46,0,0,318,0
39,30,72.5335676727913,3.9565028464013,0.631623284970087,13.69,0,0,173,0
39,30,72.5335676727913,3.9565028464013,0.631623284970087,18.7,0,0,120,0
40,30,39.8314472225011,3.16141715415185,1.34571347831697,0,101,30000,0,1
40,30,39.8314472225011,3.16141715415185,1.34571347831697,0.66,0,0,572,0
40,30,39.8314472225011,3.16141715415185,1.34571347831697,0.85,0,0,553,0
40,30,39.8314472225011,3.16141715415185,1.34571347831697,1.39,0,0,561,0
40,30,39.8314472225011,3.16141715415185,1.34571347831697,3.73,0,0,457,0
41,30,61.2667264150034,4.96578153585058,1.15798320269316,0,101,30000,0,1
41,30,61.2667264150034,4.96578153585058,1.15798320269316,5.16,0,0,306,0
41,30,61.2667264150034,4.96578153585058,1.15798320269316,14.65,0,0,186,0
41,30,61.2667264150034,4.96578153585058,1.15798320269316,18.9,0,0,125,0
41,30,61.2667264150034,4.96578153585058,1.15798320269316,19.19,0,0,128,0
42,30,77.5112263348788,2.87941691218073,0.916170639238818,0,101,30000,0,1
42,30,77.5112263348788,2.87941691218073,0.916170639238818,6.26,0,0,344,0
42,30,77.5112263348788,2.87941691218073,0.916170639238818,8.09,0,0,261,0
42,30,77.5112263348788,2.87941691218073,0.916170639238818,17.7,0,0,223,0
42,30,77.5112263348788,2.87941691218073,0.916170639238818,18.04,0,0,137,0
43,30,76.895643213762,7.32797123693897,0.965091859376276,0,101,30000,0,1
43,30,76.895643213762,7.32797123693897,0.965091859376276,2.27,0,0,267,0
43,30,76.895643213762,7.32797123693897,0.965091859376276,2.29,0,0,422,0
43,30,76.895643213762,7.32797123693897,0.965091859376276,7.92,0,0,218,0
43,30,76.895643213762,7.32797123693897,0.965091859376276,19.33,0,0,89,0
44,30,68.9794596302675,3.0743476761246,0.828108913836255,0,101,30000,0,1
44,30,68.9794596302675,3.0743476761246,0.828108913836255,4.67,0,0,315,0
44,30,68.9794596302675,3.0743476761246,0.828108913836255,6.93,0,0,333,0
44,30,68.9794596302675,3.0743476761246,0.828108913836255,8.49,0,0,563,0
44,30,68.9794596302675,3.0743476761246,0.828108913836255,10.65,0,0,228,0
45,30,86.7516452509017,6.94974723707501,1.20170168813943,0,101,30000,0,1
45,30,86.7516452509017,6.94974723707501,1.20170168813943,12.46,0,0,140,0
45,30,86.7516452509017,6.94974723707501,1.20170168813943,16.47,0,0,152,0
45,30,86.7516452509017,6.94974723707501,1.20170168813943,23.07,0,0,64,0
45,30,86.7516452509017,6.94974723707501,1.20170168813943,23.96,0,0,67,0
46,30,57.3449059222173,5.16493966472102,1.15917902188872,0,101,30000,0,1
46,30,57.3449059222173,5.16493966472102,1.15917902188872,12.91,0,0,225,0
46,30,57.3449059222173,5.16493966472102,1.15917902188872,14.16,0,0,143,0
46,30,57.3449059222173,5.16493966472102,1.15917902188872,14.98,0,0,127,0
46,30,57.3449059222173,5.16493966472102,1.15917902188872,17.58,0,0,96,0
47,30,38.9398135901343,4.55258735197374,1.14909118280813,0,101,30000,0,1
47,30,38.9398135901343,4.55258735197374,1.14909118280813,2.49,0,0,657,0
47,30,38.9398135901343,4.55258735197374,1.14909118280813,14.42,0,0,165,0
47,30,38.9398135901343,4.55258735197374,1.14909118280813,20.18,0,0,85,0
47,30,38.9398135901343,4.55258735197374,1.14909118280813,20.94,0,0,97,0
48,30,63.2430506044356,4.66120302624946,0.994994329147174,0,101,30000,0,1
48,30,63.2430506044356,4.66120302624946,0.994994329147174,8.86,0,0,285,0
48,30,63.2430506044356,4.66120302624946,0.994994329147174,9.1,0,0,197,0
48,30,63.2430506044356,4.66120302624946,0.994994329147174,20.27,0,0,107,0
48,30,63.2430506044356,4.66120302624946,0.994994329147174,22.12,0,0,100,0
49,30,51.0016386129572,3.01047303234109,0.958744715365423,0,101,30000,0,1
49,30,51.0016386129572,3.01047303234109,0.958744715365423,0.42,0,0,182,0
49,30,51.0016386129572,3.01047303234109,0.958744715365423,2.33,0,0,535,0
49,30,51.0016386129572,3.01047303234109,0.958744715365423,5.85,0,0,539,0
49,30,51.0016386129572,3.01047303234109,0.958744715365423,17.49,0,0,254,0
50,30,76.9105064992793,2.35686189756665,1.32387197951836,0,101,30000,0,1
50,30,76.9105064992793,2.35686189756665,1.32387197951836,1.09,0,0,363,0
50,30,76.9105064992793,2.35686189756665,1.32387197951836,2.7,0,0,346,0
50,30,76.9105064992793,2.35686189756665,1.32387197951836,11.86,0,0,274,0
50,30,76.9105064992793,2.35686189756665,1.32387197951836,16.73,0,0,210,0
51,30,125.085195436022,4.28898831810377,1.73565647876282,0,101,30000,0,1
51,30,125.085195436022,4.28898831810377,1.73565647876282,3.45,0,0,196,0
51,30,125.085195436022,4.28898831810377,1.73565647876282,11.51,0,0,176,0
51,30,125.085195436022,4.28898831810377,1.73565647876282,16.56,0,0,96,0
51,30,125.085195436022,4.28898831810377,1.73565647876282,17,0,0,147,0
52,30,70.0573960339815,4.43328890662689,1.19179523134578,0,101,30000,0,1
52,30,70.0573960339815,4.43328890662689,1.19179523134578,1.94,0,0,375,0
52,30,70.0573960339815,4.43328890662689,1.19179523134578,2.26,0,0,386,0
52,30,70.0573960339815,4.43328890662689,1.19179523134578,2.85,0,0,365,0
52,30,70.0573960339815,4.43328890662689,1.19179523134578,3.27,0,0,258,0
53,30,99.3586621566587,3.28979136508832,0.724515384097633,0,101,30000,0,1
53,30,99.3586621566587,3.28979136508832,0.724515384097633,2.83,0,0,192,0
53,30,99.3586621566587,3.28979136508832,0.724515384097633,6.3,0,0,282,0
53,30,99.3586621566587,3.28979136508832,0.724515384097633,8.42,0,0,251,0
53,30,99.3586621566587,3.28979136508832,0.724515384097633,23.36,0,0,118,0
54,30,52.9497219828785,3.32318213830918,1.41061065155397,0,101,30000,0,1
54,30,52.9497219828785,3.32318213830918,1.41061065155397,0.5,0,0,280,0
54,30,52.9497219828785,3.32318213830918,1.41061065155397,4.62,0,0,488,0
54,30,52.9497219828785,3.32318213830918,1.41061065155397,6.01,0,0,493,0
54,30,52.9497219828785,3.32318213830918,1.41061065155397,6.35,0,0,365,0
55,30,67.5956249757649,3.39751964088616,0.898921362588498,0,101,30000,0,1
55,30,67.5956249757649,3.39751964088616,0.898921362588498,0.86,0,0,317,0
55,30,67.5956249757649,3.39751964088616,0.898921362588498,2.32,0,0,499,0
55,30,67.5956249757649,3.39751964088616,0.898921362588498,16.49,0,0,209,0
55,30,67.5956249757649,3.39751964088616,0.898921362588498,20.61,0,0,145,0
56,30,76.795874853949,6.91212058502445,0.707639251584483,0,101,30000,0,1
56,30,76.795874853949,6.91212058502445,0.707639251584483,8.1,0,0,287,0
56,30,76.795874853949,6.91212058502445,0.707639251584483,10.08,0,0,157,0
56,30,76.795874853949,6.91212058502445,0.707639251584483,13.48,0,0,99,0
56,30,76.795874853949,6.91212058502445,0.707639251584483,18.69,0,0,68,0
57,30,68.5647942804654,4.96402072975476,0.71270086487025,0,101,30000,0,1
57,30,68.5647942804654,4.96402072975476,0.71270086487025,3.99,0,0,269,0
57,30,68.5647942804654,4.96402072975476,0.71270086487025,13.74,0,0,269,0
57,30,68.5647942804654,4.96402072975476,0.71270086487025,17.25,0,0,140,0
57,30,68.5647942804654,4.96402072975476,0.71270086487025,18.99,0,0,99,0
58,30,59.7636793249149,2.89536634759421,1.03350554824083,0,101,30000,0,1
58,30,59.7636793249149,2.89536634759421,1.03350554824083,4.56,0,0,347,0
58,30,59.7636793249149,2.89536634759421,1.03350554824083,9.63,0,0,411,0
58,30,59.7636793249149,2.89536634759421,1.03350554824083,15.98,0,0,304,0
58,30,59.7636793249149,2.89536634759421,1.03350554824083,21.72,0,0,214,0
59,30,102.853692950642,5.53666966122718,1.48733766134758,0,101,30000,0,1
59,30,102.853692950642,5.53666966122718,1.48733766134758,1.65,0,0,210,0
59,30,102.853692950642,5.53666966122718,1.48733766134758,12.41,0,0,128,0
59,30,102.853692950642,5.53666966122718,1.48733766134758,20.93,0,0,85,0
59,30,102.853692950642,5.53666966122718,1.48733766134758,21.33,0,0,139,0
60,30,95.5033346362634,3.85467097190284,1.05248040351962,0,101,30000,0,1
60,30,95.5033346362634,3.85467097190284,1.05248040351962,5.89,0,0,207,0
60,30,95.5033346362634,3.85467097190284,1.05248040351962,11.21,0,0,157,0
60,30,95.5033346362634,3.85467097190284,1.05248040351962,17.5,0,0,175,0
60,30,95.5033346362634,3.85467097190284,1.05248040351962,21.83,0,0,128,0
61,60,44.6364778694322,4.77710164392295,0.831877899597095,0,101,60000,0,1
61,60,44.6364778694322,4.77710164392295,0.831877899597095,3.09,0,0,709,0
61,60,44.6364778694322,4.77710164392295,0.831877899597095,4.99,0,0,762,0
61,60,44.6364778694322,4.77710164392295,0.831877899597095,12.48,0,0,520,0
61,60,44.6364778694322,4.77710164392295,0.831877899597095,14.31,0,0,312,0
62,60,61.6893622542631,3.53246761471845,0.589373193125593,0,101,60000,0,1
62,60,61.6893622542631,3.53246761471845,0.589373193125593,1.44,0,0,536,0
62,60,61.6893622542631,3.53246761471845,0.589373193125593,14.36,0,0,530,0
62,60,61.6893622542631,3.53246761471845,0.589373193125593,17.8,0,0,335,0
62,60,61.6893622542631,3.53246761471845,0.589373193125593,21.33,0,0,391,0
63,60,78.9330744845494,4.4230317089573,1.23072066272456,0,101,60000,0,1
63,60,78.9330744845494,4.4230317089573,1.23072066272456,2.34,0,0,587,0
63,60,78.9330744845494,4.4230317089573,1.23072066272456,4.73,0,0,543,0
63,60,78.9330744845494,4.4230317089573,1.23072066272456,5.44,0,0,632,0
63,60,78.9330744845494,4.4230317089573,1.23072066272456,15.38,0,0,317,0
64,60,89.9152888378474,5.03231950776409,1.09605650643498,0,101,60000,0,1
64,60,89.9152888378474,5.03231950776409,1.09605650643498,5.86,0,0,604,0
64,60,89.9152888378474,5.03231950776409,1.09605650643498,12.62,0,0,454,0
64,60,89.9152888378474,5.03231950776409,1.09605650643498,18.92,0,0,264,0
64,60,89.9152888378474,5.03231950776409,1.09605650643498,23.36,0,0,197,0
65,60,76.6388616072589,4.65527174499764,1.68253838800026,0,101,60000,0,1
65,60,76.6388616072589,4.65527174499764,1.68253838800026,2.04,0,0,858,0
65,60,76.6388616072589,4.65527174499764,1.68253838800026,5.71,0,0,443,0
65,60,76.6388616072589,4.65527174499764,1.68253838800026,11.68,0,0,381,0
65,60,76.6388616072589,4.65527174499764,1.68253838800026,15.31,0,0,480,0
66,60,57.392928557031,4.11825121497906,1.23882857952708,0,101,60000,0,1
66,60,57.392928557031,4.11825121497906,1.23882857952708,3.61,0,0,701,0
66,60,57.392928557031,4.11825121497906,1.23882857952708,4.67,0,0,1026,0
66,60,57.392928557031,4.11825121497906,1.23882857952708,6.27,0,0,692,0
66,60,57.392928557031,4.11825121497906,1.23882857952708,19.73,0,0,405,0
67,60,101.055316925807,3.60061962607172,1.15669530221846,0,101,60000,0,1
67,60,101.055316925807,3.60061962607172,1.15669530221846,5.79,0,0,559,0
67,60,101.055316925807,3.60061962607172,1.15669530221846,12.89,0,0,546,0
67,60,101.055316925807,3.60061962607172,1.15669530221846,14.39,0,0,391,0
67,60,101.055316925807,3.60061962607172,1.15669530221846,15.99,0,0,257,0
68,60,69.8135949808627,3.89028414675281,0.987123517472785,0,101,60000,0,1
68,60,69.8135949808627,3.89028414675281,0.987123517472785,4.62,0,0,654,0
68,60,69.8135949808627,3.89028414675281,0.987123517472785,5.84,0,0,661,0
68,60,69.8135949808627,3.89028414675281,0.987123517472785,12.07,0,0,536,0
68,60,69.8135949808627,3.89028414675281,0.987123517472785,16.6,0,0,290,0
69,60,65.928972537152,8.32487761201383,1.1610759640165,0,101,60000,0,1
69,60,65.928972537152,8.32487761201383,1.1610759640165,1.2,0,0,739,0
69,60,65.928972537152,8.32487761201383,1.1610759640165,16.26,0,0,121,0
69,60,65.928972537152,8.32487761201383,1.1610759640165,17.5,0,0,118,0
69,60,65.928972537152,8.32487761201383,1.1610759640165,23.02,0,0,59,0
70,60,74.6224059356082,4.1653582648762,0.637451122711307,0,101,60000,0,1
70,60,74.6224059356082,4.1653582648762,0.637451122711307,3.96,0,0,915,0
70,60,74.6224059356082,4.1653582648762,0.637451122711307,19.31,0,0,388,0
70,60,74.6224059356082,4.1653582648762,0.637451122711307,22,0,0,323,0
70,60,74.6224059356082,4.1653582648762,0.637451122711307,23.31,0,0,289,0
71,60,72.0897348392806,4.98118668206134,1.4055110446522,0,101,60000,0,1
71,60,72.0897348392806,4.98118668206134,1.4055110446522,1.25,0,0,831,0
71,60,72.0897348392806,4.98118668206134,1.4055110446522,2.08,0,0,793,0
71,60,72.0897348392806,4.98118668206134,1.4055110446522,11.02,0,0,364,0
71,60,72.0897348392806,4.98118668206134,1.4055110446522,22.42,0,0,211,0
72,60,37.5640988701066,3.76425508741931,0.992367424405769,0,101,60000,0,1
72,60,37.5640988701066,3.76425508741931,0.992367424405769,0.17,0,0,299,0
72,60,37.5640988701066,3.76425508741931,0.992367424405769,1.07,0,0,1090,0
72,60,37.5640988701066,3.76425508741931,0.992367424405769,10.09,0,0,450,0
72,60,37.5640988701066,3.76425508741931,0.992367424405769,13.96,0,0,539,0
73,60,72.0552173750258,5.68777720615339,1.24713973895197,0,101,60000,0,1
73,60,72.0552173750258,5.68777720615339,1.24713973895197,3.81,0,0,623,0
73,60,72.0552173750258,5.68777720615339,1.24713973895197,7.27,0,0,488,0
73,60,72.0552173750258,5.68777720615339,1.24713973895197,8.44,0,0,461,0
73,60,72.0552173750258,5.68777720615339,1.24713973895197,23.23,0,0,126,0
74,60,59.0479933341567,4.33755144654383,2.25052361213887,0,101,60000,0,1
74,60,59.0479933341567,4.33755144654383,2.25052361213887,2.28,0,0,894,0
74,60,59.0479933341567,4.33755144654383,2.25052361213887,11.49,0,0,637,0
74,60,59.0479933341567,4.33755144654383,2.25052361213887,16.32,0,0,338,0
74,60,59.0479933341567,4.33755144654383,2.25052361213887,19.89,0,0,236,0
75,60,81.4547161220525,4.63926455828972,1.01769254754795,0,101,60000,0,1
75,60,81.4547161220525,4.63926455828972,1.01769254754795,8.9,0,0,634,0
75,60,81.4547161220525,4.63926455828972,1.01769254754795,11.91,0,0,410,0
75,60,81.4547161220525,4.63926455828972,1.01769254754795,15.48,0,0,343,0
75,60,81.4547161220525,4.63926455828972,1.01769254754795,18.58,0,0,266,0
76,60,103.495324148104,4.65330066057797,1.27140877183529,0,101,60000,0,1
76,60,103.495324148104,4.65330066057797,1.27140877183529,1.61,0,0,395,0
76,60,103.495324148104,4.65330066057797,1.27140877183529,13.59,0,0,322,0
76,60,103.495324148104,4.65330066057797,1.27140877183529,16.82,0,0,479,0
76,60,103.495324148104,4.65330066057797,1.27140877183529,18.4,0,0,221,0
77,60,52.9445637237298,7.05409992236328,1.05294568704388,0,101,60000,0,1
77,60,52.9445637237298,7.05409992236328,1.05294568704388,3.17,0,0,822,0
77,60,52.9445637237298,7.05409992236328,1.05294568704388,4.55,0,0,868,0
77,60,52.9445637237298,7.05409992236328,1.05294568704388,16.01,0,0,154,0
77,60,52.9445637237298,7.05409992236328,1.05294568704388,18.76,0,0,97,0
78,60,64.9610864118788,3.91205316775612,1.60457569727506,0,101,60000,0,1
78,60,64.9610864118788,3.91205316775612,1.60457569727506,1.94,0,0,826,0
78,60,64.9610864118788,3.91205316775612,1.60457569727506,3.38,0,0,756,0
78,60,64.9610864118788,3.91205316775612,1.60457569727506,13.46,0,0,462,0
78,60,64.9610864118788,3.91205316775612,1.60457569727506,14.34,0,0,314,0
79,60,72.5750765890907,3.43173097746247,1.55125320239554,0,101,60000,0,1
79,60,72.5750765890907,3.43173097746247,1.55125320239554,3.56,0,0,658,0
79,60,72.5750765890907,3.43173097746247,1.55125320239554,5.18,0,0,491,0
79,60,72.5750765890907,3.43173097746247,1.55125320239554,18.69,0,0,392,0
79,60,72.5750765890907,3.43173097746247,1.55125320239554,20.11,0,0,308,0
80,60,68.1057322402276,3.78151476328601,1.22260619479958,0,101,60000,0,1
80,60,68.1057322402276,3.78151476328601,1.22260619479958,5.8,0,0,847,0
80,60,68.1057322402276,3.78151476328601,1.22260619479958,10.52,0,0,425,0
80,60,68.1057322402276,3.78151476328601,1.22260619479958,10.98,0,0,444,0
80,60,68.1057322402276,3.78151476328601,1.22260619479958,15.11,0,0,449,0
81,60,57.5335894128005,2.56935125228437,1.12407195078569,0,101,60000,0,1
81,60,57.5335894128005,2.56935125228437,1.12407195078569,3,0,0,721,0
81,60,57.5335894128005,2.56935125228437,1.12407195078569,12.27,0,0,607,0
81,60,57.5335894128005,2.56935125228437,1.12407195078569,16.96,0,0,580,0
81,60,57.5335894128005,2.56935125228437,1.12407195078569,21.53,0,0,666,0
82,60,40.6842567541567,5.31208098649869,1.04509696451376,0,101,60000,0,1
82,60,40.6842567541567,5.31208098649869,1.04509696451376,5.13,0,0,934,0
82,60,40.6842567541567,5.31208098649869,1.04509696451376,7.94,0,0,501,0
82,60,40.6842567541567,5.31208098649869,1.04509696451376,11.24,0,0,425,0
82,60,40.6842567541567,5.31208098649869,1.04509696451376,16.76,0,0,172,0
83,60,62.1069620141456,6.33693146098922,0.700680273046376,0,101,60000,0,1
83,60,62.1069620141456,6.33693146098922,0.700680273046376,5.2,0,0,670,0
83,60,62.1069620141456,6.33693146098922,0.700680273046376,12.9,0,0,392,0
83,60,62.1069620141456,6.33693146098922,0.700680273046376,19.49,0,0,119,0
83,60,62.1069620141456,6.33693146098922,0.700680273046376,20.94,0,0,150,0
84,60,62.2363771467061,7.47454029967214,1.10443245011014,0,101,60000,0,1
84,60,62.2363771467061,7.47454029967214,1.10443245011014,1.91,0,0,779,0
84,60,62.2363771467061,7.47454029967214,1.10443245011014,3.67,0,0,415,0
84,60,62.2363771467061,7.47454029967214,1.10443245011014,11.74,0,0,252,0
84,60,62.2363771467061,7.47454029967214,1.10443245011014,16.06,0,0,140,0
85,60,74.6308955390455,4.93618690298695,0.940086372210259,0,101,60000,0,1
85,60,74.6308955390455,4.93618690298695,0.940086372210259,1.57,0,0,719,0
85,60,74.6308955390455,4.93618690298695,0.940086372210259,2.59,0,0,639,0
85,60,74.6308955390455,4.93618690298695,0.940086372210259,5.96,0,0,788,0
85,60,74.6308955390455,4.93618690298695,0.940086372210259,21.2,0,0,171,0
86,60,64.2092758532672,4.91264838508811,0.72790844436552,0,101,60000,0,1
86,60,64.2092758532672,4.91264838508811,0.72790844436552,0.02,0,0,14,0
86,60,64.2092758532672,4.91264838508811,0.72790844436552,3.25,0,0,575,0
86,60,64.2092758532672,4.91264838508811,0.72790844436552,12.36,0,0,472,0
86,60,64.2092758532672,4.91264838508811,0.72790844436552,22.22,0,0,219,0
87,60,51.5194858953871,5.21153839309322,1.15910446686171,0,101,60000,0,1
87,60,51.5194858953871,5.21153839309322,1.15910446686171,6.81,0,0,571,0
87,60,51.5194858953871,5.21153839309322,1.15910446686171,9.92,0,0,717,0
87,60,51.5194858953871,5.21153839309322,1.15910446686171,12.9,0,0,316,0
87,60,51.5194858953871,5.21153839309322,1.15910446686171,16.85,0,0,329,0
88,60,81.159351612548,2.79086957412488,0.904745431066269,0,101,60000,0,1
88,60,81.159351612548,2.79086957412488,0.904745431066269,15.42,0,0,394,0
88,60,81.159351612548,2.79086957412488,0.904745431066269,15.56,0,0,370,0
88,60,81.159351612548,2.79086957412488,0.904745431066269,19.09,0,0,455,0
88,60,81.159351612548,2.79086957412488,0.904745431066269,22.42,0,0,288,0
89,60,64.9290748402425,3.12959435840366,0.981605259351764,0,101,60000,0,1
89,60,64.9290748402425,3.12959435840366,0.981605259351764,12.17,0,0,549,0
89,60,64.9290748402425,3.12959435840366,0.981605259351764,12.44,0,0,408,0
89,60,64.9290748402425,3.12959435840366,0.981605259351764,14.83,0,0,556,0
89,60,64.9290748402425,3.12959435840366,0.981605259351764,22.02,0,0,310,0
90,60,86.8842708149671,4.29346245624623,1.51793070825293,0,101,60000,0,1
90,60,86.8842708149671,4.29346245624623,1.51793070825293,3.86,0,0,555,0
90,60,86.8842708149671,4.29346245624623,1.51793070825293,14.5,0,0,313,0
90,60,86.8842708149671,4.29346245624623,1.51793070825293,19.83,0,0,250,0
90,60,86.8842708149671,4.29346245624623,1.51793070825293,21.15,0,0,268,0
91,120,59.7705988815456,4.74350155595558,1.24641697308435,0,101,120000,0,1
91,120,59.7705988815456,4.74350155595558,1.24641697308435,4.3,0,0,1241,0
91,120,59.7705988815456,4.74350155595558,1.24641697308435,9.11,0,0,839,0
91,120,59.7705988815456,4.74350155595558,1.24641697308435,17.15,0,0,614,0
91,120,59.7705988815456,4.74350155595558,1.24641697308435,18.04,0,0,437,0
92,120,54.1666599361105,3.49758057620707,0.874594752788861,0,101,120000,0,1
92,120,54.1666599361105,3.49758057620707,0.874594752788861,4.84,0,0,2193,0
92,120,54.1666599361105,3.49758057620707,0.874594752788861,11.41,0,0,1299,0
92,120,54.1666599361105,3.49758057620707,0.874594752788861,16.78,0,0,728,0
92,120,54.1666599361105,3.49758057620707,0.874594752788861,17.85,0,0,591,0
93,120,100.855040377527,2.78356967017552,0.931734644229942,0,101,120000,0,1
93,120,100.855040377527,2.78356967017552,0.931734644229942,1.01,0,0,793,0
93,120,100.855040377527,2.78356967017552,0.931734644229942,11.38,0,0,648,0
93,120,100.855040377527,2.78356967017552,0.931734644229942,19.34,0,0,884,0
93,120,100.855040377527,2.78356967017552,0.931734644229942,22.5,0,0,771,0
94,120,164.359871667972,3.98715616936015,1.0169899561277,0,101,120000,0,1
94,120,164.359871667972,3.98715616936015,1.0169899561277,3.57,0,0,568,0
94,120,164.359871667972,3.98715616936015,1.0169899561277,4.02,0,0,602,0
94,120,164.359871667972,3.98715616936015,1.0169899561277,19.79,0,0,586,0
94,120,164.359871667972,3.98715616936015,1.0169899561277,20.88,0,0,510,0
95,120,113.087081510083,4.68454752906472,0.791961441494403,0,101,120000,0,1
95,120,113.087081510083,4.68454752906472,0.791961441494403,3.01,0,0,895,0
95,120,113.087081510083,4.68454752906472,0.791961441494403,18.1,0,0,601,0
95,120,113.087081510083,4.68454752906472,0.791961441494403,19.61,0,0,586,0
95,120,113.087081510083,4.68454752906472,0.791961441494403,22.54,0,0,481,0
96,120,35.8128207457553,2.79891468340886,1.52270187582996,0,101,120000,0,1
96,120,35.8128207457553,2.79891468340886,1.52270187582996,3.42,0,0,2712,0
96,120,35.8128207457553,2.79891468340886,1.52270187582996,14.4,0,0,1020,0
96,120,35.8128207457553,2.79891468340886,1.52270187582996,15.05,0,0,1655,0
96,120,35.8128207457553,2.79891468340886,1.52270187582996,17.36,0,0,1267,0
97,120,37.7575795274352,3.78092809772112,0.760599581868602,0,101,120000,0,1
97,120,37.7575795274352,3.78092809772112,0.760599581868602,0.44,0,0,746,0
97,120,37.7575795274352,3.78092809772112,0.760599581868602,11.64,0,0,993,0
97,120,37.7575795274352,3.78092809772112,0.760599581868602,20.75,0,0,480,0
97,120,37.7575795274352,3.78092809772112,0.760599581868602,21.33,0,0,585,0
98,120,64.9973727791133,4.32037068931239,0.996277705737577,0,101,120000,0,1
98,120,64.9973727791133,4.32037068931239,0.996277705737577,7.76,0,0,1322,0
98,120,64.9973727791133,4.32037068931239,0.996277705737577,12.72,0,0,621,0
98,120,64.9973727791133,4.32037068931239,0.996277705737577,13.74,0,0,627,0
98,120,64.9973727791133,4.32037068931239,0.996277705737577,18.72,0,0,700,0
99,120,85.4839888256298,3.37563705571801,0.77793559210459,0,101,120000,0,1
99,120,85.4839888256298,3.37563705571801,0.77793559210459,5.5,0,0,1152,0
99,120,85.4839888256298,3.37563705571801,0.77793559210459,9.61,0,0,927,0
99,120,85.4839888256298,3.37563705571801,0.77793559210459,12.94,0,0,948,0
99,120,85.4839888256298,3.37563705571801,0.77793559210459,21.62,0,0,570,0
100,120,62.6856280753873,3.49918328800643,0.742888756759851,0,101,120000,0,1
100,120,62.6856280753873,3.49918328800643,0.742888756759851,0.71,0,0,1050,0
100,120,62.6856280753873,3.49918328800643,0.742888756759851,3.94,0,0,2182,0
100,120,62.6856280753873,3.49918328800643,0.742888756759851,14.27,0,0,1038,0
100,120,62.6856280753873,3.49918328800643,0.742888756759851,23.94,0,0,583,0
101,120,57.6018409706603,4.29466126429363,0.657527893553071,0,101,120000,0,1
101,120,57.6018409706603,4.29466126429363,0.657527893553071,0.04,0,0,52,0
101,120,57.6018409706603,4.29466126429363,0.657527893553071,8.51,0,0,1330,0
101,120,57.6018409706603,4.29466126429363,0.657527893553071,10.56,0,0,1439,0
101,120,57.6018409706603,4.29466126429363,0.657527893553071,15.65,0,0,677,0
102,120,44.2731082599073,4.14286871984922,0.756342418190582,0,101,120000,0,1
102,120,44.2731082599073,4.14286871984922,0.756342418190582,3.01,0,0,2708,0
102,120,44.2731082599073,4.14286871984922,0.756342418190582,3.54,0,0,1912,0
102,120,44.2731082599073,4.14286871984922,0.756342418190582,10.8,0,0,1198,0
102,120,44.2731082599073,4.14286871984922,0.756342418190582,14.5,0,0,1050,0
103,120,75.5930105893637,2.75802374863674,0.953628001545863,0,101,120000,0,1
103,120,75.5930105893637,2.75802374863674,0.953628001545863,13.44,0,0,691,0
103,120,75.5930105893637,2.75802374863674,0.953628001545863,13.54,0,0,646,0
103,120,75.5930105893637,2.75802374863674,0.953628001545863,17.47,0,0,624,0
103,120,75.5930105893637,2.75802374863674,0.953628001545863,21.18,0,0,786,0
104,120,83.5645301732291,3.6842891286722,0.614421513042476,0,101,120000,0,1
104,120,83.5645301732291,3.6842891286722,0.614421513042476,1.03,0,0,794,0
104,120,83.5645301732291,3.6842891286722,0.614421513042476,2.27,0,0,1143,0
104,120,83.5645301732291,3.6842891286722,0.614421513042476,7.67,0,0,1028,0
104,120,83.5645301732291,3.6842891286722,0.614421513042476,14.17,0,0,795,0
105,120,77.9599958602823,4.43063642631551,1.12839120836107,0,101,120000,0,1
105,120,77.9599958602823,4.43063642631551,1.12839120836107,6.96,0,0,993,0
105,120,77.9599958602823,4.43063642631551,1.12839120836107,8.41,0,0,1189,0
105,120,77.9599958602823,4.43063642631551,1.12839120836107,8.65,0,0,1308,0
105,120,77.9599958602823,4.43063642631551,1.12839120836107,17.93,0,0,808,0
106,120,99.6693648426005,3.68640083420661,0.999498754328367,0,101,120000,0,1
106,120,99.6693648426005,3.68640083420661,0.999498754328367,1.07,0,0,800,0
106,120,99.6693648426005,3.68640083420661,0.999498754328367,11.09,0,0,1126,0
106,120,99.6693648426005,3.68640083420661,0.999498754328367,14.95,0,0,603,0
106,120,99.6693648426005,3.68640083420661,0.999498754328367,22.27,0,0,623,0
107,120,64.4201690470983,7.34387845224749,0.981516021359329,0,101,120000,0,1
107,120,64.4201690470983,7.34387845224749,0.981516021359329,6.39,0,0,1478,0
107,120,64.4201690470983,7.34387845224749,0.981516021359329,7.52,0,0,838,0
107,120,64.4201690470983,7.34387845224749,0.981516021359329,7.98,0,0,713,0
107,120,64.4201690470983,7.34387845224749,0.981516021359329,21.17,0,0,249,0
108,120,92.8667493370119,3.4680786575754,0.871409056721681,0,101,120000,0,1
108,120,92.8667493370119,3.4680786575754,0.871409056721681,1.21,0,0,807,0
108,120,92.8667493370119,3.4680786575754,0.871409056721681,6.38,0,0,1259,0
108,120,92.8667493370119,3.4680786575754,0.871409056721681,9.14,0,0,1338,0
108,120,92.8667493370119,3.4680786575754,0.871409056721681,14.11,0,0,684,0
109,120,68.0230996574708,4.74159306447078,0.87556820888422,0,101,120000,0,1
109,120,68.0230996574708,4.74159306447078,0.87556820888422,1.81,0,0,1327,0
109,120,68.0230996574708,4.74159306447078,0.87556820888422,19.01,0,0,452,0
109,120,68.0230996574708,4.74159306447078,0.87556820888422,21.58,0,0,583,0
109,120,68.0230996574708,4.74159306447078,0.87556820888422,22.73,0,0,476,0
110,120,59.3099205615985,5.11061107092706,0.938550247025381,0,101,120000,0,1
110,120,59.3099205615985,5.11061107092706,0.938550247025381,2.7,0,0,1534,0
110,120,59.3099205615985,5.11061107092706,0.938550247025381,4.71,0,0,1801,0
110,120,59.3099205615985,5.11061107092706,0.938550247025381,10.91,0,0,863,0
110,120,59.3099205615985,5.11061107092706,0.938550247025381,16.58,0,0,686,0
111,120,68.5751411260398,2.95298746439125,0.924971408240327,0,101,120000,0,1
111,120,68.5751411260398,2.95298746439125,0.924971408240327,3.64,0,0,1194,0
111,120,68.5751411260398,2.95298746439125,0.924971408240327,6.59,0,0,1131,0
111,120,68.5751411260398,2.95298746439125,0.924971408240327,17.55,0,0,1551,0
111,120,68.5751411260398,2.95298746439125,0.924971408240327,21.36,0,0,709,0
112,120,49.7341548998081,3.72228498039378,0.588772303102731,0,101,120000,0,1
112,120,49.7341548998081,3.72228498039378,0.588772303102731,0.32,0,0,352,0
112,120,49.7341548998081,3.72228498039378,0.588772303102731,7.96,0,0,1363,0
112,120,49.7341548998081,3.72228498039378,0.588772303102731,10.01,0,0,1149,0
112,120,49.7341548998081,3.72228498039378,0.588772303102731,15.72,0,0,942,0
113,120,59.6396205838355,4.80740382955039,0.821948689337862,0,101,120000,0,1
113,120,59.6396205838355,4.80740382955039,0.821948689337862,6.41,0,0,1072,0
113,120,59.6396205838355,4.80740382955039,0.821948689337862,7.86,0,0,1199,0
113,120,59.6396205838355,4.80740382955039,0.821948689337862,9.99,0,0,1040,0
113,120,59.6396205838355,4.80740382955039,0.821948689337862,21.82,0,0,257,0
114,120,144.975836347869,3.04216744225478,1.2856972239898,0,101,120000,0,1
114,120,144.975836347869,3.04216744225478,1.2856972239898,12.81,0,0,588,0
114,120,144.975836347869,3.04216744225478,1.2856972239898,15.52,0,0,637,0
114,120,144.975836347869,3.04216744225478,1.2856972239898,16.6,0,0,682,0
114,120,144.975836347869,3.04216744225478,1.2856972239898,22.23,0,0,554,0
115,120,86.4107715124572,7.90926401051135,0.546624749200234,0,101,120000,0,1
115,120,86.4107715124572,7.90926401051135,0.546624749200234,2.27,0,0,847,0
115,120,86.4107715124572,7.90926401051135,0.546624749200234,6.16,0,0,876,0
115,120,86.4107715124572,7.90926401051135,0.546624749200234,8.73,0,0,920,0
115,120,86.4107715124572,7.90926401051135,0.546624749200234,15.01,0,0,320,0
116,120,91.806029698137,4.61927974516561,0.670556298550069,0,101,120000,0,1
116,120,91.806029698137,4.61927974516561,0.670556298550069,0.55,0,0,418,0
116,120,91.806029698137,4.61927974516561,0.670556298550069,6.75,0,0,920,0
116,120,91.806029698137,4.61927974516561,0.670556298550069,12.13,0,0,776,0
116,120,91.806029698137,4.61927974516561,0.670556298550069,20.66,0,0,555,0
117,120,45.788414685182,3.99569455532971,0.701908670159748,0,101,120000,0,1
117,120,45.788414685182,3.99569455532971,0.701908670159748,9.94,0,0,1054,0
117,120,45.788414685182,3.99569455532971,0.701908670159748,10.87,0,0,1657,0
117,120,45.788414685182,3.99569455532971,0.701908670159748,16.79,0,0,616,0
117,120,45.788414685182,3.99569455532971,0.701908670159748,18.32,0,0,595,0
118,120,86.6233083163836,3.95609787031749,1.24808305151019,0,101,120000,0,1
118,120,86.6233083163836,3.95609787031749,1.24808305151019,3.42,0,0,1531,0
118,120,86.6233083163836,3.95609787031749,1.24808305151019,18.97,0,0,484,0
118,120,86.6233083163836,3.95609787031749,1.24808305151019,19.89,0,0,550,0
118,120,86.6233083163836,3.95609787031749,1.24808305151019,19.96,0,0,765,0
119,120,64.3342988950344,3.37928533467686,1.38354588589385,0,101,120000,0,1
119,120,64.3342988950344,3.37928533467686,1.38354588589385,0.14,0,0,364,0
119,120,64.3342988950344,3.37928533467686,1.38354588589385,10.02,0,0,1384,0
119,120,64.3342988950344,3.37928533467686,1.38354588589385,12.03,0,0,1129,0
119,120,64.3342988950344,3.37928533467686,1.38354588589385,17.88,0,0,765,0
120,120,68.0496878404828,4.04737037525591,1.22514734762769,0,101,120000,0,1
120,120,68.0496878404828,4.04737037525591,1.22514734762769,0.7,0,0,950,0
120,120,68.0496878404828,4.04737037525591,1.22514734762769,9.72,0,0,1008,0
120,120,68.0496878404828,4.04737037525591,1.22514734762769,16.22,0,0,572,0
120,120,68.0496878404828,4.04737037525591,1.22514734762769,21.01,0,0,478,0
