ID,DOSE,V,CL,KA,TIME,EVID,AMT,DV,EVIDNM
1,10,60.8040798840727,6.86853940945697,0.861912490842838,0,101,10000,0,1
1,10,60.8040798840727,6.86853940945697,0.861912490842838,5.7,0,0,103,0
1,10,60.8040798840727,6.86853940945697,0.861912490842838,7.64,0,0,72,0
1,10,60.8040798840727,6.86853940945697,0.861912490842838,21,0,0,24,0
1,10,60.8040798840727,6.86853940945697,0.861912490842838,22.39,0,0,14,0
2,10,60.1967324785589,3.81741217708873,1.35579664802578,0,101,10000,0,1
2,10,60.1967324785589,3.81741217708873,1.35579664802578,9.84,0,0,108,0
2,10,60.1967324785589,3.81741217708873,1.35579664802578,11.96,0,0,106,0
2,10,60.1967324785589,3.81741217708873,1.35579664802578,13.14,0,0,92,0
2,10,60.1967324785589,3.81741217708873,1.35579664802578,16.58,0,0,53,0
3,10,77.9627115062693,2.59052722596174,0.921047524720875,0,101,10000,0,1
3,10,77.9627115062693,2.59052722596174,0.921047524720875,4.07,0,0,89,0
3,10,77.9627115062693,2.59052722596174,0.921047524720875,14.43,0,0,79,0
3,10,77.9627115062693,2.59052722596174,0.921047524720875,15.39,0,0,71,0
3,10,77.9627115062693,2.59052722596174,0.921047524720875,21.24,0,0,57,0
4,10,80.9511264027384,3.79352104509509,1.21750818688317,0,101,10000,0,1
4,10,80.9511264027384,3.79352104509509,1.21750818688317,1.83,0,0,101,0
4,10,80.9511264027384,3.79352104509509,1.21750818688317,2.29,0,0,126,0
4,10,80.9511264027384,3.79352104509509,1.21750818688317,5.04,0,0,77,0
4,10,80.9511264027384,3.79352104509509,1.21750818688317,23.1,0,0,52,0
5,10,97.4722710184531,4.33136300190188,0.544309071800443,0,101,10000,0,1
5,10,97.4722710184531,4.33136300190188,0.544309071800443,5.64,0,0,102,0
5,10,97.4722710184531,4.33136300190188,0.544309071800443,13.33,0,0,52,0
5,10,97.4722710184531,4.33136300190188,0.544309071800443,17.43,0,0,64,0
5,10,97.4722710184531,4.33136300190188,0.544309071800443,23.98,0,0,38,0
6,10,70.9987529206548,3.19352794045482,1.38061476288091,0,101,10000,0,1
6,10,70.9987529206548,3.19352794045482,1.38061476288091,8.82,0,0,93,0
6,10,70.9987529206548,3.19352794045482,1.38061476288091,12.32,0,0,91,0
6,10,70.9987529206548,3.19352794045482,1.38061476288091,12.59,0,0,83,0
6,10,70.9987529206548,3.19352794045482,1.38061476288091,18.11,0,0,67,0
7,10,43.1236760379371,3.89484660654543,1.67740330536963,0,101,10000,0,1
7,10,43.1236760379371,3.89484660654543,1.67740330536963,3.66,0,0,206,0
7,10,43.1236760379371,3.89484660654543,1.67740330536963,11.87,0,0,78,0
7,10,43.1236760379371,3.89484660654543,1.67740330536963,15.22,0,0,54,0
7,10,43.1236760379371,3.89484660654543,1.67740330536963,18.02,0,0,46,0
8,10,76.1803474210781,2.90896448582985,1.18220665774034,0,101,10000,0,1
8,10,76.1803474210781,2.90896448582985,1.18220665774034,9.02,0,0,102,0
8,10,76.1803474210781,2.90896448582985,1.18220665774034,14.33,0,0,81,0
8,10,76.1803474210781,2.90896448582985,1.18220665774034,17.21,0,0,71,0
8,10,76.1803474210781,2.90896448582985,1.18220665774034,23.09,0,0,54,0
9,10,66.1927936108632,4.65799770379268,1.13920879961829,0,101,10000,0,1
9,10,66.1927936108632,4.65799770379268,1.13920879961829,11.03,0,0,58,0
9,10,66.1927936108632,4.65799770379268,1.13920879961829,12.25,0,0,66,0
9,10,66.1927936108632,4.65799770379268,1.13920879961829,18.51,0,0,48,0
9,10,66.1927936108632,4.65799770379268,1.13920879961829,18.82,0,0,50,0
10,10,63.9811927784921,3.9898965138958,0.702401828475273,0,101,10000,0,1
10,10,63.9811927784921,3.9898965138958,0.702401828475273,11.56,0,0,76,0
10,10,63.9811927784921,3.9898965138958,0.702401828475273,17.28,0,0,53,0
10,10,63.9811927784921,3.9898965138958,0.702401828475273,19.1,0,0,69,0
10,10,63.9811927784921,3.9898965138958,0.702401828475273,23.9,0,0,31,0
11,10,66.3131194283372,3.42805146575521,0.809430251884371,0,101,10000,0,1
11,10,66.3131194283372,3.42805146575521,0.809430251884371,11.22,0,0,131,0
11,10,66.3131194283372,3.42805146575521,0.809430251884371,14.12,0,0,84,0
11,10,66.3131194283372,3.42805146575521,0.809430251884371,20.47,0,0,52,0
11,10,66.3131194283372,3.42805146575521,0.809430251884371,23.42,0,0,39,0
12,10,64.8382016637648,4.16574350849519,0.80146878606343,0,101,10000,0,1
12,10,64.8382016637648,4.16574350849519,0.80146878606343,1.47,0,0,131,0
12,10,64.8382016637648,4.16574350849519,0.80146878606343,12.68,0,0,74,0
12,10,64.8382016637648,4.16574350849519,0.80146878606343,23.65,0,0,30,0
12,10,64.8382016637648,4.16574350849519,0.80146878606343,23.73,0,0,39,0
13,10,123.493323429763,4.0664300541219,1.19995244244068,0,101,10000,0,1
13,10,123.493323429763,4.0664300541219,1.19995244244068,6.78,0,0,47,0
13,10,123.493323429763,4.0664300541219,1.19995244244068,17.16,0,0,42,0
13,10,123.493323429763,4.0664300541219,1.19995244244068,18.5,0,0,62,0
13,10,123.493323429763,4.0664300541219,1.19995244244068,21.57,0,0,49,0
14,10,108.762449733343,4.36212308882205,1.00040781755199,0,101,10000,0,1
14,10,108.762449733343,4.36212308882205,1.00040781755199,3.85,0,0,98,0
14,10,108.762449733343,4.36212308882205,1.00040781755199,11.63,0,0,71,0
14,10,108.762449733343,4.36212308882205,1.00040781755199,14.88,0,0,47,0
14,10,108.762449733343,4.36212308882205,1.00040781755199,16.93,0,0,57,0
15,10,54.282248243503,5.31755577651503,0.908192262769129,0,101,10000,0,1
15,10,54.282248243503,5.31755577651503,0.908192262769129,1.91,0,0,169,0
15,10,54.282248243503,5.31755577651503,0.908192262769129,11.54,0,0,80,0
15,10,54.282248243503,5.31755577651503,0.908192262769129,19.21,0,0,29,0
15,10,54.282248243503,5.31755577651503,0.908192262769129,19.59,0,0,34,0
16,10,44.5716426083529,6.47517304561049,1.91749691246462,0,101,10000,0,1
16,10,44.5716426083529,6.47517304561049,1.91749691246462,1.59,0,0,190,0
16,10,44.5716426083529,6.47517304561049,1.91749691246462,6.58,0,0,86,0
16,10,44.5716426083529,6.47517304561049,1.91749691246462,15.24,0,0,29,0
16,10,44.5716426083529,6.47517304561049,1.91749691246462,22.17,0,0,10,0
17,10,60.6848185793224,6.07428018645963,1.13469934521006,0,101,10000,0,1
17,10,60.6848185793224,6.07428018645963,1.13469934521006,4.08,0,0,98,0
17,10,60.6848185793224,6.07428018645963,1.13469934521006,8.07,0,0,87,0
17,10,60.6848185793224,6.07428018645963,1.13469934521006,11.83,0,0,59,0
17,10,60.6848185793224,6.07428018645963,1.13469934521006,12.06,0,0,58,0
18,10,42.3008369355865,3.95139476907629,0.77297887664876,0,101,10000,0,1
18,10,42.3008369355865,3.95139476907629,0.77297887664876,4.3,0,0,184,0
18,10,42.3008369355865,3.95139476907629,0.77297887664876,8.72,0,0,155,0
18,10,42.3008369355865,3.95139476907629,0.77297887664876,17.22,0,0,69,0
18,10,42.3008369355865,3.95139476907629,0.77297887664876,18.08,0,0,52,0
19,10,51.5712545612665,3.95014410688521,1.17404344222963,0,101,10000,0,1
19,10,51.5712545612665,3.95014410688521,1.17404344222963,7.3,0,0,103,0
19,10,51.5712545612665,3.95014410688521,1.17404344222963,10.41,0,0,128,0
19,10,51.5712545612665,3.95014410688521,1.17404344222963,10.75,0,0,113,0
19,10,51.5712545612665,3.95014410688521,1.17404344222963,11.68,0,0,73,0
20,10,72.5443520925389,3.76062850736046,1.13393120227926,0,101,10000,0,1
20,10,72.5443520925389,3.76062850736046,1.13393120227926,2.97,0,0,146,0
20,10,72.5443520925389,3.76062850736046,1.13393120227926,4.4,0,0,121,0
20,10,72.5443520925389,3.76062850736046,1.13393120227926,5.47,0,0,125,0
20,10,72.5443520925389,3.76062850736046,1.13393120227926,11.77,0,0,76,0
21,10,57.9927177816397,4.27813914547343,1.28640635332579,0,101,10000,0,1
21,10,57.9927177816397,4.27813914547343,1.28640635332579,1.75,0,0,141,0
21,10,57.9927177816397,4.27813914547343,1.28640635332579,6.73,0,0,146,0
21,10,57.9927177816397,4.27813914547343,1.28640635332579,11.5,0,0,60,0
21,10,57.9927177816397,4.27813914547343,1.28640635332579,18.58,0,0,33,0
22,10,92.2684317333902,5.27449586270712,0.559150106489141,0,101,10000,0,1
22,10,92.2684317333902,5.27449586270712,0.559150106489141,2.97,0,0,85,0
22,10,92.2684317333902,5.27449586270712,0.559150106489141,4.7,0,0,101,0
22,10,92.2684317333902,5.27449586270712,0.559150106489141,20.54,0,0,33,0
22,10,92.2684317333902,5.27449586270712,0.559150106489141,21.53,0,0,35,0
23,10,53.7216414294391,4.60562247098651,0.885727691163255,0,101,10000,0,1
23,10,53.7216414294391,4.60562247098651,0.885727691163255,0.19,0,0,33,0
23,10,53.7216414294391,4.60562247098651,0.885727691163255,0.7,0,0,80,0
23,10,53.7216414294391,4.60562247098651,0.885727691163255,22.91,0,0,40,0
23,10,53.7216414294391,4.60562247098651,0.885727691163255,23.62,0,0,34,0
24,10,72.8393516913912,2.19839305811783,1.00745412973254,0,101,10000,0,1
24,10,72.8393516913912,2.19839305811783,1.00745412973254,3.08,0,0,100,0
24,10,72.8393516913912,2.19839305811783,1.00745412973254,8.64,0,0,73,0
24,10,72.8393516913912,2.19839305811783,1.00745412973254,15,0,0,89,0
24,10,72.8393516913912,2.19839305811783,1.00745412973254,22.83,0,0,71,0
25,10,74.549893677834,3.03184129440368,0.88410916296471,0,101,10000,0,1
25,10,74.549893677834,3.03184129440368,0.88410916296471,7.34,0,0,97,0
25,10,74.549893677834,3.03184129440368,0.88410916296471,8.06,0,0,112,0
25,10,74.549893677834,3.03184129440368,0.88410916296471,12.61,0,0,119,0
25,10,74.549893677834,3.03184129440368,0.88410916296471,22.57,0,0,54,0
26,10,78.9518419554663,2.53646410699217,0.617102326648165,0,101,10000,0,1
26,10,78.9518419554663,2.53646410699217,0.617102326648165,10.7,0,0,116,0
26,10,78.9518419554663,2.53646410699217,0.617102326648165,17.56,0,0,88,0
26,10,78.9518419554663,2.53646410699217,0.617102326648165,18.74,0,0,54,0
26,10,78.9518419554663,2.53646410699217,0.617102326648165,23.95,0,0,71,0
27,10,87.7506979176654,3.85684639573074,0.990339818869405,0,101,10000,0,1
27,10,87.7506979176654,3.85684639573074,0.990339818869405,1.68,0,0,114,0
27,10,87.7506979176654,3.85684639573074,0.990339818869405,3.67,0,0,89,0
27,10,87.7506979176654,3.85684639573074,0.990339818869405,3.8,0,0,97,0
27,10,87.7506979176654,3.85684639573074,0.990339818869405,7.12,0,0,55,0
28,10,104.057629926174,6.85968079461827,0.900254413698744,0,101,10000,0,1
28,10,104.057629926174,6.85968079461827,0.900254413698744,6.24,0,0,45,0
28,10,104.057629926174,6.85968079461827,0.900254413698744,6.6,0,0,94,0
28,10,104.057629926174,6.85968079461827,0.900254413698744,10.09,0,0,59,0
28,10,104.057629926174,6.85968079461827,0.900254413698744,22.62,0,0,25,0
29,10,69.3348091164044,2.36598965090589,1.35938575854556,0,101,10000,0,1
29,10,69.3348091164044,2.36598965090589,1.35938575854556,8.83,0,0,131,0
29,10,69.3348091164044,2.36598965090589,1.35938575854556,10.05,0,0,92,0
29,10,69.3348091164044,2.36598965090589,1.35938575854556,13.56,0,0,77,0
29,10,69.3348091164044,2.36598965090589,1.35938575854556,15.26,0,0,96,0
30,10,66.5439422057664,4.94094742445651,1.35770660453528,0,101,10000,0,1
30,10,66.5439422057664,4.94094742445651,1.35770660453528,2.63,0,0,108,0
30,10,66.5439422057664,4.94094742445651,1.35770660453528,16.02,0,0,42,0
30,10,66.5439422057664,4.94094742445651,1.35770660453528,19.79,0,0,33,0
30,10,66.5439422057664,4.94094742445651,1.35770660453528,23.83,0,0,34,0
31,30,89.0805243554884,5.47388786969262,1.34122747926023,0,101,30000,0,1
31,30,89.0805243554884,5.47388786969262,1.34122747926023,0.48,0,0,166,0
31,30,89.0805243554884,5.47388786969262,1.34122747926023,5.97,0,0,200,0
31,30,89.0805243554884,5.47388786969262,1.34122747926023,10.59,0,0,180,0
31,30,89.0805243554884,5.47388786969262,1.34122747926023,14.77,0,0,130,0
32,30,74.3538718618,3.67939685837165,1.13272800374542,0,101,30000,0,1
32,30,74.3538718618,3.67939685837165,1.13272800374542,5.22,0,0,372,0
32,30,74.3538718618,3.67939685837165,1.13272800374542,9.62,0,0,255,0
32,30,74.3538718618,3.67939685837165,1.13272800374542,11.98,0,0,266,0
32,30,74.3538718618,3.67939685837165,1.13272800374542,14.56,0,0,259,0
33,30,125.458680640386,4.87759097458283,1.24371703840707,0,101,30000,0,1
33,30,125.458680640386,4.87759097458283,1.24371703840707,9.31,0,0,141,0
33,30,125.458680640386,4.87759097458283,1.24371703840707,12.82,0,0,145,0
33,30,125.458680640386,4.87759097458283,1.24371703840707,19.03,0,0,134,0
33,30,125.458680640386,4.87759097458283,1.24371703840707,20.15,0,0,112,0
34,30,89.7654599230317,3.19613211760019,1.46921347312029,0,101,30000,0,1
34,30,89.7654599230317,3.19613211760019,1.46921347312029,3.24,0,0,386,0
34,30,89.7654599230317,3.19613211760019,1.46921347312029,4.57,0,0,200,0
34,30,89.7654599230317,3.19613211760019,1.46921347312029,14.95,0,0,178,0
34,30,89.7654599230317,3.19613211760019,1.46921347312029,16.05,0,0,185,0
35,30,63.7349709521103,3.51420674752125,1.313611848542,0,101,30000,0,1
35,30,63.7349709521103,3.51420674752125,1.313611848542,0.63,0,0,277,0
35,30,63.7349709521103,3.51420674752125,1.313611848542,13.04,0,0,193,0
35,30,63.7349709521103,3.51420674752125,1.313611848542,19.65,0,0,159,0
35,30,63.7349709521103,3.51420674752125,1.313611848542,21.18,0,0,132,0
36,30,114.65549670545,6.29888565014867,0.667407066830564,0,101,30000,0,1
36,30,114.65549670545,6.29888565014867,0.667407066830564,2.43,0,0,196,0
36,30,114.65549670545,6.29888565014867,0.667407066830564,11.07,0,0,145,0
36,30,114.65549670545,6.29888565014867,0.667407066830564,13.24,0,0,126,0
36,30,114.65549670545,6.29888565014867,0.667407066830564,13.32,0,0,120,0
37,30,95.3204591244511,3.23275646958606,0.605491870255387,0,101,30000,0,1
37,30,95.3204591244511,3.23275646958606,0.605491870255387,5.02,0,0,385,0
37,30,95.3204591244511,3.23275646958606,0.605491870255387,11.91,0,0,149,0
37,30,95.3204591244511,3.23275646958606,0.605491870255387,14.92,0,0,261,0
37,30,95.3204591244511,3.23275646958606,0.605491870255387,16.49,0,0,188,0
38,30,84.1795446235687,5.40408721298172,1.30438236605677,0,101,30000,0,1
38,30,84.1795446235687,5.40408721298172,1.30438236605677,1.69,0,0,274,0
38,30,84.1795446235687,5.40408721298172,1.30438236605677,8.37,0,0,231,0
38,30,84.1795446235687,5.40408721298172,1.30438236605677,14.57,0,0,134,0
38,30,84.1795446235687,5.40408721298172,1.30438236605677,15.81,0,0,103,0
39,30,42.5287561551449,3.19249054577838,1.01800092705264,0,101,30000,0,1
39,30,42.5287561551449,3.19249054577838,1.01800092705264,3.65,0,0,491,0
39,30,42.5287561551449,3.19249054577838,1.01800092705264,8.14,0,0,415,0
39,30,42.5287561551449,3.19249054577838,1.01800092705264,12.78,0,0,235,0
39,30,42.5287561551449,3.19249054577838,1.01800092705264,21.37,0,0,118,0
40,30,86.2922621779213,3.81491030386119,0.94802210716016,0,101,30000,0,1
40,30,86.2922621779213,3.81491030386119,0.94802210716016,2.72,0,0,227,0
40,30,86.2922621779213,3.81491030386119,0.94802210716016,10.29,0,0,235,0
40,30,86.2922621779213,3.81491030386119,0.94802210716016,10.8,0,0,215,0
40,30,86.2922621779213,3.81491030386119,0.94802210716016,20.97,0,0,185,0
41,30,69.5398271934563,3.75370381968079,1.16205923368148,0,101,30000,0,1
41,30,69.5398271934563,3.75370381968079,1.16205923368148,0.76,0,0,268,0
41,30,69.5398271934563,3.75370381968079,1.16205923368148,1.15,0,0,278,0
41,30,69.5398271934563,3.75370381968079,1.16205923368148,3.98,0,0,245,0
41,30,69.5398271934563,3.75370381968079,1.16205923368148,21.41,0,0,111,0
42,30,75.5528266623086,3.96685333466939,0.679882268118976,0,101,30000,0,1
42,30,75.5528266623086,3.96685333466939,0.679882268118976,0.29,0,0,65,0
42,30,75.5528266623086,3.96685333466939,0.679882268118976,14.95,0,0,160,0
42,30,75.5528266623086,3.96685333466939,0.679882268118976,15.07,0,0,197,0
42,30,75.5528266623086,3.96685333466939,0.679882268118976,20.17,0,0,117,0
43,30,75.7576676324763,6.20574662952528,0.689418975468319,0,101,30000,0,1
43,30,75.7576676324763,6.20574662952528,0.689418975468319,4.21,0,0,297,0
43,30,75.7576676324763,6.20574662952528,0.689418975468319,13.05,0,0,203,0
43,30,75.7576676324763,6.20574662952528,0.689418975468319,13.65,0,0,172,0
43,30,75.7576676324763,6.20574662952528,0.689418975468319,18.69,0,0,177,0
44,30,60.1629348215359,7.46118357536905,0.839290155524366,0,101,30000,0,1
44,30,60.1629348215359,7.46118357536905,0.839290155524366,1.31,0,0,315,0
44,30,60.1629348215359,7.46118357536905,0.839290155524366,5.56,0,0,231,0
44,30,60.1629348215359,7.46118357536905,0.839290155524366,21.53,0,0,44,0
44,30,60.1629348215359,7.46118357536905,0.839290155524366,22.4,0,0,29,0
45,30,105.090684563805,2.60457867968912,0.985990229864651,0,101,30000,0,1
45,30,105.090684563805,2.60457867968912,0.985990229864651,3.46,0,0,285,0
45,30,105.090684563805,2.60457867968912,0.985990229864651,10.34,0,0,190,0
45,30,105.090684563805,2.60457867968912,0.985990229864651,23.72,0,0,140,0
45,30,105.090684563805,2.60457867968912,0.985990229864651,23.78,0,0,131,0
46,30,64.0812415706117,3.68770379632651,1.28284381011247,0,101,30000,0,1
46,30,64.0812415706117,3.68770379632651,1.28284381011247,7.45,0,0,265,0
46,30,64.0812415706117,3.68770379632651,1.28284381011247,19.59,0,0,233,0
46,30,64.0812415706117,3.68770379632651,1.28284381011247,20.73,0,0,176,0
46,30,64.0812415706117,3.68770379632651,1.28284381011247,22.75,0,0,158,0
47,30,85.3986753006993,2.93853778526539,0.637167965608947,0,101,30000,0,1
47,30,85.3986753006993,2.93853778526539,0.637167965608947,3.56,0,0,411,0
47,30,85.3986753006993,2.93853778526539,0.637167965608947,8.47,0,0,261,0
47,30,85.3986753006993,2.93853778526539,0.637167965608947,13.34,0,0,182,0
47,30,85.3986753006993,2.93853778526539,0.637167965608947,13.51,0,0,198,0
48,30,68.3432706436669,5.22933595613863,0.875673095776756,0,101,30000,0,1
48,30,68.3432706436669,5.22933595613863,0.875673095776756,1.07,0,0,222,0
48,30,68.3432706436669,5.22933595613863,0.875673095776756,8.78,0,0,390,0
48,30,68.3432706436669,5.22933595613863,0.875673095776756,9.83,0,0,321,0
48,30,68.3432706436669,5.22933595613863,0.875673095776756,20.93,0,0,118,0
49,30,63.3748305763078,5.55077268643421,0.767201441631515,0,101,30000,0,1
49,30,63.3748305763078,5.55077268643421,0.767201441631515,4.27,0,0,274,0
49,30,63.3748305763078,5.55077268643421,0.767201441631515,5.15,0,0,268,0
49,30,63.3748305763078,5.55077268643421,0.767201441631515,12.06,0,0,195,0
49,30,63.3748305763078,5.55077268643421,0.767201441631515,20.99,0,0,65,0
50,30,59.1384721319774,5.54755876322962,0.815273100040818,0,101,30000,0,1
50,30,59.1384721319774,5.54755876322962,0.815273100040818,4.87,0,0,342,0
50,30,59.1384721319774,5.54755876322962,0.815273100040818,12.11,0,0,178,0
50,30,59.1384721319774,5.54755876322962,0.815273100040818,21.5,0,0,80,0
50,30,59.1384721319774,5.54755876322962,0.815273100040818,23.93,0,0,84,0
51,30,65.7160082049832,3.34725200227952,1.19968769887253,0,101,30000,0,1
51,30,65.7160082049832,3.34725200227952,1.19968769887253,1.29,0,0,251,0
51,30,65.7160082049832,3.34725200227952,1.19968769887253,1.97,0,0,286,0
51,30,65.7160082049832,3.34725200227952,1.19968769887253,10.53,0,0,318,0
51,30,65.7160082049832,3.34725200227952,1.19968769887253,17.6,0,0,150,0
52,30,95.2515844125211,4.21226754436118,1.09171709415727,0,101,30000,0,1
52,30,95.2515844125211,4.21226754436118,1.09171709415727,10.51,0,0,264,0
52,30,95.2515844125211,4.21226754436118,1.09171709415727,12.29,0,0,202,0
52,30,95.2515844125211,4.21226754436118,1.09171709415727,19.65,0,0,156,0
52,30,95.2515844125211,4.21226754436118,1.09171709415727,20.17,0,0,159,0
53,30,60.8009857673843,4.61719372163948,0.83545846491673,0,101,30000,0,1
53,30,60.8009857673843,4.61719372163948,0.83545846491673,2.7,0,0,331,0
53,30,60.8009857673843,4.61719372163948,0.83545846491673,3.43,0,0,399,0
53,30,60.8009857673843,4.61719372163948,0.83545846491673,11.57,0,0,264,0
53,30,60.8009857673843,4.61719372163948,0.83545846491673,13.85,0,0,178,0
54,30,54.8393909019553,3.53987927430493,0.724540659395332,0,101,30000,0,1
54,30,54.8393909019553,3.53987927430493,0.724540659395332,1.23,0,0,248,0
54,30,54.8393909019553,3.53987927430493,0.724540659395332,3.11,0,0,278,0
54,30,54.8393909019553,3.53987927430493,0.724540659395332,18.36,0,0,160,0
54,30,54.8393909019553,3.53987927430493,0.724540659395332,23.79,0,0,101,0
55,30,73.6787497858912,4.10449614955111,0.610700104511252,0,101,30000,0,1
55,30,73.6787497858912,4.10449614955111,0.610700104511252,2.15,0,0,311,0
55,30,73.6787497858912,4.10449614955111,0.610700104511252,4.45,0,0,468,0
55,30,73.6787497858912,4.10449614955111,0.610700104511252,5.25,0,0,412,0
55,30,73.6787497858912,4.10449614955111,0.610700104511252,5.33,0,0,260,0
56,30,62.5842939927572,4.99176833844964,1.08728886285914,0,101,30000,0,1
56,30,62.5842939927572,4.99176833844964,1.08728886285914,3.27,0,0,306,0
56,30,62.5842939927572,4.99176833844964,1.08728886285914,4.46,0,0,333,0
56,30,62.5842939927572,4.99176833844964,1.08728886285914,20.32,0,0,88,0
56,30,62.5842939927572,4.99176833844964,1.08728886285914,21.29,0,0,96,0
57,30,85.9933120802835,4.91857390836298,0.712431989145096,0,101,30000,0,1
57,30,85.9933120802835,4.91857390836298,0.712431989145096,2.13,0,0,236,0
57,30,85.9933120802835,4.91857390836298,0.712431989145096,10.49,0,0,169,0
57,30,85.9933120802835,4.91857390836298,0.712431989145096,13.7,0,0,182,0
57,30,85.9933120802835,4.91857390836298,0.712431989145096,20.89,0,0,111,0
58,30,111.496442483334,4.90097608869626,0.759230584043552,0,101,30000,0,1
58,30,111.496442483334,4.90097608869626,0.759230584043552,8.77,0,0,172,0
58,30,111.496442483334,4.90097608869626,0.759230584043552,11.97,0,0,161,0
58,30,111.496442483334,4.90097608869626,0.759230584043552,15.29,0,0,117,0
58,30,111.496442483334,4.90097608869626,0.759230584043552,19.46,0,0,142,0
59,30,67.1831739005179,5.49202905083131,0.776518186670174,0,101,30000,0,1
59,30,67.1831739005179,5.49202905083131,0.776518186670174,4.39,0,0,342,0
59,30,67.1831739005179,5.49202905083131,0.776518186670174,10.56,0,0,200,0
59,30,67.1831739005179,5.49202905083131,0.776518186670174,11.78,0,0,156,0
59,30,67.1831739005179,5.49202905083131,0.776518186670174,19.44,0,0,99,0
60,30,68.5002193628256,4.06060107887353,0.858031653751434,0,101,30000,0,1
60,30,68.5002193628256,4.06060107887353,0.858031653751434,9.04,0,0,284,0
60,30,68.5002193628256,4.06060107887353,0.858031653751434,9.65,0,0,195,0
60,30,68.5002193628256,4.06060107887353,0.858031653751434,16.75,0,0,202,0
60,30,68.5002193628256,4.06060107887353,0.858031653751434,19.09,0,0,175,0
61,60,55.4281432233904,4.50701999799988,1.1540141813361,0,101,60000,0,1
61,60,55.4281432233904,4.50701999799988,1.1540141813361,14.73,0,0,249,0
61,60,55.4281432233904,4.50701999799988,1.1540141813361,15.06,0,0,237,0
61,60,55.4281432233904,4.50701999799988,1.1540141813361,16.01,0,0,375,0
61,60,55.4281432233904,4.50701999799988,1.1540141813361,20.53,0,0,202,0
62,60,46.9264817089581,2.1165755187639,1.0250633886107,0,101,60000,0,1
62,60,46.9264817089581,2.1165755187639,1.0250633886107,0.46,0,0,391,0
62,60,46.9264817089581,2.1165755187639,1.0250633886107,4.17,0,0,941,0
62,60,46.9264817089581,2.1165755187639,1.0250633886107,21.59,0,0,546,0
62,60,46.9264817089581,2.1165755187639,1.0250633886107,23.98,0,0,495,0
63,60,62.1767576728628,3.71594254136916,0.979766733208274,0,101,60000,0,1
63,60,62.1767576728628,3.71594254136916,0.979766733208274,4.11,0,0,561,0
63,60,62.1767576728628,3.71594254136916,0.979766733208274,5,0,0,927,0
63,60,62.1767576728628,3.71594254136916,0.979766733208274,8.37,0,0,703,0
63,60,62.1767576728628,3.71594254136916,0.979766733208274,8.96,0,0,566,0
64,60,73.5165693722168,6.52038364756657,0.998098230148039,0,101,60000,0,1
64,60,73.5165693722168,6.52038364756657,0.998098230148039,0.1,0,0,88,0
64,60,73.5165693722168,6.52038364756657,0.998098230148039,7.58,0,0,427,0
64,60,73.5165693722168,6.52038364756657,0.998098230148039,10.63,0,0,255,0
64,60,73.5165693722168,6.52038364756657,0.998098230148039,21.69,0,0,134,0
65,60,82.2489703324846,3.92736942254977,0.820945897662585,0,101,60000,0,1
65,60,82.2489703324846,3.92736942254977,0.820945897662585,1.46,0,0,515,0
65,60,82.2489703324846,3.92736942254977,0.820945897662585,4.87,0,0,544,0
65,60,82.2489703324846,3.92736942254977,0.820945897662585,16.41,0,0,289,0
65,60,82.2489703324846,3.92736942254977,0.820945897662585,20.41,0,0,278,0
66,60,105.137817214062,3.1479788139241,2.13336663625731,0,101,60000,0,1
66,60,105.137817214062,3.1479788139241,2.13336663625731,4.33,0,0,423,0
66,60,105.137817214062,3.1479788139241,2.13336663625731,4.44,0,0,427,0
66,60,105.137817214062,3.1479788139241,2.13336663625731,16.07,0,0,433,0
66,60,105.137817214062,3.1479788139241,2.13336663625731,18,0,0,314,0
67,60,41.4566987699288,3.75910923143523,1.05817132822232,0,101,60000,0,1
67,60,41.4566987699288,3.75910923143523,1.05817132822232,7.58,0,0,793,0
67,60,41.4566987699288,3.75910923143523,1.05817132822232,10.99,0,0,644,0
67,60,41.4566987699288,3.75910923143523,1.05817132822232,17.66,0,0,412,0
67,60,41.4566987699288,3.75910923143523,1.05817132822232,18.06,0,0,354,0
68,60,77.847737514131,4.62753543910444,1.62633343088007,0,101,60000,0,1
68,60,77.847737514131,4.62753543910444,1.62633343088007,2.69,0,0,899,0
68,60,77.847737514131,4.62753543910444,1.62633343088007,5.46,0,0,774,0
68,60,77.847737514131,4.62753543910444,1.62633343088007,22.15,0,0,324,0
68,60,77.847737514131,4.62753543910444,1.62633343088007,23.65,0,0,212,0
69,60,152.06637056478,3.41104318288909,1.00721311093639,0,101,60000,0,1
69,60,152.06637056478,3.41104318288909,1.00721311093639,2.27,0,0,323,0
69,60,152.06637056478,3.41104318288909,1.00721311093639,10.52,0,0,365,0
69,60,152.06637056478,3.41104318288909,1.00721311093639,12.69,0,0,254,0
69,60,152.06637056478,3.41104318288909,1.00721311093639,16.87,0,0,267,0
70,60,77.8826140011609,4.02744966020669,0.931311601712259,0,101,60000,0,1
70,60,77.8826140011609,4.02744966020669,0.931311601712259,0.53,0,0,232,0
70,60,77.8826140011609,4.02744966020669,0.931311601712259,1.75,0,0,665,0
70,60,77.8826140011609,4.02744966020669,0.931311601712259,7.96,0,0,653,0
70,60,77.8826140011609,4.02744966020669,0.931311601712259,12.7,0,0,449,0
71,60,58.1997218390384,5.32871119658445,1.02012658090874,0,101,60000,0,1
71,60,58.1997218390384,5.32871119658445,1.02012658090874,15.79,0,0,333,0
71,60,58.1997218390384,5.32871119658445,1.02012658090874,16.96,0,0,252,0
71,60,58.1997218390384,5.32871119658445,1.02012658090874,20.75,0,0,166,0
71,60,58.1997218390384,5.32871119658445,1.02012658090874,21.56,0,0,129,0
72,60,41.7570927233791,4.48194987064626,0.772893461409256,0,101,60000,0,1
72,60,41.7570927233791,4.48194987064626,0.772893461409256,3.17,0,0,1051,0
72,60,41.7570927233791,4.48194987064626,0.772893461409256,7.93,0,0,730,0
72,60,41.7570927233791,4.48194987064626,0.772893461409256,15.42,0,0,327,0
72,60,41.7570927233791,4.48194987064626,0.772893461409256,20.82,0,0,185,0
73,60,62.6084704286848,4.72825345960228,1.53895343045735,0,101,60000,0,1
73,60,62.6084704286848,4.72825345960228,1.53895343045735,3.71,0,0,990,0
73,60,62.6084704286848,4.72825345960228,1.53895343045735,17.67,0,0,251,0
73,60,62.6084704286848,4.72825345960228,1.53895343045735,19.08,0,0,239,0
73,60,62.6084704286848,4.72825345960228,1.53895343045735,23.56,0,0,137,0
74,60,65.1367396945532,4.46460709713674,0.767308303176678,0,101,60000,0,1
74,60,65.1367396945532,4.46460709713674,0.767308303176678,11.12,0,0,625,0
74,60,65.1367396945532,4.46460709713674,0.767308303176678,11.97,0,0,580,0
74,60,65.1367396945532,4.46460709713674,0.767308303176678,22.72,0,0,189,0
74,60,65.1367396945532,4.46460709713674,0.767308303176678,23.46,0,0,245,0
75,60,64.5788402894313,3.66987115460772,1.28242231651733,0,101,60000,0,1
75,60,64.5788402894313,3.66987115460772,1.28242231651733,6.73,0,0,875,0
75,60,64.5788402894313,3.66987115460772,1.28242231651733,10.87,0,0,687,0
75,60,64.5788402894313,3.66987115460772,1.28242231651733,20.86,0,0,229,0
75,60,64.5788402894313,3.66987115460772,1.28242231651733,21.77,0,0,263,0
76,60,36.8548716811068,3.39629036076874,0.85921110466961,0,101,60000,0,1
76,60,36.8548716811068,3.39629036076874,0.85921110466961,3.74,0,0,1064,0
76,60,36.8548716811068,3.39629036076874,0.85921110466961,8.85,0,0,845,0
76,60,36.8548716811068,3.39629036076874,0.85921110466961,10,0,0,471,0
76,60,36.8548716811068,3.39629036076874,0.85921110466961,15.91,0,0,560,0
77,60,88.6376106129357,6.40677175303894,1.2069847698697,0,101,60000,0,1
77,60,88.6376106129357,6.40677175303894,1.2069847698697,10.35,0,0,309,0
77,60,88.6376106129357,6.40677175303894,1.2069847698697,10.47,0,0,423,0
77,60,88.6376106129357,6.40677175303894,1.2069847698697,19.32,0,0,239,0
77,60,88.6376106129357,6.40677175303894,1.2069847698697,23.31,0,0,141,0
78,60,121.622110891077,2.51801305428209,0.781560841629024,0,101,60000,0,1
78,60,121.622110891077,2.51801305428209,0.781560841629024,0.85,0,0,246,0
78,60,121.622110891077,2.51801305428209,0.781560841629024,7.64,0,0,696,0
78,60,121.622110891077,2.51801305428209,0.781560841629024,9.48,0,0,686,0
78,60,121.622110891077,2.51801305428209,0.781560841629024,12.38,0,0,408,0
79,60,44.0222817992757,4.77003448288221,0.636034900291386,0,101,60000,0,1
79,60,44.0222817992757,4.77003448288221,0.636034900291386,2.26,0,0,818,0
79,60,44.0222817992757,4.77003448288221,0.636034900291386,9.34,0,0,485,0
79,60,44.0222817992757,4.77003448288221,0.636034900291386,15.79,0,0,414,0
79,60,44.0222817992757,4.77003448288221,0.636034900291386,22.26,0,0,146,0
80,60,63.2853466718832,4.83856311961163,0.821296033447287,0,101,60000,0,1
80,60,63.2853466718832,4.83856311961163,0.821296033447287,3.31,0,0,697,0
80,60,63.2853466718832,4.83856311961163,0.821296033447287,6.43,0,0,630,0
80,60,63.2853466718832,4.83856311961163,0.821296033447287,17.94,0,0,253,0
80,60,63.2853466718832,4.83856311961163,0.821296033447287,18.42,0,0,193,0
81,60,57.8843144641695,6.49642771826964,0.752718581406753,0,101,60000,0,1
81,60,57.8843144641695,6.49642771826964,0.752718581406753,12.91,0,0,268,0
81,60,57.8843144641695,6.49642771826964,0.752718581406753,16.89,0,0,156,0
81,60,57.8843144641695,6.49642771826964,0.752718581406753,17.58,0,0,122,0
81,60,57.8843144641695,6.49642771826964,0.752718581406753,22.93,0,0,74,0
82,60,94.3330971973753,2.66996852903679,1.09807569833044,0,101,60000,0,1
82,60,94.3330971973753,2.66996852903679,1.09807569833044,7.56,0,0,659,0
82,60,94.3330971973753,2.66996852903679,1.09807569833044,13.52,0,0,314,0
82,60,94.3330971973753,2.66996852903679,1.09807569833044,15.18,0,0,374,0
82,60,94.3330971973753,2.66996852903679,1.09807569833044,23.16,0,0,345,0
83,60,59.1838112713403,3.3232421620577,1.12112502233815,0,101,60000,0,1
83,60,59.1838112713403,3.3232421620577,1.12112502233815,0.06,0,0,51,0
83,60,59.1838112713403,3.3232421620577,1.12112502233815,13.14,0,0,465,0
83,60,59.1838112713403,3.3232421620577,1.12112502233815,14.44,0,0,630,0
83,60,59.1838112713403,3.3232421620577,1.12112502233815,23.14,0,0,396,0
84,60,79.2371449764133,3.68444886929398,1.00924899066604,0,101,60000,0,1
84,60,79.2371449764133,3.68444886929398,1.00924899066604,1.78,0,0,512,0
84,60,79.2371449764133,3.68444886929398,1.00924899066604,12,0,0,361,0
84,60,79.2371449764133,3.68444886929398,1.00924899066604,15.52,0,0,321,0
84,60,79.2371449764133,3.68444886929398,1.00924899066604,22.72,0,0,413,0
85,60,106.209248017677,3.30068204295535,0.709255368328169,0,101,60000,0,1
85,60,106.209248017677,3.30068204295535,0.709255368328169,4.09,0,0,522,0
85,60,106.209248017677,3.30068204295535,0.709255368328169,12.22,0,0,317,0
85,60,106.209248017677,3.30068204295535,0.709255368328169,15.11,0,0,431,0
85,60,106.209248017677,3.30068204295535,0.709255368328169,20.26,0,0,277,0
86,60,34.085188775101,4.724911989776,0.550407142354845,0,101,60000,0,1
86,60,34.085188775101,4.724911989776,0.550407142354845,5.79,0,0,727,0
86,60,34.085188775101,4.724911989776,0.550407142354845,12.47,0,0,351,0
86,60,34.085188775101,4.724911989776,0.550407142354845,17.39,0,0,278,0
86,60,34.085188775101,4.724911989776,0.550407142354845,21.99,0,0,119,0
87,60,47.7400941326182,2.28691906505126,1.28149698927365,0,101,60000,0,1
87,60,47.7400941326182,2.28691906505126,1.28149698927365,4.12,0,0,1165,0
87,60,47.7400941326182,2.28691906505126,1.28149698927365,12.37,0,0,821,0
87,60,47.7400941326182,2.28691906505126,1.28149698927365,16.26,0,0,654,0
87,60,47.7400941326182,2.28691906505126,1.28149698927365,22.26,0,0,664,0
88,60,63.7497021623288,3.97608195727117,1.1288002862074,0,101,60000,0,1
88,60,63.7497021623288,3.97608195727117,1.1288002862074,10.68,0,0,573,0
88,60,63.7497021623288,3.97608195727117,1.1288002862074,13.16,0,0,415,0
88,60,63.7497021623288,3.97608195727117,1.1288002862074,16.1,0,0,498,0
88,60,63.7497021623288,3.97608195727117,1.1288002862074,17.57,0,0,360,0
89,60,51.933008605661,6.438332398528,1.03542701216615,0,101,60000,0,1
89,60,51.933008605661,6.438332398528,1.03542701216615,5.2,0,0,852,0
89,60,51.933008605661,6.438332398528,1.03542701216615,11.97,0,0,260,0
89,60,51.933008605661,6.438332398528,1.03542701216615,17.22,0,0,195,0
89,60,51.933008605661,6.438332398528,1.03542701216615,20.99,0,0,102,0
90,60,129.981312139036,4.18345889364067,0.857816161378759,0,101,60000,0,1
90,60,129.981312139036,4.18345889364067,0.857816161378759,2.25,0,0,306,0
90,60,129.981312139036,4.18345889364067,0.857816161378759,5.78,0,0,431,0
90,60,129.981312139036,4.18345889364067,0.857816161378759,11.25,0,0,279,0
90,60,129.981312139036,4.18345889364067,0.857816161378759,16.67,0,0,321,0
91,120,64.7497267342814,4.49096371137026,0.853722243954546,0,101,120000,0,1
91,120,64.7497267342814,4.49096371137026,0.853722243954546,1.1,0,0,1192,0
91,120,64.7497267342814,4.49096371137026,0.853722243954546,2.34,0,0,2021,0
91,120,64.7497267342814,4.49096371137026,0.853722243954546,3.46,0,0,1538,0
91,120,64.7497267342814,4.49096371137026,0.853722243954546,17.33,0,0,829,0
92,120,87.4994318327199,3.33340151761929,1.47563573044478,0,101,120000,0,1
92,120,87.4994318327199,3.33340151761929,1.47563573044478,3.61,0,0,1199,0
92,120,87.4994318327199,3.33340151761929,1.47563573044478,12.95,0,0,1132,0
92,120,87.4994318327199,3.33340151761929,1.47563573044478,14.29,0,0,640,0
92,120,87.4994318327199,3.33340151761929,1.47563573044478,14.33,0,0,887,0
93,120,68.1651871087853,2.97585200870712,0.832427819602021,0,101,120000,0,1
93,120,68.1651871087853,2.97585200870712,0.832427819602021,1.97,0,0,1346,0
93,120,68.1651871087853,2.97585200870712,0.832427819602021,7.78,0,0,1540,0
93,120,68.1651871087853,2.97585200870712,0.832427819602021,10.75,0,0,1109,0
93,120,68.1651871087853,2.97585200870712,0.832427819602021,19.01,0,0,681,0
94,120,55.1184739404592,3.22171117642388,1.44125444397548,0,101,120000,0,1
94,120,55.1184739404592,3.22171117642388,1.44125444397548,4.45,0,0,2077,0
94,120,55.1184739404592,3.22171117642388,1.44125444397548,7.18,0,0,1249,0
94,120,55.1184739404592,3.22171117642388,1.44125444397548,7.44,0,0,1039,0
94,120,55.1184739404592,3.22171117642388,1.44125444397548,14.37,0,0,710,0
95,120,67.6033340363791,4.62592194449203,0.792890732667722,0,101,120000,0,1
95,120,67.6033340363791,4.62592194449203,0.792890732667722,1.97,0,0,1299,0
95,120,67.6033340363791,4.62592194449203,0.792890732667722,12.18,0,0,935,0
95,120,67.6033340363791,4.62592194449203,0.792890732667722,22.2,0,0,351,0
95,120,67.6033340363791,4.62592194449203,0.792890732667722,22.73,0,0,498,0
96,120,76.2026579286039,4.20109144190691,0.782441720486777,0,101,120000,0,1
96,120,76.2026579286039,4.20109144190691,0.782441720486777,12.1,0,0,839,0
96,120,76.2026579286039,4.20109144190691,0.782441720486777,12.9,0,0,1074,0
96,120,76.2026579286039,4.20109144190691,0.782441720486777,17.17,0,0,541,0
96,120,76.2026579286039,4.20109144190691,0.782441720486777,17.79,0,0,777,0
97,120,91.2655818452865,4.43484779076592,1.15388588232821,0,101,120000,0,1
97,120,91.2655818452865,4.43484779076592,1.15388588232821,0.58,0,0,612,0
97,120,91.2655818452865,4.43484779076592,1.15388588232821,19.96,0,0,598,0
97,120,91.2655818452865,4.43484779076592,1.15388588232821,20.3,0,0,760,0
97,120,91.2655818452865,4.43484779076592,1.15388588232821,22.54,0,0,517,0
98,120,93.5049630450416,4.21128947872623,0.812142911488845,0,101,120000,0,1
98,120,93.5049630450416,4.21128947872623,0.812142911488845,3.82,0,0,826,0
98,120,93.5049630450416,4.21128947872623,0.812142911488845,14.92,0,0,548,0
98,120,93.5049630450416,4.21128947872623,0.812142911488845,16.73,0,0,649,0
98,120,93.5049630450416,4.21128947872623,0.812142911488845,22.88,0,0,405,0
99,120,78.415399532237,5.21073631994731,1.42962985598633,0,101,120000,0,1
99,120,78.415399532237,5.21073631994731,1.42962985598633,4.4,0,0,1243,0
99,120,78.415399532237,5.21073631994731,1.42962985598633,8.54,0,0,828,0
99,120,78.415399532237,5.21073631994731,1.42962985598633,13.03,0,0,355,0
99,120,78.415399532237,5.21073631994731,1.42962985598633,13.15,0,0,872,0
100,120,77.042484626655,3.18425011535374,0.98942593482843,0,101,120000,0,1
100,120,77.042484626655,3.18425011535374,0.98942593482843,0.95,0,0,600,0
100,120,77.042484626655,3.18425011535374,0.98942593482843,8.28,0,0,1024,0
100,120,77.042484626655,3.18425011535374,0.98942593482843,13.89,0,0,1038,0
100,120,77.042484626655,3.18425011535374,0.98942593482843,21.25,0,0,677,0
101,120,68.4144642678692,3.39033470953066,0.892138631911668,0,101,120000,0,1
101,120,68.4144642678692,3.39033470953066,0.892138631911668,11.96,0,0,981,0
101,120,68.4144642678692,3.39033470953066,0.892138631911668,12.37,0,0,1064,0
101,120,68.4144642678692,3.39033470953066,0.892138631911668,14,0,0,678,0
101,120,68.4144642678692,3.39033470953066,0.892138631911668,15.4,0,0,1126,0
102,120,74.9942952310834,6.14475858915736,1.70363293140471,0,101,120000,0,1
102,120,74.9942952310834,6.14475858915736,1.70363293140471,0.54,0,0,884,0
102,120,74.9942952310834,6.14475858915736,1.70363293140471,10.33,0,0,847,0
102,120,74.9942952310834,6.14475858915736,1.70363293140471,11.54,0,0,739,0
102,120,74.9942952310834,6.14475858915736,1.70363293140471,15.37,0,0,656,0
103,120,60.9032854695802,5.03041977994594,1.02346449240432,0,101,120000,0,1
103,120,60.9032854695802,5.03041977994594,1.02346449240432,1.53,0,0,1176,0
103,120,60.9032854695802,5.03041977994594,1.02346449240432,2.88,0,0,1199,0
103,120,60.9032854695802,5.03041977994594,1.02346449240432,7.85,0,0,1043,0
103,120,60.9032854695802,5.03041977994594,1.02346449240432,16.65,0,0,654,0
104,120,66.2295020360543,3.28875430683695,1.58265772238755,0,101,120000,0,1
104,120,66.2295020360543,3.28875430683695,1.58265772238755,9.16,0,0,1642,0
104,120,66.2295020360543,3.28875430683695,1.58265772238755,9.92,0,0,936,0
104,120,66.2295020360543,3.28875430683695,1.58265772238755,11.53,0,0,1128,0
104,120,66.2295020360543,3.28875430683695,1.58265772238755,22.78,0,0,616,0
105,120,69.917650882386,5.44772228132166,0.789982223657893,0,101,120000,0,1
105,120,69.917650882386,5.44772228132166,0.789982223657893,11.73,0,0,684,0
105,120,69.917650882386,5.44772228132166,0.789982223657893,17.55,0,0,423,0
105,120,69.917650882386,5.44772228132166,0.789982223657893,22.07,0,0,313,0
105,120,69.917650882386,5.44772228132166,0.789982223657893,23.78,0,0,200,0
106,120,72.8117693502257,4.52167844756212,1.12189131576092,0,101,120000,0,1
106,120,72.8117693502257,4.52167844756212,1.12189131576092,3.86,0,0,1720,0
106,120,72.8117693502257,4.52167844756212,1.12189131576092,5.45,0,0,1277,0
106,120,72.8117693502257,4.52167844756212,1.12189131576092,11.64,0,0,718,0
106,120,72.8117693502257,4.52167844756212,1.12189131576092,22.76,0,0,497,0
107,120,54.9467170389369,4.08901375742807,0.792127456936519,0,101,120000,0,1
107,120,54.9467170389369,4.08901375742807,0.792127456936519,0.99,0,0,1043,0
107,120,54.9467170389369,4.08901375742807,0.792127456936519,8.21,0,0,1521,0
107,120,54.9467170389369,4.08901375742807,0.792127456936519,12.02,0,0,1064,0
107,120,54.9467170389369,4.08901375742807,0.792127456936519,21.04,0,0,566,0
108,120,45.2907200461183,2.55366220274232,2.05944449622877,0,101,120000,0,1
108,120,45.2907200461183,2.55366220274232,2.05944449622877,0.76,0,0,2057,0
108,120,45.2907200461183,2.55366220274232,2.05944449622877,2.96,0,0,2188,0
108,120,45.2907200461183,2.55366220274232,2.05944449622877,11.08,0,0,1594,0
108,120,45.2907200461183,2.55366220274232,2.05944449622877,21.89,0,0,960,0
109,120,67.2164110975594,3.20341961848897,0.656713448802284,0,101,120000,0,1
109,120,67.2164110975594,3.20341961848897,0.656713448802284,2.55,0,0,942,0
109,120,67.2164110975594,3.20341961848897,0.656713448802284,2.56,0,0,1174,0
109,120,67.2164110975594,3.20341961848897,0.656713448802284,3.1,0,0,1633,0
109,120,67.2164110975594,3.20341961848897,0.656713448802284,5.41,0,0,2037,0
110,120,78.4147449352154,6.54005601431174,0.896128378196744,0,101,120000,0,1
110,120,78.4147449352154,6.54005601431174,0.896128378196744,5.76,0,0,1240,0
110,120,78.4147449352154,6.54005601431174,0.896128378196744,16.87,0,0,401,0
110,120,78.4147449352154,6.54005601431174,0.896128378196744,20.06,0,0,238,0
110,120,78.4147449352154,6.54005601431174,0.896128378196744,22.16,0,0,250,0
111,120,88.0984305002478,4.13703086743946,0.654221313798674,0,101,120000,0,1
111,120,88.0984305002478,4.13703086743946,0.654221313798674,0.54,0,0,294,0
111,120,88.0984305002478,4.13703086743946,0.654221313798674,1.5,0,0,718,0
111,120,88.0984305002478,4.13703086743946,0.654221313798674,20.53,0,0,555,0
111,120,88.0984305002478,4.13703086743946,0.654221313798674,22.74,0,0,517,0
112,120,65.5507960167454,4.00207212435974,0.840409876658836,0,101,120000,0,1
112,120,65.5507960167454,4.00207212435974,0.840409876658836,6.1,0,0,1370,0
112,120,65.5507960167454,4.00207212435974,0.840409876658836,7.5,0,0,1667,0
112,120,65.5507960167454,4.00207212435974,0.840409876658836,11.73,0,0,1091,0
112,120,65.5507960167454,4.00207212435974,0.840409876658836,12.33,0,0,1280,0
113,120,50.7643436384957,4.1677023554153,1.37627297020371,0,101,120000,0,1
113,120,50.7643436384957,4.1677023554153,1.37627297020371,0.78,0,0,1364,0
113,120,50.7643436384957,4.1677023554153,1.37627297020371,4.03,0,0,2000,0
113,120,50.7643436384957,4.1677023554153,1.37627297020371,7.66,0,0,2062,0
113,120,50.7643436384957,4.1677023554153,1.37627297020371,17,0,0,540,0
114,120,81.7603262450981,6.8828175502286,0.856602587856091,0,101,120000,0,1
114,120,81.7603262450981,6.8828175502286,0.856602587856091,11.97,0,0,464,0
114,120,81.7603262450981,6.8828175502286,0.856602587856091,15.98,0,0,444,0
114,120,81.7603262450981,6.8828175502286,0.856602587856091,18.77,0,0,365,0
114,120,81.7603262450981,6.8828175502286,0.856602587856091,22.44,0,0,240,0
115,120,91.7621437239495,4.45282600065341,1.32532784058441,0,101,120000,0,1
115,120,91.7621437239495,4.45282600065341,1.32532784058441,0.19,0,0,249,0
115,120,91.7621437239495,4.45282600065341,1.32532784058441,9.03,0,0,854,0
115,120,91.7621437239495,4.45282600065341,1.32532784058441,9.15,0,0,862,0
115,120,91.7621437239495,4.45282600065341,1.32532784058441,13.02,0,0,792,0
116,120,68.7987873154933,4.02091829881621,0.629221005036221,0,101,120000,0,1
116,120,68.7987873154933,4.02091829881621,0.629221005036221,16.13,0,0,464,0
116,120,68.7987873154933,4.02091829881621,0.629221005036221,17.01,0,0,641,0
116,120,68.7987873154933,4.02091829881621,0.629221005036221,21.06,0,0,472,0
116,120,68.7987873154933,4.02091829881621,0.629221005036221,22.06,0,0,437,0
117,120,59.851758350633,4.61932601654039,1.05758722987049,0,101,120000,0,1
117,120,59.851758350633,4.61932601654039,1.05758722987049,0.45,0,0,782,0
117,120,59.851758350633,4.61932601654039,1.05758722987049,3.71,0,0,1592,0
117,120,59.851758350633,4.61932601654039,1.05758722987049,9.47,0,0,1058,0
117,120,59.851758350633,4.61932601654039,1.05758722987049,20.42,0,0,503,0
118,120,95.2310659351039,5.15178999050756,0.774233017858054,0,101,120000,0,1
118,120,95.2310659351039,5.15178999050756,0.774233017858054,0.09,0,0,66,0
118,120,95.2310659351039,5.15178999050756,0.774233017858054,2.11,0,0,734,0
118,120,95.2310659351039,5.15178999050756,0.774233017858054,3.13,0,0,1192,0
118,120,95.2310659351039,5.15178999050756,0.774233017858054,21.74,0,0,352,0
119,120,46.1104779285719,4.45394367139158,0.783320917079955,0,101,120000,0,1
119,120,46.1104779285719,4.45394367139158,0.783320917079955,5.75,0,0,1743,0
119,120,46.1104779285719,4.45394367139158,0.783320917079955,14.58,0,0,734,0
119,120,46.1104779285719,4.45394367139158,0.783320917079955,15.29,0,0,983,0
119,120,46.1104779285719,4.45394367139158,0.783320917079955,17.9,0,0,455,0
120,120,63.7531474613828,2.14390888371371,0.671763747549188,0,101,120000,0,1
120,120,63.7531474613828,2.14390888371371,0.671763747549188,2.37,0,0,812,0
120,120,63.7531474613828,2.14390888371371,0.671763747549188,4,0,0,2135,0
120,120,63.7531474613828,2.14390888371371,0.671763747549188,19.57,0,0,689,0
120,120,63.7531474613828,2.14390888371371,0.671763747549188,21.47,0,0,833,0
