ID,DOSE,V,CL,KA,TIME,EVID,AMT,DV,EVIDNM
1,10,103.533594395166,2.93352030997116,0.805824111750042,0,101,10000,0,1
1,10,103.533594395166,2.93352030997116,0.805824111750042,0.12,0,0,8,0
1,10,103.533594395166,2.93352030997116,0.805824111750042,1.18,0,0,62,0
1,10,103.533594395166,2.93352030997116,0.805824111750042,7.31,0,0,97,0
1,10,103.533594395166,2.93352030997116,0.805824111750042,15.89,0,0,50,0
2,10,93.9480182796023,4.41898722202099,0.742069436646803,0,101,10000,0,1
2,10,93.9480182796023,4.41898722202099,0.742069436646803,4.75,0,0,80,0
2,10,93.9480182796023,4.41898722202099,0.742069436646803,6.08,0,0,94,0
2,10,93.9480182796023,4.41898722202099,0.742069436646803,10.45,0,0,67,0
2,10,93.9480182796023,4.41898722202099,0.742069436646803,15.88,0,0,52,0
3,10,50.1593353082946,4.65847834431419,1.01964010541764,0,101,10000,0,1
3,10,50.1593353082946,4.65847834431419,1.01964010541764,7.74,0,0,147,0
3,10,50.1593353082946,4.65847834431419,1.01964010541764,10.21,0,0,70,0
3,10,50.1593353082946,4.65847834431419,1.01964010541764,13.41,0,0,68,0
3,10,50.1593353082946,4.65847834431419,1.01964010541764,18.06,0,0,56,0
4,10,83.5043804186088,4.92363868436159,1.33417789553323,0,101,10000,0,1
4,10,83.5043804186088,4.92363868436159,1.33417789553323,1.95,0,0,81,0
4,10,83.5043804186088,4.92363868436159,1.33417789553323,3.29,0,0,67,0
4,10,83.5043804186088,4.92363868436159,1.33417789553323,16.96,0,0,51,0
4,10,83.5043804186088,4.92363868436159,1.33417789553323,18.87,0,0,35,0
5,10,51.3043994612494,3.81553333018786,0.991502216625431,0,101,10000,0,1
5,10,51.3043994612494,3.81553333018786,0.991502216625431,0.42,0,0,82,0
5,10,51.3043994612494,3.81553333018786,0.991502216625431,0.89,0,0,87,0
5,10,51.3043994612494,3.81553333018786,0.991502216625431,15.28,0,0,89,0
5,10,51.3043994612494,3.81553333018786,0.991502216625431,22.74,0,0,42,0
6,10,43.4595666023688,2.80198385398768,1.48445650279592,0,101,10000,0,1
6,10,43.4595666023688,2.80198385398768,1.48445650279592,0.31,0,0,69,0
6,10,43.4595666023688,2.80198385398768,1.48445650279592,7.32,0,0,149,0
6,10,43.4595666023688,2.80198385398768,1.48445650279592,10.86,0,0,105,0
6,10,43.4595666023688,2.80198385398768,1.48445650279592,17.01,0,0,93,0
7,10,178.117178499999,3.30005888150839,0.957178350630219,0,101,10000,0,1
7,10,178.117178499999,3.30005888150839,0.957178350630219,3.31,0,0,51,0
7,10,178.117178499999,3.30005888150839,0.957178350630219,10.02,0,0,41,0
7,10,178.117178499999,3.30005888150839,0.957178350630219,11.4,0,0,47,0
7,10,178.117178499999,3.30005888150839,0.957178350630219,13.56,0,0,33,0
8,10,73.5505238686708,4.6556808322079,1.64438613897014,0,101,10000,0,1
8,10,73.5505238686708,4.6556808322079,1.64438613897014,1.36,0,0,114,0
8,10,73.5505238686708,4.6556808322079,1.64438613897014,4.85,0,0,120,0
8,10,73.5505238686708,4.6556808322079,1.64438613897014,12.84,0,0,53,0
8,10,73.5505238686708,4.6556808322079,1.64438613897014,17.2,0,0,75,0
9,10,35.643710111767,3.97306845531169,0.528169096049402,0,101,10000,0,1
9,10,35.643710111767,3.97306845531169,0.528169096049402,0.45,0,0,73,0
9,10,35.643710111767,3.97306845531169,0.528169096049402,16.56,0,0,62,0
9,10,35.643710111767,3.97306845531169,0.528169096049402,16.69,0,0,64,0
9,10,35.643710111767,3.97306845531169,0.528169096049402,21.71,0,0,33,0
10,10,50.3797753296232,4.14856689183989,1.12582973292179,0,101,10000,0,1
10,10,50.3797753296232,4.14856689183989,1.12582973292179,2.26,0,0,274,0
10,10,50.3797753296232,4.14856689183989,1.12582973292179,3.49,0,0,204,0
10,10,50.3797753296232,4.14856689183989,1.12582973292179,3.85,0,0,191,0
10,10,50.3797753296232,4.14856689183989,1.12582973292179,8.25,0,0,76,0
11,10,78.8949682628724,1.89892294934238,0.754447718254229,0,101,10000,0,1
11,10,78.8949682628724,1.89892294934238,0.754447718254229,12.68,0,0,190,0
11,10,78.8949682628724,1.89892294934238,0.754447718254229,16.92,0,0,107,0
11,10,78.8949682628724,1.89892294934238,0.754447718254229,20.31,0,0,94,0
11,10,78.8949682628724,1.89892294934238,0.754447718254229,21.33,0,0,92,0
12,10,61.4834178433702,3.84209450044938,0.970720095502307,0,101,10000,0,1
12,10,61.4834178433702,3.84209450044938,0.970720095502307,7.99,0,0,82,0
12,10,61.4834178433702,3.84209450044938,0.970720095502307,9.33,0,0,87,0
12,10,61.4834178433702,3.84209450044938,0.970720095502307,13.42,0,0,70,0
12,10,61.4834178433702,3.84209450044938,0.970720095502307,13.93,0,0,75,0
13,10,61.6430979180837,2.332715654298,0.57650857617307,0,101,10000,0,1
13,10,61.6430979180837,2.332715654298,0.57650857617307,4.7,0,0,126,0
13,10,61.6430979180837,2.332715654298,0.57650857617307,5.23,0,0,158,0
13,10,61.6430979180837,2.332715654298,0.57650857617307,10.58,0,0,80,0
13,10,61.6430979180837,2.332715654298,0.57650857617307,15.99,0,0,55,0
14,10,72.9680832393491,4.23538811694474,0.974940568948988,0,101,10000,0,1
14,10,72.9680832393491,4.23538811694474,0.974940568948988,8.92,0,0,93,0
14,10,72.9680832393491,4.23538811694474,0.974940568948988,17.54,0,0,58,0
14,10,72.9680832393491,4.23538811694474,0.974940568948988,21.17,0,0,39,0
14,10,72.9680832393491,4.23538811694474,0.974940568948988,23.23,0,0,38,0
15,10,78.0669534966278,2.94669955196019,0.875412549267412,0,101,10000,0,1
15,10,78.0669534966278,2.94669955196019,0.875412549267412,1.32,0,0,102,0
15,10,78.0669534966278,2.94669955196019,0.875412549267412,12.49,0,0,90,0
15,10,78.0669534966278,2.94669955196019,0.875412549267412,16.4,0,0,92,0
15,10,78.0669534966278,2.94669955196019,0.875412549267412,22.18,0,0,51,0
16,10,86.9011422943229,5.82433168804886,1.1192644214981,0,101,10000,0,1
16,10,86.9011422943229,5.82433168804886,1.1192644214981,6.69,0,0,65,0
16,10,86.9011422943229,5.82433168804886,1.1192644214981,10.97,0,0,51,0
16,10,86.9011422943229,5.82433168804886,1.1192644214981,18.96,0,0,27,0
16,10,86.9011422943229,5.82433168804886,1.1192644214981,18.98,0,0,32,0
17,10,79.6665826445626,4.54311893706026,2.11659302747799,0,101,10000,0,1
17,10,79.6665826445626,4.54311893706026,2.11659302747799,2.51,0,0,101,0
17,10,79.6665826445626,4.54311893706026,2.11659302747799,18.93,0,0,49,0
17,10,79.6665826445626,4.54311893706026,2.11659302747799,20.35,0,0,38,0
17,10,79.6665826445626,4.54311893706026,2.11659302747799,22.13,0,0,37,0
18,10,76.95551294992,3.32052149690349,0.650175409454013,0,101,10000,0,1
18,10,76.95551294992,3.32052149690349,0.650175409454013,8.59,0,0,79,0
18,10,76.95551294992,3.32052149690349,0.650175409454013,18.57,0,0,54,0
18,10,76.95551294992,3.32052149690349,0.650175409454013,21.03,0,0,59,0
18,10,76.95551294992,3.32052149690349,0.650175409454013,21.21,0,0,76,0
19,10,113.807015522921,2.41726354246338,0.821608254144481,0,101,10000,0,1
19,10,113.807015522921,2.41726354246338,0.821608254144481,8.82,0,0,100,0
19,10,113.807015522921,2.41726354246338,0.821608254144481,11.32,0,0,55,0
19,10,113.807015522921,2.41726354246338,0.821608254144481,18.16,0,0,71,0
19,10,113.807015522921,2.41726354246338,0.821608254144481,23.08,0,0,47,0
20,10,85.3657259213842,3.12900094077937,0.967427184263036,0,101,10000,0,1
20,10,85.3657259213842,3.12900094077937,0.967427184263036,2.71,0,0,78,0
20,10,85.3657259213842,3.12900094077937,0.967427184263036,11.3,0,0,66,0
20,10,85.3657259213842,3.12900094077937,0.967427184263036,17.87,0,0,56,0
20,10,85.3657259213842,3.12900094077937,0.967427184263036,19.22,0,0,59,0
21,10,74.1502441682419,4.62021150394819,1.80183927964396,0,101,10000,0,1
21,10,74.1502441682419,4.62021150394819,1.80183927964396,3.65,0,0,93,0
21,10,74.1502441682419,4.62021150394819,1.80183927964396,9.49,0,0,63,0
21,10,74.1502441682419,4.62021150394819,1.80183927964396,13.1,0,0,53,0
21,10,74.1502441682419,4.62021150394819,1.80183927964396,18.01,0,0,41,0
22,10,44.792664689142,3.4559906752183,0.90873875505455,0,101,10000,0,1
22,10,44.792664689142,3.4559906752183,0.90873875505455,10.24,0,0,80,0
22,10,44.792664689142,3.4559906752183,0.90873875505455,13.7,0,0,55,0
22,10,44.792664689142,3.4559906752183,0.90873875505455,17.73,0,0,81,0
22,10,44.792664689142,3.4559906752183,0.90873875505455,23.36,0,0,49,0
23,10,78.4562911034732,3.73453034035969,0.659188565870491,0,101,10000,0,1
23,10,78.4562911034732,3.73453034035969,0.659188565870491,14.13,0,0,67,0
23,10,78.4562911034732,3.73453034035969,0.659188565870491,14.76,0,0,71,0
23,10,78.4562911034732,3.73453034035969,0.659188565870491,15.23,0,0,55,0
23,10,78.4562911034732,3.73453034035969,0.659188565870491,19.81,0,0,79,0
24,10,72.4526352576088,4.51004127819417,2.46631817175547,0,101,10000,0,1
24,10,72.4526352576088,4.51004127819417,2.46631817175547,4.17,0,0,108,0
24,10,72.4526352576088,4.51004127819417,2.46631817175547,9.45,0,0,72,0
24,10,72.4526352576088,4.51004127819417,2.46631817175547,16.36,0,0,41,0
24,10,72.4526352576088,4.51004127819417,2.46631817175547,22.96,0,0,28,0
25,10,44.2814460659433,4.04699901952866,1.42531763010027,0,101,10000,0,1
25,10,44.2814460659433,4.04699901952866,1.42531763010027,3.66,0,0,116,0
25,10,44.2814460659433,4.04699901952866,1.42531763010027,7,0,0,157,0
25,10,44.2814460659433,4.04699901952866,1.42531763010027,10.74,0,0,95,0
25,10,44.2814460659433,4.04699901952866,1.42531763010027,13.18,0,0,45,0
26,10,54.2573646070108,2.80964257681894,0.696919251226752,0,101,10000,0,1
26,10,54.2573646070108,2.80964257681894,0.696919251226752,12.41,0,0,76,0
26,10,54.2573646070108,2.80964257681894,0.696919251226752,15.81,0,0,100,0
26,10,54.2573646070108,2.80964257681894,0.696919251226752,18.04,0,0,90,0
26,10,54.2573646070108,2.80964257681894,0.696919251226752,22.39,0,0,74,0
27,10,96.8228100298024,2.80852938909857,1.12879503362481,0,101,10000,0,1
27,10,96.8228100298024,2.80852938909857,1.12879503362481,6.01,0,0,84,0
27,10,96.8228100298024,2.80852938909857,1.12879503362481,6.54,0,0,92,0
27,10,96.8228100298024,2.80852938909857,1.12879503362481,17.58,0,0,71,0
27,10,96.8228100298024,2.80852938909857,1.12879503362481,23.55,0,0,63,0
28,10,65.1777312936167,5.10778193720567,0.831440741199749,0,101,10000,0,1
28,10,65.1777312936167,5.10778193720567,0.831440741199749,2.93,0,0,139,0
28,10,65.1777312936167,5.10778193720567,0.831440741199749,3.62,0,0,133,0
28,10,65.1777312936167,5.10778193720567,0.831440741199749,4.41,0,0,112,0
28,10,65.1777312936167,5.10778193720567,0.831440741199749,10.37,0,0,91,0
29,10,42.8948428154824,5.35954943003538,2.3011306300792,0,101,10000,0,1
29,10,42.8948428154824,5.35954943003538,2.3011306300792,5.28,0,0,124,0
29,10,42.8948428154824,5.35954943003538,2.3011306300792,5.47,0,0,82,0
29,10,42.8948428154824,5.35954943003538,2.3011306300792,5.74,0,0,137,0
29,10,42.8948428154824,5.35954943003538,2.3011306300792,19.55,0,0,27,0
30,10,72.6042089841193,2.90020204262812,0.830460163921236,0,101,10000,0,1
30,10,72.6042089841193,2.90020204262812,0.830460163921236,4.03,0,0,110,0
30,10,72.6042089841193,2.90020204262812,0.830460163921236,5.43,0,0,102,0
30,10,72.6042089841193,2.90020204262812,0.830460163921236,8.21,0,0,120,0
30,10,72.6042089841193,2.90020204262812,0.830460163921236,23.54,0,0,63,0
31,30,96.0075295380179,3.87971520937298,1.16480950893918,0,101,30000,0,1
31,30,96.0075295380179,3.87971520937298,1.16480950893918,5.03,0,0,446,0
31,30,96.0075295380179,3.87971520937298,1.16480950893918,10.05,0,0,321,0
31,30,96.0075295380179,3.87971520937298,1.16480950893918,13.72,0,0,156,0
31,30,96.0075295380179,3.87971520937298,1.16480950893918,13.91,0,0,233,0
32,30,52.150304584832,3.23228771393671,0.728288428024706,0,101,30000,0,1
32,30,52.150304584832,3.23228771393671,0.728288428024706,0.58,0,0,227,0
32,30,52.150304584832,3.23228771393671,0.728288428024706,5.18,0,0,507,0
32,30,52.150304584832,3.23228771393671,0.728288428024706,13.46,0,0,202,0
32,30,52.150304584832,3.23228771393671,0.728288428024706,21.75,0,0,149,0
33,30,76.9105064992793,2.35686189756665,1.32387197951836,0,101,30000,0,1
33,30,76.9105064992793,2.35686189756665,1.32387197951836,1.09,0,0,363,0
33,30,76.9105064992793,2.35686189756665,1.32387197951836,2.7,0,0,346,0
33,30,76.9105064992793,2.35686189756665,1.32387197951836,11.86,0,0,274,0
33,30,76.9105064992793,2.35686189756665,1.32387197951836,16.73,0,0,210,0
34,30,59.2523443375692,5.2874550788017,1.29805087642139,0,101,30000,0,1
34,30,59.2523443375692,5.2874550788017,1.29805087642139,1.77,0,0,507,0
34,30,59.2523443375692,5.2874550788017,1.29805087642139,19.97,0,0,98,0
34,30,59.2523443375692,5.2874550788017,1.29805087642139,22.38,0,0,83,0
34,30,59.2523443375692,5.2874550788017,1.29805087642139,22.45,0,0,97,0
35,30,69.6233327816608,3.96453635957494,1.19966423855697,0,101,30000,0,1
35,30,69.6233327816608,3.96453635957494,1.19966423855697,4.84,0,0,326,0
35,30,69.6233327816608,3.96453635957494,1.19966423855697,9.32,0,0,291,0
35,30,69.6233327816608,3.96453635957494,1.19966423855697,14.79,0,0,176,0
35,30,69.6233327816608,3.96453635957494,1.19966423855697,21.37,0,0,101,0
36,30,68.7970663750051,4.69076578457428,0.732365648354044,0,101,30000,0,1
36,30,68.7970663750051,4.69076578457428,0.732365648354044,2.14,0,0,303,0
36,30,68.7970663750051,4.69076578457428,0.732365648354044,3.69,0,0,238,0
36,30,68.7970663750051,4.69076578457428,0.732365648354044,8.04,0,0,257,0
36,30,68.7970663750051,4.69076578457428,0.732365648354044,14.64,0,0,149,0
37,30,50.5609228224049,3.80217457409312,0.764868672154025,0,101,30000,0,1
37,30,50.5609228224049,3.80217457409312,0.764868672154025,0.19,0,0,72,0
37,30,50.5609228224049,3.80217457409312,0.764868672154025,2.84,0,0,375,0
37,30,50.5609228224049,3.80217457409312,0.764868672154025,20.69,0,0,141,0
37,30,50.5609228224049,3.80217457409312,0.764868672154025,22.82,0,0,141,0
38,30,79.0026386582061,3.65860004863175,1.45955763904773,0,101,30000,0,1
38,30,79.0026386582061,3.65860004863175,1.45955763904773,3.33,0,0,342,0
38,30,79.0026386582061,3.65860004863175,1.45955763904773,16.05,0,0,160,0
38,30,79.0026386582061,3.65860004863175,1.45955763904773,20.62,0,0,146,0
38,30,79.0026386582061,3.65860004863175,1.45955763904773,21.92,0,0,152,0
39,30,72.2390235078444,3.3043716059684,0.467521886978818,0,101,30000,0,1
39,30,72.2390235078444,3.3043716059684,0.467521886978818,5.91,0,0,493,0
39,30,72.2390235078444,3.3043716059684,0.467521886978818,7.91,0,0,294,0
39,30,72.2390235078444,3.3043716059684,0.467521886978818,17.82,0,0,219,0
39,30,72.2390235078444,3.3043716059684,0.467521886978818,21.32,0,0,228,0
40,30,59.6406985381413,3.91035775981032,1.70249327281677,0,101,30000,0,1
40,30,59.6406985381413,3.91035775981032,1.70249327281677,1.73,0,0,505,0
40,30,59.6406985381413,3.91035775981032,1.70249327281677,3.55,0,0,423,0
40,30,59.6406985381413,3.91035775981032,1.70249327281677,10.02,0,0,243,0
40,30,59.6406985381413,3.91035775981032,1.70249327281677,19.55,0,0,164,0
41,30,72.5317295058858,4.15890707947728,0.757966531761645,0,101,30000,0,1
41,30,72.5317295058858,4.15890707947728,0.757966531761645,9.08,0,0,303,0
41,30,72.5317295058858,4.15890707947728,0.757966531761645,10.74,0,0,204,0
41,30,72.5317295058858,4.15890707947728,0.757966531761645,11.61,0,0,227,0
41,30,72.5317295058858,4.15890707947728,0.757966531761645,20.92,0,0,148,0
42,30,80.9603233292128,4.61701557664213,1.58808844985369,0,101,30000,0,1
42,30,80.9603233292128,4.61701557664213,1.58808844985369,0.68,0,0,226,0
42,30,80.9603233292128,4.61701557664213,1.58808844985369,3.11,0,0,280,0
42,30,80.9603233292128,4.61701557664213,1.58808844985369,8.71,0,0,298,0
42,30,80.9603233292128,4.61701557664213,1.58808844985369,9.31,0,0,212,0
43,30,67.9989542924659,3.03858311342929,1.11830372836012,0,101,30000,0,1
43,30,67.9989542924659,3.03858311342929,1.11830372836012,0.65,0,0,238,0
43,30,67.9989542924659,3.03858311342929,1.11830372836012,13.92,0,0,267,0
43,30,67.9989542924659,3.03858311342929,1.11830372836012,18.89,0,0,200,0
43,30,67.9989542924659,3.03858311342929,1.11830372836012,23.03,0,0,155,0
44,30,59.1259564646268,2.84510945749503,1.35324323951228,0,101,30000,0,1
44,30,59.1259564646268,2.84510945749503,1.35324323951228,10.67,0,0,362,0
44,30,59.1259564646268,2.84510945749503,1.35324323951228,12.71,0,0,269,0
44,30,59.1259564646268,2.84510945749503,1.35324323951228,22.82,0,0,151,0
44,30,59.1259564646268,2.84510945749503,1.35324323951228,23.85,0,0,191,0
45,30,67.5979323092807,4.47901130505462,1.2201770103469,0,101,30000,0,1
45,30,67.5979323092807,4.47901130505462,1.2201770103469,2.92,0,0,442,0
45,30,67.5979323092807,4.47901130505462,1.2201770103469,7.39,0,0,374,0
45,30,67.5979323092807,4.47901130505462,1.2201770103469,16.96,0,0,170,0
45,30,67.5979323092807,4.47901130505462,1.2201770103469,22.63,0,0,89,0
46,30,79.0400028416847,3.2581042472821,1.0548871936755,0,101,30000,0,1
46,30,79.0400028416847,3.2581042472821,1.0548871936755,1.13,0,0,281,0
46,30,79.0400028416847,3.2581042472821,1.0548871936755,5.36,0,0,314,0
46,30,79.0400028416847,3.2581042472821,1.0548871936755,15,0,0,210,0
46,30,79.0400028416847,3.2581042472821,1.0548871936755,18.2,0,0,257,0
47,30,82.2145130189464,5.4167128007604,1.07202261605648,0,101,30000,0,1
47,30,82.2145130189464,5.4167128007604,1.07202261605648,0.11,0,0,37,0
47,30,82.2145130189464,5.4167128007604,1.07202261605648,6.03,0,0,331,0
47,30,82.2145130189464,5.4167128007604,1.07202261605648,10.03,0,0,189,0
47,30,82.2145130189464,5.4167128007604,1.07202261605648,10.08,0,0,167,0
48,30,66.0998825487023,2.9431682950242,0.866281410761648,0,101,30000,0,1
48,30,66.0998825487023,2.9431682950242,0.866281410761648,9.43,0,0,418,0
48,30,66.0998825487023,2.9431682950242,0.866281410761648,12.91,0,0,235,0
48,30,66.0998825487023,2.9431682950242,0.866281410761648,13.36,0,0,299,0
48,30,66.0998825487023,2.9431682950242,0.866281410761648,16.01,0,0,215,0
49,30,48.2680257627463,3.66790452612311,0.840500452188929,0,101,30000,0,1
49,30,48.2680257627463,3.66790452612311,0.840500452188929,0.38,0,0,137,0
49,30,48.2680257627463,3.66790452612311,0.840500452188929,3.43,0,0,492,0
49,30,48.2680257627463,3.66790452612311,0.840500452188929,8.95,0,0,278,0
49,30,48.2680257627463,3.66790452612311,0.840500452188929,13.34,0,0,184,0
50,30,70.9540052763308,3.91023874419354,1.17049673508096,0,101,30000,0,1
50,30,70.9540052763308,3.91023874419354,1.17049673508096,1.3,0,0,353,0
50,30,70.9540052763308,3.91023874419354,1.17049673508096,1.55,0,0,423,0
50,30,70.9540052763308,3.91023874419354,1.17049673508096,11.91,0,0,178,0
50,30,70.9540052763308,3.91023874419354,1.17049673508096,17.37,0,0,229,0
51,30,81.9575803565416,3.80548665360894,1.11843006164993,0,101,30000,0,1
51,30,81.9575803565416,3.80548665360894,1.11843006164993,3.71,0,0,398,0
51,30,81.9575803565416,3.80548665360894,1.11843006164993,20.07,0,0,147,0
51,30,81.9575803565416,3.80548665360894,1.11843006164993,20.27,0,0,198,0
51,30,81.9575803565416,3.80548665360894,1.11843006164993,21.22,0,0,163,0
52,30,104.700604546831,4.8302601665734,1.03166800838004,0,101,30000,0,1
52,30,104.700604546831,4.8302601665734,1.03166800838004,10.64,0,0,122,0
52,30,104.700604546831,4.8302601665734,1.03166800838004,16.15,0,0,105,0
52,30,104.700604546831,4.8302601665734,1.03166800838004,18.73,0,0,149,0
52,30,104.700604546831,4.8302601665734,1.03166800838004,22.72,0,0,85,0
53,30,68.8010329527258,3.40271091233794,1.65758734016587,0,101,30000,0,1
53,30,68.8010329527258,3.40271091233794,1.65758734016587,2.14,0,0,354,0
53,30,68.8010329527258,3.40271091233794,1.65758734016587,8.07,0,0,260,0
53,30,68.8010329527258,3.40271091233794,1.65758734016587,15.98,0,0,174,0
53,30,68.8010329527258,3.40271091233794,1.65758734016587,20.48,0,0,149,0
54,30,84.1140190124566,6.51589408289373,1.25943910862797,0,101,30000,0,1
54,30,84.1140190124566,6.51589408289373,1.25943910862797,14.32,0,0,118,0
54,30,84.1140190124566,6.51589408289373,1.25943910862797,20.54,0,0,65,0
54,30,84.1140190124566,6.51589408289373,1.25943910862797,20.54,0,0,65,0
54,30,84.1140190124566,6.51589408289373,1.25943910862797,22.83,0,0,73,0
55,30,63.7396311712241,5.41664761645328,0.98787514978846,0,101,30000,0,1
55,30,63.7396311712241,5.41664761645328,0.98787514978846,10.72,0,0,227,0
55,30,63.7396311712241,5.41664761645328,0.98787514978846,12.94,0,0,186,0
55,30,63.7396311712241,5.41664761645328,0.98787514978846,14.3,0,0,202,0
55,30,63.7396311712241,5.41664761645328,0.98787514978846,16.87,0,0,102,0
56,30,95.544124938603,2.50304713429539,1.14657390989615,0,101,30000,0,1
56,30,95.544124938603,2.50304713429539,1.14657390989615,1.84,0,0,224,0
56,30,95.544124938603,2.50304713429539,1.14657390989615,6.13,0,0,253,0
56,30,95.544124938603,2.50304713429539,1.14657390989615,7.16,0,0,180,0
56,30,95.544124938603,2.50304713429539,1.14657390989615,9.71,0,0,307,0
57,30,79.5387397106394,3.07768211058927,0.489048039734722,0,101,30000,0,1
57,30,79.5387397106394,3.07768211058927,0.489048039734722,5,0,0,304,0
57,30,79.5387397106394,3.07768211058927,0.489048039734722,9.01,0,0,248,0
57,30,79.5387397106394,3.07768211058927,0.489048039734722,20.12,0,0,181,0
57,30,79.5387397106394,3.07768211058927,0.489048039734722,20.69,0,0,169,0
58,30,58.57223840668,5.10515108828083,1.25396160109489,0,101,30000,0,1
58,30,58.57223840668,5.10515108828083,1.25396160109489,0.93,0,0,262,0
58,30,58.57223840668,5.10515108828083,1.25396160109489,1.04,0,0,355,0
58,30,58.57223840668,5.10515108828083,1.25396160109489,8.34,0,0,282,0
58,30,58.57223840668,5.10515108828083,1.25396160109489,9.66,0,0,164,0
59,30,126.100805245979,2.82716759272609,0.977660706275394,0,101,30000,0,1
59,30,126.100805245979,2.82716759272609,0.977660706275394,3.77,0,0,198,0
59,30,126.100805245979,2.82716759272609,0.977660706275394,10.73,0,0,232,0
59,30,126.100805245979,2.82716759272609,0.977660706275394,14.51,0,0,163,0
59,30,126.100805245979,2.82716759272609,0.977660706275394,16.68,0,0,190,0
60,30,92.6021249559851,3.89847099655984,1.03792874967581,0,101,30000,0,1
60,30,92.6021249559851,3.89847099655984,1.03792874967581,8.16,0,0,220,0
60,30,92.6021249559851,3.89847099655984,1.03792874967581,12.35,0,0,286,0
60,30,92.6021249559851,3.89847099655984,1.03792874967581,17.44,0,0,147,0
60,30,92.6021249559851,3.89847099655984,1.03792874967581,17.95,0,0,132,0
61,60,108.733266672883,2.74330848239977,1.48472277250496,0,101,60000,0,1
61,60,108.733266672883,2.74330848239977,1.48472277250496,9.01,0,0,547,0
61,60,108.733266672883,2.74330848239977,1.48472277250496,16.17,0,0,359,0
61,60,108.733266672883,2.74330848239977,1.48472277250496,18.89,0,0,361,0
61,60,108.733266672883,2.74330848239977,1.48472277250496,23.26,0,0,262,0
62,60,51.8958405767282,4.90905142339841,0.645579900924226,0,101,60000,0,1
62,60,51.8958405767282,4.90905142339841,0.645579900924226,6.61,0,0,720,0
62,60,51.8958405767282,4.90905142339841,0.645579900924226,7.54,0,0,445,0
62,60,51.8958405767282,4.90905142339841,0.645579900924226,7.8,0,0,588,0
62,60,51.8958405767282,4.90905142339841,0.645579900924226,18.96,0,0,232,0
63,60,79.7013772803699,4.51360501078916,0.675001757731023,0,101,60000,0,1
63,60,79.7013772803699,4.51360501078916,0.675001757731023,6.15,0,0,512,0
63,60,79.7013772803699,4.51360501078916,0.675001757731023,7.89,0,0,644,0
63,60,79.7013772803699,4.51360501078916,0.675001757731023,12.19,0,0,364,0
63,60,79.7013772803699,4.51360501078916,0.675001757731023,14.65,0,0,359,0
64,60,111.399643645844,4.10211761742128,1.49908734713504,0,101,60000,0,1
64,60,111.399643645844,4.10211761742128,1.49908734713504,2.37,0,0,539,0
64,60,111.399643645844,4.10211761742128,1.49908734713504,2.6,0,0,731,0
64,60,111.399643645844,4.10211761742128,1.49908734713504,3.38,0,0,531,0
64,60,111.399643645844,4.10211761742128,1.49908734713504,6.14,0,0,481,0
65,60,50.1471394710054,5.77653112537475,1.1265821110881,0,101,60000,0,1
65,60,50.1471394710054,5.77653112537475,1.1265821110881,0.7,0,0,656,0
65,60,50.1471394710054,5.77653112537475,1.1265821110881,1.08,0,0,716,0
65,60,50.1471394710054,5.77653112537475,1.1265821110881,18.38,0,0,308,0
65,60,50.1471394710054,5.77653112537475,1.1265821110881,19.74,0,0,136,0
66,60,83.7935586860131,2.47238175192999,0.848231329935942,0,101,60000,0,1
66,60,83.7935586860131,2.47238175192999,0.848231329935942,2.94,0,0,599,0
66,60,83.7935586860131,2.47238175192999,0.848231329935942,9.97,0,0,697,0
66,60,83.7935586860131,2.47238175192999,0.848231329935942,18.25,0,0,419,0
66,60,83.7935586860131,2.47238175192999,0.848231329935942,22.93,0,0,235,0
67,60,80.0684751633114,3.39357713014935,0.823412267319487,0,101,60000,0,1
67,60,80.0684751633114,3.39357713014935,0.823412267319487,0.18,0,0,98,0
67,60,80.0684751633114,3.39357713014935,0.823412267319487,6.16,0,0,487,0
67,60,80.0684751633114,3.39357713014935,0.823412267319487,11.1,0,0,544,0
67,60,80.0684751633114,3.39357713014935,0.823412267319487,13.26,0,0,389,0
68,60,45.4052417234237,3.70194289725025,0.85166750840362,0,101,60000,0,1
68,60,45.4052417234237,3.70194289725025,0.85166750840362,2.07,0,0,976,0
68,60,45.4052417234237,3.70194289725025,0.85166750840362,5.03,0,0,887,0
68,60,45.4052417234237,3.70194289725025,0.85166750840362,8.25,0,0,719,0
68,60,45.4052417234237,3.70194289725025,0.85166750840362,9.78,0,0,700,0
69,60,61.9275866498595,3.28067685951269,0.987163656312329,0,101,60000,0,1
69,60,61.9275866498595,3.28067685951269,0.987163656312329,2.88,0,0,779,0
69,60,61.9275866498595,3.28067685951269,0.987163656312329,13.44,0,0,608,0
69,60,61.9275866498595,3.28067685951269,0.987163656312329,16.67,0,0,579,0
69,60,61.9275866498595,3.28067685951269,0.987163656312329,21.02,0,0,235,0
70,60,77.6992793625087,4.80316660899975,0.903019219712262,0,101,60000,0,1
70,60,77.6992793625087,4.80316660899975,0.903019219712262,0.85,0,0,522,0
70,60,77.6992793625087,4.80316660899975,0.903019219712262,4.9,0,0,936,0
70,60,77.6992793625087,4.80316660899975,0.903019219712262,10.1,0,0,428,0
70,60,77.6992793625087,4.80316660899975,0.903019219712262,22.37,0,0,165,0
71,60,65.1367396945532,4.46460709713674,0.767308303176678,0,101,60000,0,1
71,60,65.1367396945532,4.46460709713674,0.767308303176678,11.12,0,0,625,0
71,60,65.1367396945532,4.46460709713674,0.767308303176678,11.97,0,0,580,0
71,60,65.1367396945532,4.46460709713674,0.767308303176678,22.72,0,0,189,0
71,60,65.1367396945532,4.46460709713674,0.767308303176678,23.46,0,0,245,0
72,60,95.4337914951505,4.02827061749064,1.41273955559551,0,101,60000,0,1
72,60,95.4337914951505,4.02827061749064,1.41273955559551,9.5,0,0,561,0
72,60,95.4337914951505,4.02827061749064,1.41273955559551,11.1,0,0,546,0
72,60,95.4337914951505,4.02827061749064,1.41273955559551,22.19,0,0,226,0
72,60,95.4337914951505,4.02827061749064,1.41273955559551,22.39,0,0,249,0
73,60,71.4196015936283,4.12237792977014,0.788823186905851,0,101,60000,0,1
73,60,71.4196015936283,4.12237792977014,0.788823186905851,8.54,0,0,481,0
73,60,71.4196015936283,4.12237792977014,0.788823186905851,9.58,0,0,463,0
73,60,71.4196015936283,4.12237792977014,0.788823186905851,21.59,0,0,231,0
73,60,71.4196015936283,4.12237792977014,0.788823186905851,21.76,0,0,230,0
74,60,100.043585945881,4.06256346843244,0.893354579319281,0,101,60000,0,1
74,60,100.043585945881,4.06256346843244,0.893354579319281,0.44,0,0,245,0
74,60,100.043585945881,4.06256346843244,0.893354579319281,6.54,0,0,489,0
74,60,100.043585945881,4.06256346843244,0.893354579319281,11.03,0,0,450,0
74,60,100.043585945881,4.06256346843244,0.893354579319281,17.78,0,0,368,0
75,60,77.1378717197028,7.66957614340973,1.06767741962088,0,101,60000,0,1
75,60,77.1378717197028,7.66957614340973,1.06767741962088,0.15,0,0,99,0
75,60,77.1378717197028,7.66957614340973,1.06767741962088,0.37,0,0,381,0
75,60,77.1378717197028,7.66957614340973,1.06767741962088,12.64,0,0,183,0
75,60,77.1378717197028,7.66957614340973,1.06767741962088,17.87,0,0,133,0
76,60,73.3448108627477,3.23074543992989,0.624814178602786,0,101,60000,0,1
76,60,73.3448108627477,3.23074543992989,0.624814178602786,12.37,0,0,537,0
76,60,73.3448108627477,3.23074543992989,0.624814178602786,14.84,0,0,576,0
76,60,73.3448108627477,3.23074543992989,0.624814178602786,16.3,0,0,491,0
76,60,73.3448108627477,3.23074543992989,0.624814178602786,17.39,0,0,327,0
77,60,64.4670318078327,2.85666938509199,0.777706420447443,0,101,60000,0,1
77,60,64.4670318078327,2.85666938509199,0.777706420447443,4.36,0,0,866,0
77,60,64.4670318078327,2.85666938509199,0.777706420447443,13.85,0,0,353,0
77,60,64.4670318078327,2.85666938509199,0.777706420447443,16.5,0,0,597,0
77,60,64.4670318078327,2.85666938509199,0.777706420447443,19.62,0,0,306,0
78,60,85.0131101962994,3.53355548972018,2.07468505486903,0,101,60000,0,1
78,60,85.0131101962994,3.53355548972018,2.07468505486903,10.48,0,0,384,0
78,60,85.0131101962994,3.53355548972018,2.07468505486903,12.24,0,0,666,0
78,60,85.0131101962994,3.53355548972018,2.07468505486903,13.11,0,0,313,0
78,60,85.0131101962994,3.53355548972018,2.07468505486903,13.7,0,0,309,0
79,60,69.7263546957755,2.65196693428956,0.823405848573262,0,101,60000,0,1
79,60,69.7263546957755,2.65196693428956,0.823405848573262,2.23,0,0,645,0
79,60,69.7263546957755,2.65196693428956,0.823405848573262,8.13,0,0,698,0
79,60,69.7263546957755,2.65196693428956,0.823405848573262,10.54,0,0,569,0
79,60,69.7263546957755,2.65196693428956,0.823405848573262,19.41,0,0,445,0
80,60,102.113710488192,3.49774368390539,1.10836345682513,0,101,60000,0,1
80,60,102.113710488192,3.49774368390539,1.10836345682513,4.03,0,0,512,0
80,60,102.113710488192,3.49774368390539,1.10836345682513,17.33,0,0,369,0
80,60,102.113710488192,3.49774368390539,1.10836345682513,19.43,0,0,450,0
80,60,102.113710488192,3.49774368390539,1.10836345682513,21.77,0,0,330,0
81,60,90.2105297816583,3.91743898061243,0.984854401835558,0,101,60000,0,1
81,60,90.2105297816583,3.91743898061243,0.984854401835558,1.5,0,0,463,0
81,60,90.2105297816583,3.91743898061243,0.984854401835558,3.79,0,0,672,0
81,60,90.2105297816583,3.91743898061243,0.984854401835558,3.8,0,0,604,0
81,60,90.2105297816583,3.91743898061243,0.984854401835558,13.48,0,0,407,0
82,60,79.5416661540645,5.8228186891512,1.01982366241538,0,101,60000,0,1
82,60,79.5416661540645,5.8228186891512,1.01982366241538,8.49,0,0,271,0
82,60,79.5416661540645,5.8228186891512,1.01982366241538,11.1,0,0,281,0
82,60,79.5416661540645,5.8228186891512,1.01982366241538,19.03,0,0,213,0
82,60,79.5416661540645,5.8228186891512,1.01982366241538,22.81,0,0,167,0
83,60,56.1517673277898,3.04724565352823,1.2360490738089,0,101,60000,0,1
83,60,56.1517673277898,3.04724565352823,1.2360490738089,3.73,0,0,904,0
83,60,56.1517673277898,3.04724565352823,1.2360490738089,6.69,0,0,1367,0
83,60,56.1517673277898,3.04724565352823,1.2360490738089,13.05,0,0,572,0
83,60,56.1517673277898,3.04724565352823,1.2360490738089,21.64,0,0,304,0
84,60,44.4412175887928,2.23716204508592,1.27069113094645,0,101,60000,0,1
84,60,44.4412175887928,2.23716204508592,1.27069113094645,2.73,0,0,1303,0
84,60,44.4412175887928,2.23716204508592,1.27069113094645,15.68,0,0,752,0
84,60,44.4412175887928,2.23716204508592,1.27069113094645,18.61,0,0,511,0
84,60,44.4412175887928,2.23716204508592,1.27069113094645,22.48,0,0,354,0
85,60,62.0788319503386,3.77657790648146,0.71877523904824,0,101,60000,0,1
85,60,62.0788319503386,3.77657790648146,0.71877523904824,13.37,0,0,496,0
85,60,62.0788319503386,3.77657790648146,0.71877523904824,17.64,0,0,446,0
85,60,62.0788319503386,3.77657790648146,0.71877523904824,18.01,0,0,421,0
85,60,62.0788319503386,3.77657790648146,0.71877523904824,18.55,0,0,253,0
86,60,65.9126523193599,3.45183563129307,0.951292981855673,0,101,60000,0,1
86,60,65.9126523193599,3.45183563129307,0.951292981855673,14.65,0,0,302,0
86,60,65.9126523193599,3.45183563129307,0.951292981855673,14.83,0,0,639,0
86,60,65.9126523193599,3.45183563129307,0.951292981855673,18.85,0,0,360,0
86,60,65.9126523193599,3.45183563129307,0.951292981855673,20.46,0,0,540,0
87,60,57.2961116688092,3.58636030092839,1.18132769759922,0,101,60000,0,1
87,60,57.2961116688092,3.58636030092839,1.18132769759922,11.47,0,0,388,0
87,60,57.2961116688092,3.58636030092839,1.18132769759922,13.7,0,0,522,0
87,60,57.2961116688092,3.58636030092839,1.18132769759922,15.17,0,0,486,0
87,60,57.2961116688092,3.58636030092839,1.18132769759922,23.93,0,0,217,0
88,60,38.8873830305749,5.69473042864585,0.767132542326556,0,101,60000,0,1
88,60,38.8873830305749,5.69473042864585,0.767132542326556,3.76,0,0,912,0
88,60,38.8873830305749,5.69473042864585,0.767132542326556,4.28,0,0,706,0
88,60,38.8873830305749,5.69473042864585,0.767132542326556,9.82,0,0,378,0
88,60,38.8873830305749,5.69473042864585,0.767132542326556,11.99,0,0,349,0
89,60,53.0435580528316,4.79806111803075,0.92776949387266,0,101,60000,0,1
89,60,53.0435580528316,4.79806111803075,0.92776949387266,0.8,0,0,755,0
89,60,53.0435580528316,4.79806111803075,0.92776949387266,1.35,0,0,794,0
89,60,53.0435580528316,4.79806111803075,0.92776949387266,10.25,0,0,436,0
89,60,53.0435580528316,4.79806111803075,0.92776949387266,15.35,0,0,301,0
90,60,77.8082806028424,3.44885040519948,1.47433335888869,0,101,60000,0,1
90,60,77.8082806028424,3.44885040519948,1.47433335888869,0.54,0,0,356,0
90,60,77.8082806028424,3.44885040519948,1.47433335888869,4.61,0,0,600,0
90,60,77.8082806028424,3.44885040519948,1.47433335888869,13.94,0,0,432,0
90,60,77.8082806028424,3.44885040519948,1.47433335888869,15.07,0,0,339,0
91,120,50.5604044800858,6.24214547823693,0.760755529827135,0,101,120000,0,1
91,120,50.5604044800858,6.24214547823693,0.760755529827135,7.73,0,0,831,0
91,120,50.5604044800858,6.24214547823693,0.760755529827135,16.45,0,0,651,0
91,120,50.5604044800858,6.24214547823693,0.760755529827135,19.91,0,0,282,0
91,120,50.5604044800858,6.24214547823693,0.760755529827135,21.81,0,0,186,0
92,120,47.2286163138939,3.53586701220219,1.16592939153381,0,101,120000,0,1
92,120,47.2286163138939,3.53586701220219,1.16592939153381,0.99,0,0,1348,0
92,120,47.2286163138939,3.53586701220219,1.16592939153381,6.82,0,0,1504,0
92,120,47.2286163138939,3.53586701220219,1.16592939153381,17.8,0,0,690,0
92,120,47.2286163138939,3.53586701220219,1.16592939153381,20.3,0,0,544,0
93,120,57.5722498723557,6.32665532997569,0.822545097154582,0,101,120000,0,1
93,120,57.5722498723557,6.32665532997569,0.822545097154582,2.17,0,0,1628,0
93,120,57.5722498723557,6.32665532997569,0.822545097154582,17.55,0,0,349,0
93,120,57.5722498723557,6.32665532997569,0.822545097154582,22.91,0,0,178,0
93,120,57.5722498723557,6.32665532997569,0.822545097154582,23.51,0,0,208,0
94,120,98.4027506095085,2.4380864638757,1.14493266195457,0,101,120000,0,1
94,120,98.4027506095085,2.4380864638757,1.14493266195457,5.83,0,0,695,0
94,120,98.4027506095085,2.4380864638757,1.14493266195457,9.45,0,0,1104,0
94,120,98.4027506095085,2.4380864638757,1.14493266195457,18.45,0,0,591,0
94,120,98.4027506095085,2.4380864638757,1.14493266195457,23.53,0,0,1099,0
95,120,68.0232770305158,3.7758507528421,0.883028793298808,0,101,120000,0,1
95,120,68.0232770305158,3.7758507528421,0.883028793298808,6.53,0,0,1592,0
95,120,68.0232770305158,3.7758507528421,0.883028793298808,12.4,0,0,845,0
95,120,68.0232770305158,3.7758507528421,0.883028793298808,14.36,0,0,733,0
95,120,68.0232770305158,3.7758507528421,0.883028793298808,17.5,0,0,585,0
96,120,71.889525367523,7.67983989100469,0.913528529012739,0,101,120000,0,1
96,120,71.889525367523,7.67983989100469,0.913528529012739,7.75,0,0,615,0
96,120,71.889525367523,7.67983989100469,0.913528529012739,9.16,0,0,932,0
96,120,71.889525367523,7.67983989100469,0.913528529012739,10.89,0,0,685,0
96,120,71.889525367523,7.67983989100469,0.913528529012739,18.59,0,0,360,0
97,120,73.8953062503867,2.42812166032645,1.20456840790576,0,101,120000,0,1
97,120,73.8953062503867,2.42812166032645,1.20456840790576,1.17,0,0,1014,0
97,120,73.8953062503867,2.42812166032645,1.20456840790576,5.06,0,0,1325,0
97,120,73.8953062503867,2.42812166032645,1.20456840790576,15.71,0,0,1186,0
97,120,73.8953062503867,2.42812166032645,1.20456840790576,23.45,0,0,1062,0
98,120,45.3038341249038,3.94169460008846,0.779102218377883,0,101,120000,0,1
98,120,45.3038341249038,3.94169460008846,0.779102218377883,0.87,0,0,1093,0
98,120,45.3038341249038,3.94169460008846,0.779102218377883,11.45,0,0,1014,0
98,120,45.3038341249038,3.94169460008846,0.779102218377883,14.53,0,0,679,0
98,120,45.3038341249038,3.94169460008846,0.779102218377883,23.68,0,0,509,0
99,120,78.7813244523667,3.82133334275239,0.560076129232482,0,101,120000,0,1
99,120,78.7813244523667,3.82133334275239,0.560076129232482,8.66,0,0,1037,0
99,120,78.7813244523667,3.82133334275239,0.560076129232482,10.46,0,0,886,0
99,120,78.7813244523667,3.82133334275239,0.560076129232482,18.45,0,0,642,0
99,120,78.7813244523667,3.82133334275239,0.560076129232482,19.61,0,0,579,0
100,120,100.013744778131,4.02563011887804,1.43143539138074,0,101,120000,0,1
100,120,100.013744778131,4.02563011887804,1.43143539138074,3.4,0,0,1307,0
100,120,100.013744778131,4.02563011887804,1.43143539138074,8.58,0,0,815,0
100,120,100.013744778131,4.02563011887804,1.43143539138074,14.02,0,0,782,0
100,120,100.013744778131,4.02563011887804,1.43143539138074,15.75,0,0,875,0
101,120,50.9845332771302,5.10425536493634,1.13128381812388,0,101,120000,0,1
101,120,50.9845332771302,5.10425536493634,1.13128381812388,3.07,0,0,1863,0
101,120,50.9845332771302,5.10425536493634,1.13128381812388,6.68,0,0,1501,0
101,120,50.9845332771302,5.10425536493634,1.13128381812388,16.77,0,0,361,0
101,120,50.9845332771302,5.10425536493634,1.13128381812388,21.49,0,0,242,0
102,120,48.6681066235352,4.59126191464844,1.95124229927288,0,101,120000,0,1
102,120,48.6681066235352,4.59126191464844,1.95124229927288,2.69,0,0,1812,0
102,120,48.6681066235352,4.59126191464844,1.95124229927288,9.55,0,0,1136,0
102,120,48.6681066235352,4.59126191464844,1.95124229927288,11.52,0,0,816,0
102,120,48.6681066235352,4.59126191464844,1.95124229927288,14.99,0,0,529,0
103,120,98.1937509458736,4.58808175947579,0.778919002912532,0,101,120000,0,1
103,120,98.1937509458736,4.58808175947579,0.778919002912532,1.8,0,0,1036,0
103,120,98.1937509458736,4.58808175947579,0.778919002912532,12.21,0,0,726,0
103,120,98.1937509458736,4.58808175947579,0.778919002912532,22.56,0,0,430,0
103,120,98.1937509458736,4.58808175947579,0.778919002912532,23.99,0,0,406,0
104,120,92.5992832754948,4.55569107152956,1.16983205514276,0,101,120000,0,1
104,120,92.5992832754948,4.55569107152956,1.16983205514276,7.88,0,0,941,0
104,120,92.5992832754948,4.55569107152956,1.16983205514276,9.59,0,0,870,0
104,120,92.5992832754948,4.55569107152956,1.16983205514276,12.8,0,0,864,0
104,120,92.5992832754948,4.55569107152956,1.16983205514276,14.52,0,0,684,0
105,120,57.509794816207,4.98855001737311,0.940341239174445,0,101,120000,0,1
105,120,57.509794816207,4.98855001737311,0.940341239174445,2.08,0,0,2022,0
105,120,57.509794816207,4.98855001737311,0.940341239174445,3.2,0,0,2004,0
105,120,57.509794816207,4.98855001737311,0.940341239174445,11.27,0,0,566,0
105,120,57.509794816207,4.98855001737311,0.940341239174445,12.32,0,0,742,0
106,120,42.5092017798423,2.70081349235144,1.01309988096879,0,101,120000,0,1
106,120,42.5092017798423,2.70081349235144,1.01309988096879,3.05,0,0,2312,0
106,120,42.5092017798423,2.70081349235144,1.01309988096879,16.63,0,0,1003,0
106,120,42.5092017798423,2.70081349235144,1.01309988096879,18.79,0,0,803,0
106,120,42.5092017798423,2.70081349235144,1.01309988096879,20.35,0,0,866,0
107,120,67.1544149802738,4.01416994324604,0.968264246523243,0,101,120000,0,1
107,120,67.1544149802738,4.01416994324604,0.968264246523243,1.8,0,0,1910,0
107,120,67.1544149802738,4.01416994324604,0.968264246523243,4.47,0,0,1325,0
107,120,67.1544149802738,4.01416994324604,0.968264246523243,7.47,0,0,1747,0
107,120,67.1544149802738,4.01416994324604,0.968264246523243,8.5,0,0,1061,0
108,120,106.576609571802,3.66522534905681,0.632171442574096,0,101,120000,0,1
108,120,106.576609571802,3.66522534905681,0.632171442574096,7.23,0,0,944,0
108,120,106.576609571802,3.66522534905681,0.632171442574096,10.35,0,0,712,0
108,120,106.576609571802,3.66522534905681,0.632171442574096,20.83,0,0,773,0
108,120,106.576609571802,3.66522534905681,0.632171442574096,23.8,0,0,411,0
109,120,124.123455730453,3.37991981098569,0.621919623996619,0,101,120000,0,1
109,120,124.123455730453,3.37991981098569,0.621919623996619,5.64,0,0,1362,0
109,120,124.123455730453,3.37991981098569,0.621919623996619,18.48,0,0,838,0
109,120,124.123455730453,3.37991981098569,0.621919623996619,20.62,0,0,602,0
109,120,124.123455730453,3.37991981098569,0.621919623996619,22.89,0,0,516,0
110,120,67.5843911325359,4.3438404553064,1.11970109360262,0,101,120000,0,1
110,120,67.5843911325359,4.3438404553064,1.11970109360262,6.33,0,0,973,0
110,120,67.5843911325359,4.3438404553064,1.11970109360262,9.35,0,0,1185,0
110,120,67.5843911325359,4.3438404553064,1.11970109360262,15.59,0,0,758,0
110,120,67.5843911325359,4.3438404553064,1.11970109360262,22.37,0,0,625,0
111,120,41.0660128391958,7.99475657337054,0.473909511615869,0,101,120000,0,1
111,120,41.0660128391958,7.99475657337054,0.473909511615869,15.43,0,0,328,0
111,120,41.0660128391958,7.99475657337054,0.473909511615869,16.42,0,0,263,0
111,120,41.0660128391958,7.99475657337054,0.473909511615869,16.59,0,0,271,0
111,120,41.0660128391958,7.99475657337054,0.473909511615869,18.74,0,0,127,0
112,120,92.8667493370119,3.4680786575754,0.871409056721681,0,101,120000,0,1
112,120,92.8667493370119,3.4680786575754,0.871409056721681,1.21,0,0,807,0
112,120,92.8667493370119,3.4680786575754,0.871409056721681,6.38,0,0,1259,0
112,120,92.8667493370119,3.4680786575754,0.871409056721681,9.14,0,0,1338,0
112,120,92.8667493370119,3.4680786575754,0.871409056721681,14.11,0,0,684,0
113,120,74.6497571360493,3.5384682256267,0.499690733426608,0,101,120000,0,1
113,120,74.6497571360493,3.5384682256267,0.499690733426608,1.22,0,0,597,0
113,120,74.6497571360493,3.5384682256267,0.499690733426608,13.56,0,0,1045,0
113,120,74.6497571360493,3.5384682256267,0.499690733426608,23.62,0,0,580,0
113,120,74.6497571360493,3.5384682256267,0.499690733426608,23.75,0,0,424,0
114,120,67.0661242194735,4.1063709208044,0.61785761002546,0,101,120000,0,1
114,120,67.0661242194735,4.1063709208044,0.61785761002546,2.51,0,0,1277,0
114,120,67.0661242194735,4.1063709208044,0.61785761002546,5.08,0,0,1455,0
114,120,67.0661242194735,4.1063709208044,0.61785761002546,7.86,0,0,1040,0
114,120,67.0661242194735,4.1063709208044,0.61785761002546,21.36,0,0,551,0
115,120,108.950735877399,4.86788168230205,1.27447151193532,0,101,120000,0,1
115,120,108.950735877399,4.86788168230205,1.27447151193532,7.36,0,0,1085,0
115,120,108.950735877399,4.86788168230205,1.27447151193532,11.99,0,0,571,0
115,120,108.950735877399,4.86788168230205,1.27447151193532,13.06,0,0,425,0
115,120,108.950735877399,4.86788168230205,1.27447151193532,15.04,0,0,562,0
116,120,69.9927099629118,4.02526347053466,1.00959617378415,0,101,120000,0,1
116,120,69.9927099629118,4.02526347053466,1.00959617378415,0.65,0,0,704,0
116,120,69.9927099629118,4.02526347053466,1.00959617378415,16.96,0,0,670,0
116,120,69.9927099629118,4.02526347053466,1.00959617378415,21.98,0,0,548,0
116,120,69.9927099629118,4.02526347053466,1.00959617378415,22.86,0,0,365,0
117,120,102.763900113584,2.49758201959051,1.01067455309387,0,101,120000,0,1
117,120,102.763900113584,2.49758201959051,1.01067455309387,0.84,0,0,581,0
117,120,102.763900113584,2.49758201959051,1.01067455309387,5.44,0,0,1069,0
117,120,102.763900113584,2.49758201959051,1.01067455309387,6.83,0,0,1354,0
117,120,102.763900113584,2.49758201959051,1.01067455309387,12.26,0,0,740,0
118,120,83.7143252990564,1.86315262091804,1.02004122962181,0,101,120000,0,1
118,120,83.7143252990564,1.86315262091804,1.02004122962181,8.19,0,0,1363,0
118,120,83.7143252990564,1.86315262091804,1.02004122962181,21.03,0,0,740,0
118,120,83.7143252990564,1.86315262091804,1.02004122962181,22.41,0,0,797,0
118,120,83.7143252990564,1.86315262091804,1.02004122962181,23.3,0,0,1022,0
119,120,83.2471670701118,2.27351501876957,0.985772575649622,0,101,120000,0,1
119,120,83.2471670701118,2.27351501876957,0.985772575649622,8.34,0,0,1073,0
119,120,83.2471670701118,2.27351501876957,0.985772575649622,10.62,0,0,1177,0
119,120,83.2471670701118,2.27351501876957,0.985772575649622,15.59,0,0,917,0
119,120,83.2471670701118,2.27351501876957,0.985772575649622,16.99,0,0,828,0
120,120,67.6121316655456,2.98039531694413,1.21995301494616,0,101,120000,0,1
120,120,67.6121316655456,2.98039531694413,1.21995301494616,8.91,0,0,1520,0
120,120,67.6121316655456,2.98039531694413,1.21995301494616,12.56,0,0,1043,0
120,120,67.6121316655456,2.98039531694413,1.21995301494616,17.91,0,0,841,0
120,120,67.6121316655456,2.98039531694413,1.21995301494616,22.91,0,0,595,0
