ID,DOSE,V,CL,KA,TIME,EVID,AMT,DV,EVIDNM
1,10,53.9603031039388,4.19659144673066,0.782894801700805,0,101,10000,0,1
1,10,53.9603031039388,4.19659144673066,0.782894801700805,1.78,0,0,157,0
1,10,53.9603031039388,4.19659144673066,0.782894801700805,18.12,0,0,51,0
1,10,53.9603031039388,4.19659144673066,0.782894801700805,19.73,0,0,34,0
1,10,53.9603031039388,4.19659144673066,0.782894801700805,21.9,0,0,29,0
2,10,112.30995717427,3.4458980473818,0.671651788399613,0,101,10000,0,1
2,10,112.30995717427,3.4458980473818,0.671651788399613,5.27,0,0,85,0
2,10,112.30995717427,3.4458980473818,0.671651788399613,8.69,0,0,96,0
2,10,112.30995717427,3.4458980473818,0.671651788399613,9.65,0,0,44,0
2,10,112.30995717427,3.4458980473818,0.671651788399613,15.03,0,0,51,0
3,10,39.9770520528432,3.87989237032549,1.0103719112971,0,101,10000,0,1
3,10,39.9770520528432,3.87989237032549,1.0103719112971,2.44,0,0,158,0
3,10,39.9770520528432,3.87989237032549,1.0103719112971,2.51,0,0,139,0
3,10,39.9770520528432,3.87989237032549,1.0103719112971,9.51,0,0,104,0
3,10,39.9770520528432,3.87989237032549,1.0103719112971,20.89,0,0,28,0
4,10,71.4363819117096,4.00057312000848,1.2590993671063,0,101,10000,0,1
4,10,71.4363819117096,4.00057312000848,1.2590993671063,11.34,0,0,75,0
4,10,71.4363819117096,4.00057312000848,1.2590993671063,13.18,0,0,73,0
4,10,71.4363819117096,4.00057312000848,1.2590993671063,14.38,0,0,68,0
4,10,71.4363819117096,4.00057312000848,1.2590993671063,21.24,0,0,49,0
5,10,63.396874293853,3.44449213403644,0.908993061781896,0,101,10000,0,1
5,10,63.396874293853,3.44449213403644,0.908993061781896,13.49,0,0,63,0
5,10,63.396874293853,3.44449213403644,0.908993061781896,15.38,0,0,66,0
5,10,63.396874293853,3.44449213403644,0.908993061781896,22.45,0,0,57,0
5,10,63.396874293853,3.44449213403644,0.908993061781896,23.18,0,0,48,0
6,10,84.4852517488287,6.78874618955202,0.984251546375581,0,101,10000,0,1
6,10,84.4852517488287,6.78874618955202,0.984251546375581,2.1,0,0,94,0
6,10,84.4852517488287,6.78874618955202,0.984251546375581,8.08,0,0,89,0
6,10,84.4852517488287,6.78874618955202,0.984251546375581,15.98,0,0,41,0
6,10,84.4852517488287,6.78874618955202,0.984251546375581,21.33,0,0,24,0
7,10,64.7725567767451,3.32093639417409,0.566103582966043,0,101,10000,0,1
7,10,64.7725567767451,3.32093639417409,0.566103582966043,3.16,0,0,114,0
7,10,64.7725567767451,3.32093639417409,0.566103582966043,11.62,0,0,82,0
7,10,64.7725567767451,3.32093639417409,0.566103582966043,17.72,0,0,85,0
7,10,64.7725567767451,3.32093639417409,0.566103582966043,20.89,0,0,86,0
8,10,61.935485502249,3.15013871206449,0.912269311096117,0,101,10000,0,1
8,10,61.935485502249,3.15013871206449,0.912269311096117,7.31,0,0,108,0
8,10,61.935485502249,3.15013871206449,0.912269311096117,11.46,0,0,118,0
8,10,61.935485502249,3.15013871206449,0.912269311096117,13.27,0,0,75,0
8,10,61.935485502249,3.15013871206449,0.912269311096117,19.46,0,0,82,0
9,10,69.8451340997641,4.66344034852372,1.07376896695174,0,101,10000,0,1
9,10,69.8451340997641,4.66344034852372,1.07376896695174,6.82,0,0,128,0
9,10,69.8451340997641,4.66344034852372,1.07376896695174,13.9,0,0,67,0
9,10,69.8451340997641,4.66344034852372,1.07376896695174,19.63,0,0,41,0
9,10,69.8451340997641,4.66344034852372,1.07376896695174,19.89,0,0,32,0
10,10,65.3973683345279,2.94882323884005,0.994742461497239,0,101,10000,0,1
10,10,65.3973683345279,2.94882323884005,0.994742461497239,8.09,0,0,94,0
10,10,65.3973683345279,2.94882323884005,0.994742461497239,11.13,0,0,119,0
10,10,65.3973683345279,2.94882323884005,0.994742461497239,19.28,0,0,66,0
10,10,65.3973683345279,2.94882323884005,0.994742461497239,22.1,0,0,55,0
11,10,57.2856538266038,4.36332999759368,0.970431500033924,0,101,10000,0,1
11,10,57.2856538266038,4.36332999759368,0.970431500033924,9,0,0,126,0
11,10,57.2856538266038,4.36332999759368,0.970431500033924,12.3,0,0,61,0
11,10,57.2856538266038,4.36332999759368,0.970431500033924,13.65,0,0,57,0
11,10,57.2856538266038,4.36332999759368,0.970431500033924,23.42,0,0,33,0
12,10,74.4268367237299,2.53375576282092,1.37947537056127,0,101,10000,0,1
12,10,74.4268367237299,2.53375576282092,1.37947537056127,7.98,0,0,120,0
12,10,74.4268367237299,2.53375576282092,1.37947537056127,12.48,0,0,105,0
12,10,74.4268367237299,2.53375576282092,1.37947537056127,16.62,0,0,87,0
12,10,74.4268367237299,2.53375576282092,1.37947537056127,18.49,0,0,97,0
13,10,63.6910270030773,3.94191019419616,1.16624207506812,0,101,10000,0,1
13,10,63.6910270030773,3.94191019419616,1.16624207506812,6.18,0,0,66,0
13,10,63.6910270030773,3.94191019419616,1.16624207506812,7.46,0,0,123,0
13,10,63.6910270030773,3.94191019419616,1.16624207506812,12.15,0,0,66,0
13,10,63.6910270030773,3.94191019419616,1.16624207506812,22.57,0,0,49,0
14,10,81.5053232644232,5.45265651462583,1.17205167285535,0,101,10000,0,1
14,10,81.5053232644232,5.45265651462583,1.17205167285535,3.88,0,0,121,0
14,10,81.5053232644232,5.45265651462583,1.17205167285535,4.6,0,0,88,0
14,10,81.5053232644232,5.45265651462583,1.17205167285535,8.16,0,0,74,0
14,10,81.5053232644232,5.45265651462583,1.17205167285535,22.12,0,0,24,0
15,10,68.4072229498436,3.04063964145966,0.87377466854874,0,101,10000,0,1
15,10,68.4072229498436,3.04063964145966,0.87377466854874,4.56,0,0,142,0
15,10,68.4072229498436,3.04063964145966,0.87377466854874,4.99,0,0,134,0
15,10,68.4072229498436,3.04063964145966,0.87377466854874,10.98,0,0,78,0
15,10,68.4072229498436,3.04063964145966,0.87377466854874,13.52,0,0,62,0
16,10,68.2478445995745,2.76074101056489,1.17811518862597,0,101,10000,0,1
16,10,68.2478445995745,2.76074101056489,1.17811518862597,11.33,0,0,100,0
16,10,68.2478445995745,2.76074101056489,1.17811518862597,11.47,0,0,116,0
16,10,68.2478445995745,2.76074101056489,1.17811518862597,19.42,0,0,58,0
16,10,68.2478445995745,2.76074101056489,1.17811518862597,21.46,0,0,57,0
17,10,56.7112642474593,2.59259482976232,0.762742850245112,0,101,10000,0,1
17,10,56.7112642474593,2.59259482976232,0.762742850245112,2.49,0,0,210,0
17,10,56.7112642474593,2.59259482976232,0.762742850245112,8.65,0,0,182,0
17,10,56.7112642474593,2.59259482976232,0.762742850245112,16.68,0,0,83,0
17,10,56.7112642474593,2.59259482976232,0.762742850245112,20.72,0,0,71,0
18,10,75.3184336121488,6.65820867881636,0.695831796968461,0,101,10000,0,1
18,10,75.3184336121488,6.65820867881636,0.695831796968461,2.75,0,0,87,0
18,10,75.3184336121488,6.65820867881636,0.695831796968461,4.17,0,0,97,0
18,10,75.3184336121488,6.65820867881636,0.695831796968461,9.32,0,0,71,0
18,10,75.3184336121488,6.65820867881636,0.695831796968461,14.43,0,0,44,0
19,10,61.8753986212638,2.94756117121066,0.954818169299391,0,101,10000,0,1
19,10,61.8753986212638,2.94756117121066,0.954818169299391,1.3,0,0,93,0
19,10,61.8753986212638,2.94756117121066,0.954818169299391,4.8,0,0,155,0
19,10,61.8753986212638,2.94756117121066,0.954818169299391,8.37,0,0,185,0
19,10,61.8753986212638,2.94756117121066,0.954818169299391,14.47,0,0,60,0
20,10,70.1407391852051,2.57783978104609,0.997657108666026,0,101,10000,0,1
20,10,70.1407391852051,2.57783978104609,0.997657108666026,19.91,0,0,61,0
20,10,70.1407391852051,2.57783978104609,0.997657108666026,21.22,0,0,80,0
20,10,70.1407391852051,2.57783978104609,0.997657108666026,21.53,0,0,56,0
20,10,70.1407391852051,2.57783978104609,0.997657108666026,21.69,0,0,99,0
21,10,70.9318966900586,7.97532320284146,0.695162273123202,0,101,10000,0,1
21,10,70.9318966900586,7.97532320284146,0.695162273123202,7.62,0,0,58,0
21,10,70.9318966900586,7.97532320284146,0.695162273123202,8.67,0,0,87,0
21,10,70.9318966900586,7.97532320284146,0.695162273123202,13.31,0,0,33,0
21,10,70.9318966900586,7.97532320284146,0.695162273123202,23.65,0,0,11,0
22,10,44.5525344299464,3.59861784780449,0.623640727029817,0,101,10000,0,1
22,10,44.5525344299464,3.59861784780449,0.623640727029817,3.39,0,0,144,0
22,10,44.5525344299464,3.59861784780449,0.623640727029817,5.16,0,0,170,0
22,10,44.5525344299464,3.59861784780449,0.623640727029817,11.52,0,0,135,0
22,10,44.5525344299464,3.59861784780449,0.623640727029817,11.58,0,0,99,0
23,10,65.3468192950273,4.10100554298332,1.21153093559071,0,101,10000,0,1
23,10,65.3468192950273,4.10100554298332,1.21153093559071,2.59,0,0,233,0
23,10,65.3468192950273,4.10100554298332,1.21153093559071,3.97,0,0,107,0
23,10,65.3468192950273,4.10100554298332,1.21153093559071,9.09,0,0,77,0
23,10,65.3468192950273,4.10100554298332,1.21153093559071,14.34,0,0,77,0
24,10,80.438951640541,3.04849040321992,0.899885871618671,0,101,10000,0,1
24,10,80.438951640541,3.04849040321992,0.899885871618671,3.47,0,0,122,0
24,10,80.438951640541,3.04849040321992,0.899885871618671,4.91,0,0,99,0
24,10,80.438951640541,3.04849040321992,0.899885871618671,19.43,0,0,63,0
24,10,80.438951640541,3.04849040321992,0.899885871618671,21.59,0,0,71,0
25,10,40.830004027227,3.2872909872018,1.02203955069265,0,101,10000,0,1
25,10,40.830004027227,3.2872909872018,1.02203955069265,1.34,0,0,161,0
25,10,40.830004027227,3.2872909872018,1.02203955069265,5.1,0,0,163,0
25,10,40.830004027227,3.2872909872018,1.02203955069265,18.23,0,0,72,0
25,10,40.830004027227,3.2872909872018,1.02203955069265,20.23,0,0,45,0
26,10,72.2408743145671,7.06007838482102,0.445426406169723,0,101,10000,0,1
26,10,72.2408743145671,7.06007838482102,0.445426406169723,13.65,0,0,68,0
26,10,72.2408743145671,7.06007838482102,0.445426406169723,14.6,0,0,47,0
26,10,72.2408743145671,7.06007838482102,0.445426406169723,17.48,0,0,36,0
26,10,72.2408743145671,7.06007838482102,0.445426406169723,23.33,0,0,20,0
27,10,82.6866023051212,4.52157833076237,1.11068020745095,0,101,10000,0,1
27,10,82.6866023051212,4.52157833076237,1.11068020745095,1.43,0,0,96,0
27,10,82.6866023051212,4.52157833076237,1.11068020745095,6.22,0,0,99,0
27,10,82.6866023051212,4.52157833076237,1.11068020745095,9.21,0,0,71,0
27,10,82.6866023051212,4.52157833076237,1.11068020745095,21.39,0,0,31,0
28,10,75.1724994001679,2.21726348716108,0.598101543977274,0,101,10000,0,1
28,10,75.1724994001679,2.21726348716108,0.598101543977274,0.76,0,0,44,0
28,10,75.1724994001679,2.21726348716108,0.598101543977274,2.85,0,0,154,0
28,10,75.1724994001679,2.21726348716108,0.598101543977274,14.41,0,0,63,0
28,10,75.1724994001679,2.21726348716108,0.598101543977274,19.43,0,0,77,0
29,10,66.3351521317521,3.31931529869526,1.24958445174015,0,101,10000,0,1
29,10,66.3351521317521,3.31931529869526,1.24958445174015,4.69,0,0,144,0
29,10,66.3351521317521,3.31931529869526,1.24958445174015,9.64,0,0,86,0
29,10,66.3351521317521,3.31931529869526,1.24958445174015,12.88,0,0,136,0
29,10,66.3351521317521,3.31931529869526,1.24958445174015,14.36,0,0,51,0
30,10,68.5107122750006,4.11008641352915,0.726100779940924,0,101,10000,0,1
30,10,68.5107122750006,4.11008641352915,0.726100779940924,4.58,0,0,129,0
30,10,68.5107122750006,4.11008641352915,0.726100779940924,11.31,0,0,114,0
30,10,68.5107122750006,4.11008641352915,0.726100779940924,14.81,0,0,67,0
30,10,68.5107122750006,4.11008641352915,0.726100779940924,19.95,0,0,31,0
31,30,90.2515270488322,5.01915657055549,0.879407468874079,0,101,30000,0,1
31,30,90.2515270488322,5.01915657055549,0.879407468874079,0.8,0,0,188,0
31,30,90.2515270488322,5.01915657055549,0.879407468874079,5.11,0,0,262,0
31,30,90.2515270488322,5.01915657055549,0.879407468874079,8.98,0,0,182,0
31,30,90.2515270488322,5.01915657055549,0.879407468874079,15.38,0,0,113,0
32,30,80.4427787123033,4.58827977422834,0.640921425507257,0,101,30000,0,1
32,30,80.4427787123033,4.58827977422834,0.640921425507257,7.43,0,0,294,0
32,30,80.4427787123033,4.58827977422834,0.640921425507257,8.57,0,0,306,0
32,30,80.4427787123033,4.58827977422834,0.640921425507257,8.68,0,0,371,0
32,30,80.4427787123033,4.58827977422834,0.640921425507257,9.86,0,0,280,0
33,30,87.3513885752243,2.71796014636594,1.14410499382737,0,101,30000,0,1
33,30,87.3513885752243,2.71796014636594,1.14410499382737,1.05,0,0,306,0
33,30,87.3513885752243,2.71796014636594,1.14410499382737,2.9,0,0,244,0
33,30,87.3513885752243,2.71796014636594,1.14410499382737,3.4,0,0,304,0
33,30,87.3513885752243,2.71796014636594,1.14410499382737,4.78,0,0,380,0
34,30,69.6275974973926,2.33842716172091,2.12325163045498,0,101,30000,0,1
34,30,69.6275974973926,2.33842716172091,2.12325163045498,1.78,0,0,410,0
34,30,69.6275974973926,2.33842716172091,2.12325163045498,2.52,0,0,477,0
34,30,69.6275974973926,2.33842716172091,2.12325163045498,2.64,0,0,393,0
34,30,69.6275974973926,2.33842716172091,2.12325163045498,8.13,0,0,405,0
35,30,77.3978731496878,3.24185753194331,1.60018591397502,0,101,30000,0,1
35,30,77.3978731496878,3.24185753194331,1.60018591397502,6.57,0,0,340,0
35,30,77.3978731496878,3.24185753194331,1.60018591397502,16.92,0,0,197,0
35,30,77.3978731496878,3.24185753194331,1.60018591397502,21.58,0,0,131,0
35,30,77.3978731496878,3.24185753194331,1.60018591397502,23.51,0,0,125,0
36,30,43.2132375726019,2.62009139546995,0.706397518211584,0,101,30000,0,1
36,30,43.2132375726019,2.62009139546995,0.706397518211584,2.74,0,0,435,0
36,30,43.2132375726019,2.62009139546995,0.706397518211584,15.15,0,0,407,0
36,30,43.2132375726019,2.62009139546995,0.706397518211584,15.6,0,0,287,0
36,30,43.2132375726019,2.62009139546995,0.706397518211584,18.54,0,0,219,0
37,30,70.4363101890561,8.25261954835372,0.847564108709321,0,101,30000,0,1
37,30,70.4363101890561,8.25261954835372,0.847564108709321,6.57,0,0,191,0
37,30,70.4363101890561,8.25261954835372,0.847564108709321,8.28,0,0,166,0
37,30,70.4363101890561,8.25261954835372,0.847564108709321,11.92,0,0,108,0
37,30,70.4363101890561,8.25261954835372,0.847564108709321,22.68,0,0,37,0
38,30,42.1005537150023,3.90498034310607,0.825444884068541,0,101,30000,0,1
38,30,42.1005537150023,3.90498034310607,0.825444884068541,0.58,0,0,247,0
38,30,42.1005537150023,3.90498034310607,0.825444884068541,6.03,0,0,476,0
38,30,42.1005537150023,3.90498034310607,0.825444884068541,10.53,0,0,290,0
38,30,42.1005537150023,3.90498034310607,0.825444884068541,16.62,0,0,222,0
39,30,78.8317729384957,5.81856906347122,0.663934465105574,0,101,30000,0,1
39,30,78.8317729384957,5.81856906347122,0.663934465105574,4.3,0,0,254,0
39,30,78.8317729384957,5.81856906347122,0.663934465105574,19.17,0,0,89,0
39,30,78.8317729384957,5.81856906347122,0.663934465105574,20.33,0,0,94,0
39,30,78.8317729384957,5.81856906347122,0.663934465105574,22.73,0,0,90,0
40,30,59.6017987778183,4.97935098013613,1.02286169538017,0,101,30000,0,1
40,30,59.6017987778183,4.97935098013613,1.02286169538017,2.68,0,0,391,0
40,30,59.6017987778183,4.97935098013613,1.02286169538017,4.07,0,0,433,0
40,30,59.6017987778183,4.97935098013613,1.02286169538017,12.93,0,0,112,0
40,30,59.6017987778183,4.97935098013613,1.02286169538017,13.41,0,0,168,0
41,30,45.937332217497,4.01354062039491,0.815161251292002,0,101,30000,0,1
41,30,45.937332217497,4.01354062039491,0.815161251292002,5.43,0,0,574,0
41,30,45.937332217497,4.01354062039491,0.815161251292002,10.33,0,0,276,0
41,30,45.937332217497,4.01354062039491,0.815161251292002,15.23,0,0,194,0
41,30,45.937332217497,4.01354062039491,0.815161251292002,17.31,0,0,114,0
42,30,39.3253528173897,6.4116842328253,0.700563256279506,0,101,30000,0,1
42,30,39.3253528173897,6.4116842328253,0.700563256279506,12.22,0,0,174,0
42,30,39.3253528173897,6.4116842328253,0.700563256279506,16.26,0,0,64,0
42,30,39.3253528173897,6.4116842328253,0.700563256279506,16.84,0,0,71,0
42,30,39.3253528173897,6.4116842328253,0.700563256279506,22.38,0,0,20,0
43,30,108.54880365869,7.47199762813574,1.62944923313177,0,101,30000,0,1
43,30,108.54880365869,7.47199762813574,1.62944923313177,3.29,0,0,205,0
43,30,108.54880365869,7.47199762813574,1.62944923313177,11.08,0,0,145,0
43,30,108.54880365869,7.47199762813574,1.62944923313177,13.03,0,0,110,0
43,30,108.54880365869,7.47199762813574,1.62944923313177,18.8,0,0,80,0
44,30,61.1929246306281,3.18622624885478,0.786930009680707,0,101,30000,0,1
44,30,61.1929246306281,3.18622624885478,0.786930009680707,3.18,0,0,489,0
44,30,61.1929246306281,3.18622624885478,0.786930009680707,15.69,0,0,313,0
44,30,61.1929246306281,3.18622624885478,0.786930009680707,18.36,0,0,194,0
44,30,61.1929246306281,3.18622624885478,0.786930009680707,20.78,0,0,187,0
45,30,57.9755375922619,3.78691938924106,1.15694573710694,0,101,30000,0,1
45,30,57.9755375922619,3.78691938924106,1.15694573710694,3.52,0,0,521,0
45,30,57.9755375922619,3.78691938924106,1.15694573710694,11.23,0,0,274,0
45,30,57.9755375922619,3.78691938924106,1.15694573710694,14.21,0,0,181,0
45,30,57.9755375922619,3.78691938924106,1.15694573710694,16,0,0,198,0
46,30,74.4711494877646,2.34448820600603,1.25990424968725,0,101,30000,0,1
46,30,74.4711494877646,2.34448820600603,1.25990424968725,1.32,0,0,192,0
46,30,74.4711494877646,2.34448820600603,1.25990424968725,10.62,0,0,282,0
46,30,74.4711494877646,2.34448820600603,1.25990424968725,13.63,0,0,217,0
46,30,74.4711494877646,2.34448820600603,1.25990424968725,15.66,0,0,290,0
47,30,56.7872363505833,3.2168949151829,1.26480880048647,0,101,30000,0,1
47,30,56.7872363505833,3.2168949151829,1.26480880048647,3.27,0,0,539,0
47,30,56.7872363505833,3.2168949151829,1.26480880048647,4.99,0,0,357,0
47,30,56.7872363505833,3.2168949151829,1.26480880048647,17.67,0,0,147,0
47,30,56.7872363505833,3.2168949151829,1.26480880048647,23.29,0,0,169,0
48,30,54.9373345030726,4.61628829849174,1.67624746101051,0,101,30000,0,1
48,30,54.9373345030726,4.61628829849174,1.67624746101051,2.66,0,0,418,0
48,30,54.9373345030726,4.61628829849174,1.67624746101051,6.74,0,0,310,0
48,30,54.9373345030726,4.61628829849174,1.67624746101051,13.6,0,0,146,0
48,30,54.9373345030726,4.61628829849174,1.67624746101051,14.47,0,0,171,0
49,30,63.3165729636412,4.27935806305937,0.791371334284661,0,101,30000,0,1
49,30,63.3165729636412,4.27935806305937,0.791371334284661,15.51,0,0,140,0
49,30,63.3165729636412,4.27935806305937,0.791371334284661,16.19,0,0,247,0
49,30,63.3165729636412,4.27935806305937,0.791371334284661,20.95,0,0,144,0
49,30,63.3165729636412,4.27935806305937,0.791371334284661,23.72,0,0,83,0
50,30,41.926154279321,3.98063492207483,1.31530129966915,0,101,30000,0,1
50,30,41.926154279321,3.98063492207483,1.31530129966915,0.16,0,0,109,0
50,30,41.926154279321,3.98063492207483,1.31530129966915,4.39,0,0,502,0
50,30,41.926154279321,3.98063492207483,1.31530129966915,8,0,0,497,0
50,30,41.926154279321,3.98063492207483,1.31530129966915,12.62,0,0,250,0
51,30,68.7828543475762,6.26734895278979,0.704041087714545,0,101,30000,0,1
51,30,68.7828543475762,6.26734895278979,0.704041087714545,0.12,0,0,28,0
51,30,68.7828543475762,6.26734895278979,0.704041087714545,9.01,0,0,182,0
51,30,68.7828543475762,6.26734895278979,0.704041087714545,17.92,0,0,78,0
51,30,68.7828543475762,6.26734895278979,0.704041087714545,21.81,0,0,62,0
52,30,64.4982842297834,4.93089487186863,0.626219145397751,0,101,30000,0,1
52,30,64.4982842297834,4.93089487186863,0.626219145397751,1.5,0,0,213,0
52,30,64.4982842297834,4.93089487186863,0.626219145397751,4.94,0,0,402,0
52,30,64.4982842297834,4.93089487186863,0.626219145397751,6.54,0,0,284,0
52,30,64.4982842297834,4.93089487186863,0.626219145397751,8.92,0,0,325,0
53,30,104.291479142291,3.17531111105525,0.966564060476497,0,101,30000,0,1
53,30,104.291479142291,3.17531111105525,0.966564060476497,4.73,0,0,201,0
53,30,104.291479142291,3.17531111105525,0.966564060476497,6.64,0,0,233,0
53,30,104.291479142291,3.17531111105525,0.966564060476497,10.16,0,0,227,0
53,30,104.291479142291,3.17531111105525,0.966564060476497,14.55,0,0,217,0
54,30,70.232698042303,3.99931889332903,1.12198955344646,0,101,30000,0,1
54,30,70.232698042303,3.99931889332903,1.12198955344646,3.05,0,0,433,0
54,30,70.232698042303,3.99931889332903,1.12198955344646,6.36,0,0,379,0
54,30,70.232698042303,3.99931889332903,1.12198955344646,15.26,0,0,235,0
54,30,70.232698042303,3.99931889332903,1.12198955344646,21.93,0,0,142,0
55,30,88.5212246310672,3.94883310865126,1.06533225978882,0,101,30000,0,1
55,30,88.5212246310672,3.94883310865126,1.06533225978882,4.93,0,0,308,0
55,30,88.5212246310672,3.94883310865126,1.06533225978882,7.77,0,0,257,0
55,30,88.5212246310672,3.94883310865126,1.06533225978882,9.53,0,0,194,0
55,30,88.5212246310672,3.94883310865126,1.06533225978882,16.57,0,0,228,0
56,30,77.9682853224852,2.20629353098789,1.42563605943091,0,101,30000,0,1
56,30,77.9682853224852,2.20629353098789,1.42563605943091,1.75,0,0,356,0
56,30,77.9682853224852,2.20629353098789,1.42563605943091,2.36,0,0,275,0
56,30,77.9682853224852,2.20629353098789,1.42563605943091,21.61,0,0,143,0
56,30,77.9682853224852,2.20629353098789,1.42563605943091,22.33,0,0,316,0
57,30,141.59405929959,5.30908028069174,1.23107608704292,0,101,30000,0,1
57,30,141.59405929959,5.30908028069174,1.23107608704292,5.39,0,0,189,0
57,30,141.59405929959,5.30908028069174,1.23107608704292,6.89,0,0,205,0
57,30,141.59405929959,5.30908028069174,1.23107608704292,13.57,0,0,103,0
57,30,141.59405929959,5.30908028069174,1.23107608704292,21.36,0,0,89,0
58,30,35.3035042524511,2.57759741831965,1.03459467309445,0,101,30000,0,1
58,30,35.3035042524511,2.57759741831965,1.03459467309445,0.65,0,0,495,0
58,30,35.3035042524511,2.57759741831965,1.03459467309445,6.7,0,0,609,0
58,30,35.3035042524511,2.57759741831965,1.03459467309445,10.14,0,0,451,0
58,30,35.3035042524511,2.57759741831965,1.03459467309445,17.49,0,0,215,0
59,30,62.0004841381388,3.69519709446638,0.507292075828854,0,101,30000,0,1
59,30,62.0004841381388,3.69519709446638,0.507292075828854,5.4,0,0,344,0
59,30,62.0004841381388,3.69519709446638,0.507292075828854,12.64,0,0,226,0
59,30,62.0004841381388,3.69519709446638,0.507292075828854,13.76,0,0,204,0
59,30,62.0004841381388,3.69519709446638,0.507292075828854,18.35,0,0,216,0
60,30,60.6999881421253,2.2915763413106,1.29728524799792,0,101,30000,0,1
60,30,60.6999881421253,2.2915763413106,1.29728524799792,0.29,0,0,165,0
60,30,60.6999881421253,2.2915763413106,1.29728524799792,11.31,0,0,530,0
60,30,60.6999881421253,2.2915763413106,1.29728524799792,15.55,0,0,313,0
60,30,60.6999881421253,2.2915763413106,1.29728524799792,23.51,0,0,240,0
61,60,71.2337608373664,4.38598996239594,0.943831999343669,0,101,60000,0,1
61,60,71.2337608373664,4.38598996239594,0.943831999343669,2.89,0,0,707,0
61,60,71.2337608373664,4.38598996239594,0.943831999343669,15.95,0,0,259,0
61,60,71.2337608373664,4.38598996239594,0.943831999343669,18.45,0,0,270,0
61,60,71.2337608373664,4.38598996239594,0.943831999343669,21.37,0,0,303,0
62,60,56.3508432272049,5.95432148652666,1.11050834138644,0,101,60000,0,1
62,60,56.3508432272049,5.95432148652666,1.11050834138644,0.42,0,0,336,0
62,60,56.3508432272049,5.95432148652666,1.11050834138644,1.61,0,0,857,0
62,60,56.3508432272049,5.95432148652666,1.11050834138644,11.75,0,0,366,0
62,60,56.3508432272049,5.95432148652666,1.11050834138644,17.53,0,0,181,0
63,60,78.2985198052589,4.5594209902057,0.860429310661174,0,101,60000,0,1
63,60,78.2985198052589,4.5594209902057,0.860429310661174,13.96,0,0,351,0
63,60,78.2985198052589,4.5594209902057,0.860429310661174,21.21,0,0,206,0
63,60,78.2985198052589,4.5594209902057,0.860429310661174,22.33,0,0,218,0
63,60,78.2985198052589,4.5594209902057,0.860429310661174,23.83,0,0,201,0
64,60,62.4320783531117,3.07686850648749,1.13576485535852,0,101,60000,0,1
64,60,62.4320783531117,3.07686850648749,1.13576485535852,7.14,0,0,663,0
64,60,62.4320783531117,3.07686850648749,1.13576485535852,11.48,0,0,905,0
64,60,62.4320783531117,3.07686850648749,1.13576485535852,11.54,0,0,486,0
64,60,62.4320783531117,3.07686850648749,1.13576485535852,13.17,0,0,500,0
65,60,58.307867160444,2.715973899073,1.01569065009846,0,101,60000,0,1
65,60,58.307867160444,2.715973899073,1.01569065009846,1.08,0,0,628,0
65,60,58.307867160444,2.715973899073,1.01569065009846,11.58,0,0,577,0
65,60,58.307867160444,2.715973899073,1.01569065009846,17.75,0,0,500,0
65,60,58.307867160444,2.715973899073,1.01569065009846,19.17,0,0,567,0
66,60,79.7868277967942,4.44216963651872,0.916971191843672,0,101,60000,0,1
66,60,79.7868277967942,4.44216963651872,0.916971191843672,1.09,0,0,447,0
66,60,79.7868277967942,4.44216963651872,0.916971191843672,5.42,0,0,532,0
66,60,79.7868277967942,4.44216963651872,0.916971191843672,14.36,0,0,347,0
66,60,79.7868277967942,4.44216963651872,0.916971191843672,21.67,0,0,233,0
67,60,64.5400265393264,8.52657578516469,0.887863835550158,0,101,60000,0,1
67,60,64.5400265393264,8.52657578516469,0.887863835550158,1.47,0,0,558,0
67,60,64.5400265393264,8.52657578516469,0.887863835550158,12.48,0,0,295,0
67,60,64.5400265393264,8.52657578516469,0.887863835550158,15.67,0,0,101,0
67,60,64.5400265393264,8.52657578516469,0.887863835550158,19.73,0,0,94,0
68,60,90.2093021248685,4.51803487621054,1.39289612124208,0,101,60000,0,1
68,60,90.2093021248685,4.51803487621054,1.39289612124208,0.09,0,0,129,0
68,60,90.2093021248685,4.51803487621054,1.39289612124208,3.34,0,0,539,0
68,60,90.2093021248685,4.51803487621054,1.39289612124208,9.88,0,0,406,0
68,60,90.2093021248685,4.51803487621054,1.39289612124208,14.38,0,0,347,0
69,60,84.270286519302,4.03786209769462,0.707303974997322,0,101,60000,0,1
69,60,84.270286519302,4.03786209769462,0.707303974997322,6.87,0,0,688,0
69,60,84.270286519302,4.03786209769462,0.707303974997322,11.11,0,0,426,0
69,60,84.270286519302,4.03786209769462,0.707303974997322,13.97,0,0,338,0
69,60,84.270286519302,4.03786209769462,0.707303974997322,16.92,0,0,404,0
70,60,68.6073772581379,5.62854759477362,0.84493319027557,0,101,60000,0,1
70,60,68.6073772581379,5.62854759477362,0.84493319027557,5.84,0,0,710,0
70,60,68.6073772581379,5.62854759477362,0.84493319027557,14.94,0,0,298,0
70,60,68.6073772581379,5.62854759477362,0.84493319027557,17.94,0,0,206,0
70,60,68.6073772581379,5.62854759477362,0.84493319027557,22.39,0,0,136,0
71,60,73.2045321262498,2.33374743161102,1.29516269086023,0,101,60000,0,1
71,60,73.2045321262498,2.33374743161102,1.29516269086023,2.32,0,0,821,0
71,60,73.2045321262498,2.33374743161102,1.29516269086023,10.81,0,0,505,0
71,60,73.2045321262498,2.33374743161102,1.29516269086023,16.33,0,0,641,0
71,60,73.2045321262498,2.33374743161102,1.29516269086023,18.05,0,0,493,0
72,60,57.485576171111,6.50264181971447,1.07568521549155,0,101,60000,0,1
72,60,57.485576171111,6.50264181971447,1.07568521549155,4.48,0,0,398,0
72,60,57.485576171111,6.50264181971447,1.07568521549155,11.67,0,0,477,0
72,60,57.485576171111,6.50264181971447,1.07568521549155,16.33,0,0,156,0
72,60,57.485576171111,6.50264181971447,1.07568521549155,23.56,0,0,66,0
73,60,83.5777154977779,4.5941878020235,1.11281878129352,0,101,60000,0,1
73,60,83.5777154977779,4.5941878020235,1.11281878129352,1.01,0,0,315,0
73,60,83.5777154977779,4.5941878020235,1.11281878129352,5.8,0,0,613,0
73,60,83.5777154977779,4.5941878020235,1.11281878129352,17.75,0,0,215,0
73,60,83.5777154977779,4.5941878020235,1.11281878129352,20.98,0,0,283,0
74,60,73.4097494853511,3.22185876572094,1.06668651938801,0,101,60000,0,1
74,60,73.4097494853511,3.22185876572094,1.06668651938801,1.14,0,0,615,0
74,60,73.4097494853511,3.22185876572094,1.06668651938801,12.63,0,0,363,0
74,60,73.4097494853511,3.22185876572094,1.06668651938801,22.32,0,0,331,0
74,60,73.4097494853511,3.22185876572094,1.06668651938801,23.55,0,0,322,0
75,60,98.1850365873399,3.42423533033799,0.652700986290547,0,101,60000,0,1
75,60,98.1850365873399,3.42423533033799,0.652700986290547,0.23,0,0,85,0
75,60,98.1850365873399,3.42423533033799,0.652700986290547,10.46,0,0,481,0
75,60,98.1850365873399,3.42423533033799,0.652700986290547,18.05,0,0,359,0
75,60,98.1850365873399,3.42423533033799,0.652700986290547,20.4,0,0,269,0
76,60,94.971247933817,5.69455354125032,0.445844488455205,0,101,60000,0,1
76,60,94.971247933817,5.69455354125032,0.445844488455205,1.27,0,0,311,0
76,60,94.971247933817,5.69455354125032,0.445844488455205,8.07,0,0,476,0
76,60,94.971247933817,5.69455354125032,0.445844488455205,9.3,0,0,421,0
76,60,94.971247933817,5.69455354125032,0.445844488455205,15.05,0,0,362,0
77,60,64.2356630215919,4.54629527174298,0.609947633349301,0,101,60000,0,1
77,60,64.2356630215919,4.54629527174298,0.609947633349301,7.15,0,0,635,0
77,60,64.2356630215919,4.54629527174298,0.609947633349301,12.76,0,0,547,0
77,60,64.2356630215919,4.54629527174298,0.609947633349301,21.29,0,0,198,0
77,60,64.2356630215919,4.54629527174298,0.609947633349301,23.95,0,0,247,0
78,60,55.3884722220919,3.49136374283432,0.819644630358684,0,101,60000,0,1
78,60,55.3884722220919,3.49136374283432,0.819644630358684,8.44,0,0,548,0
78,60,55.3884722220919,3.49136374283432,0.819644630358684,17.41,0,0,453,0
78,60,55.3884722220919,3.49136374283432,0.819644630358684,20.36,0,0,342,0
78,60,55.3884722220919,3.49136374283432,0.819644630358684,23.14,0,0,249,0
79,60,49.5022249393756,1.87607165984617,0.937454669194661,0,101,60000,0,1
79,60,49.5022249393756,1.87607165984617,0.937454669194661,9.92,0,0,934,0
79,60,49.5022249393756,1.87607165984617,0.937454669194661,12.56,0,0,792,0
79,60,49.5022249393756,1.87607165984617,0.937454669194661,14.11,0,0,782,0
79,60,49.5022249393756,1.87607165984617,0.937454669194661,20.4,0,0,840,0
80,60,74.9982563227676,4.36015134166518,0.652565078436859,0,101,60000,0,1
80,60,74.9982563227676,4.36015134166518,0.652565078436859,7.02,0,0,447,0
80,60,74.9982563227676,4.36015134166518,0.652565078436859,7.33,0,0,631,0
80,60,74.9982563227676,4.36015134166518,0.652565078436859,8.47,0,0,611,0
80,60,74.9982563227676,4.36015134166518,0.652565078436859,20.68,0,0,245,0
81,60,71.1379751112518,3.76821474943088,0.927954098712789,0,101,60000,0,1
81,60,71.1379751112518,3.76821474943088,0.927954098712789,0.53,0,0,439,0
81,60,71.1379751112518,3.76821474943088,0.927954098712789,11.54,0,0,457,0
81,60,71.1379751112518,3.76821474943088,0.927954098712789,15.6,0,0,373,0
81,60,71.1379751112518,3.76821474943088,0.927954098712789,16.53,0,0,372,0
82,60,65.2647238314045,5.76077457716924,0.867873030961809,0,101,60000,0,1
82,60,65.2647238314045,5.76077457716924,0.867873030961809,15.4,0,0,178,0
82,60,65.2647238314045,5.76077457716924,0.867873030961809,16.62,0,0,316,0
82,60,65.2647238314045,5.76077457716924,0.867873030961809,17.32,0,0,260,0
82,60,65.2647238314045,5.76077457716924,0.867873030961809,18.06,0,0,165,0
83,60,72.5427600509508,5.04194230195583,0.830862134425689,0,101,60000,0,1
83,60,72.5427600509508,5.04194230195583,0.830862134425689,8.66,0,0,343,0
83,60,72.5427600509508,5.04194230195583,0.830862134425689,10.13,0,0,440,0
83,60,72.5427600509508,5.04194230195583,0.830862134425689,14.09,0,0,262,0
83,60,72.5427600509508,5.04194230195583,0.830862134425689,18.68,0,0,363,0
84,60,60.412554142413,2.39691276796939,0.940597471849409,0,101,60000,0,1
84,60,60.412554142413,2.39691276796939,0.940597471849409,7.25,0,0,760,0
84,60,60.412554142413,2.39691276796939,0.940597471849409,11.87,0,0,583,0
84,60,60.412554142413,2.39691276796939,0.940597471849409,19.44,0,0,442,0
84,60,60.412554142413,2.39691276796939,0.940597471849409,21.16,0,0,359,0
85,60,104.261016761698,3.18205820392796,0.619385967829349,0,101,60000,0,1
85,60,104.261016761698,3.18205820392796,0.619385967829349,1.22,0,0,403,0
85,60,104.261016761698,3.18205820392796,0.619385967829349,1.93,0,0,599,0
85,60,104.261016761698,3.18205820392796,0.619385967829349,10.94,0,0,534,0
85,60,104.261016761698,3.18205820392796,0.619385967829349,13.53,0,0,408,0
86,60,55.6333604120067,3.67990025258055,0.722588802066141,0,101,60000,0,1
86,60,55.6333604120067,3.67990025258055,0.722588802066141,4.94,0,0,1022,0
86,60,55.6333604120067,3.67990025258055,0.722588802066141,11.32,0,0,482,0
86,60,55.6333604120067,3.67990025258055,0.722588802066141,14.45,0,0,414,0
86,60,55.6333604120067,3.67990025258055,0.722588802066141,19.07,0,0,320,0
87,60,79.4467234714536,4.76419239519423,1.12827974560541,0,101,60000,0,1
87,60,79.4467234714536,4.76419239519423,1.12827974560541,5.92,0,0,656,0
87,60,79.4467234714536,4.76419239519423,1.12827974560541,6.22,0,0,547,0
87,60,79.4467234714536,4.76419239519423,1.12827974560541,21.21,0,0,206,0
87,60,79.4467234714536,4.76419239519423,1.12827974560541,23.05,0,0,189,0
88,60,62.3494798600573,3.5683793424336,0.976619389162525,0,101,60000,0,1
88,60,62.3494798600573,3.5683793424336,0.976619389162525,1.18,0,0,495,0
88,60,62.3494798600573,3.5683793424336,0.976619389162525,10.85,0,0,748,0
88,60,62.3494798600573,3.5683793424336,0.976619389162525,11.73,0,0,537,0
88,60,62.3494798600573,3.5683793424336,0.976619389162525,16.5,0,0,325,0
89,60,55.8116124955959,3.19517434639099,0.503766651626819,0,101,60000,0,1
89,60,55.8116124955959,3.19517434639099,0.503766651626819,9.35,0,0,776,0
89,60,55.8116124955959,3.19517434639099,0.503766651626819,10.2,0,0,961,0
89,60,55.8116124955959,3.19517434639099,0.503766651626819,11.63,0,0,551,0
89,60,55.8116124955959,3.19517434639099,0.503766651626819,14.22,0,0,442,0
90,60,56.9392475841946,3.14273851936111,0.677407956515783,0,101,60000,0,1
90,60,56.9392475841946,3.14273851936111,0.677407956515783,7.11,0,0,649,0
90,60,56.9392475841946,3.14273851936111,0.677407956515783,8.17,0,0,549,0
90,60,56.9392475841946,3.14273851936111,0.677407956515783,10.77,0,0,801,0
90,60,56.9392475841946,3.14273851936111,0.677407956515783,13.55,0,0,464,0
91,120,61.335608045128,3.448675847366,0.679435138381967,0,101,120000,0,1
91,120,61.335608045128,3.448675847366,0.679435138381967,8.87,0,0,1423,0
91,120,61.335608045128,3.448675847366,0.679435138381967,16.19,0,0,738,0
91,120,61.335608045128,3.448675847366,0.679435138381967,17.5,0,0,677,0
91,120,61.335608045128,3.448675847366,0.679435138381967,21.77,0,0,508,0
92,120,88.8448579736601,4.07922001672368,0.783360245237055,0,101,120000,0,1
92,120,88.8448579736601,4.07922001672368,0.783360245237055,0.37,0,0,399,0
92,120,88.8448579736601,4.07922001672368,0.783360245237055,2.87,0,0,1208,0
92,120,88.8448579736601,4.07922001672368,0.783360245237055,3.55,0,0,1010,0
92,120,88.8448579736601,4.07922001672368,0.783360245237055,20.01,0,0,635,0
93,120,38.4640614459667,7.64339586891972,1.25169454330815,0,101,120000,0,1
93,120,38.4640614459667,7.64339586891972,1.25169454330815,0.01,0,0,40,0
93,120,38.4640614459667,7.64339586891972,1.25169454330815,0.77,0,0,1864,0
93,120,38.4640614459667,7.64339586891972,1.25169454330815,9.19,0,0,659,0
93,120,38.4640614459667,7.64339586891972,1.25169454330815,18.63,0,0,67,0
94,120,103.370674223729,6.24416397808839,1.08439380837673,0,101,120000,0,1
94,120,103.370674223729,6.24416397808839,1.08439380837673,11.72,0,0,585,0
94,120,103.370674223729,6.24416397808839,1.08439380837673,16.03,0,0,342,0
94,120,103.370674223729,6.24416397808839,1.08439380837673,21.44,0,0,342,0
94,120,103.370674223729,6.24416397808839,1.08439380837673,21.77,0,0,339,0
95,120,36.6193236369585,4.49667796254174,1.00483355982528,0,101,120000,0,1
95,120,36.6193236369585,4.49667796254174,1.00483355982528,1.8,0,0,1782,0
95,120,36.6193236369585,4.49667796254174,1.00483355982528,5.32,0,0,1981,0
95,120,36.6193236369585,4.49667796254174,1.00483355982528,9.58,0,0,953,0
95,120,36.6193236369585,4.49667796254174,1.00483355982528,21.85,0,0,243,0
96,120,94.0436545343689,4.20649835715607,0.794030899471929,0,101,120000,0,1
96,120,94.0436545343689,4.20649835715607,0.794030899471929,8.33,0,0,1229,0
96,120,94.0436545343689,4.20649835715607,0.794030899471929,9.36,0,0,869,0
96,120,94.0436545343689,4.20649835715607,0.794030899471929,12.56,0,0,783,0
96,120,94.0436545343689,4.20649835715607,0.794030899471929,14.56,0,0,742,0
97,120,76.8192986921682,4.17484074382111,0.990345554198343,0,101,120000,0,1
97,120,76.8192986921682,4.17484074382111,0.990345554198343,1.75,0,0,979,0
97,120,76.8192986921682,4.17484074382111,0.990345554198343,2.58,0,0,1453,0
97,120,76.8192986921682,4.17484074382111,0.990345554198343,5.92,0,0,1419,0
97,120,76.8192986921682,4.17484074382111,0.990345554198343,6.19,0,0,774,0
98,120,110.457977814029,3.80629805473649,0.625403524569851,0,101,120000,0,1
98,120,110.457977814029,3.80629805473649,0.625403524569851,3.76,0,0,790,0
98,120,110.457977814029,3.80629805473649,0.625403524569851,4.75,0,0,706,0
98,120,110.457977814029,3.80629805473649,0.625403524569851,21.58,0,0,626,0
98,120,110.457977814029,3.80629805473649,0.625403524569851,21.82,0,0,788,0
99,120,62.685543227418,4.15019433223208,0.574371363198124,0,101,120000,0,1
99,120,62.685543227418,4.15019433223208,0.574371363198124,0.89,0,0,524,0
99,120,62.685543227418,4.15019433223208,0.574371363198124,5.42,0,0,1624,0
99,120,62.685543227418,4.15019433223208,0.574371363198124,11.15,0,0,723,0
99,120,62.685543227418,4.15019433223208,0.574371363198124,23.59,0,0,400,0
100,120,45.2907200461183,2.55366220274232,2.05944449622877,0,101,120000,0,1
100,120,45.2907200461183,2.55366220274232,2.05944449622877,0.76,0,0,2057,0
100,120,45.2907200461183,2.55366220274232,2.05944449622877,2.96,0,0,2188,0
100,120,45.2907200461183,2.55366220274232,2.05944449622877,11.08,0,0,1594,0
100,120,45.2907200461183,2.55366220274232,2.05944449622877,21.89,0,0,960,0
101,120,40.5628693869944,3.25323565702605,0.917906177884779,0,101,120000,0,1
101,120,40.5628693869944,3.25323565702605,0.917906177884779,3,0,0,2440,0
101,120,40.5628693869944,3.25323565702605,0.917906177884779,5.36,0,0,2192,0
101,120,40.5628693869944,3.25323565702605,0.917906177884779,13.36,0,0,1265,0
101,120,40.5628693869944,3.25323565702605,0.917906177884779,23.25,0,0,605,0
102,120,62.8415909076292,6.36247939076473,0.6767573892084,0,101,120000,0,1
102,120,62.8415909076292,6.36247939076473,0.6767573892084,4.47,0,0,1276,0
102,120,62.8415909076292,6.36247939076473,0.6767573892084,7.48,0,0,931,0
102,120,62.8415909076292,6.36247939076473,0.6767573892084,17.89,0,0,385,0
102,120,62.8415909076292,6.36247939076473,0.6767573892084,23.82,0,0,198,0
103,120,62.5442543333726,4.97765185837671,0.471071319634085,0,101,120000,0,1
103,120,62.5442543333726,4.97765185837671,0.471071319634085,12.05,0,0,1079,0
103,120,62.5442543333726,4.97765185837671,0.471071319634085,12.55,0,0,1054,0
103,120,62.5442543333726,4.97765185837671,0.471071319634085,16.69,0,0,628,0
103,120,62.5442543333726,4.97765185837671,0.471071319634085,17.77,0,0,546,0
104,120,75.2462778191541,2.92406188033062,0.984258401523469,0,101,120000,0,1
104,120,75.2462778191541,2.92406188033062,0.984258401523469,13.54,0,0,797,0
104,120,75.2462778191541,2.92406188033062,0.984258401523469,14.29,0,0,909,0
104,120,75.2462778191541,2.92406188033062,0.984258401523469,22.1,0,0,792,0
104,120,75.2462778191541,2.92406188033062,0.984258401523469,23.13,0,0,504,0
105,120,115.577137650433,3.92319764375401,1.07944306530739,0,101,120000,0,1
105,120,115.577137650433,3.92319764375401,1.07944306530739,0.8,0,0,528,0
105,120,115.577137650433,3.92319764375401,1.07944306530739,2.22,0,0,548,0
105,120,115.577137650433,3.92319764375401,1.07944306530739,16.23,0,0,612,0
105,120,115.577137650433,3.92319764375401,1.07944306530739,16.92,0,0,907,0
106,120,49.9336455645615,5.04523869509128,0.676529426000218,0,101,120000,0,1
106,120,49.9336455645615,5.04523869509128,0.676529426000218,1.73,0,0,1661,0
106,120,49.9336455645615,5.04523869509128,0.676529426000218,3.21,0,0,2161,0
106,120,49.9336455645615,5.04523869509128,0.676529426000218,6.57,0,0,1451,0
106,120,49.9336455645615,5.04523869509128,0.676529426000218,8.42,0,0,1663,0
107,120,92.362318798964,2.53536796641718,1.13098597431878,0,101,120000,0,1
107,120,92.362318798964,2.53536796641718,1.13098597431878,8.44,0,0,1032,0
107,120,92.362318798964,2.53536796641718,1.13098597431878,11.67,0,0,909,0
107,120,92.362318798964,2.53536796641718,1.13098597431878,18.7,0,0,865,0
107,120,92.362318798964,2.53536796641718,1.13098597431878,23.41,0,0,744,0
108,120,58.5613527625881,2.71098176830267,1.31918861537876,0,101,120000,0,1
108,120,58.5613527625881,2.71098176830267,1.31918861537876,5.96,0,0,1538,0
108,120,58.5613527625881,2.71098176830267,1.31918861537876,8.68,0,0,1223,0
108,120,58.5613527625881,2.71098176830267,1.31918861537876,10.46,0,0,1398,0
108,120,58.5613527625881,2.71098176830267,1.31918861537876,19.78,0,0,816,0
109,120,85.5015038382421,5.63964892755715,0.670460820710669,0,101,120000,0,1
109,120,85.5015038382421,5.63964892755715,0.670460820710669,8.01,0,0,1487,0
109,120,85.5015038382421,5.63964892755715,0.670460820710669,12.36,0,0,883,0
109,120,85.5015038382421,5.63964892755715,0.670460820710669,15.02,0,0,756,0
109,120,85.5015038382421,5.63964892755715,0.670460820710669,16.91,0,0,471,0
110,120,74.6565343597954,4.16705795246883,1.47750733006523,0,101,120000,0,1
110,120,74.6565343597954,4.16705795246883,1.47750733006523,8.66,0,0,882,0
110,120,74.6565343597954,4.16705795246883,1.47750733006523,12.3,0,0,684,0
110,120,74.6565343597954,4.16705795246883,1.47750733006523,15.1,0,0,546,0
110,120,74.6565343597954,4.16705795246883,1.47750733006523,19.16,0,0,421,0
111,120,52.3765593192455,2.45546486845948,0.914852862495027,0,101,120000,0,1
111,120,52.3765593192455,2.45546486845948,0.914852862495027,0.36,0,0,779,0
111,120,52.3765593192455,2.45546486845948,0.914852862495027,9.13,0,0,1496,0
111,120,52.3765593192455,2.45546486845948,0.914852862495027,16.01,0,0,1081,0
111,120,52.3765593192455,2.45546486845948,0.914852862495027,20.71,0,0,996,0
112,120,45.5605906275905,3.13517761179279,0.81396178758054,0,101,120000,0,1
112,120,45.5605906275905,3.13517761179279,0.81396178758054,0.12,0,0,205,0
112,120,45.5605906275905,3.13517761179279,0.81396178758054,1.59,0,0,1726,0
112,120,45.5605906275905,3.13517761179279,0.81396178758054,5.25,0,0,1944,0
112,120,45.5605906275905,3.13517761179279,0.81396178758054,16.93,0,0,892,0
113,120,62.5121049785718,4.48700058535027,0.652706197097266,0,101,120000,0,1
113,120,62.5121049785718,4.48700058535027,0.652706197097266,10.92,0,0,932,0
113,120,62.5121049785718,4.48700058535027,0.652706197097266,12.12,0,0,1024,0
113,120,62.5121049785718,4.48700058535027,0.652706197097266,17.6,0,0,880,0
113,120,62.5121049785718,4.48700058535027,0.652706197097266,18.13,0,0,547,0
114,120,61.4373621753113,2.8119248647046,0.804046998744398,0,101,120000,0,1
114,120,61.4373621753113,2.8119248647046,0.804046998744398,2.07,0,0,1248,0
114,120,61.4373621753113,2.8119248647046,0.804046998744398,3.12,0,0,1573,0
114,120,61.4373621753113,2.8119248647046,0.804046998744398,4.11,0,0,1960,0
114,120,61.4373621753113,2.8119248647046,0.804046998744398,13.75,0,0,1339,0
115,120,73.1720527115615,3.90152250962182,1.23100034828049,0,101,120000,0,1
115,120,73.1720527115615,3.90152250962182,1.23100034828049,3.11,0,0,1371,0
115,120,73.1720527115615,3.90152250962182,1.23100034828049,4.4,0,0,1209,0
115,120,73.1720527115615,3.90152250962182,1.23100034828049,6.67,0,0,1156,0
115,120,73.1720527115615,3.90152250962182,1.23100034828049,19.22,0,0,426,0
116,120,72.9446043185171,4.1053237842904,0.781476459511343,0,101,120000,0,1
116,120,72.9446043185171,4.1053237842904,0.781476459511343,1.4,0,0,837,0
116,120,72.9446043185171,4.1053237842904,0.781476459511343,3.3,0,0,1557,0
116,120,72.9446043185171,4.1053237842904,0.781476459511343,13.95,0,0,1008,0
116,120,72.9446043185171,4.1053237842904,0.781476459511343,17.63,0,0,793,0
117,120,94.3345961357669,4.32317471329495,1.04123832016265,0,101,120000,0,1
117,120,94.3345961357669,4.32317471329495,1.04123832016265,7.3,0,0,905,0
117,120,94.3345961357669,4.32317471329495,1.04123832016265,13.35,0,0,714,0
117,120,94.3345961357669,4.32317471329495,1.04123832016265,16.99,0,0,597,0
117,120,94.3345961357669,4.32317471329495,1.04123832016265,22.43,0,0,387,0
118,120,75.1605812179886,3.81399682058453,1.38395385621463,0,101,120000,0,1
118,120,75.1605812179886,3.81399682058453,1.38395385621463,10.73,0,0,956,0
118,120,75.1605812179886,3.81399682058453,1.38395385621463,10.9,0,0,791,0
118,120,75.1605812179886,3.81399682058453,1.38395385621463,11.35,0,0,859,0
118,120,75.1605812179886,3.81399682058453,1.38395385621463,13.32,0,0,1265,0
119,120,59.7147073036834,5.72204655428979,1.38016876016425,0,101,120000,0,1
119,120,59.7147073036834,5.72204655428979,1.38016876016425,2.92,0,0,1700,0
119,120,59.7147073036834,5.72204655428979,1.38016876016425,8.33,0,0,1079,0
119,120,59.7147073036834,5.72204655428979,1.38016876016425,9.91,0,0,923,0
119,120,59.7147073036834,5.72204655428979,1.38016876016425,19.6,0,0,397,0
120,120,117.928182570131,4.05785151156057,0.861018971120828,0,101,120000,0,1
120,120,117.928182570131,4.05785151156057,0.861018971120828,5.86,0,0,832,0
120,120,117.928182570131,4.05785151156057,0.861018971120828,8.37,0,0,656,0
120,120,117.928182570131,4.05785151156057,0.861018971120828,11.84,0,0,660,0
120,120,117.928182570131,4.05785151156057,0.861018971120828,19.3,0,0,707,0
