ID,DOSE,V,CL,KA,TIME,EVID,AMT,DV,EVIDNM
1,10,54.7821345417426,3.57321729681208,1.35921427574843,0,101,10000,0,1
1,10,54.7821345417426,3.57321729681208,1.35921427574843,2.18,0,0,208,0
1,10,54.7821345417426,3.57321729681208,1.35921427574843,7.03,0,0,191,0
1,10,54.7821345417426,3.57321729681208,1.35921427574843,12.2,0,0,82,0
1,10,54.7821345417426,3.57321729681208,1.35921427574843,15.71,0,0,81,0
2,10,85.9996894355238,4.41110706898079,0.766425480001119,0,101,10000,0,1
2,10,85.9996894355238,4.41110706898079,0.766425480001119,5.75,0,0,73,0
2,10,85.9996894355238,4.41110706898079,0.766425480001119,14.37,0,0,75,0
2,10,85.9996894355238,4.41110706898079,0.766425480001119,20.26,0,0,34,0
2,10,85.9996894355238,4.41110706898079,0.766425480001119,23.94,0,0,27,0
3,10,92.2684317333902,5.27449586270712,0.559150106489141,0,101,10000,0,1
3,10,92.2684317333902,5.27449586270712,0.559150106489141,2.97,0,0,85,0
3,10,92.2684317333902,5.27449586270712,0.559150106489141,4.7,0,0,101,0
3,10,92.2684317333902,5.27449586270712,0.559150106489141,20.54,0,0,33,0
3,10,92.2684317333902,5.27449586270712,0.559150106489141,21.53,0,0,35,0
4,10,69.0192112082572,2.58424815099202,0.976144153446791,0,101,10000,0,1
4,10,69.0192112082572,2.58424815099202,0.976144153446791,7.9,0,0,96,0
4,10,69.0192112082572,2.58424815099202,0.976144153446791,11.31,0,0,71,0
4,10,69.0192112082572,2.58424815099202,0.976144153446791,13.42,0,0,126,0
4,10,69.0192112082572,2.58424815099202,0.976144153446791,18.58,0,0,80,0
5,10,77.3667416205059,3.7610567278356,1.01385379323791,0,101,10000,0,1
5,10,77.3667416205059,3.7610567278356,1.01385379323791,8.61,0,0,112,0
5,10,77.3667416205059,3.7610567278356,1.01385379323791,10.94,0,0,75,0
5,10,77.3667416205059,3.7610567278356,1.01385379323791,11.27,0,0,74,0
5,10,77.3667416205059,3.7610567278356,1.01385379323791,17.78,0,0,66,0
6,10,59.918089388934,5.39363705538087,0.830539208215237,0,101,10000,0,1
6,10,59.918089388934,5.39363705538087,0.830539208215237,10.83,0,0,107,0
6,10,59.918089388934,5.39363705538087,0.830539208215237,13.97,0,0,67,0
6,10,59.918089388934,5.39363705538087,0.830539208215237,19.09,0,0,40,0
6,10,59.918089388934,5.39363705538087,0.830539208215237,20.55,0,0,31,0
7,10,84.0534112135014,3.56817568123289,1.19632785544688,0,101,10000,0,1
7,10,84.0534112135014,3.56817568123289,1.19632785544688,1.16,0,0,64,0
7,10,84.0534112135014,3.56817568123289,1.19632785544688,2.01,0,0,86,0
7,10,84.0534112135014,3.56817568123289,1.19632785544688,2.1,0,0,109,0
7,10,84.0534112135014,3.56817568123289,1.19632785544688,13.55,0,0,86,0
8,10,75.2120429926666,3.86759252567691,1.30141933857509,0,101,10000,0,1
8,10,75.2120429926666,3.86759252567691,1.30141933857509,0.11,0,0,19,0
8,10,75.2120429926666,3.86759252567691,1.30141933857509,14.74,0,0,66,0
8,10,75.2120429926666,3.86759252567691,1.30141933857509,15.74,0,0,63,0
8,10,75.2120429926666,3.86759252567691,1.30141933857509,17.16,0,0,62,0
9,10,84.2375240587103,3.72005823724028,0.910583885917671,0,101,10000,0,1
9,10,84.2375240587103,3.72005823724028,0.910583885917671,9.03,0,0,78,0
9,10,84.2375240587103,3.72005823724028,0.910583885917671,13.88,0,0,72,0
9,10,84.2375240587103,3.72005823724028,0.910583885917671,14.96,0,0,90,0
9,10,84.2375240587103,3.72005823724028,0.910583885917671,19.78,0,0,57,0
10,10,84.0291411444788,4.12565552390764,1.79437250193021,0,101,10000,0,1
10,10,84.0291411444788,4.12565552390764,1.79437250193021,2.94,0,0,72,0
10,10,84.0291411444788,4.12565552390764,1.79437250193021,7.25,0,0,104,0
10,10,84.0291411444788,4.12565552390764,1.79437250193021,8.58,0,0,72,0
10,10,84.0291411444788,4.12565552390764,1.79437250193021,22.55,0,0,41,0
11,10,42.1823533793762,3.91928268677048,0.997080113967722,0,101,10000,0,1
11,10,42.1823533793762,3.91928268677048,0.997080113967722,0.73,0,0,113,0
11,10,42.1823533793762,3.91928268677048,0.997080113967722,13.76,0,0,68,0
11,10,42.1823533793762,3.91928268677048,0.997080113967722,14.44,0,0,61,0
11,10,42.1823533793762,3.91928268677048,0.997080113967722,19.72,0,0,51,0
12,10,85.9036235928848,3.30615639789747,0.82882160645061,0,101,10000,0,1
12,10,85.9036235928848,3.30615639789747,0.82882160645061,6.05,0,0,109,0
12,10,85.9036235928848,3.30615639789747,0.82882160645061,11.04,0,0,96,0
12,10,85.9036235928848,3.30615639789747,0.82882160645061,13.01,0,0,64,0
12,10,85.9036235928848,3.30615639789747,0.82882160645061,20.91,0,0,48,0
13,10,76.3216285421009,6.25393318169286,1.20335546355091,0,101,10000,0,1
13,10,76.3216285421009,6.25393318169286,1.20335546355091,9.45,0,0,43,0
13,10,76.3216285421009,6.25393318169286,1.20335546355091,11.51,0,0,55,0
13,10,76.3216285421009,6.25393318169286,1.20335546355091,12.26,0,0,50,0
13,10,76.3216285421009,6.25393318169286,1.20335546355091,15.54,0,0,36,0
14,10,74.3316950152499,2.44276918841926,0.773042499365385,0,101,10000,0,1
14,10,74.3316950152499,2.44276918841926,0.773042499365385,5.22,0,0,105,0
14,10,74.3316950152499,2.44276918841926,0.773042499365385,5.88,0,0,92,0
14,10,74.3316950152499,2.44276918841926,0.773042499365385,17.27,0,0,63,0
14,10,74.3316950152499,2.44276918841926,0.773042499365385,19.39,0,0,71,0
15,10,63.31904846287,3.3982592786331,1.07777778384607,0,101,10000,0,1
15,10,63.31904846287,3.3982592786331,1.07777778384607,8.92,0,0,82,0
15,10,63.31904846287,3.3982592786331,1.07777778384607,9.7,0,0,89,0
15,10,63.31904846287,3.3982592786331,1.07777778384607,20.63,0,0,59,0
15,10,63.31904846287,3.3982592786331,1.07777778384607,21.34,0,0,65,0
16,10,32.7888069974595,3.6341188015345,1.29528108301088,0,101,10000,0,1
16,10,32.7888069974595,3.6341188015345,1.29528108301088,5.52,0,0,182,0
16,10,32.7888069974595,3.6341188015345,1.29528108301088,6.1,0,0,117,0
16,10,32.7888069974595,3.6341188015345,1.29528108301088,8.24,0,0,100,0
16,10,32.7888069974595,3.6341188015345,1.29528108301088,19.18,0,0,42,0
17,10,38.2367859253996,6.09372138450415,1.39445094613558,0,101,10000,0,1
17,10,38.2367859253996,6.09372138450415,1.39445094613558,17.68,0,0,15,0
17,10,38.2367859253996,6.09372138450415,1.39445094613558,18.77,0,0,9,0
17,10,38.2367859253996,6.09372138450415,1.39445094613558,21.49,0,0,10,0
17,10,38.2367859253996,6.09372138450415,1.39445094613558,22.85,0,0,6,0
18,10,78.2566379571154,4.76251787173966,0.943074076769544,0,101,10000,0,1
18,10,78.2566379571154,4.76251787173966,0.943074076769544,4.95,0,0,95,0
18,10,78.2566379571154,4.76251787173966,0.943074076769544,4.98,0,0,86,0
18,10,78.2566379571154,4.76251787173966,0.943074076769544,5.33,0,0,88,0
18,10,78.2566379571154,4.76251787173966,0.943074076769544,6.34,0,0,110,0
19,10,57.9842143449127,5.91165966007946,0.73257654077426,0,101,10000,0,1
19,10,57.9842143449127,5.91165966007946,0.73257654077426,6.33,0,0,112,0
19,10,57.9842143449127,5.91165966007946,0.73257654077426,10.98,0,0,38,0
19,10,57.9842143449127,5.91165966007946,0.73257654077426,20.03,0,0,37,0
19,10,57.9842143449127,5.91165966007946,0.73257654077426,20.6,0,0,27,0
20,10,51.1368349079638,5.64680535904648,0.976149782789118,0,101,10000,0,1
20,10,51.1368349079638,5.64680535904648,0.976149782789118,1.17,0,0,114,0
20,10,51.1368349079638,5.64680535904648,0.976149782789118,3.26,0,0,135,0
20,10,51.1368349079638,5.64680535904648,0.976149782789118,6.24,0,0,116,0
20,10,51.1368349079638,5.64680535904648,0.976149782789118,6.81,0,0,110,0
21,10,83.9715979420603,5.45212977590929,1.11019209134253,0,101,10000,0,1
21,10,83.9715979420603,5.45212977590929,1.11019209134253,4.11,0,0,94,0
21,10,83.9715979420603,5.45212977590929,1.11019209134253,18.15,0,0,45,0
21,10,83.9715979420603,5.45212977590929,1.11019209134253,19.51,0,0,35,0
21,10,83.9715979420603,5.45212977590929,1.11019209134253,22.25,0,0,25,0
22,10,73.9168547512893,3.28921393758787,1.23391242060256,0,101,10000,0,1
22,10,73.9168547512893,3.28921393758787,1.23391242060256,8.22,0,0,70,0
22,10,73.9168547512893,3.28921393758787,1.23391242060256,10.01,0,0,75,0
22,10,73.9168547512893,3.28921393758787,1.23391242060256,16.54,0,0,47,0
22,10,73.9168547512893,3.28921393758787,1.23391242060256,22.33,0,0,51,0
23,10,65.3733436282974,3.66034105014194,0.77534816343271,0,101,10000,0,1
23,10,65.3733436282974,3.66034105014194,0.77534816343271,0.48,0,0,45,0
23,10,65.3733436282974,3.66034105014194,0.77534816343271,17.6,0,0,45,0
23,10,65.3733436282974,3.66034105014194,0.77534816343271,17.89,0,0,60,0
23,10,65.3733436282974,3.66034105014194,0.77534816343271,22.49,0,0,47,0
24,10,66.27547654648,3.77982527272066,1.00359229910047,0,101,10000,0,1
24,10,66.27547654648,3.77982527272066,1.00359229910047,0.25,0,0,31,0
24,10,66.27547654648,3.77982527272066,1.00359229910047,2.71,0,0,128,0
24,10,66.27547654648,3.77982527272066,1.00359229910047,9.46,0,0,121,0
24,10,66.27547654648,3.77982527272066,1.00359229910047,22.98,0,0,46,0
25,10,93.9375101451698,1.64835546913781,0.853911361649293,0,101,10000,0,1
25,10,93.9375101451698,1.64835546913781,0.853911361649293,1.05,0,0,56,0
25,10,93.9375101451698,1.64835546913781,0.853911361649293,5.68,0,0,91,0
25,10,93.9375101451698,1.64835546913781,0.853911361649293,11.86,0,0,99,0
25,10,93.9375101451698,1.64835546913781,0.853911361649293,16.11,0,0,99,0
26,10,58.2630868812247,3.01743414082989,1.09246797381358,0,101,10000,0,1
26,10,58.2630868812247,3.01743414082989,1.09246797381358,3.88,0,0,107,0
26,10,58.2630868812247,3.01743414082989,1.09246797381358,6.15,0,0,115,0
26,10,58.2630868812247,3.01743414082989,1.09246797381358,7.26,0,0,148,0
26,10,58.2630868812247,3.01743414082989,1.09246797381358,15.82,0,0,91,0
27,10,59.2600243062136,3.76145284865479,1.15555136184883,0,101,10000,0,1
27,10,59.2600243062136,3.76145284865479,1.15555136184883,5.94,0,0,120,0
27,10,59.2600243062136,3.76145284865479,1.15555136184883,15.08,0,0,71,0
27,10,59.2600243062136,3.76145284865479,1.15555136184883,15.25,0,0,50,0
27,10,59.2600243062136,3.76145284865479,1.15555136184883,19.63,0,0,49,0
28,10,84.0337038091791,4.56702973302555,0.560732720842787,0,101,10000,0,1
28,10,84.0337038091791,4.56702973302555,0.560732720842787,6.89,0,0,66,0
28,10,84.0337038091791,4.56702973302555,0.560732720842787,15.73,0,0,47,0
28,10,84.0337038091791,4.56702973302555,0.560732720842787,20.99,0,0,36,0
28,10,84.0337038091791,4.56702973302555,0.560732720842787,21.41,0,0,52,0
29,10,75.5846565218603,6.15577246518267,0.778086002911813,0,101,10000,0,1
29,10,75.5846565218603,6.15577246518267,0.778086002911813,0.82,0,0,54,0
29,10,75.5846565218603,6.15577246518267,0.778086002911813,2.11,0,0,83,0
29,10,75.5846565218603,6.15577246518267,0.778086002911813,5.91,0,0,70,0
29,10,75.5846565218603,6.15577246518267,0.778086002911813,16.89,0,0,33,0
30,10,53.7280459021703,3.6335591413661,1.11521492594752,0,101,10000,0,1
30,10,53.7280459021703,3.6335591413661,1.11521492594752,9.37,0,0,124,0
30,10,53.7280459021703,3.6335591413661,1.11521492594752,11.4,0,0,79,0
30,10,53.7280459021703,3.6335591413661,1.11521492594752,11.87,0,0,81,0
30,10,53.7280459021703,3.6335591413661,1.11521492594752,21.93,0,0,58,0
31,30,47.0308973667274,6.24356027485428,1.03700779128876,0,101,30000,0,1
31,30,47.0308973667274,6.24356027485428,1.03700779128876,3.5,0,0,478,0
31,30,47.0308973667274,6.24356027485428,1.03700779128876,5.07,0,0,363,0
31,30,47.0308973667274,6.24356027485428,1.03700779128876,14.41,0,0,109,0
31,30,47.0308973667274,6.24356027485428,1.03700779128876,18.53,0,0,49,0
32,30,61.5822134952764,2.25798421599802,1.2648839098462,0,101,30000,0,1
32,30,61.5822134952764,2.25798421599802,1.2648839098462,7.44,0,0,294,0
32,30,61.5822134952764,2.25798421599802,1.2648839098462,8.98,0,0,399,0
32,30,61.5822134952764,2.25798421599802,1.2648839098462,15.06,0,0,219,0
32,30,61.5822134952764,2.25798421599802,1.2648839098462,21.5,0,0,226,0
33,30,75.0726419559648,3.36745778252604,1.33173427973313,0,101,30000,0,1
33,30,75.0726419559648,3.36745778252604,1.33173427973313,1.13,0,0,224,0
33,30,75.0726419559648,3.36745778252604,1.33173427973313,6.74,0,0,355,0
33,30,75.0726419559648,3.36745778252604,1.33173427973313,12.28,0,0,251,0
33,30,75.0726419559648,3.36745778252604,1.33173427973313,17.46,0,0,160,0
34,30,124.765796064336,3.51779264910424,1.1270110833584,0,101,30000,0,1
34,30,124.765796064336,3.51779264910424,1.1270110833584,0.32,0,0,86,0
34,30,124.765796064336,3.51779264910424,1.1270110833584,2.23,0,0,214,0
34,30,124.765796064336,3.51779264910424,1.1270110833584,15.42,0,0,208,0
34,30,124.765796064336,3.51779264910424,1.1270110833584,16.79,0,0,111,0
35,30,56.4742163430296,2.70000520616692,0.50238403742834,0,101,30000,0,1
35,30,56.4742163430296,2.70000520616692,0.50238403742834,5.49,0,0,257,0
35,30,56.4742163430296,2.70000520616692,0.50238403742834,8.03,0,0,345,0
35,30,56.4742163430296,2.70000520616692,0.50238403742834,11.73,0,0,383,0
35,30,56.4742163430296,2.70000520616692,0.50238403742834,19.19,0,0,280,0
36,30,41.333971505426,3.17118497650748,0.893720313525904,0,101,30000,0,1
36,30,41.333971505426,3.17118497650748,0.893720313525904,0.02,0,0,13,0
36,30,41.333971505426,3.17118497650748,0.893720313525904,2.72,0,0,683,0
36,30,41.333971505426,3.17118497650748,0.893720313525904,3.25,0,0,504,0
36,30,41.333971505426,3.17118497650748,0.893720313525904,7.16,0,0,450,0
37,30,42.6329550779254,4.51952495799535,1.32180618780717,0,101,30000,0,1
37,30,42.6329550779254,4.51952495799535,1.32180618780717,2.4,0,0,529,0
37,30,42.6329550779254,4.51952495799535,1.32180618780717,2.84,0,0,460,0
37,30,42.6329550779254,4.51952495799535,1.32180618780717,3.6,0,0,596,0
37,30,42.6329550779254,4.51952495799535,1.32180618780717,18.16,0,0,121,0
38,30,82.3414677033564,7.9017997306083,0.698506187844989,0,101,30000,0,1
38,30,82.3414677033564,7.9017997306083,0.698506187844989,4.84,0,0,245,0
38,30,82.3414677033564,7.9017997306083,0.698506187844989,6.25,0,0,292,0
38,30,82.3414677033564,7.9017997306083,0.698506187844989,19.68,0,0,42,0
38,30,82.3414677033564,7.9017997306083,0.698506187844989,20.92,0,0,56,0
39,30,50.7778949854212,3.05608918646204,1.48240502779616,0,101,30000,0,1
39,30,50.7778949854212,3.05608918646204,1.48240502779616,1.12,0,0,334,0
39,30,50.7778949854212,3.05608918646204,1.48240502779616,3.39,0,0,342,0
39,30,50.7778949854212,3.05608918646204,1.48240502779616,13.6,0,0,209,0
39,30,50.7778949854212,3.05608918646204,1.48240502779616,23.45,0,0,138,0
40,30,74.3744402776848,5.97912779212536,1.28201310858459,0,101,30000,0,1
40,30,74.3744402776848,5.97912779212536,1.28201310858459,5.54,0,0,313,0
40,30,74.3744402776848,5.97912779212536,1.28201310858459,14.32,0,0,173,0
40,30,74.3744402776848,5.97912779212536,1.28201310858459,18.52,0,0,72,0
40,30,74.3744402776848,5.97912779212536,1.28201310858459,23.25,0,0,45,0
41,30,85.7060572053317,4.10890169667975,1.09147143470472,0,101,30000,0,1
41,30,85.7060572053317,4.10890169667975,1.09147143470472,0.09,0,0,27,0
41,30,85.7060572053317,4.10890169667975,1.09147143470472,5.02,0,0,323,0
41,30,85.7060572053317,4.10890169667975,1.09147143470472,6.1,0,0,267,0
41,30,85.7060572053317,4.10890169667975,1.09147143470472,22.75,0,0,93,0
42,30,71.5698149937008,2.10906593357868,1.14771966266293,0,101,30000,0,1
42,30,71.5698149937008,2.10906593357868,1.14771966266293,4.39,0,0,395,0
42,30,71.5698149937008,2.10906593357868,1.14771966266293,11.12,0,0,364,0
42,30,71.5698149937008,2.10906593357868,1.14771966266293,12.77,0,0,281,0
42,30,71.5698149937008,2.10906593357868,1.14771966266293,22.06,0,0,183,0
43,30,83.4847782459223,2.28589060555866,0.798727433901737,0,101,30000,0,1
43,30,83.4847782459223,2.28589060555866,0.798727433901737,6.82,0,0,255,0
43,30,83.4847782459223,2.28589060555866,0.798727433901737,9.82,0,0,338,0
43,30,83.4847782459223,2.28589060555866,0.798727433901737,14.56,0,0,286,0
43,30,83.4847782459223,2.28589060555866,0.798727433901737,20.51,0,0,284,0
44,30,39.7968375190231,4.23337140181399,0.86002644447387,0,101,30000,0,1
44,30,39.7968375190231,4.23337140181399,0.86002644447387,10.22,0,0,370,0
44,30,39.7968375190231,4.23337140181399,0.86002644447387,11.64,0,0,222,0
44,30,39.7968375190231,4.23337140181399,0.86002644447387,16.46,0,0,150,0
44,30,39.7968375190231,4.23337140181399,0.86002644447387,22.23,0,0,106,0
45,30,56.5801276808849,3.53211727386886,1.04832916464918,0,101,30000,0,1
45,30,56.5801276808849,3.53211727386886,1.04832916464918,8.18,0,0,385,0
45,30,56.5801276808849,3.53211727386886,1.04832916464918,10.08,0,0,257,0
45,30,56.5801276808849,3.53211727386886,1.04832916464918,19.06,0,0,160,0
45,30,56.5801276808849,3.53211727386886,1.04832916464918,23.24,0,0,102,0
46,30,60.8194785136201,5.67192141863889,0.844784931831465,0,101,30000,0,1
46,30,60.8194785136201,5.67192141863889,0.844784931831465,3.76,0,0,307,0
46,30,60.8194785136201,5.67192141863889,0.844784931831465,4.78,0,0,312,0
46,30,60.8194785136201,5.67192141863889,0.844784931831465,6.85,0,0,348,0
46,30,60.8194785136201,5.67192141863889,0.844784931831465,16.1,0,0,136,0
47,30,112.401683433977,4.90109304391704,0.933613240767287,0,101,30000,0,1
47,30,112.401683433977,4.90109304391704,0.933613240767287,0.02,0,0,3,0
47,30,112.401683433977,4.90109304391704,0.933613240767287,9.28,0,0,350,0
47,30,112.401683433977,4.90109304391704,0.933613240767287,14.64,0,0,155,0
47,30,112.401683433977,4.90109304391704,0.933613240767287,16.02,0,0,139,0
48,30,98.0388972547899,3.6924146862019,1.10048815303584,0,101,30000,0,1
48,30,98.0388972547899,3.6924146862019,1.10048815303584,2.79,0,0,315,0
48,30,98.0388972547899,3.6924146862019,1.10048815303584,5.22,0,0,210,0
48,30,98.0388972547899,3.6924146862019,1.10048815303584,8.21,0,0,182,0
48,30,98.0388972547899,3.6924146862019,1.10048815303584,18.38,0,0,118,0
49,30,70.3794712526609,3.27925991253738,1.60564082745367,0,101,30000,0,1
49,30,70.3794712526609,3.27925991253738,1.60564082745367,10.72,0,0,339,0
49,30,70.3794712526609,3.27925991253738,1.60564082745367,11.16,0,0,360,0
49,30,70.3794712526609,3.27925991253738,1.60564082745367,18.37,0,0,214,0
49,30,70.3794712526609,3.27925991253738,1.60564082745367,19.24,0,0,184,0
50,30,78.6940019328184,4.77924675218724,0.796282710570967,0,101,30000,0,1
50,30,78.6940019328184,4.77924675218724,0.796282710570967,0.64,0,0,166,0
50,30,78.6940019328184,4.77924675218724,0.796282710570967,13.31,0,0,146,0
50,30,78.6940019328184,4.77924675218724,0.796282710570967,14.36,0,0,221,0
50,30,78.6940019328184,4.77924675218724,0.796282710570967,22.56,0,0,118,0
51,30,56.0278938536492,3.04096947870346,0.75697502312262,0,101,30000,0,1
51,30,56.0278938536492,3.04096947870346,0.75697502312262,10.07,0,0,363,0
51,30,56.0278938536492,3.04096947870346,0.75697502312262,11.76,0,0,381,0
51,30,56.0278938536492,3.04096947870346,0.75697502312262,18.6,0,0,164,0
51,30,56.0278938536492,3.04096947870346,0.75697502312262,21.72,0,0,241,0
52,30,54.1622349900677,3.31040760988114,1.15712784197763,0,101,30000,0,1
52,30,54.1622349900677,3.31040760988114,1.15712784197763,4.23,0,0,525,0
52,30,54.1622349900677,3.31040760988114,1.15712784197763,9.23,0,0,272,0
52,30,54.1622349900677,3.31040760988114,1.15712784197763,14.95,0,0,200,0
52,30,54.1622349900677,3.31040760988114,1.15712784197763,20.42,0,0,140,0
53,30,41.8145025203775,4.48918135230823,0.667786780593485,0,101,30000,0,1
53,30,41.8145025203775,4.48918135230823,0.667786780593485,6,0,0,622,0
53,30,41.8145025203775,4.48918135230823,0.667786780593485,10.11,0,0,347,0
53,30,41.8145025203775,4.48918135230823,0.667786780593485,21.83,0,0,83,0
53,30,41.8145025203775,4.48918135230823,0.667786780593485,23.18,0,0,73,0
54,30,42.5287561551449,3.19249054577838,1.01800092705264,0,101,30000,0,1
54,30,42.5287561551449,3.19249054577838,1.01800092705264,3.65,0,0,491,0
54,30,42.5287561551449,3.19249054577838,1.01800092705264,8.14,0,0,415,0
54,30,42.5287561551449,3.19249054577838,1.01800092705264,12.78,0,0,235,0
54,30,42.5287561551449,3.19249054577838,1.01800092705264,21.37,0,0,118,0
55,30,75.3105451017669,3.41943316338449,1.39724714131873,0,101,30000,0,1
55,30,75.3105451017669,3.41943316338449,1.39724714131873,9.86,0,0,203,0
55,30,75.3105451017669,3.41943316338449,1.39724714131873,12.01,0,0,237,0
55,30,75.3105451017669,3.41943316338449,1.39724714131873,17.09,0,0,179,0
55,30,75.3105451017669,3.41943316338449,1.39724714131873,19.4,0,0,260,0
56,30,113.670676061518,3.15663851302838,0.714186207491345,0,101,30000,0,1
56,30,113.670676061518,3.15663851302838,0.714186207491345,0.96,0,0,143,0
56,30,113.670676061518,3.15663851302838,0.714186207491345,2.03,0,0,229,0
56,30,113.670676061518,3.15663851302838,0.714186207491345,7.16,0,0,225,0
56,30,113.670676061518,3.15663851302838,0.714186207491345,8.26,0,0,219,0
57,30,90.8719150366382,4.40727035560753,1.57215313922862,0,101,30000,0,1
57,30,90.8719150366382,4.40727035560753,1.57215313922862,1.18,0,0,240,0
57,30,90.8719150366382,4.40727035560753,1.57215313922862,11.03,0,0,276,0
57,30,90.8719150366382,4.40727035560753,1.57215313922862,13.38,0,0,155,0
57,30,90.8719150366382,4.40727035560753,1.57215313922862,23.81,0,0,73,0
58,30,74.476911559496,4.26023036037644,0.56730398901814,0,101,30000,0,1
58,30,74.476911559496,4.26023036037644,0.56730398901814,5.92,0,0,335,0
58,30,74.476911559496,4.26023036037644,0.56730398901814,9.63,0,0,252,0
58,30,74.476911559496,4.26023036037644,0.56730398901814,9.93,0,0,244,0
58,30,74.476911559496,4.26023036037644,0.56730398901814,13.63,0,0,220,0
59,30,51.7542941353524,5.89853362651573,1.15062663350675,0,101,30000,0,1
59,30,51.7542941353524,5.89853362651573,1.15062663350675,11.42,0,0,197,0
59,30,51.7542941353524,5.89853362651573,1.15062663350675,15.74,0,0,112,0
59,30,51.7542941353524,5.89853362651573,1.15062663350675,18.43,0,0,71,0
59,30,51.7542941353524,5.89853362651573,1.15062663350675,23.85,0,0,37,0
60,30,40.6019760930696,4.02177377292873,1.30523311685098,0,101,30000,0,1
60,30,40.6019760930696,4.02177377292873,1.30523311685098,7.2,0,0,438,0
60,30,40.6019760930696,4.02177377292873,1.30523311685098,8.15,0,0,274,0
60,30,40.6019760930696,4.02177377292873,1.30523311685098,11.14,0,0,306,0
60,30,40.6019760930696,4.02177377292873,1.30523311685098,16.34,0,0,225,0
61,60,94.7662994175943,6.84123960379666,0.852651967240105,0,101,60000,0,1
61,60,94.7662994175943,6.84123960379666,0.852651967240105,2.41,0,0,397,0
61,60,94.7662994175943,6.84123960379666,0.852651967240105,3.36,0,0,439,0
61,60,94.7662994175943,6.84123960379666,0.852651967240105,6.06,0,0,289,0
61,60,94.7662994175943,6.84123960379666,0.852651967240105,10.3,0,0,284,0
62,60,68.0319548041963,5.81632692545306,1.17445017626609,0,101,60000,0,1
62,60,68.0319548041963,5.81632692545306,1.17445017626609,4.59,0,0,544,0
62,60,68.0319548041963,5.81632692545306,1.17445017626609,8.32,0,0,437,0
62,60,68.0319548041963,5.81632692545306,1.17445017626609,13.86,0,0,255,0
62,60,68.0319548041963,5.81632692545306,1.17445017626609,17.91,0,0,240,0
63,60,53.7715248380925,2.07204233566413,0.98838477342962,0,101,60000,0,1
63,60,53.7715248380925,2.07204233566413,0.98838477342962,3.36,0,0,807,0
63,60,53.7715248380925,2.07204233566413,0.98838477342962,5.42,0,0,853,0
63,60,53.7715248380925,2.07204233566413,0.98838477342962,7.7,0,0,752,0
63,60,53.7715248380925,2.07204233566413,0.98838477342962,23.25,0,0,469,0
64,60,51.0398696802157,3.74403636949858,0.657552131374658,0,101,60000,0,1
64,60,51.0398696802157,3.74403636949858,0.657552131374658,8.09,0,0,720,0
64,60,51.0398696802157,3.74403636949858,0.657552131374658,10.87,0,0,363,0
64,60,51.0398696802157,3.74403636949858,0.657552131374658,17.17,0,0,441,0
64,60,51.0398696802157,3.74403636949858,0.657552131374658,19.22,0,0,231,0
65,60,56.5891745158328,4.06230144722151,0.958220912814514,0,101,60000,0,1
65,60,56.5891745158328,4.06230144722151,0.958220912814514,2.02,0,0,654,0
65,60,56.5891745158328,4.06230144722151,0.958220912814514,5.14,0,0,991,0
65,60,56.5891745158328,4.06230144722151,0.958220912814514,20.38,0,0,295,0
65,60,56.5891745158328,4.06230144722151,0.958220912814514,22.17,0,0,301,0
66,60,53.6062394575936,3.3232388607197,1.65264909955411,0,101,60000,0,1
66,60,53.6062394575936,3.3232388607197,1.65264909955411,1.78,0,0,1189,0
66,60,53.6062394575936,3.3232388607197,1.65264909955411,15.93,0,0,337,0
66,60,53.6062394575936,3.3232388607197,1.65264909955411,18.27,0,0,364,0
66,60,53.6062394575936,3.3232388607197,1.65264909955411,20.48,0,0,418,0
67,60,59.6581101442208,4.66272514385439,0.82514095045788,0,101,60000,0,1
67,60,59.6581101442208,4.66272514385439,0.82514095045788,4.73,0,0,911,0
67,60,59.6581101442208,4.66272514385439,0.82514095045788,16.46,0,0,297,0
67,60,59.6581101442208,4.66272514385439,0.82514095045788,18.9,0,0,312,0
67,60,59.6581101442208,4.66272514385439,0.82514095045788,21.8,0,0,174,0
68,60,75.6591052679059,3.47060054186846,1.01307680945575,0,101,60000,0,1
68,60,75.6591052679059,3.47060054186846,1.01307680945575,1.85,0,0,628,0
68,60,75.6591052679059,3.47060054186846,1.01307680945575,9.54,0,0,726,0
68,60,75.6591052679059,3.47060054186846,1.01307680945575,19.1,0,0,287,0
68,60,75.6591052679059,3.47060054186846,1.01307680945575,23.8,0,0,253,0
69,60,69.8157677472318,3.61071967796918,1.80646053635925,0,101,60000,0,1
69,60,69.8157677472318,3.61071967796918,1.80646053635925,7.51,0,0,486,0
69,60,69.8157677472318,3.61071967796918,1.80646053635925,9.25,0,0,535,0
69,60,69.8157677472318,3.61071967796918,1.80646053635925,11.3,0,0,489,0
69,60,69.8157677472318,3.61071967796918,1.80646053635925,16.16,0,0,374,0
70,60,51.1308258750399,3.50469825739739,1.42826764872349,0,101,60000,0,1
70,60,51.1308258750399,3.50469825739739,1.42826764872349,5.8,0,0,1097,0
70,60,51.1308258750399,3.50469825739739,1.42826764872349,12.71,0,0,568,0
70,60,51.1308258750399,3.50469825739739,1.42826764872349,19.44,0,0,338,0
70,60,51.1308258750399,3.50469825739739,1.42826764872349,22.14,0,0,342,0
71,60,66.4318708099524,2.83483513983532,1.32805026642631,0,101,60000,0,1
71,60,66.4318708099524,2.83483513983532,1.32805026642631,0.38,0,0,323,0
71,60,66.4318708099524,2.83483513983532,1.32805026642631,5.23,0,0,584,0
71,60,66.4318708099524,2.83483513983532,1.32805026642631,8.89,0,0,589,0
71,60,66.4318708099524,2.83483513983532,1.32805026642631,21.59,0,0,456,0
72,60,116.97012762607,5.59547304257077,0.971248090143816,0,101,60000,0,1
72,60,116.97012762607,5.59547304257077,0.971248090143816,10.29,0,0,377,0
72,60,116.97012762607,5.59547304257077,0.971248090143816,14.39,0,0,335,0
72,60,116.97012762607,5.59547304257077,0.971248090143816,16.01,0,0,189,0
72,60,116.97012762607,5.59547304257077,0.971248090143816,17.52,0,0,223,0
73,60,62.05937035223,4.9862866381662,0.354635537225697,0,101,60000,0,1
73,60,62.05937035223,4.9862866381662,0.354635537225697,4.4,0,0,580,0
73,60,62.05937035223,4.9862866381662,0.354635537225697,14.88,0,0,295,0
73,60,62.05937035223,4.9862866381662,0.354635537225697,17.91,0,0,345,0
73,60,62.05937035223,4.9862866381662,0.354635537225697,22.8,0,0,207,0
74,60,121.976607019377,6.034615680555,1.11054819329059,0,101,60000,0,1
74,60,121.976607019377,6.034615680555,1.11054819329059,8.85,0,0,343,0
74,60,121.976607019377,6.034615680555,1.11054819329059,9.24,0,0,321,0
74,60,121.976607019377,6.034615680555,1.11054819329059,11.12,0,0,309,0
74,60,121.976607019377,6.034615680555,1.11054819329059,12.75,0,0,309,0
75,60,50.4980636743172,4.86476646495877,1.35095270507448,0,101,60000,0,1
75,60,50.4980636743172,4.86476646495877,1.35095270507448,7.79,0,0,449,0
75,60,50.4980636743172,4.86476646495877,1.35095270507448,10.83,0,0,395,0
75,60,50.4980636743172,4.86476646495877,1.35095270507448,16.25,0,0,227,0
75,60,50.4980636743172,4.86476646495877,1.35095270507448,19.05,0,0,178,0
76,60,97.3162772120963,4.63197255292224,0.774632077005491,0,101,60000,0,1
76,60,97.3162772120963,4.63197255292224,0.774632077005491,7.08,0,0,364,0
76,60,97.3162772120963,4.63197255292224,0.774632077005491,8.9,0,0,479,0
76,60,97.3162772120963,4.63197255292224,0.774632077005491,9.89,0,0,304,0
76,60,97.3162772120963,4.63197255292224,0.774632077005491,21.75,0,0,174,0
77,60,134.983157088476,3.33396788556727,1.12419264824678,0,101,60000,0,1
77,60,134.983157088476,3.33396788556727,1.12419264824678,5.18,0,0,370,0
77,60,134.983157088476,3.33396788556727,1.12419264824678,11.84,0,0,359,0
77,60,134.983157088476,3.33396788556727,1.12419264824678,16.26,0,0,226,0
77,60,134.983157088476,3.33396788556727,1.12419264824678,17.11,0,0,341,0
78,60,101.055316925807,3.60061962607172,1.15669530221846,0,101,60000,0,1
78,60,101.055316925807,3.60061962607172,1.15669530221846,5.79,0,0,559,0
78,60,101.055316925807,3.60061962607172,1.15669530221846,12.89,0,0,546,0
78,60,101.055316925807,3.60061962607172,1.15669530221846,14.39,0,0,391,0
78,60,101.055316925807,3.60061962607172,1.15669530221846,15.99,0,0,257,0
79,60,79.9778980624689,3.79280672157749,1.39830540881213,0,101,60000,0,1
79,60,79.9778980624689,3.79280672157749,1.39830540881213,3.71,0,0,635,0
79,60,79.9778980624689,3.79280672157749,1.39830540881213,12.22,0,0,525,0
79,60,79.9778980624689,3.79280672157749,1.39830540881213,13.31,0,0,487,0
79,60,79.9778980624689,3.79280672157749,1.39830540881213,17.97,0,0,358,0
80,60,39.6859488243739,2.42735255209505,0.5184501787661,0,101,60000,0,1
80,60,39.6859488243739,2.42735255209505,0.5184501787661,3,0,0,1539,0
80,60,39.6859488243739,2.42735255209505,0.5184501787661,3.85,0,0,1314,0
80,60,39.6859488243739,2.42735255209505,0.5184501787661,17.66,0,0,489,0
80,60,39.6859488243739,2.42735255209505,0.5184501787661,17.73,0,0,632,0
81,60,58.7914603446704,3.17043674803928,1.47903862177988,0,101,60000,0,1
81,60,58.7914603446704,3.17043674803928,1.47903862177988,4.01,0,0,790,0
81,60,58.7914603446704,3.17043674803928,1.47903862177988,6.95,0,0,773,0
81,60,58.7914603446704,3.17043674803928,1.47903862177988,11.25,0,0,545,0
81,60,58.7914603446704,3.17043674803928,1.47903862177988,11.42,0,0,618,0
82,60,47.0262361215631,4.81137937832703,1.06348992397438,0,101,60000,0,1
82,60,47.0262361215631,4.81137937832703,1.06348992397438,9.39,0,0,596,0
82,60,47.0262361215631,4.81137937832703,1.06348992397438,15.23,0,0,293,0
82,60,47.0262361215631,4.81137937832703,1.06348992397438,21.06,0,0,182,0
82,60,47.0262361215631,4.81137937832703,1.06348992397438,23.37,0,0,118,0
83,60,76.7418523292225,3.14815754313001,0.597970409192266,0,101,60000,0,1
83,60,76.7418523292225,3.14815754313001,0.597970409192266,6.9,0,0,636,0
83,60,76.7418523292225,3.14815754313001,0.597970409192266,13.2,0,0,555,0
83,60,76.7418523292225,3.14815754313001,0.597970409192266,17.57,0,0,342,0
83,60,76.7418523292225,3.14815754313001,0.597970409192266,21.02,0,0,403,0
84,60,104.721674613296,2.21986478701537,0.670092796433132,0,101,60000,0,1
84,60,104.721674613296,2.21986478701537,0.670092796433132,0.17,0,0,55,0
84,60,104.721674613296,2.21986478701537,0.670092796433132,9.84,0,0,482,0
84,60,104.721674613296,2.21986478701537,0.670092796433132,12.65,0,0,376,0
84,60,104.721674613296,2.21986478701537,0.670092796433132,20.65,0,0,383,0
85,60,31.1242671304096,4.5484100036553,0.884007092659022,0,101,60000,0,1
85,60,31.1242671304096,4.5484100036553,0.884007092659022,9.24,0,0,448,0
85,60,31.1242671304096,4.5484100036553,0.884007092659022,10.49,0,0,624,0
85,60,31.1242671304096,4.5484100036553,0.884007092659022,16.77,0,0,246,0
85,60,31.1242671304096,4.5484100036553,0.884007092659022,21.97,0,0,103,0
86,60,64.5344570608754,5.35268168274626,1.11542830000111,0,101,60000,0,1
86,60,64.5344570608754,5.35268168274626,1.11542830000111,5.88,0,0,608,0
86,60,64.5344570608754,5.35268168274626,1.11542830000111,16.82,0,0,250,0
86,60,64.5344570608754,5.35268168274626,1.11542830000111,16.9,0,0,238,0
86,60,64.5344570608754,5.35268168274626,1.11542830000111,20.26,0,0,222,0
87,60,78.1446921791904,3.38744956770927,1.1428497700626,0,101,60000,0,1
87,60,78.1446921791904,3.38744956770927,1.1428497700626,0.07,0,0,73,0
87,60,78.1446921791904,3.38744956770927,1.1428497700626,2.36,0,0,532,0
87,60,78.1446921791904,3.38744956770927,1.1428497700626,12.1,0,0,712,0
87,60,78.1446921791904,3.38744956770927,1.1428497700626,17.41,0,0,366,0
88,60,58.7554603933721,5.13324951277327,1.0134565704651,0,101,60000,0,1
88,60,58.7554603933721,5.13324951277327,1.0134565704651,2.97,0,0,872,0
88,60,58.7554603933721,5.13324951277327,1.0134565704651,10.2,0,0,571,0
88,60,58.7554603933721,5.13324951277327,1.0134565704651,13.93,0,0,351,0
88,60,58.7554603933721,5.13324951277327,1.0134565704651,17.89,0,0,214,0
89,60,48.6268793328591,6.70012582565985,0.721495958211122,0,101,60000,0,1
89,60,48.6268793328591,6.70012582565985,0.721495958211122,1.73,0,0,803,0
89,60,48.6268793328591,6.70012582565985,0.721495958211122,4.77,0,0,521,0
89,60,48.6268793328591,6.70012582565985,0.721495958211122,6.92,0,0,642,0
89,60,48.6268793328591,6.70012582565985,0.721495958211122,23.43,0,0,65,0
90,60,122.216551554974,2.68010891845128,1.20466696552497,0,101,60000,0,1
90,60,122.216551554974,2.68010891845128,1.20466696552497,0.53,0,0,240,0
90,60,122.216551554974,2.68010891845128,1.20466696552497,4.65,0,0,422,0
90,60,122.216551554974,2.68010891845128,1.20466696552497,11.69,0,0,340,0
90,60,122.216551554974,2.68010891845128,1.20466696552497,15.25,0,0,355,0
91,120,53.2064452706953,4.81002303628159,1.01868183384176,0,101,120000,0,1
91,120,53.2064452706953,4.81002303628159,1.01868183384176,8.33,0,0,714,0
91,120,53.2064452706953,4.81002303628159,1.01868183384176,15.9,0,0,840,0
91,120,53.2064452706953,4.81002303628159,1.01868183384176,17.11,0,0,452,0
91,120,53.2064452706953,4.81002303628159,1.01868183384176,21,0,0,399,0
92,120,105.75940009092,6.40705656400616,1.04276602684944,0,101,120000,0,1
92,120,105.75940009092,6.40705656400616,1.04276602684944,11.66,0,0,632,0
92,120,105.75940009092,6.40705656400616,1.04276602684944,12.38,0,0,499,0
92,120,105.75940009092,6.40705656400616,1.04276602684944,14.35,0,0,529,0
92,120,105.75940009092,6.40705656400616,1.04276602684944,19.72,0,0,420,0
93,120,71.9110705835516,3.57907376072167,0.918053186067477,0,101,120000,0,1
93,120,71.9110705835516,3.57907376072167,0.918053186067477,6.96,0,0,835,0
93,120,71.9110705835516,3.57907376072167,0.918053186067477,13.98,0,0,1229,0
93,120,71.9110705835516,3.57907376072167,0.918053186067477,16.58,0,0,1021,0
93,120,71.9110705835516,3.57907376072167,0.918053186067477,19.15,0,0,680,0
94,120,111.398402830585,4.25674798259653,1.15156590049389,0,101,120000,0,1
94,120,111.398402830585,4.25674798259653,1.15156590049389,0.1,0,0,110,0
94,120,111.398402830585,4.25674798259653,1.15156590049389,9.65,0,0,609,0
94,120,111.398402830585,4.25674798259653,1.15156590049389,14.58,0,0,492,0
94,120,111.398402830585,4.25674798259653,1.15156590049389,22.55,0,0,505,0
95,120,61.2829634904,3.19209417395445,1.66810291750291,0,101,120000,0,1
95,120,61.2829634904,3.19209417395445,1.66810291750291,2.43,0,0,1794,0
95,120,61.2829634904,3.19209417395445,1.66810291750291,9.41,0,0,1423,0
95,120,61.2829634904,3.19209417395445,1.66810291750291,10.39,0,0,1116,0
95,120,61.2829634904,3.19209417395445,1.66810291750291,19.25,0,0,684,0
96,120,59.6973399372659,2.85677428952649,0.885408391694144,0,101,120000,0,1
96,120,59.6973399372659,2.85677428952649,0.885408391694144,3.42,0,0,1267,0
96,120,59.6973399372659,2.85677428952649,0.885408391694144,12.28,0,0,1615,0
96,120,59.6973399372659,2.85677428952649,0.885408391694144,19.33,0,0,1024,0
96,120,59.6973399372659,2.85677428952649,0.885408391694144,23.54,0,0,667,0
97,120,104.591078035666,4.29430815737453,0.639183938171223,0,101,120000,0,1
97,120,104.591078035666,4.29430815737453,0.639183938171223,2.98,0,0,752,0
97,120,104.591078035666,4.29430815737453,0.639183938171223,3.56,0,0,778,0
97,120,104.591078035666,4.29430815737453,0.639183938171223,10.91,0,0,712,0
97,120,104.591078035666,4.29430815737453,0.639183938171223,16.51,0,0,716,0
98,120,110.004553165153,4.14964811012517,0.63927127078697,0,101,120000,0,1
98,120,110.004553165153,4.14964811012517,0.63927127078697,3.58,0,0,1095,0
98,120,110.004553165153,4.14964811012517,0.63927127078697,10.5,0,0,805,0
98,120,110.004553165153,4.14964811012517,0.63927127078697,17.17,0,0,387,0
98,120,110.004553165153,4.14964811012517,0.63927127078697,20.56,0,0,503,0
99,120,93.7211925475568,3.50202851512452,1.3317595202129,0,101,120000,0,1
99,120,93.7211925475568,3.50202851512452,1.3317595202129,3.14,0,0,801,0
99,120,93.7211925475568,3.50202851512452,1.3317595202129,5.09,0,0,1321,0
99,120,93.7211925475568,3.50202851512452,1.3317595202129,20.86,0,0,658,0
99,120,93.7211925475568,3.50202851512452,1.3317595202129,23.27,0,0,512,0
100,120,38.0804587270471,3.44808294130451,0.888670443163859,0,101,120000,0,1
100,120,38.0804587270471,3.44808294130451,0.888670443163859,2.96,0,0,2093,0
100,120,38.0804587270471,3.44808294130451,0.888670443163859,3.04,0,0,3309,0
100,120,38.0804587270471,3.44808294130451,0.888670443163859,8.63,0,0,1139,0
100,120,38.0804587270471,3.44808294130451,0.888670443163859,14.87,0,0,820,0
101,120,81.2685118904621,4.88409228914623,1.28237747463431,0,101,120000,0,1
101,120,81.2685118904621,4.88409228914623,1.28237747463431,4.11,0,0,1120,0
101,120,81.2685118904621,4.88409228914623,1.28237747463431,7.01,0,0,1137,0
101,120,81.2685118904621,4.88409228914623,1.28237747463431,7.51,0,0,1217,0
101,120,81.2685118904621,4.88409228914623,1.28237747463431,7.66,0,0,1618,0
102,120,62.9553272718574,4.09216075640098,1.38100489546133,0,101,120000,0,1
102,120,62.9553272718574,4.09216075640098,1.38100489546133,0.44,0,0,673,0
102,120,62.9553272718574,4.09216075640098,1.38100489546133,5.33,0,0,1306,0
102,120,62.9553272718574,4.09216075640098,1.38100489546133,7.5,0,0,1025,0
102,120,62.9553272718574,4.09216075640098,1.38100489546133,11.47,0,0,973,0
103,120,64.9973727791133,4.32037068931239,0.996277705737577,0,101,120000,0,1
103,120,64.9973727791133,4.32037068931239,0.996277705737577,7.76,0,0,1322,0
103,120,64.9973727791133,4.32037068931239,0.996277705737577,12.72,0,0,621,0
103,120,64.9973727791133,4.32037068931239,0.996277705737577,13.74,0,0,627,0
103,120,64.9973727791133,4.32037068931239,0.996277705737577,18.72,0,0,700,0
104,120,44.6049999017103,5.85983256429254,0.857056388608434,0,101,120000,0,1
104,120,44.6049999017103,5.85983256429254,0.857056388608434,14.35,0,0,592,0
104,120,44.6049999017103,5.85983256429254,0.857056388608434,15.18,0,0,388,0
104,120,44.6049999017103,5.85983256429254,0.857056388608434,18.42,0,0,350,0
104,120,44.6049999017103,5.85983256429254,0.857056388608434,21.76,0,0,272,0
105,120,80.6510502375212,4.57702010000768,1.09170786532333,0,101,120000,0,1
105,120,80.6510502375212,4.57702010000768,1.09170786532333,3.25,0,0,1454,0
105,120,80.6510502375212,4.57702010000768,1.09170786532333,4.37,0,0,1120,0
105,120,80.6510502375212,4.57702010000768,1.09170786532333,6.89,0,0,1397,0
105,120,80.6510502375212,4.57702010000768,1.09170786532333,15.9,0,0,660,0
106,120,77.0250593235953,5.18582335214804,1.27122260911362,0,101,120000,0,1
106,120,77.0250593235953,5.18582335214804,1.27122260911362,2.32,0,0,1299,0
106,120,77.0250593235953,5.18582335214804,1.27122260911362,4.54,0,0,1250,0
106,120,77.0250593235953,5.18582335214804,1.27122260911362,5.22,0,0,1484,0
106,120,77.0250593235953,5.18582335214804,1.27122260911362,5.87,0,0,1316,0
107,120,72.0071388590638,4.8011894966179,1.29859667069588,0,101,120000,0,1
107,120,72.0071388590638,4.8011894966179,1.29859667069588,0.98,0,0,1021,0
107,120,72.0071388590638,4.8011894966179,1.29859667069588,5.29,0,0,1532,0
107,120,72.0071388590638,4.8011894966179,1.29859667069588,11.45,0,0,709,0
107,120,72.0071388590638,4.8011894966179,1.29859667069588,17.6,0,0,483,0
108,120,70.8735555740813,3.68731674202961,0.662240267397417,0,101,120000,0,1
108,120,70.8735555740813,3.68731674202961,0.662240267397417,0.73,0,0,839,0
108,120,70.8735555740813,3.68731674202961,0.662240267397417,9.33,0,0,1174,0
108,120,70.8735555740813,3.68731674202961,0.662240267397417,9.55,0,0,1386,0
108,120,70.8735555740813,3.68731674202961,0.662240267397417,14.47,0,0,906,0
109,120,61.5300862941498,4.3741185590831,0.885319841190807,0,101,120000,0,1
109,120,61.5300862941498,4.3741185590831,0.885319841190807,0.77,0,0,640,0
109,120,61.5300862941498,4.3741185590831,0.885319841190807,3.06,0,0,1613,0
109,120,61.5300862941498,4.3741185590831,0.885319841190807,14.18,0,0,758,0
109,120,61.5300862941498,4.3741185590831,0.885319841190807,16.18,0,0,620,0
110,120,107.872468243246,7.40247875600332,1.30857559135607,0,101,120000,0,1
110,120,107.872468243246,7.40247875600332,1.30857559135607,0.12,0,0,183,0
110,120,107.872468243246,7.40247875600332,1.30857559135607,0.22,0,0,343,0
110,120,107.872468243246,7.40247875600332,1.30857559135607,17.7,0,0,325,0
110,120,107.872468243246,7.40247875600332,1.30857559135607,23.61,0,0,237,0
111,120,62.6058504752748,4.12805373053941,0.516539909705637,0,101,120000,0,1
111,120,62.6058504752748,4.12805373053941,0.516539909705637,1.27,0,0,893,0
111,120,62.6058504752748,4.12805373053941,0.516539909705637,6.96,0,0,1334,0
111,120,62.6058504752748,4.12805373053941,0.516539909705637,12.78,0,0,654,0
111,120,62.6058504752748,4.12805373053941,0.516539909705637,22.12,0,0,284,0
112,120,75.7955719276637,2.15594828759255,0.936450294226207,0,101,120000,0,1
112,120,75.7955719276637,2.15594828759255,0.936450294226207,10.79,0,0,1390,0
112,120,75.7955719276637,2.15594828759255,0.936450294226207,16.65,0,0,938,0
112,120,75.7955719276637,2.15594828759255,0.936450294226207,19.12,0,0,761,0
112,120,75.7955719276637,2.15594828759255,0.936450294226207,21.8,0,0,973,0
113,120,61.3622319608226,5.000082643748,1.07602004930259,0,101,120000,0,1
113,120,61.3622319608226,5.000082643748,1.07602004930259,1.02,0,0,1415,0
113,120,61.3622319608226,5.000082643748,1.07602004930259,3.12,0,0,1151,0
113,120,61.3622319608226,5.000082643748,1.07602004930259,4.37,0,0,1640,0
113,120,61.3622319608226,5.000082643748,1.07602004930259,13.98,0,0,500,0
114,120,89.1749673823074,6.24888549479829,0.710794360099078,0,101,120000,0,1
114,120,89.1749673823074,6.24888549479829,0.710794360099078,2.64,0,0,1036,0
114,120,89.1749673823074,6.24888549479829,0.710794360099078,6.56,0,0,763,0
114,120,89.1749673823074,6.24888549479829,0.710794360099078,7.9,0,0,872,0
114,120,89.1749673823074,6.24888549479829,0.710794360099078,21.66,0,0,353,0
115,120,71.5464364920633,3.78006388214299,2.024145753667,0,101,120000,0,1
115,120,71.5464364920633,3.78006388214299,2.024145753667,13.52,0,0,1249,0
115,120,71.5464364920633,3.78006388214299,2.024145753667,16.17,0,0,791,0
115,120,71.5464364920633,3.78006388214299,2.024145753667,16.21,0,0,826,0
115,120,71.5464364920633,3.78006388214299,2.024145753667,23.3,0,0,640,0
116,120,60.8966377590657,3.66219881677798,1.09897311407999,0,101,120000,0,1
116,120,60.8966377590657,3.66219881677798,1.09897311407999,0.98,0,0,1702,0
116,120,60.8966377590657,3.66219881677798,1.09897311407999,4.51,0,0,2100,0
116,120,60.8966377590657,3.66219881677798,1.09897311407999,9.29,0,0,1082,0
116,120,60.8966377590657,3.66219881677798,1.09897311407999,20.25,0,0,533,0
117,120,71.4623568079407,4.4631389452474,0.940529137167068,0,101,120000,0,1
117,120,71.4623568079407,4.4631389452474,0.940529137167068,1.19,0,0,990,0
117,120,71.4623568079407,4.4631389452474,0.940529137167068,9.54,0,0,980,0
117,120,71.4623568079407,4.4631389452474,0.940529137167068,14.81,0,0,865,0
117,120,71.4623568079407,4.4631389452474,0.940529137167068,20.19,0,0,482,0
118,120,49.7996283363738,3.69656464142766,1.64738443413649,0,101,120000,0,1
118,120,49.7996283363738,3.69656464142766,1.64738443413649,5.51,0,0,1270,0
118,120,49.7996283363738,3.69656464142766,1.64738443413649,12.04,0,0,905,0
118,120,49.7996283363738,3.69656464142766,1.64738443413649,15.6,0,0,1208,0
118,120,49.7996283363738,3.69656464142766,1.64738443413649,18.24,0,0,519,0
119,120,116.73205822179,3.06062958032756,1.19032872263709,0,101,120000,0,1
119,120,116.73205822179,3.06062958032756,1.19032872263709,5.98,0,0,1327,0
119,120,116.73205822179,3.06062958032756,1.19032872263709,8.13,0,0,828,0
119,120,116.73205822179,3.06062958032756,1.19032872263709,12.9,0,0,1044,0
119,120,116.73205822179,3.06062958032756,1.19032872263709,15.73,0,0,666,0
120,120,80.9704417121074,7.17386804284658,1.1584507815111,0,101,120000,0,1
120,120,80.9704417121074,7.17386804284658,1.1584507815111,0.6,0,0,729,0
120,120,80.9704417121074,7.17386804284658,1.1584507815111,1.73,0,0,1417,0
120,120,80.9704417121074,7.17386804284658,1.1584507815111,11.39,0,0,736,0
120,120,80.9704417121074,7.17386804284658,1.1584507815111,17.72,0,0,434,0
