ID,DOSE,V,CL,KA,TIME,EVID,AMT,DV,EVIDNM
1,10,92.155165912295,4.75380989214526,0.613606107782614,0,101,10000,0,1
1,10,92.155165912295,4.75380989214526,0.613606107782614,13.5,0,0,46,0
1,10,92.155165912295,4.75380989214526,0.613606107782614,15.84,0,0,38,0
1,10,92.155165912295,4.75380989214526,0.613606107782614,17.72,0,0,54,0
1,10,92.155165912295,4.75380989214526,0.613606107782614,21.8,0,0,47,0
2,10,36.8363999772239,5.17525096757922,1.05238422445064,0,101,10000,0,1
2,10,36.8363999772239,5.17525096757922,1.05238422445064,7.66,0,0,112,0
2,10,36.8363999772239,5.17525096757922,1.05238422445064,11.09,0,0,90,0
2,10,36.8363999772239,5.17525096757922,1.05238422445064,18.78,0,0,20,0
2,10,36.8363999772239,5.17525096757922,1.05238422445064,19,0,0,21,0
3,10,105.76296718542,3.99923324529959,0.952247767450227,0,101,10000,0,1
3,10,105.76296718542,3.99923324529959,0.952247767450227,2.28,0,0,70,0
3,10,105.76296718542,3.99923324529959,0.952247767450227,12.71,0,0,49,0
3,10,105.76296718542,3.99923324529959,0.952247767450227,13.59,0,0,62,0
3,10,105.76296718542,3.99923324529959,0.952247767450227,20.74,0,0,45,0
4,10,77.5942109106183,2.84772435687556,0.934439372466858,0,101,10000,0,1
4,10,77.5942109106183,2.84772435687556,0.934439372466858,9.51,0,0,115,0
4,10,77.5942109106183,2.84772435687556,0.934439372466858,11.9,0,0,73,0
4,10,77.5942109106183,2.84772435687556,0.934439372466858,17.58,0,0,76,0
4,10,77.5942109106183,2.84772435687556,0.934439372466858,22.31,0,0,55,0
5,10,112.254091342337,4.74155207838398,0.979919327636828,0,101,10000,0,1
5,10,112.254091342337,4.74155207838398,0.979919327636828,2.46,0,0,53,0
5,10,112.254091342337,4.74155207838398,0.979919327636828,10.15,0,0,57,0
5,10,112.254091342337,4.74155207838398,0.979919327636828,12.05,0,0,66,0
5,10,112.254091342337,4.74155207838398,0.979919327636828,18.07,0,0,49,0
6,10,77.7608145958343,3.96309553667527,2.18656311212186,0,101,10000,0,1
6,10,77.7608145958343,3.96309553667527,2.18656311212186,4,0,0,84,0
6,10,77.7608145958343,3.96309553667527,2.18656311212186,8.9,0,0,122,0
6,10,77.7608145958343,3.96309553667527,2.18656311212186,9.7,0,0,79,0
6,10,77.7608145958343,3.96309553667527,2.18656311212186,21.63,0,0,33,0
7,10,71.5244388716414,7.27135078223895,1.12760075864422,0,101,10000,0,1
7,10,71.5244388716414,7.27135078223895,1.12760075864422,0.38,0,0,49,0
7,10,71.5244388716414,7.27135078223895,1.12760075864422,6.24,0,0,100,0
7,10,71.5244388716414,7.27135078223895,1.12760075864422,12.67,0,0,57,0
7,10,71.5244388716414,7.27135078223895,1.12760075864422,19.59,0,0,29,0
8,10,50.2602346064277,2.80205716500494,0.772542159112979,0,101,10000,0,1
8,10,50.2602346064277,2.80205716500494,0.772542159112979,4.99,0,0,186,0
8,10,50.2602346064277,2.80205716500494,0.772542159112979,5.34,0,0,213,0
8,10,50.2602346064277,2.80205716500494,0.772542159112979,7.77,0,0,138,0
8,10,50.2602346064277,2.80205716500494,0.772542159112979,12.08,0,0,131,0
9,10,73.1122996297939,1.77946845087314,1.32787522649479,0,101,10000,0,1
9,10,73.1122996297939,1.77946845087314,1.32787522649479,8.27,0,0,144,0
9,10,73.1122996297939,1.77946845087314,1.32787522649479,13.17,0,0,83,0
9,10,73.1122996297939,1.77946845087314,1.32787522649479,13.85,0,0,83,0
9,10,73.1122996297939,1.77946845087314,1.32787522649479,22.35,0,0,106,0
10,10,46.0496807219515,3.54376812193923,0.540645162051342,0,101,10000,0,1
10,10,46.0496807219515,3.54376812193923,0.540645162051342,0.46,0,0,51,0
10,10,46.0496807219515,3.54376812193923,0.540645162051342,8.57,0,0,130,0
10,10,46.0496807219515,3.54376812193923,0.540645162051342,18.19,0,0,64,0
10,10,46.0496807219515,3.54376812193923,0.540645162051342,23.09,0,0,44,0
11,10,50.6321350871031,8.34613475707583,1.33929603629092,0,101,10000,0,1
11,10,50.6321350871031,8.34613475707583,1.33929603629092,12.03,0,0,22,0
11,10,50.6321350871031,8.34613475707583,1.33929603629092,16.71,0,0,15,0
11,10,50.6321350871031,8.34613475707583,1.33929603629092,21.79,0,0,7,0
11,10,50.6321350871031,8.34613475707583,1.33929603629092,23.04,0,0,6,0
12,10,54.7821345417426,3.57321729681208,1.35921427574843,0,101,10000,0,1
12,10,54.7821345417426,3.57321729681208,1.35921427574843,2.18,0,0,208,0
12,10,54.7821345417426,3.57321729681208,1.35921427574843,7.03,0,0,191,0
12,10,54.7821345417426,3.57321729681208,1.35921427574843,12.2,0,0,82,0
12,10,54.7821345417426,3.57321729681208,1.35921427574843,15.71,0,0,81,0
13,10,69.5090836176329,4.67345204759381,0.623242619457778,0,101,10000,0,1
13,10,69.5090836176329,4.67345204759381,0.623242619457778,9,0,0,99,0
13,10,69.5090836176329,4.67345204759381,0.623242619457778,13.22,0,0,56,0
13,10,69.5090836176329,4.67345204759381,0.623242619457778,14.56,0,0,67,0
13,10,69.5090836176329,4.67345204759381,0.623242619457778,15.56,0,0,51,0
14,10,60.8040798840727,6.86853940945697,0.861912490842838,0,101,10000,0,1
14,10,60.8040798840727,6.86853940945697,0.861912490842838,5.7,0,0,103,0
14,10,60.8040798840727,6.86853940945697,0.861912490842838,7.64,0,0,72,0
14,10,60.8040798840727,6.86853940945697,0.861912490842838,21,0,0,24,0
14,10,60.8040798840727,6.86853940945697,0.861912490842838,22.39,0,0,14,0
15,10,44.5525344299464,3.59861784780449,0.623640727029817,0,101,10000,0,1
15,10,44.5525344299464,3.59861784780449,0.623640727029817,3.39,0,0,144,0
15,10,44.5525344299464,3.59861784780449,0.623640727029817,5.16,0,0,170,0
15,10,44.5525344299464,3.59861784780449,0.623640727029817,11.52,0,0,135,0
15,10,44.5525344299464,3.59861784780449,0.623640727029817,11.58,0,0,99,0
16,10,55.6967597126199,4.17192471322651,0.733128022839305,0,101,10000,0,1
16,10,55.6967597126199,4.17192471322651,0.733128022839305,2.25,0,0,109,0
16,10,55.6967597126199,4.17192471322651,0.733128022839305,7.27,0,0,136,0
16,10,55.6967597126199,4.17192471322651,0.733128022839305,12.23,0,0,66,0
16,10,55.6967597126199,4.17192471322651,0.733128022839305,22.38,0,0,38,0
17,10,66.5795137593057,5.71073153338879,0.720618828971817,0,101,10000,0,1
17,10,66.5795137593057,5.71073153338879,0.720618828971817,1.57,0,0,103,0
17,10,66.5795137593057,5.71073153338879,0.720618828971817,9.91,0,0,86,0
17,10,66.5795137593057,5.71073153338879,0.720618828971817,17.26,0,0,35,0
17,10,66.5795137593057,5.71073153338879,0.720618828971817,22.47,0,0,23,0
18,10,152.108074203987,3.36942176327015,1.23970493885195,0,101,10000,0,1
18,10,152.108074203987,3.36942176327015,1.23970493885195,3.38,0,0,42,0
18,10,152.108074203987,3.36942176327015,1.23970493885195,11.36,0,0,55,0
18,10,152.108074203987,3.36942176327015,1.23970493885195,15.96,0,0,56,0
18,10,152.108074203987,3.36942176327015,1.23970493885195,21.44,0,0,48,0
19,10,52.4133469277147,3.89297819545939,0.857855733718244,0,101,10000,0,1
19,10,52.4133469277147,3.89297819545939,0.857855733718244,8.8,0,0,92,0
19,10,52.4133469277147,3.89297819545939,0.857855733718244,13.11,0,0,57,0
19,10,52.4133469277147,3.89297819545939,0.857855733718244,16.06,0,0,70,0
19,10,52.4133469277147,3.89297819545939,0.857855733718244,19.82,0,0,32,0
20,10,35.643710111767,3.97306845531169,0.528169096049402,0,101,10000,0,1
20,10,35.643710111767,3.97306845531169,0.528169096049402,0.45,0,0,73,0
20,10,35.643710111767,3.97306845531169,0.528169096049402,16.56,0,0,62,0
20,10,35.643710111767,3.97306845531169,0.528169096049402,16.69,0,0,64,0
20,10,35.643710111767,3.97306845531169,0.528169096049402,21.71,0,0,33,0
21,10,63.9713423145448,2.51871218372789,1.00989330153432,0,101,10000,0,1
21,10,63.9713423145448,2.51871218372789,1.00989330153432,5.33,0,0,131,0
21,10,63.9713423145448,2.51871218372789,1.00989330153432,5.46,0,0,123,0
21,10,63.9713423145448,2.51871218372789,1.00989330153432,17.27,0,0,63,0
21,10,63.9713423145448,2.51871218372789,1.00989330153432,23.99,0,0,81,0
22,10,94.5708863708863,3.77723546447462,1.22344148152763,0,101,10000,0,1
22,10,94.5708863708863,3.77723546447462,1.22344148152763,10.09,0,0,76,0
22,10,94.5708863708863,3.77723546447462,1.22344148152763,12,0,0,61,0
22,10,94.5708863708863,3.77723546447462,1.22344148152763,21.78,0,0,39,0
22,10,94.5708863708863,3.77723546447462,1.22344148152763,21.88,0,0,53,0
23,10,43.7769391577389,2.63476329227233,0.890959632994989,0,101,10000,0,1
23,10,43.7769391577389,2.63476329227233,0.890959632994989,0.08,0,0,22,0
23,10,43.7769391577389,2.63476329227233,0.890959632994989,6.59,0,0,146,0
23,10,43.7769391577389,2.63476329227233,0.890959632994989,7.24,0,0,145,0
23,10,43.7769391577389,2.63476329227233,0.890959632994989,9.35,0,0,157,0
24,10,54.0717082542645,3.50620038088778,0.915459047604274,0,101,10000,0,1
24,10,54.0717082542645,3.50620038088778,0.915459047604274,3.15,0,0,153,0
24,10,54.0717082542645,3.50620038088778,0.915459047604274,8.17,0,0,128,0
24,10,54.0717082542645,3.50620038088778,0.915459047604274,13.43,0,0,116,0
24,10,54.0717082542645,3.50620038088778,0.915459047604274,20.85,0,0,52,0
25,10,67.002636467208,6.53908162742304,0.941921579041819,0,101,10000,0,1
25,10,67.002636467208,6.53908162742304,0.941921579041819,1.19,0,0,100,0
25,10,67.002636467208,6.53908162742304,0.941921579041819,19.08,0,0,20,0
25,10,67.002636467208,6.53908162742304,0.941921579041819,20.98,0,0,20,0
25,10,67.002636467208,6.53908162742304,0.941921579041819,21.12,0,0,15,0
26,10,89.0800747091171,4.97728396760793,0.817839696909189,0,101,10000,0,1
26,10,89.0800747091171,4.97728396760793,0.817839696909189,1.73,0,0,92,0
26,10,89.0800747091171,4.97728396760793,0.817839696909189,4.26,0,0,104,0
26,10,89.0800747091171,4.97728396760793,0.817839696909189,19.38,0,0,40,0
26,10,89.0800747091171,4.97728396760793,0.817839696909189,19.66,0,0,30,0
27,10,65.549820104127,6.03346627495266,0.931918136023639,0,101,10000,0,1
27,10,65.549820104127,6.03346627495266,0.931918136023639,12.86,0,0,40,0
27,10,65.549820104127,6.03346627495266,0.931918136023639,14.55,0,0,38,0
27,10,65.549820104127,6.03346627495266,0.931918136023639,14.64,0,0,54,0
27,10,65.549820104127,6.03346627495266,0.931918136023639,15.5,0,0,56,0
28,10,57.9927177816397,4.27813914547343,1.28640635332579,0,101,10000,0,1
28,10,57.9927177816397,4.27813914547343,1.28640635332579,1.75,0,0,141,0
28,10,57.9927177816397,4.27813914547343,1.28640635332579,6.73,0,0,146,0
28,10,57.9927177816397,4.27813914547343,1.28640635332579,11.5,0,0,60,0
28,10,57.9927177816397,4.27813914547343,1.28640635332579,18.58,0,0,33,0
29,10,65.0007953232536,2.41709953960018,0.790233834614549,0,101,10000,0,1
29,10,65.0007953232536,2.41709953960018,0.790233834614549,0.27,0,0,28,0
29,10,65.0007953232536,2.41709953960018,0.790233834614549,8.48,0,0,117,0
29,10,65.0007953232536,2.41709953960018,0.790233834614549,18.46,0,0,74,0
29,10,65.0007953232536,2.41709953960018,0.790233834614549,21.5,0,0,79,0
30,10,47.829516544788,4.69078193603253,0.807934975800607,0,101,10000,0,1
30,10,47.829516544788,4.69078193603253,0.807934975800607,0.87,0,0,119,0
30,10,47.829516544788,4.69078193603253,0.807934975800607,4.44,0,0,189,0
30,10,47.829516544788,4.69078193603253,0.807934975800607,16.23,0,0,42,0
30,10,47.829516544788,4.69078193603253,0.807934975800607,20.1,0,0,36,0
31,30,116.146256082867,4.00211240790302,1.58946055149894,0,101,30000,0,1
31,30,116.146256082867,4.00211240790302,1.58946055149894,1.38,0,0,218,0
31,30,116.146256082867,4.00211240790302,1.58946055149894,16.61,0,0,165,0
31,30,116.146256082867,4.00211240790302,1.58946055149894,19.2,0,0,128,0
31,30,116.146256082867,4.00211240790302,1.58946055149894,22.05,0,0,106,0
32,30,56.0835283829174,2.74759717227564,1.00641352605167,0,101,30000,0,1
32,30,56.0835283829174,2.74759717227564,1.00641352605167,5.94,0,0,361,0
32,30,56.0835283829174,2.74759717227564,1.00641352605167,8.39,0,0,300,0
32,30,56.0835283829174,2.74759717227564,1.00641352605167,9.25,0,0,465,0
32,30,56.0835283829174,2.74759717227564,1.00641352605167,18.52,0,0,174,0
33,30,46.5553572040174,3.44260899982042,1.50899534958245,0,101,30000,0,1
33,30,46.5553572040174,3.44260899982042,1.50899534958245,4.09,0,0,449,0
33,30,46.5553572040174,3.44260899982042,1.50899534958245,5.85,0,0,326,0
33,30,46.5553572040174,3.44260899982042,1.50899534958245,10.89,0,0,234,0
33,30,46.5553572040174,3.44260899982042,1.50899534958245,15.37,0,0,228,0
34,30,106.00798950912,3.68572151155538,0.749997447322494,0,101,30000,0,1
34,30,106.00798950912,3.68572151155538,0.749997447322494,3.49,0,0,316,0
34,30,106.00798950912,3.68572151155538,0.749997447322494,6.26,0,0,237,0
34,30,106.00798950912,3.68572151155538,0.749997447322494,13.14,0,0,283,0
34,30,106.00798950912,3.68572151155538,0.749997447322494,18.62,0,0,107,0
35,30,50.2821155830059,2.15178484168158,1.62715802327181,0,101,30000,0,1
35,30,50.2821155830059,2.15178484168158,1.62715802327181,14.54,0,0,541,0
35,30,50.2821155830059,2.15178484168158,1.62715802327181,17.82,0,0,282,0
35,30,50.2821155830059,2.15178484168158,1.62715802327181,22.4,0,0,270,0
35,30,50.2821155830059,2.15178484168158,1.62715802327181,23.51,0,0,251,0
36,30,59.8731893663029,3.2014176999693,0.798753991943661,0,101,30000,0,1
36,30,59.8731893663029,3.2014176999693,0.798753991943661,0.66,0,0,263,0
36,30,59.8731893663029,3.2014176999693,0.798753991943661,14.95,0,0,200,0
36,30,59.8731893663029,3.2014176999693,0.798753991943661,20.52,0,0,189,0
36,30,59.8731893663029,3.2014176999693,0.798753991943661,21.68,0,0,204,0
37,30,50.3979078421693,5.66766085974479,0.460842265125399,0,101,30000,0,1
37,30,50.3979078421693,5.66766085974479,0.460842265125399,0.25,0,0,79,0
37,30,50.3979078421693,5.66766085974479,0.460842265125399,11.22,0,0,230,0
37,30,50.3979078421693,5.66766085974479,0.460842265125399,16.65,0,0,132,0
37,30,50.3979078421693,5.66766085974479,0.460842265125399,17.16,0,0,129,0
38,30,73.9897261280157,5.44043879713324,0.862137752887319,0,101,30000,0,1
38,30,73.9897261280157,5.44043879713324,0.862137752887319,4.96,0,0,275,0
38,30,73.9897261280157,5.44043879713324,0.862137752887319,8.75,0,0,234,0
38,30,73.9897261280157,5.44043879713324,0.862137752887319,13.83,0,0,162,0
38,30,73.9897261280157,5.44043879713324,0.862137752887319,14.88,0,0,164,0
39,30,44.2237746640683,5.00005277529665,0.68022306496453,0,101,30000,0,1
39,30,44.2237746640683,5.00005277529665,0.68022306496453,7.15,0,0,367,0
39,30,44.2237746640683,5.00005277529665,0.68022306496453,10.48,0,0,259,0
39,30,44.2237746640683,5.00005277529665,0.68022306496453,13.41,0,0,135,0
39,30,44.2237746640683,5.00005277529665,0.68022306496453,15.39,0,0,118,0
40,30,75.0479404247037,3.71514597630083,0.891099040498864,0,101,30000,0,1
40,30,75.0479404247037,3.71514597630083,0.891099040498864,7.8,0,0,219,0
40,30,75.0479404247037,3.71514597630083,0.891099040498864,10.26,0,0,222,0
40,30,75.0479404247037,3.71514597630083,0.891099040498864,17.12,0,0,214,0
40,30,75.0479404247037,3.71514597630083,0.891099040498864,22.18,0,0,178,0
41,30,71.9964557934247,3.69885058835702,0.775912578417439,0,101,30000,0,1
41,30,71.9964557934247,3.69885058835702,0.775912578417439,5.65,0,0,317,0
41,30,71.9964557934247,3.69885058835702,0.775912578417439,18.51,0,0,161,0
41,30,71.9964557934247,3.69885058835702,0.775912578417439,18.89,0,0,143,0
41,30,71.9964557934247,3.69885058835702,0.775912578417439,19.29,0,0,155,0
42,30,98.5527112335659,4.01563438145889,1.28046656736539,0,101,30000,0,1
42,30,98.5527112335659,4.01563438145889,1.28046656736539,0.93,0,0,208,0
42,30,98.5527112335659,4.01563438145889,1.28046656736539,1.38,0,0,299,0
42,30,98.5527112335659,4.01563438145889,1.28046656736539,5.43,0,0,432,0
42,30,98.5527112335659,4.01563438145889,1.28046656736539,15.37,0,0,169,0
43,30,98.0388972547899,3.6924146862019,1.10048815303584,0,101,30000,0,1
43,30,98.0388972547899,3.6924146862019,1.10048815303584,2.79,0,0,315,0
43,30,98.0388972547899,3.6924146862019,1.10048815303584,5.22,0,0,210,0
43,30,98.0388972547899,3.6924146862019,1.10048815303584,8.21,0,0,182,0
43,30,98.0388972547899,3.6924146862019,1.10048815303584,18.38,0,0,118,0
44,30,62.7158546836459,2.03684633313619,1.58555625587012,0,101,30000,0,1
44,30,62.7158546836459,2.03684633313619,1.58555625587012,2,0,0,475,0
44,30,62.7158546836459,2.03684633313619,1.58555625587012,8.09,0,0,421,0
44,30,62.7158546836459,2.03684633313619,1.58555625587012,10.67,0,0,264,0
44,30,62.7158546836459,2.03684633313619,1.58555625587012,14.16,0,0,341,0
45,30,67.0766918003336,6.96244893140201,1.00112451932011,0,101,30000,0,1
45,30,67.0766918003336,6.96244893140201,1.00112451932011,9.33,0,0,209,0
45,30,67.0766918003336,6.96244893140201,1.00112451932011,12.71,0,0,155,0
45,30,67.0766918003336,6.96244893140201,1.00112451932011,15.97,0,0,138,0
45,30,67.0766918003336,6.96244893140201,1.00112451932011,16.5,0,0,95,0
46,30,78.6981221034363,5.46245215891974,0.908840550259632,0,101,30000,0,1
46,30,78.6981221034363,5.46245215891974,0.908840550259632,3.32,0,0,381,0
46,30,78.6981221034363,5.46245215891974,0.908840550259632,6.19,0,0,274,0
46,30,78.6981221034363,5.46245215891974,0.908840550259632,9.88,0,0,174,0
46,30,78.6981221034363,5.46245215891974,0.908840550259632,23.37,0,0,92,0
47,30,45.2308445728764,6.04880485110276,0.851755030377974,0,101,30000,0,1
47,30,45.2308445728764,6.04880485110276,0.851755030377974,4.03,0,0,561,0
47,30,45.2308445728764,6.04880485110276,0.851755030377974,14.65,0,0,97,0
47,30,45.2308445728764,6.04880485110276,0.851755030377974,18.54,0,0,69,0
47,30,45.2308445728764,6.04880485110276,0.851755030377974,20.71,0,0,63,0
48,30,58.0285042190056,3.67632714029757,0.921089187951989,0,101,30000,0,1
48,30,58.0285042190056,3.67632714029757,0.921089187951989,3.25,0,0,358,0
48,30,58.0285042190056,3.67632714029757,0.921089187951989,17.04,0,0,142,0
48,30,58.0285042190056,3.67632714029757,0.921089187951989,21.1,0,0,160,0
48,30,58.0285042190056,3.67632714029757,0.921089187951989,23.98,0,0,87,0
49,30,50.9114170847708,4.97805096158552,0.89285175745514,0,101,30000,0,1
49,30,50.9114170847708,4.97805096158552,0.89285175745514,3.34,0,0,434,0
49,30,50.9114170847708,4.97805096158552,0.89285175745514,9.09,0,0,356,0
49,30,50.9114170847708,4.97805096158552,0.89285175745514,9.9,0,0,286,0
49,30,50.9114170847708,4.97805096158552,0.89285175745514,15.91,0,0,160,0
50,30,93.8421217782673,7.24034953475027,1.21878973595973,0,101,30000,0,1
50,30,93.8421217782673,7.24034953475027,1.21878973595973,0.49,0,0,160,0
50,30,93.8421217782673,7.24034953475027,1.21878973595973,10.48,0,0,150,0
50,30,93.8421217782673,7.24034953475027,1.21878973595973,17.39,0,0,90,0
50,30,93.8421217782673,7.24034953475027,1.21878973595973,21.4,0,0,63,0
51,30,59.6017987778183,4.97935098013613,1.02286169538017,0,101,30000,0,1
51,30,59.6017987778183,4.97935098013613,1.02286169538017,2.68,0,0,391,0
51,30,59.6017987778183,4.97935098013613,1.02286169538017,4.07,0,0,433,0
51,30,59.6017987778183,4.97935098013613,1.02286169538017,12.93,0,0,112,0
51,30,59.6017987778183,4.97935098013613,1.02286169538017,13.41,0,0,168,0
52,30,95.2994149183679,2.67668121209339,0.670585198922839,0,101,30000,0,1
52,30,95.2994149183679,2.67668121209339,0.670585198922839,6.97,0,0,312,0
52,30,95.2994149183679,2.67668121209339,0.670585198922839,11.05,0,0,280,0
52,30,95.2994149183679,2.67668121209339,0.670585198922839,17.8,0,0,216,0
52,30,95.2994149183679,2.67668121209339,0.670585198922839,21.51,0,0,175,0
53,30,81.6544538573186,4.79029751764938,0.723400197972152,0,101,30000,0,1
53,30,81.6544538573186,4.79029751764938,0.723400197972152,3.09,0,0,265,0
53,30,81.6544538573186,4.79029751764938,0.723400197972152,6.28,0,0,261,0
53,30,81.6544538573186,4.79029751764938,0.723400197972152,8.25,0,0,317,0
53,30,81.6544538573186,4.79029751764938,0.723400197972152,23.9,0,0,115,0
54,30,77.3599915603357,4.36352154522402,0.43501306801546,0,101,30000,0,1
54,30,77.3599915603357,4.36352154522402,0.43501306801546,8.62,0,0,283,0
54,30,77.3599915603357,4.36352154522402,0.43501306801546,9.01,0,0,342,0
54,30,77.3599915603357,4.36352154522402,0.43501306801546,10.63,0,0,229,0
54,30,77.3599915603357,4.36352154522402,0.43501306801546,13.57,0,0,228,0
55,30,113.045091307988,4.37188985073197,1.13428123755551,0,101,30000,0,1
55,30,113.045091307988,4.37188985073197,1.13428123755551,0.73,0,0,122,0
55,30,113.045091307988,4.37188985073197,1.13428123755551,0.93,0,0,139,0
55,30,113.045091307988,4.37188985073197,1.13428123755551,4.32,0,0,233,0
55,30,113.045091307988,4.37188985073197,1.13428123755551,16.41,0,0,180,0
56,30,87.6565383188835,3.36441353737888,1.38833000247219,0,101,30000,0,1
56,30,87.6565383188835,3.36441353737888,1.38833000247219,0.68,0,0,122,0
56,30,87.6565383188835,3.36441353737888,1.38833000247219,3.82,0,0,435,0
56,30,87.6565383188835,3.36441353737888,1.38833000247219,9.27,0,0,286,0
56,30,87.6565383188835,3.36441353737888,1.38833000247219,15.17,0,0,182,0
57,30,48.3840801613013,5.27981360630109,0.84044856899871,0,101,30000,0,1
57,30,48.3840801613013,5.27981360630109,0.84044856899871,1.37,0,0,463,0
57,30,48.3840801613013,5.27981360630109,0.84044856899871,10.99,0,0,197,0
57,30,48.3840801613013,5.27981360630109,0.84044856899871,13.41,0,0,180,0
57,30,48.3840801613013,5.27981360630109,0.84044856899871,18.27,0,0,78,0
58,30,64.0176709311409,2.89644002128142,0.517281710602861,0,101,30000,0,1
58,30,64.0176709311409,2.89644002128142,0.517281710602861,13.79,0,0,271,0
58,30,64.0176709311409,2.89644002128142,0.517281710602861,19.16,0,0,188,0
58,30,64.0176709311409,2.89644002128142,0.517281710602861,22.91,0,0,166,0
58,30,64.0176709311409,2.89644002128142,0.517281710602861,23.37,0,0,197,0
59,30,87.2664526438448,3.16241473545827,0.75255068384031,0,101,30000,0,1
59,30,87.2664526438448,3.16241473545827,0.75255068384031,6.58,0,0,211,0
59,30,87.2664526438448,3.16241473545827,0.75255068384031,11.49,0,0,252,0
59,30,87.2664526438448,3.16241473545827,0.75255068384031,16.26,0,0,199,0
59,30,87.2664526438448,3.16241473545827,0.75255068384031,22.01,0,0,116,0
60,30,47.9288301070384,3.25899254723946,1.3766583815389,0,101,30000,0,1
60,30,47.9288301070384,3.25899254723946,1.3766583815389,0.4,0,0,191,0
60,30,47.9288301070384,3.25899254723946,1.3766583815389,6.73,0,0,386,0
60,30,47.9288301070384,3.25899254723946,1.3766583815389,11.79,0,0,309,0
60,30,47.9288301070384,3.25899254723946,1.3766583815389,15.73,0,0,208,0
61,60,95.3456071352033,3.43199379968412,0.605890228848708,0,101,60000,0,1
61,60,95.3456071352033,3.43199379968412,0.605890228848708,2.15,0,0,463,0
61,60,95.3456071352033,3.43199379968412,0.605890228848708,8.74,0,0,506,0
61,60,95.3456071352033,3.43199379968412,0.605890228848708,14.09,0,0,360,0
61,60,95.3456071352033,3.43199379968412,0.605890228848708,17.91,0,0,404,0
62,60,79.5416661540645,5.8228186891512,1.01982366241538,0,101,60000,0,1
62,60,79.5416661540645,5.8228186891512,1.01982366241538,8.49,0,0,271,0
62,60,79.5416661540645,5.8228186891512,1.01982366241538,11.1,0,0,281,0
62,60,79.5416661540645,5.8228186891512,1.01982366241538,19.03,0,0,213,0
62,60,79.5416661540645,5.8228186891512,1.01982366241538,22.81,0,0,167,0
63,60,141.950418148077,6.43223637187763,1.1142734723135,0,101,60000,0,1
63,60,141.950418148077,6.43223637187763,1.1142734723135,13.73,0,0,194,0
63,60,141.950418148077,6.43223637187763,1.1142734723135,14.09,0,0,147,0
63,60,141.950418148077,6.43223637187763,1.1142734723135,14.68,0,0,358,0
63,60,141.950418148077,6.43223637187763,1.1142734723135,18.84,0,0,236,0
64,60,88.3798559843433,1.98117063098123,0.60759286561891,0,101,60000,0,1
64,60,88.3798559843433,1.98117063098123,0.60759286561891,8.76,0,0,576,0
64,60,88.3798559843433,1.98117063098123,0.60759286561891,12.07,0,0,528,0
64,60,88.3798559843433,1.98117063098123,0.60759286561891,12.8,0,0,429,0
64,60,88.3798559843433,1.98117063098123,0.60759286561891,13.26,0,0,539,0
65,60,52.7971893165441,5.78687272385674,1.81622480851217,0,101,60000,0,1
65,60,52.7971893165441,5.78687272385674,1.81622480851217,3.52,0,0,1202,0
65,60,52.7971893165441,5.78687272385674,1.81622480851217,9.6,0,0,372,0
65,60,52.7971893165441,5.78687272385674,1.81622480851217,16.33,0,0,149,0
65,60,52.7971893165441,5.78687272385674,1.81622480851217,19.31,0,0,72,0
66,60,54.8293808865361,5.94651758422278,0.943195168281534,0,101,60000,0,1
66,60,54.8293808865361,5.94651758422278,0.943195168281534,6.89,0,0,481,0
66,60,54.8293808865361,5.94651758422278,0.943195168281534,12.38,0,0,314,0
66,60,54.8293808865361,5.94651758422278,0.943195168281534,15.26,0,0,201,0
66,60,54.8293808865361,5.94651758422278,0.943195168281534,15.56,0,0,223,0
67,60,65.9807910462966,3.57783941748013,2.25469755280942,0,101,60000,0,1
67,60,65.9807910462966,3.57783941748013,2.25469755280942,13.68,0,0,464,0
67,60,65.9807910462966,3.57783941748013,2.25469755280942,14.62,0,0,502,0
67,60,65.9807910462966,3.57783941748013,2.25469755280942,16.19,0,0,363,0
67,60,65.9807910462966,3.57783941748013,2.25469755280942,19.01,0,0,313,0
68,60,111.88427291906,2.77324587940089,0.815227849993674,0,101,60000,0,1
68,60,111.88427291906,2.77324587940089,0.815227849993674,1.71,0,0,523,0
68,60,111.88427291906,2.77324587940089,0.815227849993674,6.31,0,0,402,0
68,60,111.88427291906,2.77324587940089,0.815227849993674,10.27,0,0,509,0
68,60,111.88427291906,2.77324587940089,0.815227849993674,20.04,0,0,367,0
69,60,56.3508432272049,5.95432148652666,1.11050834138644,0,101,60000,0,1
69,60,56.3508432272049,5.95432148652666,1.11050834138644,0.42,0,0,336,0
69,60,56.3508432272049,5.95432148652666,1.11050834138644,1.61,0,0,857,0
69,60,56.3508432272049,5.95432148652666,1.11050834138644,11.75,0,0,366,0
69,60,56.3508432272049,5.95432148652666,1.11050834138644,17.53,0,0,181,0
70,60,46.3588521032585,4.47099229582509,1.09857208752667,0,101,60000,0,1
70,60,46.3588521032585,4.47099229582509,1.09857208752667,0.53,0,0,548,0
70,60,46.3588521032585,4.47099229582509,1.09857208752667,5.48,0,0,1012,0
70,60,46.3588521032585,4.47099229582509,1.09857208752667,18.19,0,0,147,0
70,60,46.3588521032585,4.47099229582509,1.09857208752667,18.49,0,0,358,0
71,60,100.802978611196,3.59428113335882,0.926145884499459,0,101,60000,0,1
71,60,100.802978611196,3.59428113335882,0.926145884499459,1.81,0,0,366,0
71,60,100.802978611196,3.59428113335882,0.926145884499459,9.36,0,0,522,0
71,60,100.802978611196,3.59428113335882,0.926145884499459,21.89,0,0,263,0
71,60,100.802978611196,3.59428113335882,0.926145884499459,23.79,0,0,279,0
72,60,77.1378717197028,7.66957614340973,1.06767741962088,0,101,60000,0,1
72,60,77.1378717197028,7.66957614340973,1.06767741962088,0.15,0,0,99,0
72,60,77.1378717197028,7.66957614340973,1.06767741962088,0.37,0,0,381,0
72,60,77.1378717197028,7.66957614340973,1.06767741962088,12.64,0,0,183,0
72,60,77.1378717197028,7.66957614340973,1.06767741962088,17.87,0,0,133,0
73,60,92.3265463147267,3.38594398137184,1.25745858839068,0,101,60000,0,1
73,60,92.3265463147267,3.38594398137184,1.25745858839068,7.8,0,0,458,0
73,60,92.3265463147267,3.38594398137184,1.25745858839068,9.62,0,0,421,0
73,60,92.3265463147267,3.38594398137184,1.25745858839068,11.39,0,0,324,0
73,60,92.3265463147267,3.38594398137184,1.25745858839068,23.08,0,0,290,0
74,60,74.8366608400848,4.16515042139893,1.08976496371892,0,101,60000,0,1
74,60,74.8366608400848,4.16515042139893,1.08976496371892,18.94,0,0,341,0
74,60,74.8366608400848,4.16515042139893,1.08976496371892,19.6,0,0,379,0
74,60,74.8366608400848,4.16515042139893,1.08976496371892,19.79,0,0,336,0
74,60,74.8366608400848,4.16515042139893,1.08976496371892,19.83,0,0,244,0
75,60,67.2001611262193,3.05106796705845,1.07138298327479,0,101,60000,0,1
75,60,67.2001611262193,3.05106796705845,1.07138298327479,7.8,0,0,796,0
75,60,67.2001611262193,3.05106796705845,1.07138298327479,8.21,0,0,663,0
75,60,67.2001611262193,3.05106796705845,1.07138298327479,14,0,0,455,0
75,60,67.2001611262193,3.05106796705845,1.07138298327479,20.88,0,0,327,0
76,60,68.6960673707356,3.82364544387813,0.732379014415714,0,101,60000,0,1
76,60,68.6960673707356,3.82364544387813,0.732379014415714,13.77,0,0,443,0
76,60,68.6960673707356,3.82364544387813,0.732379014415714,13.93,0,0,358,0
76,60,68.6960673707356,3.82364544387813,0.732379014415714,23.1,0,0,335,0
76,60,68.6960673707356,3.82364544387813,0.732379014415714,23.26,0,0,339,0
77,60,72.5272058633444,4.8792092631536,1.05223204538649,0,101,60000,0,1
77,60,72.5272058633444,4.8792092631536,1.05223204538649,9.99,0,0,409,0
77,60,72.5272058633444,4.8792092631536,1.05223204538649,10.69,0,0,549,0
77,60,72.5272058633444,4.8792092631536,1.05223204538649,13.75,0,0,396,0
77,60,72.5272058633444,4.8792092631536,1.05223204538649,21.17,0,0,292,0
78,60,52.4598322278024,5.07290865375928,1.26462580556521,0,101,60000,0,1
78,60,52.4598322278024,5.07290865375928,1.26462580556521,5.57,0,0,813,0
78,60,52.4598322278024,5.07290865375928,1.26462580556521,8.6,0,0,480,0
78,60,52.4598322278024,5.07290865375928,1.26462580556521,8.67,0,0,617,0
78,60,52.4598322278024,5.07290865375928,1.26462580556521,9.53,0,0,490,0
79,60,78.5908581464094,3.61301660625721,0.828892042026002,0,101,60000,0,1
79,60,78.5908581464094,3.61301660625721,0.828892042026002,1.55,0,0,309,0
79,60,78.5908581464094,3.61301660625721,0.828892042026002,7.25,0,0,520,0
79,60,78.5908581464094,3.61301660625721,0.828892042026002,11.06,0,0,673,0
79,60,78.5908581464094,3.61301660625721,0.828892042026002,17.69,0,0,309,0
80,60,94.0025672552742,3.85347222656752,1.01588237193764,0,101,60000,0,1
80,60,94.0025672552742,3.85347222656752,1.01588237193764,0.21,0,0,148,0
80,60,94.0025672552742,3.85347222656752,1.01588237193764,0.51,0,0,270,0
80,60,94.0025672552742,3.85347222656752,1.01588237193764,5.06,0,0,680,0
80,60,94.0025672552742,3.85347222656752,1.01588237193764,23.77,0,0,222,0
81,60,58.2930737177285,3.93382085366693,0.989347193491633,0,101,60000,0,1
81,60,58.2930737177285,3.93382085366693,0.989347193491633,5.75,0,0,717,0
81,60,58.2930737177285,3.93382085366693,0.989347193491633,8.73,0,0,532,0
81,60,58.2930737177285,3.93382085366693,0.989347193491633,10.64,0,0,600,0
81,60,58.2930737177285,3.93382085366693,0.989347193491633,21.32,0,0,374,0
82,60,79.6975451218556,7.27626683897314,1.10852030587782,0,101,60000,0,1
82,60,79.6975451218556,7.27626683897314,1.10852030587782,0.1,0,0,60,0
82,60,79.6975451218556,7.27626683897314,1.10852030587782,3.82,0,0,455,0
82,60,79.6975451218556,7.27626683897314,1.10852030587782,18.81,0,0,113,0
82,60,79.6975451218556,7.27626683897314,1.10852030587782,23.3,0,0,110,0
83,60,51.350391999913,4.93931334062825,0.926756743643884,0,101,60000,0,1
83,60,51.350391999913,4.93931334062825,0.926756743643884,7.32,0,0,592,0
83,60,51.350391999913,4.93931334062825,0.926756743643884,8.56,0,0,450,0
83,60,51.350391999913,4.93931334062825,0.926756743643884,8.64,0,0,503,0
83,60,51.350391999913,4.93931334062825,0.926756743643884,16.44,0,0,304,0
84,60,104.526897427456,4.02104138512222,1.16800474405197,0,101,60000,0,1
84,60,104.526897427456,4.02104138512222,1.16800474405197,0.66,0,0,299,0
84,60,104.526897427456,4.02104138512222,1.16800474405197,1.43,0,0,459,0
84,60,104.526897427456,4.02104138512222,1.16800474405197,16.92,0,0,498,0
84,60,104.526897427456,4.02104138512222,1.16800474405197,17.25,0,0,321,0
85,60,64.355779905042,3.01617899452484,0.679153549072613,0,101,60000,0,1
85,60,64.355779905042,3.01617899452484,0.679153549072613,1.55,0,0,571,0
85,60,64.355779905042,3.01617899452484,0.679153549072613,7.11,0,0,642,0
85,60,64.355779905042,3.01617899452484,0.679153549072613,10.3,0,0,745,0
85,60,64.355779905042,3.01617899452484,0.679153549072613,12.75,0,0,552,0
86,60,56.3508432272049,5.95432148652666,1.11050834138644,0,101,60000,0,1
86,60,56.3508432272049,5.95432148652666,1.11050834138644,0.42,0,0,336,0
86,60,56.3508432272049,5.95432148652666,1.11050834138644,1.61,0,0,857,0
86,60,56.3508432272049,5.95432148652666,1.11050834138644,11.75,0,0,366,0
86,60,56.3508432272049,5.95432148652666,1.11050834138644,17.53,0,0,181,0
87,60,87.8527330631887,3.29315445147491,1.37956874254879,0,101,60000,0,1
87,60,87.8527330631887,3.29315445147491,1.37956874254879,6.3,0,0,427,0
87,60,87.8527330631887,3.29315445147491,1.37956874254879,14.07,0,0,390,0
87,60,87.8527330631887,3.29315445147491,1.37956874254879,14.95,0,0,394,0
87,60,87.8527330631887,3.29315445147491,1.37956874254879,20.25,0,0,285,0
88,60,77.4767319443124,3.24466324867059,0.71241410899863,0,101,60000,0,1
88,60,77.4767319443124,3.24466324867059,0.71241410899863,6.18,0,0,793,0
88,60,77.4767319443124,3.24466324867059,0.71241410899863,17.4,0,0,423,0
88,60,77.4767319443124,3.24466324867059,0.71241410899863,19.68,0,0,337,0
88,60,77.4767319443124,3.24466324867059,0.71241410899863,19.99,0,0,313,0
89,60,85.3306761432528,3.34797585331888,0.616199527370037,0,101,60000,0,1
89,60,85.3306761432528,3.34797585331888,0.616199527370037,1.57,0,0,412,0
89,60,85.3306761432528,3.34797585331888,0.616199527370037,15.72,0,0,355,0
89,60,85.3306761432528,3.34797585331888,0.616199527370037,18.17,0,0,309,0
89,60,85.3306761432528,3.34797585331888,0.616199527370037,20.05,0,0,458,0
90,60,30.5396380417873,3.9669969805364,0.885090445652837,0,101,60000,0,1
90,60,30.5396380417873,3.9669969805364,0.885090445652837,3.11,0,0,1275,0
90,60,30.5396380417873,3.9669969805364,0.885090445652837,3.19,0,0,1217,0
90,60,30.5396380417873,3.9669969805364,0.885090445652837,16.81,0,0,221,0
90,60,30.5396380417873,3.9669969805364,0.885090445652837,19.51,0,0,128,0
91,120,92.6715322323161,2.65334614763262,1.06779115405781,0,101,120000,0,1
91,120,92.6715322323161,2.65334614763262,1.06779115405781,9.39,0,0,1031,0
91,120,92.6715322323161,2.65334614763262,1.06779115405781,10.08,0,0,813,0
91,120,92.6715322323161,2.65334614763262,1.06779115405781,11.68,0,0,980,0
91,120,92.6715322323161,2.65334614763262,1.06779115405781,22.86,0,0,846,0
92,120,98.5324312308853,3.65517050398472,0.818490901082333,0,101,120000,0,1
92,120,98.5324312308853,3.65517050398472,0.818490901082333,5.33,0,0,809,0
92,120,98.5324312308853,3.65517050398472,0.818490901082333,7.57,0,0,1293,0
92,120,98.5324312308853,3.65517050398472,0.818490901082333,9.84,0,0,635,0
92,120,98.5324312308853,3.65517050398472,0.818490901082333,21.48,0,0,622,0
93,120,76.6362611873868,3.552778261546,1.04718967789549,0,101,120000,0,1
93,120,76.6362611873868,3.552778261546,1.04718967789549,1.73,0,0,1209,0
93,120,76.6362611873868,3.552778261546,1.04718967789549,5.24,0,0,1263,0
93,120,76.6362611873868,3.552778261546,1.04718967789549,5.69,0,0,1574,0
93,120,76.6362611873868,3.552778261546,1.04718967789549,6.82,0,0,1238,0
94,120,68.7490820714043,3.49116261043239,0.728900461192344,0,101,120000,0,1
94,120,68.7490820714043,3.49116261043239,0.728900461192344,1.86,0,0,1286,0
94,120,68.7490820714043,3.49116261043239,0.728900461192344,7.39,0,0,1143,0
94,120,68.7490820714043,3.49116261043239,0.728900461192344,13.34,0,0,846,0
94,120,68.7490820714043,3.49116261043239,0.728900461192344,22.46,0,0,600,0
95,120,47.524134397065,4.70254427970711,0.999211176808465,0,101,120000,0,1
95,120,47.524134397065,4.70254427970711,0.999211176808465,1.64,0,0,1804,0
95,120,47.524134397065,4.70254427970711,0.999211176808465,13.12,0,0,935,0
95,120,47.524134397065,4.70254427970711,0.999211176808465,14.05,0,0,804,0
95,120,47.524134397065,4.70254427970711,0.999211176808465,19.89,0,0,315,0
96,120,52.5996023090202,3.15077733100588,0.716875091528189,0,101,120000,0,1
96,120,52.5996023090202,3.15077733100588,0.716875091528189,8.75,0,0,1159,0
96,120,52.5996023090202,3.15077733100588,0.716875091528189,9.02,0,0,1457,0
96,120,52.5996023090202,3.15077733100588,0.716875091528189,11.77,0,0,1296,0
96,120,52.5996023090202,3.15077733100588,0.716875091528189,13.63,0,0,1266,0
97,120,70.9765641255475,4.73385069947983,1.46971096840936,0,101,120000,0,1
97,120,70.9765641255475,4.73385069947983,1.46971096840936,1.75,0,0,1213,0
97,120,70.9765641255475,4.73385069947983,1.46971096840936,10.7,0,0,943,0
97,120,70.9765641255475,4.73385069947983,1.46971096840936,15.58,0,0,665,0
97,120,70.9765641255475,4.73385069947983,1.46971096840936,17.89,0,0,575,0
98,120,55.4903648165403,4.24170137392017,1.89238066181088,0,101,120000,0,1
98,120,55.4903648165403,4.24170137392017,1.89238066181088,5.39,0,0,1274,0
98,120,55.4903648165403,4.24170137392017,1.89238066181088,7.67,0,0,1488,0
98,120,55.4903648165403,4.24170137392017,1.89238066181088,11.67,0,0,1049,0
98,120,55.4903648165403,4.24170137392017,1.89238066181088,19.02,0,0,485,0
99,120,64.0252689577585,3.88807562301098,0.913167566409569,0,101,120000,0,1
99,120,64.0252689577585,3.88807562301098,0.913167566409569,4.67,0,0,1408,0
99,120,64.0252689577585,3.88807562301098,0.913167566409569,5.32,0,0,1378,0
99,120,64.0252689577585,3.88807562301098,0.913167566409569,6.39,0,0,950,0
99,120,64.0252689577585,3.88807562301098,0.913167566409569,18.81,0,0,914,0
100,120,57.3886973041238,3.53623348398256,1.26527841471271,0,101,120000,0,1
100,120,57.3886973041238,3.53623348398256,1.26527841471271,4.98,0,0,1792,0
100,120,57.3886973041238,3.53623348398256,1.26527841471271,17.16,0,0,848,0
100,120,57.3886973041238,3.53623348398256,1.26527841471271,21.71,0,0,536,0
100,120,57.3886973041238,3.53623348398256,1.26527841471271,23.24,0,0,625,0
101,120,131.143972731904,4.8193387535085,0.956069341020793,0,101,120000,0,1
101,120,131.143972731904,4.8193387535085,0.956069341020793,5.01,0,0,687,0
101,120,131.143972731904,4.8193387535085,0.956069341020793,12.71,0,0,526,0
101,120,131.143972731904,4.8193387535085,0.956069341020793,13.59,0,0,700,0
101,120,131.143972731904,4.8193387535085,0.956069341020793,18.49,0,0,521,0
102,120,79.3858301846021,6.50991050504501,1.04868576853087,0,101,120000,0,1
102,120,79.3858301846021,6.50991050504501,1.04868576853087,1.12,0,0,906,0
102,120,79.3858301846021,6.50991050504501,1.04868576853087,5.39,0,0,869,0
102,120,79.3858301846021,6.50991050504501,1.04868576853087,23.56,0,0,249,0
102,120,79.3858301846021,6.50991050504501,1.04868576853087,23.71,0,0,254,0
103,120,145.085733520308,3.43842703018617,0.79265067294088,0,101,120000,0,1
103,120,145.085733520308,3.43842703018617,0.79265067294088,8.32,0,0,653,0
103,120,145.085733520308,3.43842703018617,0.79265067294088,11.14,0,0,688,0
103,120,145.085733520308,3.43842703018617,0.79265067294088,12.74,0,0,507,0
103,120,145.085733520308,3.43842703018617,0.79265067294088,19.76,0,0,362,0
104,120,98.9177567325183,4.40299036072028,1.17497866443534,0,101,120000,0,1
104,120,98.9177567325183,4.40299036072028,1.17497866443534,1.81,0,0,1302,0
104,120,98.9177567325183,4.40299036072028,1.17497866443534,5.95,0,0,836,0
104,120,98.9177567325183,4.40299036072028,1.17497866443534,7.22,0,0,841,0
104,120,98.9177567325183,4.40299036072028,1.17497866443534,14.85,0,0,506,0
105,120,61.1411996609179,6.19804056971128,0.985683596027913,0,101,120000,0,1
105,120,61.1411996609179,6.19804056971128,0.985683596027913,3.02,0,0,1636,0
105,120,61.1411996609179,6.19804056971128,0.985683596027913,3.66,0,0,1164,0
105,120,61.1411996609179,6.19804056971128,0.985683596027913,15.25,0,0,702,0
105,120,61.1411996609179,6.19804056971128,0.985683596027913,17.98,0,0,322,0
106,120,87.6969068622977,7.7741904658671,1.38341189156707,0,101,120000,0,1
106,120,87.6969068622977,7.7741904658671,1.38341189156707,3.97,0,0,1022,0
106,120,87.6969068622977,7.7741904658671,1.38341189156707,13.11,0,0,487,0
106,120,87.6969068622977,7.7741904658671,1.38341189156707,13.19,0,0,436,0
106,120,87.6969068622977,7.7741904658671,1.38341189156707,18.25,0,0,291,0
107,120,97.7686566717667,5.46277038522513,1.39915502806894,0,101,120000,0,1
107,120,97.7686566717667,5.46277038522513,1.39915502806894,0.12,0,0,133,0
107,120,97.7686566717667,5.46277038522513,1.39915502806894,0.87,0,0,705,0
107,120,97.7686566717667,5.46277038522513,1.39915502806894,14.34,0,0,551,0
107,120,97.7686566717667,5.46277038522513,1.39915502806894,17.75,0,0,590,0
108,120,61.1208669906145,4.82274464240203,1.30385205278302,0,101,120000,0,1
108,120,61.1208669906145,4.82274464240203,1.30385205278302,2.98,0,0,1886,0
108,120,61.1208669906145,4.82274464240203,1.30385205278302,3.01,0,0,1702,0
108,120,61.1208669906145,4.82274464240203,1.30385205278302,22.18,0,0,243,0
108,120,61.1208669906145,4.82274464240203,1.30385205278302,23.98,0,0,342,0
109,120,101.92308208208,4.507289658293,0.826142194946845,0,101,120000,0,1
109,120,101.92308208208,4.507289658293,0.826142194946845,1.4,0,0,710,0
109,120,101.92308208208,4.507289658293,0.826142194946845,2.12,0,0,825,0
109,120,101.92308208208,4.507289658293,0.826142194946845,5.64,0,0,1203,0
109,120,101.92308208208,4.507289658293,0.826142194946845,10.04,0,0,781,0
110,120,65.011774150231,2.98716633226622,0.68330425694146,0,101,120000,0,1
110,120,65.011774150231,2.98716633226622,0.68330425694146,1.68,0,0,975,0
110,120,65.011774150231,2.98716633226622,0.68330425694146,4.49,0,0,1644,0
110,120,65.011774150231,2.98716633226622,0.68330425694146,5.94,0,0,1645,0
110,120,65.011774150231,2.98716633226622,0.68330425694146,9.06,0,0,1609,0
111,120,69.440398888126,3.62132529524105,1.6334641066452,0,101,120000,0,1
111,120,69.440398888126,3.62132529524105,1.6334641066452,0.71,0,0,967,0
111,120,69.440398888126,3.62132529524105,1.6334641066452,6.44,0,0,1525,0
111,120,69.440398888126,3.62132529524105,1.6334641066452,7.31,0,0,963,0
111,120,69.440398888126,3.62132529524105,1.6334641066452,22.29,0,0,603,0
112,120,103.679444355565,4.30623666764718,0.524045092523698,0,101,120000,0,1
112,120,103.679444355565,4.30623666764718,0.524045092523698,1.49,0,0,589,0
112,120,103.679444355565,4.30623666764718,0.524045092523698,3.57,0,0,1048,0
112,120,103.679444355565,4.30623666764718,0.524045092523698,10.76,0,0,572,0
112,120,103.679444355565,4.30623666764718,0.524045092523698,12.72,0,0,515,0
113,120,69.9927099629118,4.02526347053466,1.00959617378415,0,101,120000,0,1
113,120,69.9927099629118,4.02526347053466,1.00959617378415,0.65,0,0,704,0
113,120,69.9927099629118,4.02526347053466,1.00959617378415,16.96,0,0,670,0
113,120,69.9927099629118,4.02526347053466,1.00959617378415,21.98,0,0,548,0
113,120,69.9927099629118,4.02526347053466,1.00959617378415,22.86,0,0,365,0
114,120,71.4994001169036,5.18056375749098,1.76570125722786,0,101,120000,0,1
114,120,71.4994001169036,5.18056375749098,1.76570125722786,0.13,0,0,349,0
114,120,71.4994001169036,5.18056375749098,1.76570125722786,15.69,0,0,380,0
114,120,71.4994001169036,5.18056375749098,1.76570125722786,17.12,0,0,572,0
114,120,71.4994001169036,5.18056375749098,1.76570125722786,18.55,0,0,376,0
115,120,106.004669631699,3.44450078757415,1.13749092178944,0,101,120000,0,1
115,120,106.004669631699,3.44450078757415,1.13749092178944,1.56,0,0,887,0
115,120,106.004669631699,3.44450078757415,1.13749092178944,15.54,0,0,548,0
115,120,106.004669631699,3.44450078757415,1.13749092178944,16.15,0,0,494,0
115,120,106.004669631699,3.44450078757415,1.13749092178944,22.26,0,0,700,0
116,120,65.9471253465295,6.25241513633504,0.8065183502113,0,101,120000,0,1
116,120,65.9471253465295,6.25241513633504,0.8065183502113,7.21,0,0,996,0
116,120,65.9471253465295,6.25241513633504,0.8065183502113,9.63,0,0,862,0
116,120,65.9471253465295,6.25241513633504,0.8065183502113,17.25,0,0,412,0
116,120,65.9471253465295,6.25241513633504,0.8065183502113,19.25,0,0,231,0
117,120,44.9736703192625,3.1569493201971,0.774836222831421,0,101,120000,0,1
117,120,44.9736703192625,3.1569493201971,0.774836222831421,1.29,0,0,1741,0
117,120,44.9736703192625,3.1569493201971,0.774836222831421,6.49,0,0,2223,0
117,120,44.9736703192625,3.1569493201971,0.774836222831421,16.72,0,0,1029,0
117,120,44.9736703192625,3.1569493201971,0.774836222831421,18.09,0,0,686,0
118,120,64.0062163569559,4.97652833567736,0.760783288808327,0,101,120000,0,1
118,120,64.0062163569559,4.97652833567736,0.760783288808327,2.92,0,0,1503,0
118,120,64.0062163569559,4.97652833567736,0.760783288808327,12.76,0,0,940,0
118,120,64.0062163569559,4.97652833567736,0.760783288808327,16.59,0,0,622,0
118,120,64.0062163569559,4.97652833567736,0.760783288808327,19.02,0,0,643,0
119,120,69.0057691452265,2.83334682258045,0.559622459342421,0,101,120000,0,1
119,120,69.0057691452265,2.83334682258045,0.559622459342421,7.22,0,0,1210,0
119,120,69.0057691452265,2.83334682258045,0.559622459342421,13.2,0,0,1129,0
119,120,69.0057691452265,2.83334682258045,0.559622459342421,22.03,0,0,1015,0
119,120,69.0057691452265,2.83334682258045,0.559622459342421,22.19,0,0,774,0
120,120,76.8192986921682,4.17484074382111,0.990345554198343,0,101,120000,0,1
120,120,76.8192986921682,4.17484074382111,0.990345554198343,1.75,0,0,979,0
120,120,76.8192986921682,4.17484074382111,0.990345554198343,2.58,0,0,1453,0
120,120,76.8192986921682,4.17484074382111,0.990345554198343,5.92,0,0,1419,0
120,120,76.8192986921682,4.17484074382111,0.990345554198343,6.19,0,0,774,0
