ID,DOSE,V,CL,KA,TIME,EVID,AMT,DV,EVIDNM
1,10,71.1231844057564,4.71661209930956,0.962977259503115,0,101,10000,0,1
1,10,71.1231844057564,4.71661209930956,0.962977259503115,3.66,0,0,133,0
1,10,71.1231844057564,4.71661209930956,0.962977259503115,4.43,0,0,151,0
1,10,71.1231844057564,4.71661209930956,0.962977259503115,5.78,0,0,87,0
1,10,71.1231844057564,4.71661209930956,0.962977259503115,21.32,0,0,48,0
2,10,48.9061992589688,2.6495650255992,0.649123183314912,0,101,10000,0,1
2,10,48.9061992589688,2.6495650255992,0.649123183314912,2.42,0,0,110,0
2,10,48.9061992589688,2.6495650255992,0.649123183314912,4.36,0,0,134,0
2,10,48.9061992589688,2.6495650255992,0.649123183314912,4.45,0,0,136,0
2,10,48.9061992589688,2.6495650255992,0.649123183314912,10.01,0,0,146,0
3,10,69.3348091164044,2.36598965090589,1.35938575854556,0,101,10000,0,1
3,10,69.3348091164044,2.36598965090589,1.35938575854556,8.83,0,0,131,0
3,10,69.3348091164044,2.36598965090589,1.35938575854556,10.05,0,0,92,0
3,10,69.3348091164044,2.36598965090589,1.35938575854556,13.56,0,0,77,0
3,10,69.3348091164044,2.36598965090589,1.35938575854556,15.26,0,0,96,0
4,10,111.930529577846,3.51529208514096,0.676804509287637,0,101,10000,0,1
4,10,111.930529577846,3.51529208514096,0.676804509287637,0.55,0,0,35,0
4,10,111.930529577846,3.51529208514096,0.676804509287637,10.87,0,0,83,0
4,10,111.930529577846,3.51529208514096,0.676804509287637,13.49,0,0,43,0
4,10,111.930529577846,3.51529208514096,0.676804509287637,21.51,0,0,45,0
5,10,111.443259368286,4.50353136457705,0.476248833086241,0,101,10000,0,1
5,10,111.443259368286,4.50353136457705,0.476248833086241,0.01,0,0,0,0
5,10,111.443259368286,4.50353136457705,0.476248833086241,3.52,0,0,64,0
5,10,111.443259368286,4.50353136457705,0.476248833086241,7.16,0,0,64,0
5,10,111.443259368286,4.50353136457705,0.476248833086241,15.99,0,0,52,0
6,10,51.1368349079638,5.64680535904648,0.976149782789118,0,101,10000,0,1
6,10,51.1368349079638,5.64680535904648,0.976149782789118,1.17,0,0,114,0
6,10,51.1368349079638,5.64680535904648,0.976149782789118,3.26,0,0,135,0
6,10,51.1368349079638,5.64680535904648,0.976149782789118,6.24,0,0,116,0
6,10,51.1368349079638,5.64680535904648,0.976149782789118,6.81,0,0,110,0
7,10,82.3342482095693,3.40041052548916,0.97639690448346,0,101,10000,0,1
7,10,82.3342482095693,3.40041052548916,0.97639690448346,7.06,0,0,115,0
7,10,82.3342482095693,3.40041052548916,0.97639690448346,12.87,0,0,68,0
7,10,82.3342482095693,3.40041052548916,0.97639690448346,15.36,0,0,64,0
7,10,82.3342482095693,3.40041052548916,0.97639690448346,22.02,0,0,42,0
8,10,71.797209818778,3.80799385300536,1.06153102773124,0,101,10000,0,1
8,10,71.797209818778,3.80799385300536,1.06153102773124,4.27,0,0,129,0
8,10,71.797209818778,3.80799385300536,1.06153102773124,10.41,0,0,75,0
8,10,71.797209818778,3.80799385300536,1.06153102773124,13,0,0,59,0
8,10,71.797209818778,3.80799385300536,1.06153102773124,15.14,0,0,79,0
9,10,89.5284498582757,2.80395401564362,1.08638960001861,0,101,10000,0,1
9,10,89.5284498582757,2.80395401564362,1.08638960001861,2.95,0,0,81,0
9,10,89.5284498582757,2.80395401564362,1.08638960001861,17.49,0,0,50,0
9,10,89.5284498582757,2.80395401564362,1.08638960001861,20.7,0,0,47,0
9,10,89.5284498582757,2.80395401564362,1.08638960001861,21.44,0,0,56,0
10,10,77.3880918599092,3.36881085954342,0.86395969784016,0,101,10000,0,1
10,10,77.3880918599092,3.36881085954342,0.86395969784016,2.87,0,0,101,0
10,10,77.3880918599092,3.36881085954342,0.86395969784016,9.28,0,0,74,0
10,10,77.3880918599092,3.36881085954342,0.86395969784016,14.71,0,0,63,0
10,10,77.3880918599092,3.36881085954342,0.86395969784016,23.67,0,0,40,0
11,10,71.9531340386244,4.00696413952423,0.892856832773516,0,101,10000,0,1
11,10,71.9531340386244,4.00696413952423,0.892856832773516,2.34,0,0,148,0
11,10,71.9531340386244,4.00696413952423,0.892856832773516,3.89,0,0,94,0
11,10,71.9531340386244,4.00696413952423,0.892856832773516,13.76,0,0,77,0
11,10,71.9531340386244,4.00696413952423,0.892856832773516,23.17,0,0,31,0
12,10,73.4044223442303,2.84240043638342,0.700991308606307,0,101,10000,0,1
12,10,73.4044223442303,2.84240043638342,0.700991308606307,0.49,0,0,26,0
12,10,73.4044223442303,2.84240043638342,0.700991308606307,6.52,0,0,141,0
12,10,73.4044223442303,2.84240043638342,0.700991308606307,8.61,0,0,89,0
12,10,73.4044223442303,2.84240043638342,0.700991308606307,8.73,0,0,109,0
13,10,78.4882600750215,4.48965389344106,1.26002027107339,0,101,10000,0,1
13,10,78.4882600750215,4.48965389344106,1.26002027107339,9.96,0,0,63,0
13,10,78.4882600750215,4.48965389344106,1.26002027107339,13.33,0,0,65,0
13,10,78.4882600750215,4.48965389344106,1.26002027107339,15.01,0,0,61,0
13,10,78.4882600750215,4.48965389344106,1.26002027107339,17.06,0,0,52,0
14,10,53.1067222298559,3.27860608792611,1.49567552759723,0,101,10000,0,1
14,10,53.1067222298559,3.27860608792611,1.49567552759723,1.06,0,0,205,0
14,10,53.1067222298559,3.27860608792611,1.49567552759723,1.09,0,0,124,0
14,10,53.1067222298559,3.27860608792611,1.49567552759723,6.49,0,0,97,0
14,10,53.1067222298559,3.27860608792611,1.49567552759723,15.02,0,0,70,0
15,10,93.3596853656461,3.0584876745683,0.882717710911501,0,101,10000,0,1
15,10,93.3596853656461,3.0584876745683,0.882717710911501,0.38,0,0,32,0
15,10,93.3596853656461,3.0584876745683,0.882717710911501,1.42,0,0,89,0
15,10,93.3596853656461,3.0584876745683,0.882717710911501,2.47,0,0,115,0
15,10,93.3596853656461,3.0584876745683,0.882717710911501,13.23,0,0,60,0
16,10,114.51239218758,5.77789354841682,0.957436991443151,0,101,10000,0,1
16,10,114.51239218758,5.77789354841682,0.957436991443151,3.43,0,0,66,0
16,10,114.51239218758,5.77789354841682,0.957436991443151,21,0,0,29,0
16,10,114.51239218758,5.77789354841682,0.957436991443151,21.94,0,0,32,0
16,10,114.51239218758,5.77789354841682,0.957436991443151,22.93,0,0,23,0
17,10,105.568876687773,3.63134966778233,1.02024862349372,0,101,10000,0,1
17,10,105.568876687773,3.63134966778233,1.02024862349372,1.29,0,0,91,0
17,10,105.568876687773,3.63134966778233,1.02024862349372,3.43,0,0,78,0
17,10,105.568876687773,3.63134966778233,1.02024862349372,6.82,0,0,62,0
17,10,105.568876687773,3.63134966778233,1.02024862349372,14.01,0,0,67,0
18,10,63.1666826367081,4.64267549305619,0.742878645738353,0,101,10000,0,1
18,10,63.1666826367081,4.64267549305619,0.742878645738353,5.51,0,0,120,0
18,10,63.1666826367081,4.64267549305619,0.742878645738353,5.93,0,0,95,0
18,10,63.1666826367081,4.64267549305619,0.742878645738353,11.58,0,0,65,0
18,10,63.1666826367081,4.64267549305619,0.742878645738353,21.36,0,0,58,0
19,10,72.6988279944191,3.07382622194044,0.659419994716098,0,101,10000,0,1
19,10,72.6988279944191,3.07382622194044,0.659419994716098,1.25,0,0,60,0
19,10,72.6988279944191,3.07382622194044,0.659419994716098,11.71,0,0,94,0
19,10,72.6988279944191,3.07382622194044,0.659419994716098,13.12,0,0,65,0
19,10,72.6988279944191,3.07382622194044,0.659419994716098,16.95,0,0,44,0
20,10,83.014932128734,3.75701123705834,0.89421491775534,0,101,10000,0,1
20,10,83.014932128734,3.75701123705834,0.89421491775534,8.76,0,0,100,0
20,10,83.014932128734,3.75701123705834,0.89421491775534,12.51,0,0,94,0
20,10,83.014932128734,3.75701123705834,0.89421491775534,17.3,0,0,64,0
20,10,83.014932128734,3.75701123705834,0.89421491775534,18.49,0,0,57,0
21,10,76.0338236010747,4.09238905510341,0.911825554813668,0,101,10000,0,1
21,10,76.0338236010747,4.09238905510341,0.911825554813668,1.18,0,0,58,0
21,10,76.0338236010747,4.09238905510341,0.911825554813668,4.72,0,0,93,0
21,10,76.0338236010747,4.09238905510341,0.911825554813668,7.6,0,0,104,0
21,10,76.0338236010747,4.09238905510341,0.911825554813668,17.02,0,0,48,0
22,10,42.8475376445736,7.25097978545815,1.18817579542843,0,101,10000,0,1
22,10,42.8475376445736,7.25097978545815,1.18817579542843,11.82,0,0,45,0
22,10,42.8475376445736,7.25097978545815,1.18817579542843,13.04,0,0,26,0
22,10,42.8475376445736,7.25097978545815,1.18817579542843,16.86,0,0,14,0
22,10,42.8475376445736,7.25097978545815,1.18817579542843,17.69,0,0,12,0
23,10,94.647150204571,2.77968778592609,0.607924637415573,0,101,10000,0,1
23,10,94.647150204571,2.77968778592609,0.607924637415573,8.5,0,0,88,0
23,10,94.647150204571,2.77968778592609,0.607924637415573,14.48,0,0,55,0
23,10,94.647150204571,2.77968778592609,0.607924637415573,14.9,0,0,52,0
23,10,94.647150204571,2.77968778592609,0.607924637415573,17.39,0,0,92,0
24,10,89.7524513924365,4.9912567868351,0.923653690822789,0,101,10000,0,1
24,10,89.7524513924365,4.9912567868351,0.923653690822789,0.75,0,0,57,0
24,10,89.7524513924365,4.9912567868351,0.923653690822789,10.01,0,0,114,0
24,10,89.7524513924365,4.9912567868351,0.923653690822789,13.7,0,0,58,0
24,10,89.7524513924365,4.9912567868351,0.923653690822789,17.27,0,0,59,0
25,10,93.303449556408,4.1804004314365,1.2170449048762,0,101,10000,0,1
25,10,93.303449556408,4.1804004314365,1.2170449048762,0.22,0,0,30,0
25,10,93.303449556408,4.1804004314365,1.2170449048762,2.59,0,0,89,0
25,10,93.303449556408,4.1804004314365,1.2170449048762,11.26,0,0,71,0
25,10,93.303449556408,4.1804004314365,1.2170449048762,23.39,0,0,42,0
26,10,49.743230052226,2.48241113782975,0.919550982764018,0,101,10000,0,1
26,10,49.743230052226,2.48241113782975,0.919550982764018,0.12,0,0,29,0
26,10,49.743230052226,2.48241113782975,0.919550982764018,3.99,0,0,191,0
26,10,49.743230052226,2.48241113782975,0.919550982764018,5.95,0,0,219,0
26,10,49.743230052226,2.48241113782975,0.919550982764018,20.35,0,0,70,0
27,10,75.0360780298851,3.50032707188062,2.07054952905151,0,101,10000,0,1
27,10,75.0360780298851,3.50032707188062,2.07054952905151,8.61,0,0,90,0
27,10,75.0360780298851,3.50032707188062,2.07054952905151,15.01,0,0,118,0
27,10,75.0360780298851,3.50032707188062,2.07054952905151,21.86,0,0,39,0
27,10,75.0360780298851,3.50032707188062,2.07054952905151,23.72,0,0,54,0
28,10,47.9747337813455,2.92973677256063,0.874598140275756,0,101,10000,0,1
28,10,47.9747337813455,2.92973677256063,0.874598140275756,0.24,0,0,37,0
28,10,47.9747337813455,2.92973677256063,0.874598140275756,1.34,0,0,135,0
28,10,47.9747337813455,2.92973677256063,0.874598140275756,6.65,0,0,186,0
28,10,47.9747337813455,2.92973677256063,0.874598140275756,7.32,0,0,141,0
29,10,66.692905085454,4.08543342522603,1.45348386100952,0,101,10000,0,1
29,10,66.692905085454,4.08543342522603,1.45348386100952,3.68,0,0,113,0
29,10,66.692905085454,4.08543342522603,1.45348386100952,10.51,0,0,95,0
29,10,66.692905085454,4.08543342522603,1.45348386100952,10.75,0,0,94,0
29,10,66.692905085454,4.08543342522603,1.45348386100952,20.37,0,0,42,0
30,10,77.776280647766,3.25108317126979,0.741047881507838,0,101,10000,0,1
30,10,77.776280647766,3.25108317126979,0.741047881507838,11.06,0,0,102,0
30,10,77.776280647766,3.25108317126979,0.741047881507838,13,0,0,87,0
30,10,77.776280647766,3.25108317126979,0.741047881507838,13.12,0,0,108,0
30,10,77.776280647766,3.25108317126979,0.741047881507838,21.11,0,0,63,0
31,30,131.821787399837,3.11352343467176,0.852733641707877,0,101,30000,0,1
31,30,131.821787399837,3.11352343467176,0.852733641707877,2.47,0,0,214,0
31,30,131.821787399837,3.11352343467176,0.852733641707877,3.94,0,0,228,0
31,30,131.821787399837,3.11352343467176,0.852733641707877,6.67,0,0,183,0
31,30,131.821787399837,3.11352343467176,0.852733641707877,22.05,0,0,155,0
32,30,84.53016430505,6.19673079204797,1.07673791165147,0,101,30000,0,1
32,30,84.53016430505,6.19673079204797,1.07673791165147,5.74,0,0,246,0
32,30,84.53016430505,6.19673079204797,1.07673791165147,5.79,0,0,203,0
32,30,84.53016430505,6.19673079204797,1.07673791165147,12.33,0,0,153,0
32,30,84.53016430505,6.19673079204797,1.07673791165147,23.21,0,0,90,0
33,30,81.5975068136312,2.8832086285583,1.67037321992446,0,101,30000,0,1
33,30,81.5975068136312,2.8832086285583,1.67037321992446,1.56,0,0,306,0
33,30,81.5975068136312,2.8832086285583,1.67037321992446,15.77,0,0,250,0
33,30,81.5975068136312,2.8832086285583,1.67037321992446,20.45,0,0,134,0
33,30,81.5975068136312,2.8832086285583,1.67037321992446,22.87,0,0,203,0
34,30,80.3559561004151,3.44468601441841,0.616992278289684,0,101,30000,0,1
34,30,80.3559561004151,3.44468601441841,0.616992278289684,5.55,0,0,310,0
34,30,80.3559561004151,3.44468601441841,0.616992278289684,18.35,0,0,195,0
34,30,80.3559561004151,3.44468601441841,0.616992278289684,19.97,0,0,218,0
34,30,80.3559561004151,3.44468601441841,0.616992278289684,20.16,0,0,239,0
35,30,81.3814171438119,3.90490337453915,1.25492154269397,0,101,30000,0,1
35,30,81.3814171438119,3.90490337453915,1.25492154269397,4.48,0,0,355,0
35,30,81.3814171438119,3.90490337453915,1.25492154269397,7.23,0,0,233,0
35,30,81.3814171438119,3.90490337453915,1.25492154269397,11.34,0,0,248,0
35,30,81.3814171438119,3.90490337453915,1.25492154269397,19.56,0,0,109,0
36,30,59.3013501461762,4.76862801533608,0.931218108494574,0,101,30000,0,1
36,30,59.3013501461762,4.76862801533608,0.931218108494574,0.01,0,0,3,0
36,30,59.3013501461762,4.76862801533608,0.931218108494574,8.72,0,0,224,0
36,30,59.3013501461762,4.76862801533608,0.931218108494574,17.41,0,0,138,0
36,30,59.3013501461762,4.76862801533608,0.931218108494574,17.82,0,0,136,0
37,30,91.8143314372863,5.3220748514872,1.63908716228608,0,101,30000,0,1
37,30,91.8143314372863,5.3220748514872,1.63908716228608,0.68,0,0,188,0
37,30,91.8143314372863,5.3220748514872,1.63908716228608,8.16,0,0,195,0
37,30,91.8143314372863,5.3220748514872,1.63908716228608,9.21,0,0,275,0
37,30,91.8143314372863,5.3220748514872,1.63908716228608,15.37,0,0,172,0
38,30,68.5002193628256,4.06060107887353,0.858031653751434,0,101,30000,0,1
38,30,68.5002193628256,4.06060107887353,0.858031653751434,9.04,0,0,284,0
38,30,68.5002193628256,4.06060107887353,0.858031653751434,9.65,0,0,195,0
38,30,68.5002193628256,4.06060107887353,0.858031653751434,16.75,0,0,202,0
38,30,68.5002193628256,4.06060107887353,0.858031653751434,19.09,0,0,175,0
39,30,54.7877084938613,5.92477420840855,1.00090004547093,0,101,30000,0,1
39,30,54.7877084938613,5.92477420840855,1.00090004547093,3.6,0,0,308,0
39,30,54.7877084938613,5.92477420840855,1.00090004547093,4.72,0,0,291,0
39,30,54.7877084938613,5.92477420840855,1.00090004547093,10.7,0,0,198,0
39,30,54.7877084938613,5.92477420840855,1.00090004547093,17.18,0,0,115,0
40,30,106.00798950912,3.68572151155538,0.749997447322494,0,101,30000,0,1
40,30,106.00798950912,3.68572151155538,0.749997447322494,3.49,0,0,316,0
40,30,106.00798950912,3.68572151155538,0.749997447322494,6.26,0,0,237,0
40,30,106.00798950912,3.68572151155538,0.749997447322494,13.14,0,0,283,0
40,30,106.00798950912,3.68572151155538,0.749997447322494,18.62,0,0,107,0
41,30,88.1010229045868,1.99891522979708,0.715023275429098,0,101,30000,0,1
41,30,88.1010229045868,1.99891522979708,0.715023275429098,4.81,0,0,364,0
41,30,88.1010229045868,1.99891522979708,0.715023275429098,13.02,0,0,305,0
41,30,88.1010229045868,1.99891522979708,0.715023275429098,14.92,0,0,250,0
41,30,88.1010229045868,1.99891522979708,0.715023275429098,22.77,0,0,200,0
42,30,78.2124129424134,3.25330267744357,1.35010319890207,0,101,30000,0,1
42,30,78.2124129424134,3.25330267744357,1.35010319890207,1.44,0,0,291,0
42,30,78.2124129424134,3.25330267744357,1.35010319890207,3.29,0,0,262,0
42,30,78.2124129424134,3.25330267744357,1.35010319890207,16.83,0,0,157,0
42,30,78.2124129424134,3.25330267744357,1.35010319890207,20.38,0,0,141,0
43,30,65.2867307074343,6.56002013394369,0.79526273789167,0,101,30000,0,1
43,30,65.2867307074343,6.56002013394369,0.79526273789167,2.95,0,0,319,0
43,30,65.2867307074343,6.56002013394369,0.79526273789167,3.92,0,0,400,0
43,30,65.2867307074343,6.56002013394369,0.79526273789167,6.54,0,0,215,0
43,30,65.2867307074343,6.56002013394369,0.79526273789167,23.49,0,0,58,0
44,30,76.4123930542764,6.34797583818724,1.0819021930329,0,101,30000,0,1
44,30,76.4123930542764,6.34797583818724,1.0819021930329,1.9,0,0,385,0
44,30,76.4123930542764,6.34797583818724,1.0819021930329,4.5,0,0,300,0
44,30,76.4123930542764,6.34797583818724,1.0819021930329,14.3,0,0,115,0
44,30,76.4123930542764,6.34797583818724,1.0819021930329,23.93,0,0,56,0
45,30,41.8729686657977,5.23660017324444,1.46745431050321,0,101,30000,0,1
45,30,41.8729686657977,5.23660017324444,1.46745431050321,4.87,0,0,426,0
45,30,41.8729686657977,5.23660017324444,1.46745431050321,10.87,0,0,192,0
45,30,41.8729686657977,5.23660017324444,1.46745431050321,20.62,0,0,49,0
45,30,41.8729686657977,5.23660017324444,1.46745431050321,20.69,0,0,55,0
46,30,56.9783985139304,3.30813330284462,1.03478602653123,0,101,30000,0,1
46,30,56.9783985139304,3.30813330284462,1.03478602653123,3.15,0,0,544,0
46,30,56.9783985139304,3.30813330284462,1.03478602653123,5.41,0,0,386,0
46,30,56.9783985139304,3.30813330284462,1.03478602653123,16.96,0,0,156,0
46,30,56.9783985139304,3.30813330284462,1.03478602653123,20.79,0,0,231,0
47,30,98.0388972547899,3.6924146862019,1.10048815303584,0,101,30000,0,1
47,30,98.0388972547899,3.6924146862019,1.10048815303584,2.79,0,0,315,0
47,30,98.0388972547899,3.6924146862019,1.10048815303584,5.22,0,0,210,0
47,30,98.0388972547899,3.6924146862019,1.10048815303584,8.21,0,0,182,0
47,30,98.0388972547899,3.6924146862019,1.10048815303584,18.38,0,0,118,0
48,30,74.9669830038134,2.9438151965641,0.936460863297743,0,101,30000,0,1
48,30,74.9669830038134,2.9438151965641,0.936460863297743,5.29,0,0,359,0
48,30,74.9669830038134,2.9438151965641,0.936460863297743,10.27,0,0,336,0
48,30,74.9669830038134,2.9438151965641,0.936460863297743,15.65,0,0,259,0
48,30,74.9669830038134,2.9438151965641,0.936460863297743,21.15,0,0,215,0
49,30,58.3189140770651,4.85862970548988,0.973219917257487,0,101,30000,0,1
49,30,58.3189140770651,4.85862970548988,0.973219917257487,7.73,0,0,233,0
49,30,58.3189140770651,4.85862970548988,0.973219917257487,17.63,0,0,105,0
49,30,58.3189140770651,4.85862970548988,0.973219917257487,19.47,0,0,119,0
49,30,58.3189140770651,4.85862970548988,0.973219917257487,21.58,0,0,139,0
50,30,99.3096011934517,4.3337479163174,1.7731336584945,0,101,30000,0,1
50,30,99.3096011934517,4.3337479163174,1.7731336584945,10.6,0,0,174,0
50,30,99.3096011934517,4.3337479163174,1.7731336584945,11.32,0,0,186,0
50,30,99.3096011934517,4.3337479163174,1.7731336584945,18.46,0,0,85,0
50,30,99.3096011934517,4.3337479163174,1.7731336584945,18.63,0,0,135,0
51,30,53.9136394135247,2.45582736313358,1.11757558530971,0,101,30000,0,1
51,30,53.9136394135247,2.45582736313358,1.11757558530971,7.53,0,0,329,0
51,30,53.9136394135247,2.45582736313358,1.11757558530971,10.39,0,0,241,0
51,30,53.9136394135247,2.45582736313358,1.11757558530971,13.72,0,0,427,0
51,30,53.9136394135247,2.45582736313358,1.11757558530971,21.81,0,0,214,0
52,30,91.3053181816979,3.77252158380582,0.804444130334545,0,101,30000,0,1
52,30,91.3053181816979,3.77252158380582,0.804444130334545,2.8,0,0,175,0
52,30,91.3053181816979,3.77252158380582,0.804444130334545,4.8,0,0,273,0
52,30,91.3053181816979,3.77252158380582,0.804444130334545,7.37,0,0,240,0
52,30,91.3053181816979,3.77252158380582,0.804444130334545,10.61,0,0,155,0
53,30,59.0141087435178,4.04915904441105,1.14860581662073,0,101,30000,0,1
53,30,59.0141087435178,4.04915904441105,1.14860581662073,0.21,0,0,78,0
53,30,59.0141087435178,4.04915904441105,1.14860581662073,1.48,0,0,414,0
53,30,59.0141087435178,4.04915904441105,1.14860581662073,4.4,0,0,412,0
53,30,59.0141087435178,4.04915904441105,1.14860581662073,6.65,0,0,415,0
54,30,57.2796014556493,3.50217401898715,1.12212309065504,0,101,30000,0,1
54,30,57.2796014556493,3.50217401898715,1.12212309065504,11.22,0,0,404,0
54,30,57.2796014556493,3.50217401898715,1.12212309065504,13.92,0,0,203,0
54,30,57.2796014556493,3.50217401898715,1.12212309065504,15.83,0,0,315,0
54,30,57.2796014556493,3.50217401898715,1.12212309065504,17.57,0,0,157,0
55,30,56.4742163430296,2.70000520616692,0.50238403742834,0,101,30000,0,1
55,30,56.4742163430296,2.70000520616692,0.50238403742834,5.49,0,0,257,0
55,30,56.4742163430296,2.70000520616692,0.50238403742834,8.03,0,0,345,0
55,30,56.4742163430296,2.70000520616692,0.50238403742834,11.73,0,0,383,0
55,30,56.4742163430296,2.70000520616692,0.50238403742834,19.19,0,0,280,0
56,30,50.2935007905525,5.61599294725849,1.26233326489243,0,101,30000,0,1
56,30,50.2935007905525,5.61599294725849,1.26233326489243,3.25,0,0,456,0
56,30,50.2935007905525,5.61599294725849,1.26233326489243,10.94,0,0,190,0
56,30,50.2935007905525,5.61599294725849,1.26233326489243,13.79,0,0,142,0
56,30,50.2935007905525,5.61599294725849,1.26233326489243,23.21,0,0,54,0
57,30,75.1279531145493,4.63500768373053,1.05857548151513,0,101,30000,0,1
57,30,75.1279531145493,4.63500768373053,1.05857548151513,1.6,0,0,356,0
57,30,75.1279531145493,4.63500768373053,1.05857548151513,1.67,0,0,292,0
57,30,75.1279531145493,4.63500768373053,1.05857548151513,19.47,0,0,99,0
57,30,75.1279531145493,4.63500768373053,1.05857548151513,21.57,0,0,112,0
58,30,44.2122953434842,4.60693385962314,0.777367504430711,0,101,30000,0,1
58,30,44.2122953434842,4.60693385962314,0.777367504430711,3.92,0,0,549,0
58,30,44.2122953434842,4.60693385962314,0.777367504430711,9.59,0,0,311,0
58,30,44.2122953434842,4.60693385962314,0.777367504430711,11.13,0,0,274,0
58,30,44.2122953434842,4.60693385962314,0.777367504430711,17.99,0,0,101,0
59,30,67.2056275110135,6.67110214025229,1.99477688274942,0,101,30000,0,1
59,30,67.2056275110135,6.67110214025229,1.99477688274942,2,0,0,293,0
59,30,67.2056275110135,6.67110214025229,1.99477688274942,5.84,0,0,285,0
59,30,67.2056275110135,6.67110214025229,1.99477688274942,13.9,0,0,92,0
59,30,67.2056275110135,6.67110214025229,1.99477688274942,23.63,0,0,53,0
60,30,52.9233630315988,3.78719420643978,0.817152575826844,0,101,30000,0,1
60,30,52.9233630315988,3.78719420643978,0.817152575826844,0.7,0,0,288,0
60,30,52.9233630315988,3.78719420643978,0.817152575826844,2.58,0,0,372,0
60,30,52.9233630315988,3.78719420643978,0.817152575826844,12.72,0,0,237,0
60,30,52.9233630315988,3.78719420643978,0.817152575826844,15.71,0,0,188,0
61,60,59.2639032729753,3.93422515090097,1.01403215325821,0,101,60000,0,1
61,60,59.2639032729753,3.93422515090097,1.01403215325821,13.21,0,0,375,0
61,60,59.2639032729753,3.93422515090097,1.01403215325821,15.93,0,0,395,0
61,60,59.2639032729753,3.93422515090097,1.01403215325821,17.07,0,0,318,0
61,60,59.2639032729753,3.93422515090097,1.01403215325821,21.53,0,0,312,0
62,60,56.5485226490091,3.93786998812388,1.26100915419723,0,101,60000,0,1
62,60,56.5485226490091,3.93786998812388,1.26100915419723,5.49,0,0,842,0
62,60,56.5485226490091,3.93786998812388,1.26100915419723,6.16,0,0,720,0
62,60,56.5485226490091,3.93786998812388,1.26100915419723,9.81,0,0,689,0
62,60,56.5485226490091,3.93786998812388,1.26100915419723,10.14,0,0,471,0
63,60,48.6729990166072,3.97167142951889,1.09754241479791,0,101,60000,0,1
63,60,48.6729990166072,3.97167142951889,1.09754241479791,0.26,0,0,500,0
63,60,48.6729990166072,3.97167142951889,1.09754241479791,11.16,0,0,498,0
63,60,48.6729990166072,3.97167142951889,1.09754241479791,20.42,0,0,261,0
63,60,48.6729990166072,3.97167142951889,1.09754241479791,20.62,0,0,214,0
64,60,44.3480799731565,4.37092239362593,0.889485436881571,0,101,60000,0,1
64,60,44.3480799731565,4.37092239362593,0.889485436881571,6.72,0,0,1117,0
64,60,44.3480799731565,4.37092239362593,0.889485436881571,14.4,0,0,325,0
64,60,44.3480799731565,4.37092239362593,0.889485436881571,15.79,0,0,374,0
64,60,44.3480799731565,4.37092239362593,0.889485436881571,17.68,0,0,249,0
65,60,117.048679162433,2.49877846087261,0.795601999340069,0,101,60000,0,1
65,60,117.048679162433,2.49877846087261,0.795601999340069,0.6,0,0,227,0
65,60,117.048679162433,2.49877846087261,0.795601999340069,2.32,0,0,360,0
65,60,117.048679162433,2.49877846087261,0.795601999340069,8.77,0,0,364,0
65,60,117.048679162433,2.49877846087261,0.795601999340069,16.31,0,0,476,0
66,60,58.4214164549953,3.08189441084047,1.34171965038488,0,101,60000,0,1
66,60,58.4214164549953,3.08189441084047,1.34171965038488,13.77,0,0,536,0
66,60,58.4214164549953,3.08189441084047,1.34171965038488,14.62,0,0,434,0
66,60,58.4214164549953,3.08189441084047,1.34171965038488,22.78,0,0,266,0
66,60,58.4214164549953,3.08189441084047,1.34171965038488,22.93,0,0,247,0
67,60,74.8705484676318,4.22772890901112,0.770000889340221,0,101,60000,0,1
67,60,74.8705484676318,4.22772890901112,0.770000889340221,0.43,0,0,206,0
67,60,74.8705484676318,4.22772890901112,0.770000889340221,5.04,0,0,911,0
67,60,74.8705484676318,4.22772890901112,0.770000889340221,6.9,0,0,482,0
67,60,74.8705484676318,4.22772890901112,0.770000889340221,16.98,0,0,424,0
68,60,53.2881629535056,3.71667979092456,1.2882405612032,0,101,60000,0,1
68,60,53.2881629535056,3.71667979092456,1.2882405612032,10.51,0,0,532,0
68,60,53.2881629535056,3.71667979092456,1.2882405612032,10.66,0,0,533,0
68,60,53.2881629535056,3.71667979092456,1.2882405612032,14.54,0,0,668,0
68,60,53.2881629535056,3.71667979092456,1.2882405612032,19.44,0,0,276,0
69,60,88.9326634099188,3.65031214580699,0.931799877400906,0,101,60000,0,1
69,60,88.9326634099188,3.65031214580699,0.931799877400906,3.95,0,0,730,0
69,60,88.9326634099188,3.65031214580699,0.931799877400906,6.08,0,0,435,0
69,60,88.9326634099188,3.65031214580699,0.931799877400906,9,0,0,501,0
69,60,88.9326634099188,3.65031214580699,0.931799877400906,14.54,0,0,497,0
70,60,101.692414206354,4.59665083658547,0.719325287856787,0,101,60000,0,1
70,60,101.692414206354,4.59665083658547,0.719325287856787,0.8,0,0,211,0
70,60,101.692414206354,4.59665083658547,0.719325287856787,6.04,0,0,456,0
70,60,101.692414206354,4.59665083658547,0.719325287856787,11.41,0,0,432,0
70,60,101.692414206354,4.59665083658547,0.719325287856787,12.82,0,0,315,0
71,60,65.0270844548628,3.83937037580379,0.96378549955232,0,101,60000,0,1
71,60,65.0270844548628,3.83937037580379,0.96378549955232,3.61,0,0,1092,0
71,60,65.0270844548628,3.83937037580379,0.96378549955232,5.18,0,0,685,0
71,60,65.0270844548628,3.83937037580379,0.96378549955232,6.21,0,0,718,0
71,60,65.0270844548628,3.83937037580379,0.96378549955232,20.01,0,0,313,0
72,60,65.9512057375526,3.5426832775649,0.846149650036801,0,101,60000,0,1
72,60,65.9512057375526,3.5426832775649,0.846149650036801,3.03,0,0,1096,0
72,60,65.9512057375526,3.5426832775649,0.846149650036801,9.62,0,0,571,0
72,60,65.9512057375526,3.5426832775649,0.846149650036801,13.46,0,0,684,0
72,60,65.9512057375526,3.5426832775649,0.846149650036801,16.27,0,0,328,0
73,60,100.113898839145,3.64260387583453,0.460632111574405,0,101,60000,0,1
73,60,100.113898839145,3.64260387583453,0.460632111574405,13.34,0,0,340,0
73,60,100.113898839145,3.64260387583453,0.460632111574405,15.5,0,0,296,0
73,60,100.113898839145,3.64260387583453,0.460632111574405,16.99,0,0,354,0
73,60,100.113898839145,3.64260387583453,0.460632111574405,19.9,0,0,310,0
74,60,42.0409279507397,4.12075998965156,0.514963144151716,0,101,60000,0,1
74,60,42.0409279507397,4.12075998965156,0.514963144151716,0.24,0,0,212,0
74,60,42.0409279507397,4.12075998965156,0.514963144151716,9.14,0,0,635,0
74,60,42.0409279507397,4.12075998965156,0.514963144151716,18.91,0,0,223,0
74,60,42.0409279507397,4.12075998965156,0.514963144151716,19.72,0,0,258,0
75,60,72.6420060604161,4.70344822823468,0.869760512450457,0,101,60000,0,1
75,60,72.6420060604161,4.70344822823468,0.869760512450457,12.19,0,0,458,0
75,60,72.6420060604161,4.70344822823468,0.869760512450457,14.72,0,0,240,0
75,60,72.6420060604161,4.70344822823468,0.869760512450457,15.54,0,0,308,0
75,60,72.6420060604161,4.70344822823468,0.869760512450457,17.77,0,0,392,0
76,60,65.4501268658345,3.29708177726802,1.00404561610843,0,101,60000,0,1
76,60,65.4501268658345,3.29708177726802,1.00404561610843,2.73,0,0,692,0
76,60,65.4501268658345,3.29708177726802,1.00404561610843,3.15,0,0,789,0
76,60,65.4501268658345,3.29708177726802,1.00404561610843,20.05,0,0,411,0
76,60,65.4501268658345,3.29708177726802,1.00404561610843,23.61,0,0,238,0
77,60,71.5589027359013,4.40769348137292,0.528443785873097,0,101,60000,0,1
77,60,71.5589027359013,4.40769348137292,0.528443785873097,10.07,0,0,809,0
77,60,71.5589027359013,4.40769348137292,0.528443785873097,11.49,0,0,494,0
77,60,71.5589027359013,4.40769348137292,0.528443785873097,19.13,0,0,278,0
77,60,71.5589027359013,4.40769348137292,0.528443785873097,20.94,0,0,301,0
78,60,54.5182139248907,4.93619043388118,0.635713798226861,0,101,60000,0,1
78,60,54.5182139248907,4.93619043388118,0.635713798226861,4.47,0,0,874,0
78,60,54.5182139248907,4.93619043388118,0.635713798226861,6.02,0,0,1074,0
78,60,54.5182139248907,4.93619043388118,0.635713798226861,15.06,0,0,313,0
78,60,54.5182139248907,4.93619043388118,0.635713798226861,18.11,0,0,262,0
79,60,134.172129087411,4.93970653632833,1.02538391203752,0,101,60000,0,1
79,60,134.172129087411,4.93970653632833,1.02538391203752,4.9,0,0,498,0
79,60,134.172129087411,4.93970653632833,1.02538391203752,11.81,0,0,307,0
79,60,134.172129087411,4.93970653632833,1.02538391203752,13.94,0,0,241,0
79,60,134.172129087411,4.93970653632833,1.02538391203752,21.06,0,0,190,0
80,60,37.5869617232024,3.32359753561142,0.958418911829398,0,101,60000,0,1
80,60,37.5869617232024,3.32359753561142,0.958418911829398,0.09,0,0,206,0
80,60,37.5869617232024,3.32359753561142,0.958418911829398,2.75,0,0,1539,0
80,60,37.5869617232024,3.32359753561142,0.958418911829398,5.05,0,0,1240,0
80,60,37.5869617232024,3.32359753561142,0.958418911829398,11.4,0,0,535,0
81,60,73.9861355016061,5.62112375561009,2.72803372838376,0,101,60000,0,1
81,60,73.9861355016061,5.62112375561009,2.72803372838376,1.89,0,0,649,0
81,60,73.9861355016061,5.62112375561009,2.72803372838376,5.51,0,0,659,0
81,60,73.9861355016061,5.62112375561009,2.72803372838376,16.21,0,0,154,0
81,60,73.9861355016061,5.62112375561009,2.72803372838376,23.87,0,0,113,0
82,60,71.7895759870148,2.52083030829611,0.90390357627815,0,101,60000,0,1
82,60,71.7895759870148,2.52083030829611,0.90390357627815,20.15,0,0,504,0
82,60,71.7895759870148,2.52083030829611,0.90390357627815,20.32,0,0,573,0
82,60,71.7895759870148,2.52083030829611,0.90390357627815,21.13,0,0,364,0
82,60,71.7895759870148,2.52083030829611,0.90390357627815,23.25,0,0,383,0
83,60,73.704774609628,4.06108833512327,0.865846781671882,0,101,60000,0,1
83,60,73.704774609628,4.06108833512327,0.865846781671882,2.35,0,0,617,0
83,60,73.704774609628,4.06108833512327,0.865846781671882,12.66,0,0,412,0
83,60,73.704774609628,4.06108833512327,0.865846781671882,19.95,0,0,297,0
83,60,73.704774609628,4.06108833512327,0.865846781671882,22.22,0,0,245,0
84,60,51.3494296224676,4.54522912681052,0.613312238496335,0,101,60000,0,1
84,60,51.3494296224676,4.54522912681052,0.613312238496335,0.3,0,0,169,0
84,60,51.3494296224676,4.54522912681052,0.613312238496335,17.01,0,0,214,0
84,60,51.3494296224676,4.54522912681052,0.613312238496335,17.72,0,0,284,0
84,60,51.3494296224676,4.54522912681052,0.613312238496335,22.45,0,0,170,0
85,60,26.6950581655563,5.15712969337992,1.41991721981488,0,101,60000,0,1
85,60,26.6950581655563,5.15712969337992,1.41991721981488,5.71,0,0,712,0
85,60,26.6950581655563,5.15712969337992,1.41991721981488,8.74,0,0,366,0
85,60,26.6950581655563,5.15712969337992,1.41991721981488,15.03,0,0,176,0
85,60,26.6950581655563,5.15712969337992,1.41991721981488,18,0,0,85,0
86,60,82.648803981672,5.93480586781673,1.03220303476013,0,101,60000,0,1
86,60,82.648803981672,5.93480586781673,1.03220303476013,8.11,0,0,362,0
86,60,82.648803981672,5.93480586781673,1.03220303476013,12.24,0,0,328,0
86,60,82.648803981672,5.93480586781673,1.03220303476013,16.93,0,0,262,0
86,60,82.648803981672,5.93480586781673,1.03220303476013,20.43,0,0,220,0
87,60,86.9267338275737,3.98577518308234,0.983590410722128,0,101,60000,0,1
87,60,86.9267338275737,3.98577518308234,0.983590410722128,1.21,0,0,468,0
87,60,86.9267338275737,3.98577518308234,0.983590410722128,2.32,0,0,618,0
87,60,86.9267338275737,3.98577518308234,0.983590410722128,7.42,0,0,571,0
87,60,86.9267338275737,3.98577518308234,0.983590410722128,7.83,0,0,679,0
88,60,78.8410578778166,2.24061001656625,0.838783964469204,0,101,60000,0,1
88,60,78.8410578778166,2.24061001656625,0.838783964469204,1.68,0,0,435,0
88,60,78.8410578778166,2.24061001656625,0.838783964469204,6.42,0,0,717,0
88,60,78.8410578778166,2.24061001656625,0.838783964469204,8.84,0,0,490,0
88,60,78.8410578778166,2.24061001656625,0.838783964469204,23.74,0,0,365,0
89,60,79.3656231518825,5.22525494592384,1.16112196735337,0,101,60000,0,1
89,60,79.3656231518825,5.22525494592384,1.16112196735337,2.37,0,0,737,0
89,60,79.3656231518825,5.22525494592384,1.16112196735337,8.97,0,0,425,0
89,60,79.3656231518825,5.22525494592384,1.16112196735337,22.55,0,0,145,0
89,60,79.3656231518825,5.22525494592384,1.16112196735337,23.49,0,0,253,0
90,60,75.0449814122558,5.02392920134415,0.992996436855879,0,101,60000,0,1
90,60,75.0449814122558,5.02392920134415,0.992996436855879,7.13,0,0,399,0
90,60,75.0449814122558,5.02392920134415,0.992996436855879,11.07,0,0,485,0
90,60,75.0449814122558,5.02392920134415,0.992996436855879,19.96,0,0,292,0
90,60,75.0449814122558,5.02392920134415,0.992996436855879,21.47,0,0,222,0
91,120,69.254405298481,5.21347058266952,0.569425691620219,0,101,120000,0,1
91,120,69.254405298481,5.21347058266952,0.569425691620219,0.74,0,0,540,0
91,120,69.254405298481,5.21347058266952,0.569425691620219,4.11,0,0,1146,0
91,120,69.254405298481,5.21347058266952,0.569425691620219,5.06,0,0,1372,0
91,120,69.254405298481,5.21347058266952,0.569425691620219,12.83,0,0,717,0
92,120,92.362318798964,2.53536796641718,1.13098597431878,0,101,120000,0,1
92,120,92.362318798964,2.53536796641718,1.13098597431878,8.44,0,0,1032,0
92,120,92.362318798964,2.53536796641718,1.13098597431878,11.67,0,0,909,0
92,120,92.362318798964,2.53536796641718,1.13098597431878,18.7,0,0,865,0
92,120,92.362318798964,2.53536796641718,1.13098597431878,23.41,0,0,744,0
93,120,34.9066190322797,7.95735262978748,1.10532174449424,0,101,120000,0,1
93,120,34.9066190322797,7.95735262978748,1.10532174449424,3.57,0,0,1314,0
93,120,34.9066190322797,7.95735262978748,1.10532174449424,5.34,0,0,1212,0
93,120,34.9066190322797,7.95735262978748,1.10532174449424,19.73,0,0,45,0
93,120,34.9066190322797,7.95735262978748,1.10532174449424,22.58,0,0,21,0
94,120,95.2892588717567,5.51519518118418,1.18856022340986,0,101,120000,0,1
94,120,95.2892588717567,5.51519518118418,1.18856022340986,3.14,0,0,1164,0
94,120,95.2892588717567,5.51519518118418,1.18856022340986,4.78,0,0,951,0
94,120,95.2892588717567,5.51519518118418,1.18856022340986,5.12,0,0,962,0
94,120,95.2892588717567,5.51519518118418,1.18856022340986,23.7,0,0,293,0
95,120,63.0985594822142,5.29923755240508,0.923829748146605,0,101,120000,0,1
95,120,63.0985594822142,5.29923755240508,0.923829748146605,3.67,0,0,1287,0
95,120,63.0985594822142,5.29923755240508,0.923829748146605,4.91,0,0,1485,0
95,120,63.0985594822142,5.29923755240508,0.923829748146605,18.16,0,0,466,0
95,120,63.0985594822142,5.29923755240508,0.923829748146605,20.74,0,0,303,0
96,120,55.5589056423513,3.91106395058197,1.63170156149146,0,101,120000,0,1
96,120,55.5589056423513,3.91106395058197,1.63170156149146,5.97,0,0,1507,0
96,120,55.5589056423513,3.91106395058197,1.63170156149146,12.06,0,0,748,0
96,120,55.5589056423513,3.91106395058197,1.63170156149146,13.19,0,0,1052,0
96,120,55.5589056423513,3.91106395058197,1.63170156149146,15.71,0,0,732,0
97,120,48.6664362601896,3.97246980315168,0.852852960589828,0,101,120000,0,1
97,120,48.6664362601896,3.97246980315168,0.852852960589828,8.48,0,0,1214,0
97,120,48.6664362601896,3.97246980315168,0.852852960589828,12.98,0,0,713,0
97,120,48.6664362601896,3.97246980315168,0.852852960589828,14.57,0,0,639,0
97,120,48.6664362601896,3.97246980315168,0.852852960589828,23.57,0,0,292,0
98,120,78.7660615552897,3.69754479699741,0.969934494391362,0,101,120000,0,1
98,120,78.7660615552897,3.69754479699741,0.969934494391362,7.78,0,0,826,0
98,120,78.7660615552897,3.69754479699741,0.969934494391362,13.89,0,0,688,0
98,120,78.7660615552897,3.69754479699741,0.969934494391362,17.83,0,0,587,0
98,120,78.7660615552897,3.69754479699741,0.969934494391362,19.61,0,0,651,0
99,120,43.9230944098304,4.94312507600753,1.4359012863712,0,101,120000,0,1
99,120,43.9230944098304,4.94312507600753,1.4359012863712,0.64,0,0,2448,0
99,120,43.9230944098304,4.94312507600753,1.4359012863712,4.05,0,0,1724,0
99,120,43.9230944098304,4.94312507600753,1.4359012863712,14.74,0,0,705,0
99,120,43.9230944098304,4.94312507600753,1.4359012863712,16.29,0,0,419,0
100,120,83.2116561487525,2.16429540797527,1.6245604545355,0,101,120000,0,1
100,120,83.2116561487525,2.16429540797527,1.6245604545355,10.89,0,0,1469,0
100,120,83.2116561487525,2.16429540797527,1.6245604545355,18.66,0,0,1006,0
100,120,83.2116561487525,2.16429540797527,1.6245604545355,21.29,0,0,1203,0
100,120,83.2116561487525,2.16429540797527,1.6245604545355,23.57,0,0,550,0
101,120,67.8284022871615,3.49493235175707,0.58045509269395,0,101,120000,0,1
101,120,67.8284022871615,3.49493235175707,0.58045509269395,17.45,0,0,619,0
101,120,67.8284022871615,3.49493235175707,0.58045509269395,18.07,0,0,720,0
101,120,67.8284022871615,3.49493235175707,0.58045509269395,18.22,0,0,601,0
101,120,67.8284022871615,3.49493235175707,0.58045509269395,21.27,0,0,694,0
102,120,79.4962335320141,4.65332458411263,1.15294167650971,0,101,120000,0,1
102,120,79.4962335320141,4.65332458411263,1.15294167650971,1.79,0,0,1284,0
102,120,79.4962335320141,4.65332458411263,1.15294167650971,5.64,0,0,1160,0
102,120,79.4962335320141,4.65332458411263,1.15294167650971,14.3,0,0,521,0
102,120,79.4962335320141,4.65332458411263,1.15294167650971,15.57,0,0,746,0
103,120,82.2289132905216,3.06058596445391,1.0486905336947,0,101,120000,0,1
103,120,82.2289132905216,3.06058596445391,1.0486905336947,5.76,0,0,1307,0
103,120,82.2289132905216,3.06058596445391,1.0486905336947,7.06,0,0,1366,0
103,120,82.2289132905216,3.06058596445391,1.0486905336947,12.89,0,0,893,0
103,120,82.2289132905216,3.06058596445391,1.0486905336947,21.47,0,0,516,0
104,120,64.7497267342814,4.49096371137026,0.853722243954546,0,101,120000,0,1
104,120,64.7497267342814,4.49096371137026,0.853722243954546,1.1,0,0,1192,0
104,120,64.7497267342814,4.49096371137026,0.853722243954546,2.34,0,0,2021,0
104,120,64.7497267342814,4.49096371137026,0.853722243954546,3.46,0,0,1538,0
104,120,64.7497267342814,4.49096371137026,0.853722243954546,17.33,0,0,829,0
105,120,66.6794086628408,2.4642071938905,1.11848083598963,0,101,120000,0,1
105,120,66.6794086628408,2.4642071938905,1.11848083598963,1.39,0,0,1138,0
105,120,66.6794086628408,2.4642071938905,1.11848083598963,5.07,0,0,1067,0
105,120,66.6794086628408,2.4642071938905,1.11848083598963,7.62,0,0,1673,0
105,120,66.6794086628408,2.4642071938905,1.11848083598963,14.53,0,0,723,0
106,120,66.5062607633135,6.61670114013694,0.825374388253444,0,101,120000,0,1
106,120,66.5062607633135,6.61670114013694,0.825374388253444,3.41,0,0,1440,0
106,120,66.5062607633135,6.61670114013694,0.825374388253444,7.62,0,0,778,0
106,120,66.5062607633135,6.61670114013694,0.825374388253444,13.2,0,0,496,0
106,120,66.5062607633135,6.61670114013694,0.825374388253444,20.45,0,0,266,0
107,120,78.1131373290471,4.92080284925115,1.07770690495012,0,101,120000,0,1
107,120,78.1131373290471,4.92080284925115,1.07770690495012,6.98,0,0,1084,0
107,120,78.1131373290471,4.92080284925115,1.07770690495012,9.77,0,0,763,0
107,120,78.1131373290471,4.92080284925115,1.07770690495012,13.54,0,0,668,0
107,120,78.1131373290471,4.92080284925115,1.07770690495012,19.85,0,0,611,0
108,120,104.022047346946,2.9572408865429,1.27139823030345,0,101,120000,0,1
108,120,104.022047346946,2.9572408865429,1.27139823030345,1.94,0,0,1162,0
108,120,104.022047346946,2.9572408865429,1.27139823030345,4.86,0,0,865,0
108,120,104.022047346946,2.9572408865429,1.27139823030345,6.49,0,0,778,0
108,120,104.022047346946,2.9572408865429,1.27139823030345,9.45,0,0,837,0
109,120,84.1660642223112,3.07584759363951,0.905973537807387,0,101,120000,0,1
109,120,84.1660642223112,3.07584759363951,0.905973537807387,3.72,0,0,1099,0
109,120,84.1660642223112,3.07584759363951,0.905973537807387,6.17,0,0,1197,0
109,120,84.1660642223112,3.07584759363951,0.905973537807387,7.11,0,0,1176,0
109,120,84.1660642223112,3.07584759363951,0.905973537807387,8.28,0,0,1390,0
110,120,70.7621243440111,4.10285464602829,0.86062421997825,0,101,120000,0,1
110,120,70.7621243440111,4.10285464602829,0.86062421997825,6.91,0,0,1137,0
110,120,70.7621243440111,4.10285464602829,0.86062421997825,10.08,0,0,1163,0
110,120,70.7621243440111,4.10285464602829,0.86062421997825,15.04,0,0,745,0
110,120,70.7621243440111,4.10285464602829,0.86062421997825,20.8,0,0,480,0
111,120,96.0644892562068,6.44325041437492,0.992873595377548,0,101,120000,0,1
111,120,96.0644892562068,6.44325041437492,0.992873595377548,4.49,0,0,1172,0
111,120,96.0644892562068,6.44325041437492,0.992873595377548,19.73,0,0,397,0
111,120,96.0644892562068,6.44325041437492,0.992873595377548,21.49,0,0,282,0
111,120,96.0644892562068,6.44325041437492,0.992873595377548,22.62,0,0,330,0
112,120,49.8867478460719,3.28533314676877,1.37654831611588,0,101,120000,0,1
112,120,49.8867478460719,3.28533314676877,1.37654831611588,13.65,0,0,1111,0
112,120,49.8867478460719,3.28533314676877,1.37654831611588,14.46,0,0,984,0
112,120,49.8867478460719,3.28533314676877,1.37654831611588,17.39,0,0,695,0
112,120,49.8867478460719,3.28533314676877,1.37654831611588,19.88,0,0,538,0
113,120,36.6830904463336,2.41744538803653,0.782319782073999,0,101,120000,0,1
113,120,36.6830904463336,2.41744538803653,0.782319782073999,7.22,0,0,3095,0
113,120,36.6830904463336,2.41744538803653,0.782319782073999,16.77,0,0,1223,0
113,120,36.6830904463336,2.41744538803653,0.782319782073999,19.04,0,0,764,0
113,120,36.6830904463336,2.41744538803653,0.782319782073999,23.13,0,0,550,0
114,120,79.8605501890909,3.12993662952417,0.740491588502974,0,101,120000,0,1
114,120,79.8605501890909,3.12993662952417,0.740491588502974,12.86,0,0,748,0
114,120,79.8605501890909,3.12993662952417,0.740491588502974,12.9,0,0,692,0
114,120,79.8605501890909,3.12993662952417,0.740491588502974,14.62,0,0,768,0
114,120,79.8605501890909,3.12993662952417,0.740491588502974,15.56,0,0,645,0
115,120,60.55203622138,7.57097229078914,1.34699852404866,0,101,120000,0,1
115,120,60.55203622138,7.57097229078914,1.34699852404866,2.15,0,0,1433,0
115,120,60.55203622138,7.57097229078914,1.34699852404866,16.06,0,0,323,0
115,120,60.55203622138,7.57097229078914,1.34699852404866,16.99,0,0,233,0
115,120,60.55203622138,7.57097229078914,1.34699852404866,20.4,0,0,169,0
116,120,107.592385394015,4.98824107396483,0.830597685636826,0,101,120000,0,1
116,120,107.592385394015,4.98824107396483,0.830597685636826,4.13,0,0,888,0
116,120,107.592385394015,4.98824107396483,0.830597685636826,8.92,0,0,710,0
116,120,107.592385394015,4.98824107396483,0.830597685636826,9.14,0,0,787,0
116,120,107.592385394015,4.98824107396483,0.830597685636826,20.95,0,0,574,0
117,120,43.3609332671255,4.67234632712925,1.02822621532833,0,101,120000,0,1
117,120,43.3609332671255,4.67234632712925,1.02822621532833,10.8,0,0,1229,0
117,120,43.3609332671255,4.67234632712925,1.02822621532833,11.45,0,0,1125,0
117,120,43.3609332671255,4.67234632712925,1.02822621532833,12.98,0,0,928,0
117,120,43.3609332671255,4.67234632712925,1.02822621532833,14.3,0,0,609,0
118,120,43.3609332671255,4.67234632712925,1.02822621532833,0,101,120000,0,1
118,120,43.3609332671255,4.67234632712925,1.02822621532833,10.8,0,0,1229,0
118,120,43.3609332671255,4.67234632712925,1.02822621532833,11.45,0,0,1125,0
118,120,43.3609332671255,4.67234632712925,1.02822621532833,12.98,0,0,928,0
118,120,43.3609332671255,4.67234632712925,1.02822621532833,14.3,0,0,609,0
119,120,67.9554690514829,3.9494140807666,0.673127753606324,0,101,120000,0,1
119,120,67.9554690514829,3.9494140807666,0.673127753606324,0.29,0,0,231,0
119,120,67.9554690514829,3.9494140807666,0.673127753606324,4.66,0,0,1401,0
119,120,67.9554690514829,3.9494140807666,0.673127753606324,6.42,0,0,1207,0
119,120,67.9554690514829,3.9494140807666,0.673127753606324,23.84,0,0,521,0
120,120,93.2802366536653,4.64293002182808,0.760125559156999,0,101,120000,0,1
120,120,93.2802366536653,4.64293002182808,0.760125559156999,7.51,0,0,1022,0
120,120,93.2802366536653,4.64293002182808,0.760125559156999,9.6,0,0,678,0
120,120,93.2802366536653,4.64293002182808,0.760125559156999,14.81,0,0,459,0
120,120,93.2802366536653,4.64293002182808,0.760125559156999,18.13,0,0,500,0
