ID,DOSE,V,CL,KA,TIME,EVID,AMT,DV,EVIDNM
1,10,69.3831755447333,4.89555932277181,1.14685594058225,0,101,10000,0,1
1,10,69.3831755447333,4.89555932277181,1.14685594058225,0.7,0,0,76,0
1,10,69.3831755447333,4.89555932277181,1.14685594058225,11.93,0,0,69,0
1,10,69.3831755447333,4.89555932277181,1.14685594058225,13.16,0,0,41,0
1,10,69.3831755447333,4.89555932277181,1.14685594058225,14.75,0,0,44,0
2,10,93.3320130156794,6.13215389518517,1.09035716329523,0,101,10000,0,1
2,10,93.3320130156794,6.13215389518517,1.09035716329523,0.47,0,0,40,0
2,10,93.3320130156794,6.13215389518517,1.09035716329523,7.49,0,0,69,0
2,10,93.3320130156794,6.13215389518517,1.09035716329523,15.09,0,0,38,0
2,10,93.3320130156794,6.13215389518517,1.09035716329523,20.16,0,0,32,0
3,10,53.4769179244849,5.43243836134832,0.931574684386943,0,101,10000,0,1
3,10,53.4769179244849,5.43243836134832,0.931574684386943,5.98,0,0,96,0
3,10,53.4769179244849,5.43243836134832,0.931574684386943,10.42,0,0,71,0
3,10,53.4769179244849,5.43243836134832,0.931574684386943,13.51,0,0,44,0
3,10,53.4769179244849,5.43243836134832,0.931574684386943,14.32,0,0,48,0
4,10,38.3616749579099,2.85319659353931,1.0256726827554,0,101,10000,0,1
4,10,38.3616749579099,2.85319659353931,1.0256726827554,2.3,0,0,238,0
4,10,38.3616749579099,2.85319659353931,1.0256726827554,8.64,0,0,205,0
4,10,38.3616749579099,2.85319659353931,1.0256726827554,11.31,0,0,151,0
4,10,38.3616749579099,2.85319659353931,1.0256726827554,19.59,0,0,75,0
5,10,85.4024303011435,5.13831664409999,1.44800978251445,0,101,10000,0,1
5,10,85.4024303011435,5.13831664409999,1.44800978251445,6.96,0,0,88,0
5,10,85.4024303011435,5.13831664409999,1.44800978251445,13.32,0,0,40,0
5,10,85.4024303011435,5.13831664409999,1.44800978251445,14.34,0,0,42,0
5,10,85.4024303011435,5.13831664409999,1.44800978251445,16.72,0,0,45,0
6,10,50.7495370530876,4.12533668720652,0.580313163554747,0,101,10000,0,1
6,10,50.7495370530876,4.12533668720652,0.580313163554747,0.59,0,0,53,0
6,10,50.7495370530876,4.12533668720652,0.580313163554747,7.18,0,0,126,0
6,10,50.7495370530876,4.12533668720652,0.580313163554747,8.02,0,0,167,0
6,10,50.7495370530876,4.12533668720652,0.580313163554747,17.79,0,0,49,0
7,10,60.3384410798861,4.12990875869115,1.14629711733194,0,101,10000,0,1
7,10,60.3384410798861,4.12990875869115,1.14629711733194,5.02,0,0,101,0
7,10,60.3384410798861,4.12990875869115,1.14629711733194,15.6,0,0,62,0
7,10,60.3384410798861,4.12990875869115,1.14629711733194,21.88,0,0,39,0
7,10,60.3384410798861,4.12990875869115,1.14629711733194,23.25,0,0,39,0
8,10,69.8451340997641,4.66344034852372,1.07376896695174,0,101,10000,0,1
8,10,69.8451340997641,4.66344034852372,1.07376896695174,6.82,0,0,128,0
8,10,69.8451340997641,4.66344034852372,1.07376896695174,13.9,0,0,67,0
8,10,69.8451340997641,4.66344034852372,1.07376896695174,19.63,0,0,41,0
8,10,69.8451340997641,4.66344034852372,1.07376896695174,19.89,0,0,32,0
9,10,51.7072567681795,2.96667488767958,1.45829612036003,0,101,10000,0,1
9,10,51.7072567681795,2.96667488767958,1.45829612036003,3.08,0,0,155,0
9,10,51.7072567681795,2.96667488767958,1.45829612036003,6.62,0,0,125,0
9,10,51.7072567681795,2.96667488767958,1.45829612036003,14.34,0,0,82,0
9,10,51.7072567681795,2.96667488767958,1.45829612036003,17.94,0,0,58,0
10,10,66.0398342569952,3.700880432752,0.825937897866871,0,101,10000,0,1
10,10,66.0398342569952,3.700880432752,0.825937897866871,3.29,0,0,154,0
10,10,66.0398342569952,3.700880432752,0.825937897866871,3.67,0,0,132,0
10,10,66.0398342569952,3.700880432752,0.825937897866871,5.74,0,0,114,0
10,10,66.0398342569952,3.700880432752,0.825937897866871,19.62,0,0,57,0
11,10,76.5821505651045,3.98677623991633,1.32991692609782,0,101,10000,0,1
11,10,76.5821505651045,3.98677623991633,1.32991692609782,4.01,0,0,78,0
11,10,76.5821505651045,3.98677623991633,1.32991692609782,9.2,0,0,118,0
11,10,76.5821505651045,3.98677623991633,1.32991692609782,17.48,0,0,53,0
11,10,76.5821505651045,3.98677623991633,1.32991692609782,20.33,0,0,40,0
12,10,88.6601098323575,3.42534768528593,0.906504992929502,0,101,10000,0,1
12,10,88.6601098323575,3.42534768528593,0.906504992929502,3.63,0,0,107,0
12,10,88.6601098323575,3.42534768528593,0.906504992929502,6.93,0,0,92,0
12,10,88.6601098323575,3.42534768528593,0.906504992929502,11.79,0,0,79,0
12,10,88.6601098323575,3.42534768528593,0.906504992929502,22.34,0,0,46,0
13,10,67.7376059953509,6.11161529514434,1.36762908689757,0,101,10000,0,1
13,10,67.7376059953509,6.11161529514434,1.36762908689757,7.76,0,0,105,0
13,10,67.7376059953509,6.11161529514434,1.36762908689757,7.92,0,0,103,0
13,10,67.7376059953509,6.11161529514434,1.36762908689757,20.87,0,0,25,0
13,10,67.7376059953509,6.11161529514434,1.36762908689757,21.03,0,0,27,0
14,10,65.7307727256812,3.08267479130219,0.848496419742311,0,101,10000,0,1
14,10,65.7307727256812,3.08267479130219,0.848496419742311,5.15,0,0,78,0
14,10,65.7307727256812,3.08267479130219,0.848496419742311,7.01,0,0,99,0
14,10,65.7307727256812,3.08267479130219,0.848496419742311,18.75,0,0,66,0
14,10,65.7307727256812,3.08267479130219,0.848496419742311,23.57,0,0,49,0
15,10,104.206148874,3.21239817691608,0.987988463353977,0,101,10000,0,1
15,10,104.206148874,3.21239817691608,0.987988463353977,3.67,0,0,72,0
15,10,104.206148874,3.21239817691608,0.987988463353977,5.52,0,0,107,0
15,10,104.206148874,3.21239817691608,0.987988463353977,12.55,0,0,71,0
15,10,104.206148874,3.21239817691608,0.987988463353977,17.86,0,0,63,0
16,10,63.7060493229421,7.64197691029684,0.611842858013555,0,101,10000,0,1
16,10,63.7060493229421,7.64197691029684,0.611842858013555,1.22,0,0,81,0
16,10,63.7060493229421,7.64197691029684,0.611842858013555,9.82,0,0,39,0
16,10,63.7060493229421,7.64197691029684,0.611842858013555,14.12,0,0,30,0
16,10,63.7060493229421,7.64197691029684,0.611842858013555,18.78,0,0,18,0
17,10,100.191764131601,4.18532158791493,1.00415339633774,0,101,10000,0,1
17,10,100.191764131601,4.18532158791493,1.00415339633774,5.31,0,0,97,0
17,10,100.191764131601,4.18532158791493,1.00415339633774,6.66,0,0,72,0
17,10,100.191764131601,4.18532158791493,1.00415339633774,15.97,0,0,46,0
17,10,100.191764131601,4.18532158791493,1.00415339633774,19.89,0,0,41,0
18,10,73.8896788815097,4.15963796588682,0.867601883534767,0,101,10000,0,1
18,10,73.8896788815097,4.15963796588682,0.867601883534767,0.82,0,0,74,0
18,10,73.8896788815097,4.15963796588682,0.867601883534767,8.21,0,0,81,0
18,10,73.8896788815097,4.15963796588682,0.867601883534767,12.61,0,0,78,0
18,10,73.8896788815097,4.15963796588682,0.867601883534767,21.16,0,0,38,0
19,10,73.9568433215253,6.0178972277239,1.05170983478579,0,101,10000,0,1
19,10,73.9568433215253,6.0178972277239,1.05170983478579,10,0,0,90,0
19,10,73.9568433215253,6.0178972277239,1.05170983478579,10.16,0,0,71,0
19,10,73.9568433215253,6.0178972277239,1.05170983478579,15.77,0,0,37,0
19,10,73.9568433215253,6.0178972277239,1.05170983478579,20.27,0,0,22,0
20,10,121.377589836559,5.17741898799534,1.25613046156466,0,101,10000,0,1
20,10,121.377589836559,5.17741898799534,1.25613046156466,7.02,0,0,60,0
20,10,121.377589836559,5.17741898799534,1.25613046156466,8.34,0,0,42,0
20,10,121.377589836559,5.17741898799534,1.25613046156466,11.27,0,0,58,0
20,10,121.377589836559,5.17741898799534,1.25613046156466,13.38,0,0,44,0
21,10,118.621426168895,4.1084555573297,1.11706800418559,0,101,10000,0,1
21,10,118.621426168895,4.1084555573297,1.11706800418559,0.93,0,0,36,0
21,10,118.621426168895,4.1084555573297,1.11706800418559,2.24,0,0,83,0
21,10,118.621426168895,4.1084555573297,1.11706800418559,2.67,0,0,105,0
21,10,118.621426168895,4.1084555573297,1.11706800418559,12.59,0,0,73,0
22,10,83.5303007838252,2.38592207064005,0.796642932081584,0,101,10000,0,1
22,10,83.5303007838252,2.38592207064005,0.796642932081584,4.74,0,0,94,0
22,10,83.5303007838252,2.38592207064005,0.796642932081584,5.06,0,0,130,0
22,10,83.5303007838252,2.38592207064005,0.796642932081584,12.94,0,0,91,0
22,10,83.5303007838252,2.38592207064005,0.796642932081584,16.86,0,0,67,0
23,10,122.908053712641,4.40920015060596,0.984686672695427,0,101,10000,0,1
23,10,122.908053712641,4.40920015060596,0.984686672695427,5,0,0,61,0
23,10,122.908053712641,4.40920015060596,0.984686672695427,14.65,0,0,66,0
23,10,122.908053712641,4.40920015060596,0.984686672695427,19.42,0,0,44,0
23,10,122.908053712641,4.40920015060596,0.984686672695427,20.65,0,0,38,0
24,10,91.7039816551082,5.33926004383415,1.33704947429368,0,101,10000,0,1
24,10,91.7039816551082,5.33926004383415,1.33704947429368,8.11,0,0,73,0
24,10,91.7039816551082,5.33926004383415,1.33704947429368,12.24,0,0,54,0
24,10,91.7039816551082,5.33926004383415,1.33704947429368,17.07,0,0,37,0
24,10,91.7039816551082,5.33926004383415,1.33704947429368,22.73,0,0,27,0
25,10,108.593743037448,4.17335310596355,1.17356283219738,0,101,10000,0,1
25,10,108.593743037448,4.17335310596355,1.17356283219738,0.11,0,0,12,0
25,10,108.593743037448,4.17335310596355,1.17356283219738,4.86,0,0,77,0
25,10,108.593743037448,4.17335310596355,1.17356283219738,6.69,0,0,73,0
25,10,108.593743037448,4.17335310596355,1.17356283219738,14.2,0,0,51,0
26,10,86.3154107981617,4.85410621091019,2.05701526368226,0,101,10000,0,1
26,10,86.3154107981617,4.85410621091019,2.05701526368226,7.11,0,0,120,0
26,10,86.3154107981617,4.85410621091019,2.05701526368226,7.87,0,0,76,0
26,10,86.3154107981617,4.85410621091019,2.05701526368226,8.37,0,0,95,0
26,10,86.3154107981617,4.85410621091019,2.05701526368226,16.81,0,0,63,0
27,10,103.855456920491,2.97295089602627,0.807186720478035,0,101,10000,0,1
27,10,103.855456920491,2.97295089602627,0.807186720478035,0.76,0,0,43,0
27,10,103.855456920491,2.97295089602627,0.807186720478035,2.97,0,0,73,0
27,10,103.855456920491,2.97295089602627,0.807186720478035,5.43,0,0,92,0
27,10,103.855456920491,2.97295089602627,0.807186720478035,23.47,0,0,57,0
28,10,89.7489648107736,3.19054995795718,0.859525029034231,0,101,10000,0,1
28,10,89.7489648107736,3.19054995795718,0.859525029034231,9.29,0,0,108,0
28,10,89.7489648107736,3.19054995795718,0.859525029034231,20.63,0,0,64,0
28,10,89.7489648107736,3.19054995795718,0.859525029034231,20.74,0,0,57,0
28,10,89.7489648107736,3.19054995795718,0.859525029034231,21.84,0,0,55,0
29,10,77.2617247023961,3.00004509264098,1.54858013116473,0,101,10000,0,1
29,10,77.2617247023961,3.00004509264098,1.54858013116473,3.78,0,0,88,0
29,10,77.2617247023961,3.00004509264098,1.54858013116473,5.44,0,0,104,0
29,10,77.2617247023961,3.00004509264098,1.54858013116473,12.36,0,0,74,0
29,10,77.2617247023961,3.00004509264098,1.54858013116473,23.57,0,0,53,0
30,10,60.9874503275656,2.96396193865602,1.58531346214937,0,101,10000,0,1
30,10,60.9874503275656,2.96396193865602,1.58531346214937,2.3,0,0,132,0
30,10,60.9874503275656,2.96396193865602,1.58531346214937,10.21,0,0,80,0
30,10,60.9874503275656,2.96396193865602,1.58531346214937,13.64,0,0,46,0
30,10,60.9874503275656,2.96396193865602,1.58531346214937,17.22,0,0,53,0
31,30,64.2212148489599,4.34302514628718,1.06425746306348,0,101,30000,0,1
31,30,64.2212148489599,4.34302514628718,1.06425746306348,3.29,0,0,415,0
31,30,64.2212148489599,4.34302514628718,1.06425746306348,5.15,0,0,363,0
31,30,64.2212148489599,4.34302514628718,1.06425746306348,15.22,0,0,237,0
31,30,64.2212148489599,4.34302514628718,1.06425746306348,17.65,0,0,180,0
32,30,46.0295032212179,3.90173852825285,1.81126976595062,0,101,30000,0,1
32,30,46.0295032212179,3.90173852825285,1.81126976595062,6.92,0,0,443,0
32,30,46.0295032212179,3.90173852825285,1.81126976595062,9.16,0,0,274,0
32,30,46.0295032212179,3.90173852825285,1.81126976595062,13.7,0,0,196,0
32,30,46.0295032212179,3.90173852825285,1.81126976595062,16.33,0,0,139,0
33,30,68.1685532612528,2.89074987141778,0.59795292968959,0,101,30000,0,1
33,30,68.1685532612528,2.89074987141778,0.59795292968959,4.07,0,0,289,0
33,30,68.1685532612528,2.89074987141778,0.59795292968959,8.07,0,0,293,0
33,30,68.1685532612528,2.89074987141778,0.59795292968959,14.13,0,0,294,0
33,30,68.1685532612528,2.89074987141778,0.59795292968959,15.03,0,0,273,0
34,30,76.9980946981934,2.24986815209254,0.612696936818418,0,101,30000,0,1
34,30,76.9980946981934,2.24986815209254,0.612696936818418,5.34,0,0,404,0
34,30,76.9980946981934,2.24986815209254,0.612696936818418,8.98,0,0,342,0
34,30,76.9980946981934,2.24986815209254,0.612696936818418,10.34,0,0,298,0
34,30,76.9980946981934,2.24986815209254,0.612696936818418,10.77,0,0,314,0
35,30,69.0759637479191,4.5532812729422,0.767662114476421,0,101,30000,0,1
35,30,69.0759637479191,4.5532812729422,0.767662114476421,4.7,0,0,351,0
35,30,69.0759637479191,4.5532812729422,0.767662114476421,9.94,0,0,313,0
35,30,69.0759637479191,4.5532812729422,0.767662114476421,16.05,0,0,235,0
35,30,69.0759637479191,4.5532812729422,0.767662114476421,23.3,0,0,77,0
36,30,77.8459024181298,3.62644238710982,1.17860842607177,0,101,30000,0,1
36,30,77.8459024181298,3.62644238710982,1.17860842607177,1.45,0,0,330,0
36,30,77.8459024181298,3.62644238710982,1.17860842607177,11.28,0,0,253,0
36,30,77.8459024181298,3.62644238710982,1.17860842607177,14.45,0,0,243,0
36,30,77.8459024181298,3.62644238710982,1.17860842607177,14.51,0,0,179,0
37,30,68.6924548880272,5.34775060797525,0.976452577846792,0,101,30000,0,1
37,30,68.6924548880272,5.34775060797525,0.976452577846792,3.41,0,0,370,0
37,30,68.6924548880272,5.34775060797525,0.976452577846792,13.89,0,0,136,0
37,30,68.6924548880272,5.34775060797525,0.976452577846792,13.92,0,0,153,0
37,30,68.6924548880272,5.34775060797525,0.976452577846792,22.54,0,0,79,0
38,30,83.7958501987064,4.04880367710242,0.910030594247729,0,101,30000,0,1
38,30,83.7958501987064,4.04880367710242,0.910030594247729,1.82,0,0,360,0
38,30,83.7958501987064,4.04880367710242,0.910030594247729,2.62,0,0,266,0
38,30,83.7958501987064,4.04880367710242,0.910030594247729,5.67,0,0,273,0
38,30,83.7958501987064,4.04880367710242,0.910030594247729,22.3,0,0,119,0
39,30,62.5378969004122,4.36619768730921,0.59132215768688,0,101,30000,0,1
39,30,62.5378969004122,4.36619768730921,0.59132215768688,4.38,0,0,299,0
39,30,62.5378969004122,4.36619768730921,0.59132215768688,10.34,0,0,199,0
39,30,62.5378969004122,4.36619768730921,0.59132215768688,13.78,0,0,206,0
39,30,62.5378969004122,4.36619768730921,0.59132215768688,14.85,0,0,161,0
40,30,48.5660601611106,3.93522192756569,0.793530730878458,0,101,30000,0,1
40,30,48.5660601611106,3.93522192756569,0.793530730878458,1.16,0,0,299,0
40,30,48.5660601611106,3.93522192756569,0.793530730878458,10.77,0,0,298,0
40,30,48.5660601611106,3.93522192756569,0.793530730878458,15.05,0,0,242,0
40,30,48.5660601611106,3.93522192756569,0.793530730878458,23.88,0,0,70,0
41,30,78.7424151218706,5.01031673349896,1.13696704855169,0,101,30000,0,1
41,30,78.7424151218706,5.01031673349896,1.13696704855169,9.77,0,0,154,0
41,30,78.7424151218706,5.01031673349896,1.13696704855169,17.07,0,0,186,0
41,30,78.7424151218706,5.01031673349896,1.13696704855169,19.41,0,0,102,0
41,30,78.7424151218706,5.01031673349896,1.13696704855169,20.12,0,0,83,0
42,30,61.8898050140244,3.89278164993621,0.78218707167823,0,101,30000,0,1
42,30,61.8898050140244,3.89278164993621,0.78218707167823,13.26,0,0,300,0
42,30,61.8898050140244,3.89278164993621,0.78218707167823,14.41,0,0,315,0
42,30,61.8898050140244,3.89278164993621,0.78218707167823,17.52,0,0,164,0
42,30,61.8898050140244,3.89278164993621,0.78218707167823,23.51,0,0,137,0
43,30,100.98370785759,3.14166512270273,1.088336985915,0,101,30000,0,1
43,30,100.98370785759,3.14166512270273,1.088336985915,10.82,0,0,245,0
43,30,100.98370785759,3.14166512270273,1.088336985915,11.81,0,0,221,0
43,30,100.98370785759,3.14166512270273,1.088336985915,18.87,0,0,146,0
43,30,100.98370785759,3.14166512270273,1.088336985915,22.44,0,0,146,0
44,30,97.8131323023247,4.58757508183991,1.15199980272506,0,101,30000,0,1
44,30,97.8131323023247,4.58757508183991,1.15199980272506,1.89,0,0,280,0
44,30,97.8131323023247,4.58757508183991,1.15199980272506,3.77,0,0,253,0
44,30,97.8131323023247,4.58757508183991,1.15199980272506,21.27,0,0,96,0
44,30,97.8131323023247,4.58757508183991,1.15199980272506,21.37,0,0,147,0
45,30,78.9461444002238,3.55670742000071,1.18287326957722,0,101,30000,0,1
45,30,78.9461444002238,3.55670742000071,1.18287326957722,1.07,0,0,332,0
45,30,78.9461444002238,3.55670742000071,1.18287326957722,9.86,0,0,270,0
45,30,78.9461444002238,3.55670742000071,1.18287326957722,18.06,0,0,214,0
45,30,78.9461444002238,3.55670742000071,1.18287326957722,20.69,0,0,155,0
46,30,90.9324430736094,5.89659982787346,1.27686132093831,0,101,30000,0,1
46,30,90.9324430736094,5.89659982787346,1.27686132093831,3.5,0,0,253,0
46,30,90.9324430736094,5.89659982787346,1.27686132093831,6.58,0,0,179,0
46,30,90.9324430736094,5.89659982787346,1.27686132093831,11.66,0,0,210,0
46,30,90.9324430736094,5.89659982787346,1.27686132093831,21.65,0,0,94,0
47,30,128.184548364701,2.38680473644555,1.14238425501513,0,101,30000,0,1
47,30,128.184548364701,2.38680473644555,1.14238425501513,0.83,0,0,141,0
47,30,128.184548364701,2.38680473644555,1.14238425501513,13.12,0,0,262,0
47,30,128.184548364701,2.38680473644555,1.14238425501513,14.38,0,0,205,0
47,30,128.184548364701,2.38680473644555,1.14238425501513,17.33,0,0,153,0
48,30,41.1482286431023,4.40524063867738,1.62147466827617,0,101,30000,0,1
48,30,41.1482286431023,4.40524063867738,1.62147466827617,6.17,0,0,421,0
48,30,41.1482286431023,4.40524063867738,1.62147466827617,18.67,0,0,119,0
48,30,41.1482286431023,4.40524063867738,1.62147466827617,19.21,0,0,101,0
48,30,41.1482286431023,4.40524063867738,1.62147466827617,23.62,0,0,58,0
49,30,75.4788663635645,5.52945498665027,1.2774014746241,0,101,30000,0,1
49,30,75.4788663635645,5.52945498665027,1.2774014746241,4.28,0,0,337,0
49,30,75.4788663635645,5.52945498665027,1.2774014746241,4.91,0,0,296,0
49,30,75.4788663635645,5.52945498665027,1.2774014746241,8.14,0,0,284,0
49,30,75.4788663635645,5.52945498665027,1.2774014746241,20.44,0,0,77,0
50,30,50.0888043772793,4.37815987562543,0.921604839249327,0,101,30000,0,1
50,30,50.0888043772793,4.37815987562543,0.921604839249327,0.49,0,0,185,0
50,30,50.0888043772793,4.37815987562543,0.921604839249327,2.49,0,0,710,0
50,30,50.0888043772793,4.37815987562543,0.921604839249327,11.92,0,0,202,0
50,30,50.0888043772793,4.37815987562543,0.921604839249327,14.31,0,0,150,0
51,30,53.1275891957446,3.18105583913725,1.40828347331865,0,101,30000,0,1
51,30,53.1275891957446,3.18105583913725,1.40828347331865,7.89,0,0,291,0
51,30,53.1275891957446,3.18105583913725,1.40828347331865,8.83,0,0,352,0
51,30,53.1275891957446,3.18105583913725,1.40828347331865,15.38,0,0,159,0
51,30,53.1275891957446,3.18105583913725,1.40828347331865,23.19,0,0,131,0
52,30,98.0366471849604,3.45915940230356,1.40028512908268,0,101,30000,0,1
52,30,98.0366471849604,3.45915940230356,1.40028512908268,6.45,0,0,273,0
52,30,98.0366471849604,3.45915940230356,1.40028512908268,7.9,0,0,257,0
52,30,98.0366471849604,3.45915940230356,1.40028512908268,10.58,0,0,220,0
52,30,98.0366471849604,3.45915940230356,1.40028512908268,17.33,0,0,96,0
53,30,47.0761937634167,3.63134229115009,0.688925240641226,0,101,30000,0,1
53,30,47.0761937634167,3.63134229115009,0.688925240641226,0.24,0,0,104,0
53,30,47.0761937634167,3.63134229115009,0.688925240641226,13.47,0,0,283,0
53,30,47.0761937634167,3.63134229115009,0.688925240641226,16.12,0,0,221,0
53,30,47.0761937634167,3.63134229115009,0.688925240641226,16.91,0,0,246,0
54,30,62.8741606319516,3.83265339355728,1.49566690682231,0,101,30000,0,1
54,30,62.8741606319516,3.83265339355728,1.49566690682231,3.07,0,0,305,0
54,30,62.8741606319516,3.83265339355728,1.49566690682231,3.76,0,0,412,0
54,30,62.8741606319516,3.83265339355728,1.49566690682231,8.39,0,0,296,0
54,30,62.8741606319516,3.83265339355728,1.49566690682231,16.75,0,0,162,0
55,30,72.4923730817306,4.07330298226309,0.794723273010772,0,101,30000,0,1
55,30,72.4923730817306,4.07330298226309,0.794723273010772,4.66,0,0,465,0
55,30,72.4923730817306,4.07330298226309,0.794723273010772,11.35,0,0,260,0
55,30,72.4923730817306,4.07330298226309,0.794723273010772,17.76,0,0,147,0
55,30,72.4923730817306,4.07330298226309,0.794723273010772,19.54,0,0,110,0
56,30,61.6616286087872,4.01217249392725,0.841824037145074,0,101,30000,0,1
56,30,61.6616286087872,4.01217249392725,0.841824037145074,3.55,0,0,283,0
56,30,61.6616286087872,4.01217249392725,0.841824037145074,8.83,0,0,312,0
56,30,61.6616286087872,4.01217249392725,0.841824037145074,16.27,0,0,169,0
56,30,61.6616286087872,4.01217249392725,0.841824037145074,18.36,0,0,192,0
57,30,85.3377221959251,3.60423698722962,0.465076395941856,0,101,30000,0,1
57,30,85.3377221959251,3.60423698722962,0.465076395941856,3.55,0,0,286,0
57,30,85.3377221959251,3.60423698722962,0.465076395941856,4.82,0,0,255,0
57,30,85.3377221959251,3.60423698722962,0.465076395941856,14.42,0,0,237,0
57,30,85.3377221959251,3.60423698722962,0.465076395941856,15.02,0,0,291,0
58,30,78.7812196449751,6.11020779445871,1.87903580534566,0,101,30000,0,1
58,30,78.7812196449751,6.11020779445871,1.87903580534566,2.8,0,0,272,0
58,30,78.7812196449751,6.11020779445871,1.87903580534566,7.06,0,0,176,0
58,30,78.7812196449751,6.11020779445871,1.87903580534566,10.69,0,0,195,0
58,30,78.7812196449751,6.11020779445871,1.87903580534566,15.73,0,0,134,0
59,30,98.7231433106929,2.78818430636022,1.2714421834817,0,101,30000,0,1
59,30,98.7231433106929,2.78818430636022,1.2714421834817,7.27,0,0,266,0
59,30,98.7231433106929,2.78818430636022,1.2714421834817,8.63,0,0,189,0
59,30,98.7231433106929,2.78818430636022,1.2714421834817,11.69,0,0,190,0
59,30,98.7231433106929,2.78818430636022,1.2714421834817,20.72,0,0,180,0
60,30,71.9937896568779,5.6882202418088,1.20325961555053,0,101,30000,0,1
60,30,71.9937896568779,5.6882202418088,1.20325961555053,0.5,0,0,188,0
60,30,71.9937896568779,5.6882202418088,1.20325961555053,11.84,0,0,192,0
60,30,71.9937896568779,5.6882202418088,1.20325961555053,14.31,0,0,135,0
60,30,71.9937896568779,5.6882202418088,1.20325961555053,20.51,0,0,80,0
61,60,112.252399592617,4.55238259411894,0.769872694726249,0,101,60000,0,1
61,60,112.252399592617,4.55238259411894,0.769872694726249,5.69,0,0,238,0
61,60,112.252399592617,4.55238259411894,0.769872694726249,17.52,0,0,311,0
61,60,112.252399592617,4.55238259411894,0.769872694726249,21.15,0,0,236,0
61,60,112.252399592617,4.55238259411894,0.769872694726249,23.27,0,0,165,0
62,60,71.5234797431629,5.30098256174485,1.87531767523516,0,101,60000,0,1
62,60,71.5234797431629,5.30098256174485,1.87531767523516,2.23,0,0,770,0
62,60,71.5234797431629,5.30098256174485,1.87531767523516,9.75,0,0,445,0
62,60,71.5234797431629,5.30098256174485,1.87531767523516,10.22,0,0,593,0
62,60,71.5234797431629,5.30098256174485,1.87531767523516,15.42,0,0,163,0
63,60,54.7280022799318,5.43560645706695,1.29453987901698,0,101,60000,0,1
63,60,54.7280022799318,5.43560645706695,1.29453987901698,2.18,0,0,835,0
63,60,54.7280022799318,5.43560645706695,1.29453987901698,2.88,0,0,869,0
63,60,54.7280022799318,5.43560645706695,1.29453987901698,4.33,0,0,975,0
63,60,54.7280022799318,5.43560645706695,1.29453987901698,7.49,0,0,507,0
64,60,91.6692951504402,4.87293985349806,0.886593417201573,0,101,60000,0,1
64,60,91.6692951504402,4.87293985349806,0.886593417201573,10.79,0,0,380,0
64,60,91.6692951504402,4.87293985349806,0.886593417201573,13.79,0,0,348,0
64,60,91.6692951504402,4.87293985349806,0.886593417201573,14.28,0,0,298,0
64,60,91.6692951504402,4.87293985349806,0.886593417201573,14.29,0,0,287,0
65,60,37.5445503880228,4.1216316429869,1.14107852324971,0,101,60000,0,1
65,60,37.5445503880228,4.1216316429869,1.14107852324971,6.14,0,0,661,0
65,60,37.5445503880228,4.1216316429869,1.14107852324971,10.07,0,0,533,0
65,60,37.5445503880228,4.1216316429869,1.14107852324971,12.06,0,0,407,0
65,60,37.5445503880228,4.1216316429869,1.14107852324971,21.45,0,0,123,0
66,60,80.6450887916084,4.05872586370362,1.65389766905907,0,101,60000,0,1
66,60,80.6450887916084,4.05872586370362,1.65389766905907,7.77,0,0,533,0
66,60,80.6450887916084,4.05872586370362,1.65389766905907,8.71,0,0,434,0
66,60,80.6450887916084,4.05872586370362,1.65389766905907,11.1,0,0,397,0
66,60,80.6450887916084,4.05872586370362,1.65389766905907,20.63,0,0,309,0
67,60,68.724839791264,4.24456863243277,2.04623598238274,0,101,60000,0,1
67,60,68.724839791264,4.24456863243277,2.04623598238274,0.85,0,0,539,0
67,60,68.724839791264,4.24456863243277,2.04623598238274,18.92,0,0,289,0
67,60,68.724839791264,4.24456863243277,2.04623598238274,21.27,0,0,246,0
67,60,68.724839791264,4.24456863243277,2.04623598238274,22.44,0,0,265,0
68,60,62.4359916239257,2.43518367474219,0.626581482270849,0,101,60000,0,1
68,60,62.4359916239257,2.43518367474219,0.626581482270849,2.68,0,0,822,0
68,60,62.4359916239257,2.43518367474219,0.626581482270849,8.96,0,0,963,0
68,60,62.4359916239257,2.43518367474219,0.626581482270849,18.61,0,0,477,0
68,60,62.4359916239257,2.43518367474219,0.626581482270849,19.67,0,0,483,0
69,60,120.158863731639,3.32190754545106,1.59945364305408,0,101,60000,0,1
69,60,120.158863731639,3.32190754545106,1.59945364305408,1.96,0,0,311,0
69,60,120.158863731639,3.32190754545106,1.59945364305408,2.28,0,0,487,0
69,60,120.158863731639,3.32190754545106,1.59945364305408,16.13,0,0,337,0
69,60,120.158863731639,3.32190754545106,1.59945364305408,21.21,0,0,314,0
70,60,77.8780725740784,5.34447462489115,0.885343348763216,0,101,60000,0,1
70,60,77.8780725740784,5.34447462489115,0.885343348763216,2.95,0,0,770,0
70,60,77.8780725740784,5.34447462489115,0.885343348763216,5.23,0,0,594,0
70,60,77.8780725740784,5.34447462489115,0.885343348763216,16.28,0,0,326,0
70,60,77.8780725740784,5.34447462489115,0.885343348763216,22.78,0,0,186,0
71,60,70.2626250871368,3.26892485732504,1.09794192157734,0,101,60000,0,1
71,60,70.2626250871368,3.26892485732504,1.09794192157734,5.92,0,0,554,0
71,60,70.2626250871368,3.26892485732504,1.09794192157734,10.8,0,0,585,0
71,60,70.2626250871368,3.26892485732504,1.09794192157734,18.63,0,0,319,0
71,60,70.2626250871368,3.26892485732504,1.09794192157734,21.53,0,0,347,0
72,60,85.0171332658486,3.55917274941286,0.80022455673374,0,101,60000,0,1
72,60,85.0171332658486,3.55917274941286,0.80022455673374,8.57,0,0,685,0
72,60,85.0171332658486,3.55917274941286,0.80022455673374,13.93,0,0,427,0
72,60,85.0171332658486,3.55917274941286,0.80022455673374,16.2,0,0,629,0
72,60,85.0171332658486,3.55917274941286,0.80022455673374,17.73,0,0,297,0
73,60,108.255163554123,3.46597336660611,0.926017523527501,0,101,60000,0,1
73,60,108.255163554123,3.46597336660611,0.926017523527501,7.05,0,0,593,0
73,60,108.255163554123,3.46597336660611,0.926017523527501,11.45,0,0,454,0
73,60,108.255163554123,3.46597336660611,0.926017523527501,11.49,0,0,293,0
73,60,108.255163554123,3.46597336660611,0.926017523527501,16.47,0,0,244,0
74,60,74.4410533825235,4.26525593390731,1.27095200843766,0,101,60000,0,1
74,60,74.4410533825235,4.26525593390731,1.27095200843766,3.55,0,0,832,0
74,60,74.4410533825235,4.26525593390731,1.27095200843766,12.6,0,0,329,0
74,60,74.4410533825235,4.26525593390731,1.27095200843766,13.74,0,0,300,0
74,60,74.4410533825235,4.26525593390731,1.27095200843766,16.26,0,0,380,0
75,60,74.5919966472017,5.30902303336322,1.67091927454211,0,101,60000,0,1
75,60,74.5919966472017,5.30902303336322,1.67091927454211,0.76,0,0,457,0
75,60,74.5919966472017,5.30902303336322,1.67091927454211,7.79,0,0,371,0
75,60,74.5919966472017,5.30902303336322,1.67091927454211,8.57,0,0,463,0
75,60,74.5919966472017,5.30902303336322,1.67091927454211,23.28,0,0,189,0
76,60,91.5364211234584,2.35739092606825,0.74684325312229,0,101,60000,0,1
76,60,91.5364211234584,2.35739092606825,0.74684325312229,1.12,0,0,360,0
76,60,91.5364211234584,2.35739092606825,0.74684325312229,2.02,0,0,675,0
76,60,91.5364211234584,2.35739092606825,0.74684325312229,3.32,0,0,693,0
76,60,91.5364211234584,2.35739092606825,0.74684325312229,15.21,0,0,427,0
77,60,64.0558149709013,2.7361834739989,0.968645628660937,0,101,60000,0,1
77,60,64.0558149709013,2.7361834739989,0.968645628660937,10.32,0,0,774,0
77,60,64.0558149709013,2.7361834739989,0.968645628660937,10.36,0,0,559,0
77,60,64.0558149709013,2.7361834739989,0.968645628660937,20.9,0,0,346,0
77,60,64.0558149709013,2.7361834739989,0.968645628660937,21.73,0,0,497,0
78,60,56.5716379399855,3.82113795441439,0.727115284161275,0,101,60000,0,1
78,60,56.5716379399855,3.82113795441439,0.727115284161275,0.35,0,0,205,0
78,60,56.5716379399855,3.82113795441439,0.727115284161275,12.64,0,0,436,0
78,60,56.5716379399855,3.82113795441439,0.727115284161275,20.91,0,0,242,0
78,60,56.5716379399855,3.82113795441439,0.727115284161275,23.39,0,0,194,0
79,60,58.1997218390384,5.32871119658445,1.02012658090874,0,101,60000,0,1
79,60,58.1997218390384,5.32871119658445,1.02012658090874,15.79,0,0,333,0
79,60,58.1997218390384,5.32871119658445,1.02012658090874,16.96,0,0,252,0
79,60,58.1997218390384,5.32871119658445,1.02012658090874,20.75,0,0,166,0
79,60,58.1997218390384,5.32871119658445,1.02012658090874,21.56,0,0,129,0
80,60,65.4369202915649,6.7286036641101,0.761660745290546,0,101,60000,0,1
80,60,65.4369202915649,6.7286036641101,0.761660745290546,6.65,0,0,354,0
80,60,65.4369202915649,6.7286036641101,0.761660745290546,12.16,0,0,339,0
80,60,65.4369202915649,6.7286036641101,0.761660745290546,18.07,0,0,128,0
80,60,65.4369202915649,6.7286036641101,0.761660745290546,20.58,0,0,108,0
81,60,57.8347242876739,5.59924260920209,1.21118335179764,0,101,60000,0,1
81,60,57.8347242876739,5.59924260920209,1.21118335179764,15.19,0,0,185,0
81,60,57.8347242876739,5.59924260920209,1.21118335179764,17.68,0,0,278,0
81,60,57.8347242876739,5.59924260920209,1.21118335179764,19.89,0,0,137,0
81,60,57.8347242876739,5.59924260920209,1.21118335179764,21.36,0,0,178,0
82,60,55.7012750642282,8.47271282030447,0.914363517869107,0,101,60000,0,1
82,60,55.7012750642282,8.47271282030447,0.914363517869107,0.04,0,0,38,0
82,60,55.7012750642282,8.47271282030447,0.914363517869107,0.46,0,0,428,0
82,60,55.7012750642282,8.47271282030447,0.914363517869107,9.77,0,0,201,0
82,60,55.7012750642282,8.47271282030447,0.914363517869107,19.54,0,0,52,0
83,60,36.4873716451837,4.33940012534821,0.850469948921935,0,101,60000,0,1
83,60,36.4873716451837,4.33940012534821,0.850469948921935,6.91,0,0,686,0
83,60,36.4873716451837,4.33940012534821,0.850469948921935,11.51,0,0,330,0
83,60,36.4873716451837,4.33940012534821,0.850469948921935,19.67,0,0,206,0
83,60,36.4873716451837,4.33940012534821,0.850469948921935,23.41,0,0,116,0
84,60,82.8659643612309,5.32442242697721,0.554109327771944,0,101,60000,0,1
84,60,82.8659643612309,5.32442242697721,0.554109327771944,1.46,0,0,384,0
84,60,82.8659643612309,5.32442242697721,0.554109327771944,6.62,0,0,617,0
84,60,82.8659643612309,5.32442242697721,0.554109327771944,14.55,0,0,326,0
84,60,82.8659643612309,5.32442242697721,0.554109327771944,21.03,0,0,145,0
85,60,48.6942628263217,4.78441852206624,0.811163691505398,0,101,60000,0,1
85,60,48.6942628263217,4.78441852206624,0.811163691505398,9.05,0,0,488,0
85,60,48.6942628263217,4.78441852206624,0.811163691505398,11.73,0,0,362,0
85,60,48.6942628263217,4.78441852206624,0.811163691505398,21.32,0,0,161,0
85,60,48.6942628263217,4.78441852206624,0.811163691505398,23.93,0,0,157,0
86,60,103.262492733234,7.94243548102327,0.717722421456659,0,101,60000,0,1
86,60,103.262492733234,7.94243548102327,0.717722421456659,10.98,0,0,307,0
86,60,103.262492733234,7.94243548102327,0.717722421456659,12.85,0,0,199,0
86,60,103.262492733234,7.94243548102327,0.717722421456659,17.25,0,0,231,0
86,60,103.262492733234,7.94243548102327,0.717722421456659,21.83,0,0,131,0
87,60,92.9894226574437,5.89781779888446,0.853341310585701,0,101,60000,0,1
87,60,92.9894226574437,5.89781779888446,0.853341310585701,7.43,0,0,583,0
87,60,92.9894226574437,5.89781779888446,0.853341310585701,10.69,0,0,335,0
87,60,92.9894226574437,5.89781779888446,0.853341310585701,12.45,0,0,191,0
87,60,92.9894226574437,5.89781779888446,0.853341310585701,18.22,0,0,187,0
88,60,81.8416637256086,5.17997911851956,0.805547555154011,0,101,60000,0,1
88,60,81.8416637256086,5.17997911851956,0.805547555154011,2.93,0,0,709,0
88,60,81.8416637256086,5.17997911851956,0.805547555154011,6.55,0,0,543,0
88,60,81.8416637256086,5.17997911851956,0.805547555154011,14.59,0,0,291,0
88,60,81.8416637256086,5.17997911851956,0.805547555154011,14.73,0,0,322,0
89,60,63.9052649770523,2.25794537749102,0.98096486619442,0,101,60000,0,1
89,60,63.9052649770523,2.25794537749102,0.98096486619442,4.1,0,0,631,0
89,60,63.9052649770523,2.25794537749102,0.98096486619442,6.2,0,0,697,0
89,60,63.9052649770523,2.25794537749102,0.98096486619442,17.19,0,0,483,0
89,60,63.9052649770523,2.25794537749102,0.98096486619442,17.91,0,0,464,0
90,60,72.5032469079038,4.24800998013003,0.709656161267492,0,101,60000,0,1
90,60,72.5032469079038,4.24800998013003,0.709656161267492,7.49,0,0,828,0
90,60,72.5032469079038,4.24800998013003,0.709656161267492,12.03,0,0,559,0
90,60,72.5032469079038,4.24800998013003,0.709656161267492,13.87,0,0,458,0
90,60,72.5032469079038,4.24800998013003,0.709656161267492,21.13,0,0,273,0
91,120,102.012386679801,4.44347016667081,1.05824982187441,0,101,120000,0,1
91,120,102.012386679801,4.44347016667081,1.05824982187441,0.48,0,0,622,0
91,120,102.012386679801,4.44347016667081,1.05824982187441,3.43,0,0,1478,0
91,120,102.012386679801,4.44347016667081,1.05824982187441,14.23,0,0,735,0
91,120,102.012386679801,4.44347016667081,1.05824982187441,17.32,0,0,549,0
92,120,142.389219155497,6.22943690090733,1.14136794602148,0,101,120000,0,1
92,120,142.389219155497,6.22943690090733,1.14136794602148,4.03,0,0,562,0
92,120,142.389219155497,6.22943690090733,1.14136794602148,6.55,0,0,635,0
92,120,142.389219155497,6.22943690090733,1.14136794602148,6.67,0,0,760,0
92,120,142.389219155497,6.22943690090733,1.14136794602148,11.19,0,0,643,0
93,120,61.3964792749519,3.67333603594915,0.912221643810788,0,101,120000,0,1
93,120,61.3964792749519,3.67333603594915,0.912221643810788,1.15,0,0,951,0
93,120,61.3964792749519,3.67333603594915,0.912221643810788,10.67,0,0,966,0
93,120,61.3964792749519,3.67333603594915,0.912221643810788,16.52,0,0,1210,0
93,120,61.3964792749519,3.67333603594915,0.912221643810788,17.85,0,0,769,0
94,120,91.6483293835271,2.60541464299975,1.03220418932088,0,101,120000,0,1
94,120,91.6483293835271,2.60541464299975,1.03220418932088,2.86,0,0,953,0
94,120,91.6483293835271,2.60541464299975,1.03220418932088,13.46,0,0,977,0
94,120,91.6483293835271,2.60541464299975,1.03220418932088,14.96,0,0,1326,0
94,120,91.6483293835271,2.60541464299975,1.03220418932088,21.17,0,0,669,0
95,120,69.2477480183043,3.18455847058865,0.56346156206131,0,101,120000,0,1
95,120,69.2477480183043,3.18455847058865,0.56346156206131,1.73,0,0,857,0
95,120,69.2477480183043,3.18455847058865,0.56346156206131,15.46,0,0,1107,0
95,120,69.2477480183043,3.18455847058865,0.56346156206131,19,0,0,963,0
95,120,69.2477480183043,3.18455847058865,0.56346156206131,19.37,0,0,760,0
96,120,119.097258795473,4.36021308814508,1.16446702700535,0,101,120000,0,1
96,120,119.097258795473,4.36021308814508,1.16446702700535,1.15,0,0,881,0
96,120,119.097258795473,4.36021308814508,1.16446702700535,7.88,0,0,819,0
96,120,119.097258795473,4.36021308814508,1.16446702700535,10.84,0,0,687,0
96,120,119.097258795473,4.36021308814508,1.16446702700535,21.35,0,0,457,0
97,120,67.2054179426381,3.99682539761133,1.53728721079016,0,101,120000,0,1
97,120,67.2054179426381,3.99682539761133,1.53728721079016,3.79,0,0,983,0
97,120,67.2054179426381,3.99682539761133,1.53728721079016,16.05,0,0,836,0
97,120,67.2054179426381,3.99682539761133,1.53728721079016,16.9,0,0,686,0
97,120,67.2054179426381,3.99682539761133,1.53728721079016,18.73,0,0,739,0
98,120,110.004553165153,4.14964811012517,0.63927127078697,0,101,120000,0,1
98,120,110.004553165153,4.14964811012517,0.63927127078697,3.58,0,0,1095,0
98,120,110.004553165153,4.14964811012517,0.63927127078697,10.5,0,0,805,0
98,120,110.004553165153,4.14964811012517,0.63927127078697,17.17,0,0,387,0
98,120,110.004553165153,4.14964811012517,0.63927127078697,20.56,0,0,503,0
99,120,71.0192199293061,4.72293396545163,1.27611469716895,0,101,120000,0,1
99,120,71.0192199293061,4.72293396545163,1.27611469716895,0.21,0,0,419,0
99,120,71.0192199293061,4.72293396545163,1.27611469716895,1.34,0,0,1529,0
99,120,71.0192199293061,4.72293396545163,1.27611469716895,6.57,0,0,799,0
99,120,71.0192199293061,4.72293396545163,1.27611469716895,12.34,0,0,640,0
100,120,61.8891325786777,2.1411516678516,0.486682423188336,0,101,120000,0,1
100,120,61.8891325786777,2.1411516678516,0.486682423188336,1.44,0,0,1251,0
100,120,61.8891325786777,2.1411516678516,0.486682423188336,10.92,0,0,1314,0
100,120,61.8891325786777,2.1411516678516,0.486682423188336,13.88,0,0,1751,0
100,120,61.8891325786777,2.1411516678516,0.486682423188336,16.25,0,0,895,0
101,120,69.6754224232242,4.71726793345504,0.603010071970145,0,101,120000,0,1
101,120,69.6754224232242,4.71726793345504,0.603010071970145,5.33,0,0,1387,0
101,120,69.6754224232242,4.71726793345504,0.603010071970145,5.84,0,0,1359,0
101,120,69.6754224232242,4.71726793345504,0.603010071970145,8.44,0,0,814,0
101,120,69.6754224232242,4.71726793345504,0.603010071970145,16.37,0,0,628,0
102,120,59.8518392261478,1.75912371304737,0.952696512148147,0,101,120000,0,1
102,120,59.8518392261478,1.75912371304737,0.952696512148147,5.25,0,0,2199,0
102,120,59.8518392261478,1.75912371304737,0.952696512148147,9.66,0,0,1920,0
102,120,59.8518392261478,1.75912371304737,0.952696512148147,12.01,0,0,1208,0
102,120,59.8518392261478,1.75912371304737,0.952696512148147,14.33,0,0,1148,0
103,120,56.6928154331823,4.42815911516054,0.999179195167806,0,101,120000,0,1
103,120,56.6928154331823,4.42815911516054,0.999179195167806,3.85,0,0,1607,0
103,120,56.6928154331823,4.42815911516054,0.999179195167806,4.22,0,0,2404,0
103,120,56.6928154331823,4.42815911516054,0.999179195167806,6.95,0,0,1398,0
103,120,56.6928154331823,4.42815911516054,0.999179195167806,8.38,0,0,1827,0
104,120,89.6404686215464,2.45571154536694,1.01956828100174,0,101,120000,0,1
104,120,89.6404686215464,2.45571154536694,1.01956828100174,10.25,0,0,1286,0
104,120,89.6404686215464,2.45571154536694,1.01956828100174,11,0,0,1036,0
104,120,89.6404686215464,2.45571154536694,1.01956828100174,17.78,0,0,923,0
104,120,89.6404686215464,2.45571154536694,1.01956828100174,18,0,0,767,0
105,120,66.2734481157193,7.96769274174096,0.937708898927232,0,101,120000,0,1
105,120,66.2734481157193,7.96769274174096,0.937708898927232,7.21,0,0,1408,0
105,120,66.2734481157193,7.96769274174096,0.937708898927232,8.31,0,0,851,0
105,120,66.2734481157193,7.96769274174096,0.937708898927232,9.34,0,0,712,0
105,120,66.2734481157193,7.96769274174096,0.937708898927232,13.8,0,0,372,0
106,120,52.4391072632216,7.33855539310855,0.658592882412659,0,101,120000,0,1
106,120,52.4391072632216,7.33855539310855,0.658592882412659,1.3,0,0,1365,0
106,120,52.4391072632216,7.33855539310855,0.658592882412659,7.28,0,0,1157,0
106,120,52.4391072632216,7.33855539310855,0.658592882412659,9.09,0,0,1183,0
106,120,52.4391072632216,7.33855539310855,0.658592882412659,23.94,0,0,112,0
107,120,72.8570442724809,4.63246718677273,0.758653814978627,0,101,120000,0,1
107,120,72.8570442724809,4.63246718677273,0.758653814978627,1.74,0,0,809,0
107,120,72.8570442724809,4.63246718677273,0.758653814978627,11.65,0,0,736,0
107,120,72.8570442724809,4.63246718677273,0.758653814978627,13.18,0,0,939,0
107,120,72.8570442724809,4.63246718677273,0.758653814978627,17.57,0,0,621,0
108,120,77.042484626655,3.18425011535374,0.98942593482843,0,101,120000,0,1
108,120,77.042484626655,3.18425011535374,0.98942593482843,0.95,0,0,600,0
108,120,77.042484626655,3.18425011535374,0.98942593482843,8.28,0,0,1024,0
108,120,77.042484626655,3.18425011535374,0.98942593482843,13.89,0,0,1038,0
108,120,77.042484626655,3.18425011535374,0.98942593482843,21.25,0,0,677,0
109,120,70.9347524543345,3.22765763064806,1.57613029872015,0,101,120000,0,1
109,120,70.9347524543345,3.22765763064806,1.57613029872015,9.47,0,0,1572,0
109,120,70.9347524543345,3.22765763064806,1.57613029872015,12.62,0,0,1026,0
109,120,70.9347524543345,3.22765763064806,1.57613029872015,16.11,0,0,766,0
109,120,70.9347524543345,3.22765763064806,1.57613029872015,19.17,0,0,587,0
110,120,68.9510779334293,3.63286148933862,1.0364516347006,0,101,120000,0,1
110,120,68.9510779334293,3.63286148933862,1.0364516347006,3.59,0,0,1853,0
110,120,68.9510779334293,3.63286148933862,1.0364516347006,13.66,0,0,1057,0
110,120,68.9510779334293,3.63286148933862,1.0364516347006,21.81,0,0,357,0
110,120,68.9510779334293,3.63286148933862,1.0364516347006,22.89,0,0,403,0
111,120,63.5791205444627,2.40600815424587,1.41161592545832,0,101,120000,0,1
111,120,63.5791205444627,2.40600815424587,1.41161592545832,0.11,0,0,269,0
111,120,63.5791205444627,2.40600815424587,1.41161592545832,12.2,0,0,1306,0
111,120,63.5791205444627,2.40600815424587,1.41161592545832,17.1,0,0,1189,0
111,120,63.5791205444627,2.40600815424587,1.41161592545832,23.29,0,0,720,0
112,120,57.8111958363997,3.4070856015054,1.00007930877215,0,101,120000,0,1
112,120,57.8111958363997,3.4070856015054,1.00007930877215,0.25,0,0,535,0
112,120,57.8111958363997,3.4070856015054,1.00007930877215,0.69,0,0,847,0
112,120,57.8111958363997,3.4070856015054,1.00007930877215,11.34,0,0,1223,0
112,120,57.8111958363997,3.4070856015054,1.00007930877215,13.04,0,0,1328,0
113,120,75.20183216403,3.14679123135936,1.24441958633551,0,101,120000,0,1
113,120,75.20183216403,3.14679123135936,1.24441958633551,0.96,0,0,1062,0
113,120,75.20183216403,3.14679123135936,1.24441958633551,13.43,0,0,783,0
113,120,75.20183216403,3.14679123135936,1.24441958633551,21.03,0,0,647,0
113,120,75.20183216403,3.14679123135936,1.24441958633551,21.96,0,0,876,0
114,120,49.5400510224781,3.06232727208245,1.1634810114114,0,101,120000,0,1
114,120,49.5400510224781,3.06232727208245,1.1634810114114,4.2,0,0,2082,0
114,120,49.5400510224781,3.06232727208245,1.1634810114114,16.67,0,0,924,0
114,120,49.5400510224781,3.06232727208245,1.1634810114114,21.03,0,0,483,0
114,120,49.5400510224781,3.06232727208245,1.1634810114114,23.03,0,0,510,0
115,120,59.9774960883563,2.65502236579689,0.766476077065154,0,101,120000,0,1
115,120,59.9774960883563,2.65502236579689,0.766476077065154,5,0,0,1829,0
115,120,59.9774960883563,2.65502236579689,0.766476077065154,6.9,0,0,1466,0
115,120,59.9774960883563,2.65502236579689,0.766476077065154,9.25,0,0,1355,0
115,120,59.9774960883563,2.65502236579689,0.766476077065154,10.81,0,0,1796,0
116,120,91.516266935084,2.33894352223788,0.837861056419451,0,101,120000,0,1
116,120,91.516266935084,2.33894352223788,0.837861056419451,2.24,0,0,1176,0
116,120,91.516266935084,2.33894352223788,0.837861056419451,15.61,0,0,1308,0
116,120,91.516266935084,2.33894352223788,0.837861056419451,22.24,0,0,930,0
116,120,91.516266935084,2.33894352223788,0.837861056419451,23.14,0,0,651,0
117,120,62.8650476096604,3.31592281298169,1.29151320267099,0,101,120000,0,1
117,120,62.8650476096604,3.31592281298169,1.29151320267099,0.3,0,0,782,0
117,120,62.8650476096604,3.31592281298169,1.29151320267099,0.89,0,0,1187,0
117,120,62.8650476096604,3.31592281298169,1.29151320267099,2.32,0,0,2060,0
117,120,62.8650476096604,3.31592281298169,1.29151320267099,13.03,0,0,1294,0
118,120,39.1639292033736,4.84763544223048,0.916945376487335,0,101,120000,0,1
118,120,39.1639292033736,4.84763544223048,0.916945376487335,10.69,0,0,853,0
118,120,39.1639292033736,4.84763544223048,0.916945376487335,14.86,0,0,468,0
118,120,39.1639292033736,4.84763544223048,0.916945376487335,17.37,0,0,569,0
118,120,39.1639292033736,4.84763544223048,0.916945376487335,19.15,0,0,371,0
119,120,70.3769127744016,4.54798277238632,1.02473587671169,0,101,120000,0,1
119,120,70.3769127744016,4.54798277238632,1.02473587671169,7.57,0,0,1087,0
119,120,70.3769127744016,4.54798277238632,1.02473587671169,8.71,0,0,1447,0
119,120,70.3769127744016,4.54798277238632,1.02473587671169,16.85,0,0,448,0
119,120,70.3769127744016,4.54798277238632,1.02473587671169,18.54,0,0,574,0
120,120,63.5791205444627,2.40600815424587,1.41161592545832,0,101,120000,0,1
120,120,63.5791205444627,2.40600815424587,1.41161592545832,0.11,0,0,269,0
120,120,63.5791205444627,2.40600815424587,1.41161592545832,12.2,0,0,1306,0
120,120,63.5791205444627,2.40600815424587,1.41161592545832,17.1,0,0,1189,0
120,120,63.5791205444627,2.40600815424587,1.41161592545832,23.29,0,0,720,0
