ID,DOSE,V,CL,KA,TIME,EVID,AMT,DV,EVIDNM
1,10,87.4393691777066,3.84860791354759,1.19841942431384,0,101,10000,0,1
1,10,87.4393691777066,3.84860791354759,1.19841942431384,4.98,0,0,86,0
1,10,87.4393691777066,3.84860791354759,1.19841942431384,7.38,0,0,136,0
1,10,87.4393691777066,3.84860791354759,1.19841942431384,15.89,0,0,55,0
1,10,87.4393691777066,3.84860791354759,1.19841942431384,19.56,0,0,56,0
2,10,93.3320130156794,6.13215389518517,1.09035716329523,0,101,10000,0,1
2,10,93.3320130156794,6.13215389518517,1.09035716329523,0.47,0,0,40,0
2,10,93.3320130156794,6.13215389518517,1.09035716329523,7.49,0,0,69,0
2,10,93.3320130156794,6.13215389518517,1.09035716329523,15.09,0,0,38,0
2,10,93.3320130156794,6.13215389518517,1.09035716329523,20.16,0,0,32,0
3,10,75.9917910468274,3.03005018505305,1.23640030615078,0,101,10000,0,1
3,10,75.9917910468274,3.03005018505305,1.23640030615078,11.94,0,0,81,0
3,10,75.9917910468274,3.03005018505305,1.23640030615078,13.67,0,0,89,0
3,10,75.9917910468274,3.03005018505305,1.23640030615078,15.26,0,0,73,0
3,10,75.9917910468274,3.03005018505305,1.23640030615078,16.76,0,0,45,0
4,10,85.1629829932279,3.51310407222488,0.882837118902551,0,101,10000,0,1
4,10,85.1629829932279,3.51310407222488,0.882837118902551,3.3,0,0,95,0
4,10,85.1629829932279,3.51310407222488,0.882837118902551,13.64,0,0,70,0
4,10,85.1629829932279,3.51310407222488,0.882837118902551,14.79,0,0,87,0
4,10,85.1629829932279,3.51310407222488,0.882837118902551,20.89,0,0,88,0
5,10,78.2566379571154,4.76251787173966,0.943074076769544,0,101,10000,0,1
5,10,78.2566379571154,4.76251787173966,0.943074076769544,4.95,0,0,95,0
5,10,78.2566379571154,4.76251787173966,0.943074076769544,4.98,0,0,86,0
5,10,78.2566379571154,4.76251787173966,0.943074076769544,5.33,0,0,88,0
5,10,78.2566379571154,4.76251787173966,0.943074076769544,6.34,0,0,110,0
6,10,48.6353462751861,3.09749733022719,1.08850417092325,0,101,10000,0,1
6,10,48.6353462751861,3.09749733022719,1.08850417092325,7.46,0,0,130,0
6,10,48.6353462751861,3.09749733022719,1.08850417092325,11.91,0,0,71,0
6,10,48.6353462751861,3.09749733022719,1.08850417092325,14.55,0,0,113,0
6,10,48.6353462751861,3.09749733022719,1.08850417092325,14.98,0,0,104,0
7,10,79.7120287411374,2.86224611330361,1.33469745198765,0,101,10000,0,1
7,10,79.7120287411374,2.86224611330361,1.33469745198765,1.99,0,0,82,0
7,10,79.7120287411374,2.86224611330361,1.33469745198765,2.29,0,0,79,0
7,10,79.7120287411374,2.86224611330361,1.33469745198765,6.46,0,0,106,0
7,10,79.7120287411374,2.86224611330361,1.33469745198765,20.52,0,0,58,0
8,10,77.1398417431039,7.0268258963865,1.05412775141597,0,101,10000,0,1
8,10,77.1398417431039,7.0268258963865,1.05412775141597,0.38,0,0,47,0
8,10,77.1398417431039,7.0268258963865,1.05412775141597,13.13,0,0,39,0
8,10,77.1398417431039,7.0268258963865,1.05412775141597,16.85,0,0,30,0
8,10,77.1398417431039,7.0268258963865,1.05412775141597,21.3,0,0,23,0
9,10,58.9669677593296,4.81326449353585,0.767972543292418,0,101,10000,0,1
9,10,58.9669677593296,4.81326449353585,0.767972543292418,5.29,0,0,149,0
9,10,58.9669677593296,4.81326449353585,0.767972543292418,6.92,0,0,98,0
9,10,58.9669677593296,4.81326449353585,0.767972543292418,14.98,0,0,54,0
9,10,58.9669677593296,4.81326449353585,0.767972543292418,17.16,0,0,39,0
10,10,78.1383890873124,4.51683547598334,0.876141527509223,0,101,10000,0,1
10,10,78.1383890873124,4.51683547598334,0.876141527509223,1.08,0,0,59,0
10,10,78.1383890873124,4.51683547598334,0.876141527509223,19.86,0,0,43,0
10,10,78.1383890873124,4.51683547598334,0.876141527509223,20.17,0,0,29,0
10,10,78.1383890873124,4.51683547598334,0.876141527509223,20.35,0,0,51,0
11,10,64.2049000886263,3.46612567286835,1.25944633474861,0,101,10000,0,1
11,10,64.2049000886263,3.46612567286835,1.25944633474861,2.05,0,0,113,0
11,10,64.2049000886263,3.46612567286835,1.25944633474861,12.71,0,0,116,0
11,10,64.2049000886263,3.46612567286835,1.25944633474861,16.23,0,0,91,0
11,10,64.2049000886263,3.46612567286835,1.25944633474861,16.72,0,0,62,0
12,10,72.6390535765307,6.47259985835722,1.02964358431536,0,101,10000,0,1
12,10,72.6390535765307,6.47259985835722,1.02964358431536,1.47,0,0,84,0
12,10,72.6390535765307,6.47259985835722,1.02964358431536,14.03,0,0,37,0
12,10,72.6390535765307,6.47259985835722,1.02964358431536,15.43,0,0,45,0
12,10,72.6390535765307,6.47259985835722,1.02964358431536,18.61,0,0,34,0
13,10,59.8819435860411,3.11288673577847,0.568967487605066,0,101,10000,0,1
13,10,59.8819435860411,3.11288673577847,0.568967487605066,7.16,0,0,119,0
13,10,59.8819435860411,3.11288673577847,0.568967487605066,12.34,0,0,97,0
13,10,59.8819435860411,3.11288673577847,0.568967487605066,17.41,0,0,67,0
13,10,59.8819435860411,3.11288673577847,0.568967487605066,20.81,0,0,57,0
14,10,76.4004700094831,3.5529406514025,1.38083587301425,0,101,10000,0,1
14,10,76.4004700094831,3.5529406514025,1.38083587301425,13.77,0,0,64,0
14,10,76.4004700094831,3.5529406514025,1.38083587301425,13.9,0,0,69,0
14,10,76.4004700094831,3.5529406514025,1.38083587301425,17.12,0,0,68,0
14,10,76.4004700094831,3.5529406514025,1.38083587301425,19.2,0,0,43,0
15,10,102.189994086687,4.92450702433756,0.929509971125366,0,101,10000,0,1
15,10,102.189994086687,4.92450702433756,0.929509971125366,3.58,0,0,109,0
15,10,102.189994086687,4.92450702433756,0.929509971125366,9.88,0,0,64,0
15,10,102.189994086687,4.92450702433756,0.929509971125366,10.99,0,0,60,0
15,10,102.189994086687,4.92450702433756,0.929509971125366,20.35,0,0,47,0
16,10,88.2261888030412,3.4628540724976,1.08836034770144,0,101,10000,0,1
16,10,88.2261888030412,3.4628540724976,1.08836034770144,10.21,0,0,80,0
16,10,88.2261888030412,3.4628540724976,1.08836034770144,16.1,0,0,86,0
16,10,88.2261888030412,3.4628540724976,1.08836034770144,16.7,0,0,36,0
16,10,88.2261888030412,3.4628540724976,1.08836034770144,19.33,0,0,64,0
17,10,57.2856538266038,4.36332999759368,0.970431500033924,0,101,10000,0,1
17,10,57.2856538266038,4.36332999759368,0.970431500033924,9,0,0,126,0
17,10,57.2856538266038,4.36332999759368,0.970431500033924,12.3,0,0,61,0
17,10,57.2856538266038,4.36332999759368,0.970431500033924,13.65,0,0,57,0
17,10,57.2856538266038,4.36332999759368,0.970431500033924,23.42,0,0,33,0
18,10,61.935485502249,3.15013871206449,0.912269311096117,0,101,10000,0,1
18,10,61.935485502249,3.15013871206449,0.912269311096117,7.31,0,0,108,0
18,10,61.935485502249,3.15013871206449,0.912269311096117,11.46,0,0,118,0
18,10,61.935485502249,3.15013871206449,0.912269311096117,13.27,0,0,75,0
18,10,61.935485502249,3.15013871206449,0.912269311096117,19.46,0,0,82,0
19,10,102.669120609413,2.29266499236884,1.02478472634852,0,101,10000,0,1
19,10,102.669120609413,2.29266499236884,1.02478472634852,6.24,0,0,63,0
19,10,102.669120609413,2.29266499236884,1.02478472634852,15.02,0,0,85,0
19,10,102.669120609413,2.29266499236884,1.02478472634852,20.14,0,0,62,0
19,10,102.669120609413,2.29266499236884,1.02478472634852,21.57,0,0,73,0
20,10,59.823760980366,5.97593509737161,1.79459361662355,0,101,10000,0,1
20,10,59.823760980366,5.97593509737161,1.79459361662355,0.16,0,0,41,0
20,10,59.823760980366,5.97593509737161,1.79459361662355,11.45,0,0,41,0
20,10,59.823760980366,5.97593509737161,1.79459361662355,14.62,0,0,41,0
20,10,59.823760980366,5.97593509737161,1.79459361662355,20.57,0,0,13,0
21,10,48.1338248626838,2.48672160740762,1.06504610067955,0,101,10000,0,1
21,10,48.1338248626838,2.48672160740762,1.06504610067955,1.86,0,0,137,0
21,10,48.1338248626838,2.48672160740762,1.06504610067955,2.57,0,0,181,0
21,10,48.1338248626838,2.48672160740762,1.06504610067955,17.32,0,0,65,0
21,10,48.1338248626838,2.48672160740762,1.06504610067955,18.68,0,0,78,0
22,10,59.712441077942,5.24543389693044,1.54089574733791,0,101,10000,0,1
22,10,59.712441077942,5.24543389693044,1.54089574733791,4.73,0,0,103,0
22,10,59.712441077942,5.24543389693044,1.54089574733791,16.38,0,0,29,0
22,10,59.712441077942,5.24543389693044,1.54089574733791,17.96,0,0,38,0
22,10,59.712441077942,5.24543389693044,1.54089574733791,18.44,0,0,44,0
23,10,65.1913004497333,6.01085443031783,1.1501230642149,0,101,10000,0,1
23,10,65.1913004497333,6.01085443031783,1.1501230642149,1.52,0,0,125,0
23,10,65.1913004497333,6.01085443031783,1.1501230642149,8.2,0,0,49,0
23,10,65.1913004497333,6.01085443031783,1.1501230642149,9.28,0,0,94,0
23,10,65.1913004497333,6.01085443031783,1.1501230642149,15.13,0,0,63,0
24,10,46.5434890394916,2.57736024596039,0.785373243413299,0,101,10000,0,1
24,10,46.5434890394916,2.57736024596039,0.785373243413299,5.82,0,0,224,0
24,10,46.5434890394916,2.57736024596039,0.785373243413299,8.74,0,0,151,0
24,10,46.5434890394916,2.57736024596039,0.785373243413299,15.03,0,0,137,0
24,10,46.5434890394916,2.57736024596039,0.785373243413299,16.63,0,0,79,0
25,10,68.5334053599978,4.40841914896416,1.14153296235937,0,101,10000,0,1
25,10,68.5334053599978,4.40841914896416,1.14153296235937,4.15,0,0,138,0
25,10,68.5334053599978,4.40841914896416,1.14153296235937,13.41,0,0,63,0
25,10,68.5334053599978,4.40841914896416,1.14153296235937,17.32,0,0,48,0
25,10,68.5334053599978,4.40841914896416,1.14153296235937,19.14,0,0,62,0
26,10,74.3316950152499,2.44276918841926,0.773042499365385,0,101,10000,0,1
26,10,74.3316950152499,2.44276918841926,0.773042499365385,5.22,0,0,105,0
26,10,74.3316950152499,2.44276918841926,0.773042499365385,5.88,0,0,92,0
26,10,74.3316950152499,2.44276918841926,0.773042499365385,17.27,0,0,63,0
26,10,74.3316950152499,2.44276918841926,0.773042499365385,19.39,0,0,71,0
27,10,74.7297559262485,4.46584544774746,1.41155631960617,0,101,10000,0,1
27,10,74.7297559262485,4.46584544774746,1.41155631960617,3.84,0,0,108,0
27,10,74.7297559262485,4.46584544774746,1.41155631960617,6.21,0,0,80,0
27,10,74.7297559262485,4.46584544774746,1.41155631960617,14.7,0,0,65,0
27,10,74.7297559262485,4.46584544774746,1.41155631960617,23.35,0,0,33,0
28,10,99.3610091673285,5.45451882602154,1.60284259257457,0,101,10000,0,1
28,10,99.3610091673285,5.45451882602154,1.60284259257457,0.89,0,0,72,0
28,10,99.3610091673285,5.45451882602154,1.60284259257457,6.28,0,0,84,0
28,10,99.3610091673285,5.45451882602154,1.60284259257457,11.33,0,0,37,0
28,10,99.3610091673285,5.45451882602154,1.60284259257457,13.21,0,0,70,0
29,10,71.8918169180887,3.67793915450931,1.29714328213081,0,101,10000,0,1
29,10,71.8918169180887,3.67793915450931,1.29714328213081,0.36,0,0,59,0
29,10,71.8918169180887,3.67793915450931,1.29714328213081,5.35,0,0,101,0
29,10,71.8918169180887,3.67793915450931,1.29714328213081,11.15,0,0,66,0
29,10,71.8918169180887,3.67793915450931,1.29714328213081,16.73,0,0,70,0
30,10,110.035808980611,4.39338896139196,0.523486323436309,0,101,10000,0,1
30,10,110.035808980611,4.39338896139196,0.523486323436309,1.56,0,0,57,0
30,10,110.035808980611,4.39338896139196,0.523486323436309,10.7,0,0,43,0
30,10,110.035808980611,4.39338896139196,0.523486323436309,15.51,0,0,82,0
30,10,110.035808980611,4.39338896139196,0.523486323436309,20.81,0,0,38,0
31,30,50.2157735927531,3.62240669517773,0.985034773050684,0,101,30000,0,1
31,30,50.2157735927531,3.62240669517773,0.985034773050684,4,0,0,522,0
31,30,50.2157735927531,3.62240669517773,0.985034773050684,4.69,0,0,413,0
31,30,50.2157735927531,3.62240669517773,0.985034773050684,6.47,0,0,380,0
31,30,50.2157735927531,3.62240669517773,0.985034773050684,15.89,0,0,221,0
32,30,47.3219742807738,3.42971475280665,1.17083630327151,0,101,30000,0,1
32,30,47.3219742807738,3.42971475280665,1.17083630327151,8.38,0,0,317,0
32,30,47.3219742807738,3.42971475280665,1.17083630327151,13.52,0,0,330,0
32,30,47.3219742807738,3.42971475280665,1.17083630327151,14.39,0,0,330,0
32,30,47.3219742807738,3.42971475280665,1.17083630327151,20.7,0,0,151,0
33,30,74.6939065433454,3.43241944528372,0.911868178173482,0,101,30000,0,1
33,30,74.6939065433454,3.43241944528372,0.911868178173482,4.15,0,0,415,0
33,30,74.6939065433454,3.43241944528372,0.911868178173482,13.21,0,0,166,0
33,30,74.6939065433454,3.43241944528372,0.911868178173482,15.48,0,0,270,0
33,30,74.6939065433454,3.43241944528372,0.911868178173482,20.75,0,0,142,0
34,30,69.0173329466675,4.70735137790028,0.838428042002222,0,101,30000,0,1
34,30,69.0173329466675,4.70735137790028,0.838428042002222,3.86,0,0,378,0
34,30,69.0173329466675,4.70735137790028,0.838428042002222,14.38,0,0,152,0
34,30,69.0173329466675,4.70735137790028,0.838428042002222,16.02,0,0,180,0
34,30,69.0173329466675,4.70735137790028,0.838428042002222,20.57,0,0,150,0
35,30,74.5966105685043,5.52386949390506,0.575984148662865,0,101,30000,0,1
35,30,74.5966105685043,5.52386949390506,0.575984148662865,5.33,0,0,335,0
35,30,74.5966105685043,5.52386949390506,0.575984148662865,9.97,0,0,293,0
35,30,74.5966105685043,5.52386949390506,0.575984148662865,17.36,0,0,122,0
35,30,74.5966105685043,5.52386949390506,0.575984148662865,17.42,0,0,109,0
36,30,79.4518293458914,5.35128651118192,1.47351405506765,0,101,30000,0,1
36,30,79.4518293458914,5.35128651118192,1.47351405506765,0.4,0,0,148,0
36,30,79.4518293458914,5.35128651118192,1.47351405506765,1.68,0,0,351,0
36,30,79.4518293458914,5.35128651118192,1.47351405506765,8.18,0,0,213,0
36,30,79.4518293458914,5.35128651118192,1.47351405506765,21.6,0,0,175,0
37,30,82.7067114152235,6.11327226595178,1.10179141774956,0,101,30000,0,1
37,30,82.7067114152235,6.11327226595178,1.10179141774956,4.54,0,0,379,0
37,30,82.7067114152235,6.11327226595178,1.10179141774956,14.45,0,0,122,0
37,30,82.7067114152235,6.11327226595178,1.10179141774956,18.45,0,0,78,0
37,30,82.7067114152235,6.11327226595178,1.10179141774956,22.8,0,0,71,0
38,30,81.35899571212,3.82984101900955,0.61875605224364,0,101,30000,0,1
38,30,81.35899571212,3.82984101900955,0.61875605224364,1.9,0,0,234,0
38,30,81.35899571212,3.82984101900955,0.61875605224364,17.76,0,0,190,0
38,30,81.35899571212,3.82984101900955,0.61875605224364,22.9,0,0,157,0
38,30,81.35899571212,3.82984101900955,0.61875605224364,23.79,0,0,96,0
39,30,83.6886894690544,5.77189637985792,0.863318327581641,0,101,30000,0,1
39,30,83.6886894690544,5.77189637985792,0.863318327581641,12.42,0,0,175,0
39,30,83.6886894690544,5.77189637985792,0.863318327581641,20.81,0,0,88,0
39,30,83.6886894690544,5.77189637985792,0.863318327581641,23.52,0,0,77,0
39,30,83.6886894690544,5.77189637985792,0.863318327581641,23.7,0,0,83,0
40,30,86.0148644771575,5.85211087064572,0.883229362393908,0,101,30000,0,1
40,30,86.0148644771575,5.85211087064572,0.883229362393908,3.74,0,0,327,0
40,30,86.0148644771575,5.85211087064572,0.883229362393908,14.5,0,0,109,0
40,30,86.0148644771575,5.85211087064572,0.883229362393908,16.33,0,0,130,0
40,30,86.0148644771575,5.85211087064572,0.883229362393908,21.72,0,0,64,0
41,30,44.67380825302,2.90616110759569,1.15333238224996,0,101,30000,0,1
41,30,44.67380825302,2.90616110759569,1.15333238224996,8.27,0,0,422,0
41,30,44.67380825302,2.90616110759569,1.15333238224996,11.91,0,0,318,0
41,30,44.67380825302,2.90616110759569,1.15333238224996,17.24,0,0,284,0
41,30,44.67380825302,2.90616110759569,1.15333238224996,20.88,0,0,267,0
42,30,70.7262465193982,4.26400193002435,1.14102357103524,0,101,30000,0,1
42,30,70.7262465193982,4.26400193002435,1.14102357103524,18.63,0,0,125,0
42,30,70.7262465193982,4.26400193002435,1.14102357103524,18.78,0,0,135,0
42,30,70.7262465193982,4.26400193002435,1.14102357103524,19.81,0,0,133,0
42,30,70.7262465193982,4.26400193002435,1.14102357103524,23.01,0,0,71,0
43,30,55.7456746231845,2.7607982936075,1.26663043383992,0,101,30000,0,1
43,30,55.7456746231845,2.7607982936075,1.26663043383992,16.18,0,0,228,0
43,30,55.7456746231845,2.7607982936075,1.26663043383992,21.33,0,0,206,0
43,30,55.7456746231845,2.7607982936075,1.26663043383992,21.66,0,0,144,0
43,30,55.7456746231845,2.7607982936075,1.26663043383992,22.06,0,0,156,0
44,30,124.375472969179,4.13766622542408,0.988850815483261,0,101,30000,0,1
44,30,124.375472969179,4.13766622542408,0.988850815483261,9.73,0,0,173,0
44,30,124.375472969179,4.13766622542408,0.988850815483261,10.24,0,0,231,0
44,30,124.375472969179,4.13766622542408,0.988850815483261,19.51,0,0,126,0
44,30,124.375472969179,4.13766622542408,0.988850815483261,20.64,0,0,117,0
45,30,48.2787090307652,6.23170654771489,1.21320525869517,0,101,30000,0,1
45,30,48.2787090307652,6.23170654771489,1.21320525869517,2.54,0,0,625,0
45,30,48.2787090307652,6.23170654771489,1.21320525869517,13.79,0,0,119,0
45,30,48.2787090307652,6.23170654771489,1.21320525869517,16.13,0,0,105,0
45,30,48.2787090307652,6.23170654771489,1.21320525869517,21.75,0,0,49,0
46,30,76.8543778378424,3.03419670191434,1.4065837923278,0,101,30000,0,1
46,30,76.8543778378424,3.03419670191434,1.4065837923278,8.54,0,0,288,0
46,30,76.8543778378424,3.03419670191434,1.4065837923278,14.45,0,0,284,0
46,30,76.8543778378424,3.03419670191434,1.4065837923278,16.86,0,0,155,0
46,30,76.8543778378424,3.03419670191434,1.4065837923278,17.93,0,0,165,0
47,30,57.2155250777021,3.89998862664688,2.05626489794186,0,101,30000,0,1
47,30,57.2155250777021,3.89998862664688,2.05626489794186,4.76,0,0,366,0
47,30,57.2155250777021,3.89998862664688,2.05626489794186,6.24,0,0,338,0
47,30,57.2155250777021,3.89998862664688,2.05626489794186,20.56,0,0,170,0
47,30,57.2155250777021,3.89998862664688,2.05626489794186,23.68,0,0,101,0
48,30,60.0315576836343,6.51237549836169,0.884523629714763,0,101,30000,0,1
48,30,60.0315576836343,6.51237549836169,0.884523629714763,6.8,0,0,197,0
48,30,60.0315576836343,6.51237549836169,0.884523629714763,7.34,0,0,270,0
48,30,60.0315576836343,6.51237549836169,0.884523629714763,13.28,0,0,134,0
48,30,60.0315576836343,6.51237549836169,0.884523629714763,20.87,0,0,65,0
49,30,64.6780512671191,3.11240429342172,1.11296729183624,0,101,30000,0,1
49,30,64.6780512671191,3.11240429342172,1.11296729183624,19.84,0,0,192,0
49,30,64.6780512671191,3.11240429342172,1.11296729183624,21.65,0,0,188,0
49,30,64.6780512671191,3.11240429342172,1.11296729183624,22.3,0,0,220,0
49,30,64.6780512671191,3.11240429342172,1.11296729183624,23.18,0,0,192,0
50,30,113.66905283388,4.43485150946816,1.26928184071833,0,101,30000,0,1
50,30,113.66905283388,4.43485150946816,1.26928184071833,11.54,0,0,174,0
50,30,113.66905283388,4.43485150946816,1.26928184071833,14.47,0,0,169,0
50,30,113.66905283388,4.43485150946816,1.26928184071833,17.82,0,0,177,0
50,30,113.66905283388,4.43485150946816,1.26928184071833,18.2,0,0,115,0
51,30,46.6550221804791,3.73748710857078,1.1996659158485,0,101,30000,0,1
51,30,46.6550221804791,3.73748710857078,1.1996659158485,4.23,0,0,495,0
51,30,46.6550221804791,3.73748710857078,1.1996659158485,10.16,0,0,279,0
51,30,46.6550221804791,3.73748710857078,1.1996659158485,12.68,0,0,199,0
51,30,46.6550221804791,3.73748710857078,1.1996659158485,19.86,0,0,125,0
52,30,50.3561430004984,3.71341827847855,1.09955817316538,0,101,30000,0,1
52,30,50.3561430004984,3.71341827847855,1.09955817316538,2.92,0,0,672,0
52,30,50.3561430004984,3.71341827847855,1.09955817316538,6.13,0,0,397,0
52,30,50.3561430004984,3.71341827847855,1.09955817316538,8.04,0,0,414,0
52,30,50.3561430004984,3.71341827847855,1.09955817316538,17.42,0,0,180,0
53,30,111.210149537295,6.36947906470618,0.755081542661601,0,101,30000,0,1
53,30,111.210149537295,6.36947906470618,0.755081542661601,1.64,0,0,154,0
53,30,111.210149537295,6.36947906470618,0.755081542661601,2.83,0,0,260,0
53,30,111.210149537295,6.36947906470618,0.755081542661601,6.11,0,0,215,0
53,30,111.210149537295,6.36947906470618,0.755081542661601,15,0,0,108,0
54,30,76.6832719924669,3.87996742047569,0.784860213826379,0,101,30000,0,1
54,30,76.6832719924669,3.87996742047569,0.784860213826379,1.22,0,0,246,0
54,30,76.6832719924669,3.87996742047569,0.784860213826379,2.06,0,0,312,0
54,30,76.6832719924669,3.87996742047569,0.784860213826379,7.09,0,0,296,0
54,30,76.6832719924669,3.87996742047569,0.784860213826379,15.69,0,0,215,0
55,30,68.8010329527258,3.40271091233794,1.65758734016587,0,101,30000,0,1
55,30,68.8010329527258,3.40271091233794,1.65758734016587,2.14,0,0,354,0
55,30,68.8010329527258,3.40271091233794,1.65758734016587,8.07,0,0,260,0
55,30,68.8010329527258,3.40271091233794,1.65758734016587,15.98,0,0,174,0
55,30,68.8010329527258,3.40271091233794,1.65758734016587,20.48,0,0,149,0
56,30,76.7951226696462,4.73450478180466,1.21989412373063,0,101,30000,0,1
56,30,76.7951226696462,4.73450478180466,1.21989412373063,3.55,0,0,347,0
56,30,76.7951226696462,4.73450478180466,1.21989412373063,5.97,0,0,224,0
56,30,76.7951226696462,4.73450478180466,1.21989412373063,18.03,0,0,126,0
56,30,76.7951226696462,4.73450478180466,1.21989412373063,18.67,0,0,104,0
57,30,61.9501848292025,2.68257581848601,0.99770618592458,0,101,30000,0,1
57,30,61.9501848292025,2.68257581848601,0.99770618592458,5.77,0,0,352,0
57,30,61.9501848292025,2.68257581848601,0.99770618592458,6.55,0,0,362,0
57,30,61.9501848292025,2.68257581848601,0.99770618592458,8.53,0,0,396,0
57,30,61.9501848292025,2.68257581848601,0.99770618592458,13.63,0,0,283,0
58,30,91.6610972263321,3.69114991809778,1.45443979330663,0,101,30000,0,1
58,30,91.6610972263321,3.69114991809778,1.45443979330663,3.55,0,0,276,0
58,30,91.6610972263321,3.69114991809778,1.45443979330663,6.33,0,0,269,0
58,30,91.6610972263321,3.69114991809778,1.45443979330663,9.86,0,0,225,0
58,30,91.6610972263321,3.69114991809778,1.45443979330663,14.12,0,0,176,0
59,30,91.3053181816979,3.77252158380582,0.804444130334545,0,101,30000,0,1
59,30,91.3053181816979,3.77252158380582,0.804444130334545,2.8,0,0,175,0
59,30,91.3053181816979,3.77252158380582,0.804444130334545,4.8,0,0,273,0
59,30,91.3053181816979,3.77252158380582,0.804444130334545,7.37,0,0,240,0
59,30,91.3053181816979,3.77252158380582,0.804444130334545,10.61,0,0,155,0
60,30,87.2974133427463,4.9365108310293,1.23029335535138,0,101,30000,0,1
60,30,87.2974133427463,4.9365108310293,1.23029335535138,9.41,0,0,215,0
60,30,87.2974133427463,4.9365108310293,1.23029335535138,9.59,0,0,184,0
60,30,87.2974133427463,4.9365108310293,1.23029335535138,14.23,0,0,168,0
60,30,87.2974133427463,4.9365108310293,1.23029335535138,15.69,0,0,123,0
61,60,93.7778853979721,2.27906367946756,1.01600935650411,0,101,60000,0,1
61,60,93.7778853979721,2.27906367946756,1.01600935650411,0.07,0,0,35,0
61,60,93.7778853979721,2.27906367946756,1.01600935650411,9.55,0,0,457,0
61,60,93.7778853979721,2.27906367946756,1.01600935650411,11.94,0,0,530,0
61,60,93.7778853979721,2.27906367946756,1.01600935650411,16.28,0,0,537,0
62,60,83.3272827915373,3.99570888923359,1.02761802246203,0,101,60000,0,1
62,60,83.3272827915373,3.99570888923359,1.02761802246203,3.57,0,0,773,0
62,60,83.3272827915373,3.99570888923359,1.02761802246203,5.03,0,0,715,0
62,60,83.3272827915373,3.99570888923359,1.02761802246203,10.78,0,0,452,0
62,60,83.3272827915373,3.99570888923359,1.02761802246203,20.92,0,0,195,0
63,60,91.5155702542921,2.46480395763395,0.85107689873685,0,101,60000,0,1
63,60,91.5155702542921,2.46480395763395,0.85107689873685,4.14,0,0,562,0
63,60,91.5155702542921,2.46480395763395,0.85107689873685,5.22,0,0,662,0
63,60,91.5155702542921,2.46480395763395,0.85107689873685,16.82,0,0,311,0
63,60,91.5155702542921,2.46480395763395,0.85107689873685,21.69,0,0,349,0
64,60,126.450924894626,3.24622476387481,0.825444553478876,0,101,60000,0,1
64,60,126.450924894626,3.24622476387481,0.825444553478876,8.94,0,0,420,0
64,60,126.450924894626,3.24622476387481,0.825444553478876,12.07,0,0,484,0
64,60,126.450924894626,3.24622476387481,0.825444553478876,21.04,0,0,291,0
64,60,126.450924894626,3.24622476387481,0.825444553478876,21.09,0,0,349,0
65,60,101.90732104583,4.62057659597858,1.13346132625953,0,101,60000,0,1
65,60,101.90732104583,4.62057659597858,1.13346132625953,13.16,0,0,370,0
65,60,101.90732104583,4.62057659597858,1.13346132625953,13.46,0,0,358,0
65,60,101.90732104583,4.62057659597858,1.13346132625953,14.5,0,0,254,0
65,60,101.90732104583,4.62057659597858,1.13346132625953,17.73,0,0,236,0
66,60,56.1682054590228,4.1507841713755,0.743870316604348,0,101,60000,0,1
66,60,56.1682054590228,4.1507841713755,0.743870316604348,4.29,0,0,763,0
66,60,56.1682054590228,4.1507841713755,0.743870316604348,12.7,0,0,594,0
66,60,56.1682054590228,4.1507841713755,0.743870316604348,16.01,0,0,305,0
66,60,56.1682054590228,4.1507841713755,0.743870316604348,22.24,0,0,220,0
67,60,80.7251551487886,3.18129726739234,0.784333889747216,0,101,60000,0,1
67,60,80.7251551487886,3.18129726739234,0.784333889747216,0.91,0,0,346,0
67,60,80.7251551487886,3.18129726739234,0.784333889747216,5.24,0,0,845,0
67,60,80.7251551487886,3.18129726739234,0.784333889747216,11.35,0,0,519,0
67,60,80.7251551487886,3.18129726739234,0.784333889747216,18.88,0,0,406,0
68,60,51.3452175581905,3.50142134443207,0.8817312899063,0,101,60000,0,1
68,60,51.3452175581905,3.50142134443207,0.8817312899063,4.63,0,0,988,0
68,60,51.3452175581905,3.50142134443207,0.8817312899063,5.8,0,0,836,0
68,60,51.3452175581905,3.50142134443207,0.8817312899063,17.34,0,0,461,0
68,60,51.3452175581905,3.50142134443207,0.8817312899063,20.99,0,0,293,0
69,60,97.8106299261724,4.51083845061184,1.45585105510395,0,101,60000,0,1
69,60,97.8106299261724,4.51083845061184,1.45585105510395,7.74,0,0,378,0
69,60,97.8106299261724,4.51083845061184,1.45585105510395,14.63,0,0,238,0
69,60,97.8106299261724,4.51083845061184,1.45585105510395,20.98,0,0,219,0
69,60,97.8106299261724,4.51083845061184,1.45585105510395,22.63,0,0,226,0
70,60,94.6465492175927,3.69282763598951,0.983077147486479,0,101,60000,0,1
70,60,94.6465492175927,3.69282763598951,0.983077147486479,3.86,0,0,579,0
70,60,94.6465492175927,3.69282763598951,0.983077147486479,8.83,0,0,465,0
70,60,94.6465492175927,3.69282763598951,0.983077147486479,21.18,0,0,253,0
70,60,94.6465492175927,3.69282763598951,0.983077147486479,23.44,0,0,302,0
71,60,51.4760069681907,10.4152722197488,0.932748656653294,0,101,60000,0,1
71,60,51.4760069681907,10.4152722197488,0.932748656653294,1.79,0,0,828,0
71,60,51.4760069681907,10.4152722197488,0.932748656653294,12.48,0,0,72,0
71,60,51.4760069681907,10.4152722197488,0.932748656653294,20.07,0,0,24,0
71,60,51.4760069681907,10.4152722197488,0.932748656653294,21.63,0,0,18,0
72,60,53.7429476396895,3.94926597261061,0.711434647625339,0,101,60000,0,1
72,60,53.7429476396895,3.94926597261061,0.711434647625339,5,0,0,706,0
72,60,53.7429476396895,3.94926597261061,0.711434647625339,5.18,0,0,1003,0
72,60,53.7429476396895,3.94926597261061,0.711434647625339,18.02,0,0,411,0
72,60,53.7429476396895,3.94926597261061,0.711434647625339,21.02,0,0,370,0
73,60,48.431884493321,5.09856627404578,1.35101807287455,0,101,60000,0,1
73,60,48.431884493321,5.09856627404578,1.35101807287455,11.6,0,0,321,0
73,60,48.431884493321,5.09856627404578,1.35101807287455,11.83,0,0,229,0
73,60,48.431884493321,5.09856627404578,1.35101807287455,22.19,0,0,184,0
73,60,48.431884493321,5.09856627404578,1.35101807287455,23.9,0,0,156,0
74,60,83.5039314185027,4.04514961728301,1.48988377872949,0,101,60000,0,1
74,60,83.5039314185027,4.04514961728301,1.48988377872949,2.32,0,0,826,0
74,60,83.5039314185027,4.04514961728301,1.48988377872949,2.35,0,0,626,0
74,60,83.5039314185027,4.04514961728301,1.48988377872949,4.21,0,0,519,0
74,60,83.5039314185027,4.04514961728301,1.48988377872949,21.53,0,0,265,0
75,60,72.3815388849368,3.21487687516323,1.81200682460582,0,101,60000,0,1
75,60,72.3815388849368,3.21487687516323,1.81200682460582,5.17,0,0,867,0
75,60,72.3815388849368,3.21487687516323,1.81200682460582,16.59,0,0,410,0
75,60,72.3815388849368,3.21487687516323,1.81200682460582,17.48,0,0,395,0
75,60,72.3815388849368,3.21487687516323,1.81200682460582,20.73,0,0,258,0
76,60,62.3957745898336,4.03814805541563,1.10550988930066,0,101,60000,0,1
76,60,62.3957745898336,4.03814805541563,1.10550988930066,1.88,0,0,773,0
76,60,62.3957745898336,4.03814805541563,1.10550988930066,19.58,0,0,242,0
76,60,62.3957745898336,4.03814805541563,1.10550988930066,20,0,0,286,0
76,60,62.3957745898336,4.03814805541563,1.10550988930066,20.06,0,0,320,0
77,60,59.4327925223741,4.85235103740151,1.5348396485767,0,101,60000,0,1
77,60,59.4327925223741,4.85235103740151,1.5348396485767,3.84,0,0,920,0
77,60,59.4327925223741,4.85235103740151,1.5348396485767,7.26,0,0,468,0
77,60,59.4327925223741,4.85235103740151,1.5348396485767,11.25,0,0,464,0
77,60,59.4327925223741,4.85235103740151,1.5348396485767,22.29,0,0,206,0
78,60,55.9848394197227,3.40685778943455,1.14759374879673,0,101,60000,0,1
78,60,55.9848394197227,3.40685778943455,1.14759374879673,15.89,0,0,370,0
78,60,55.9848394197227,3.40685778943455,1.14759374879673,16.9,0,0,269,0
78,60,55.9848394197227,3.40685778943455,1.14759374879673,17.25,0,0,370,0
78,60,55.9848394197227,3.40685778943455,1.14759374879673,23.15,0,0,301,0
79,60,105.207373920857,4.4689422326831,0.99416617201128,0,101,60000,0,1
79,60,105.207373920857,4.4689422326831,0.99416617201128,4.12,0,0,430,0
79,60,105.207373920857,4.4689422326831,0.99416617201128,14.26,0,0,266,0
79,60,105.207373920857,4.4689422326831,0.99416617201128,18.03,0,0,317,0
79,60,105.207373920857,4.4689422326831,0.99416617201128,21.26,0,0,251,0
80,60,67.0576389604801,5.70789042399139,1.42413225694707,0,101,60000,0,1
80,60,67.0576389604801,5.70789042399139,1.42413225694707,2.63,0,0,515,0
80,60,67.0576389604801,5.70789042399139,1.42413225694707,17.4,0,0,180,0
80,60,67.0576389604801,5.70789042399139,1.42413225694707,20.76,0,0,176,0
80,60,67.0576389604801,5.70789042399139,1.42413225694707,23.77,0,0,165,0
81,60,63.3929893012808,7.49224741690351,0.949600630310101,0,101,60000,0,1
81,60,63.3929893012808,7.49224741690351,0.949600630310101,3.8,0,0,576,0
81,60,63.3929893012808,7.49224741690351,0.949600630310101,20.19,0,0,136,0
81,60,63.3929893012808,7.49224741690351,0.949600630310101,20.68,0,0,112,0
81,60,63.3929893012808,7.49224741690351,0.949600630310101,22.97,0,0,74,0
82,60,117.940942506117,5.8462905606554,1.12146012903789,0,101,60000,0,1
82,60,117.940942506117,5.8462905606554,1.12146012903789,8.3,0,0,448,0
82,60,117.940942506117,5.8462905606554,1.12146012903789,10.79,0,0,252,0
82,60,117.940942506117,5.8462905606554,1.12146012903789,18.92,0,0,253,0
82,60,117.940942506117,5.8462905606554,1.12146012903789,20.8,0,0,135,0
83,60,60.144810930096,3.35020284303099,0.87515601810508,0,101,60000,0,1
83,60,60.144810930096,3.35020284303099,0.87515601810508,3.8,0,0,773,0
83,60,60.144810930096,3.35020284303099,0.87515601810508,9.4,0,0,510,0
83,60,60.144810930096,3.35020284303099,0.87515601810508,17.31,0,0,399,0
83,60,60.144810930096,3.35020284303099,0.87515601810508,20.95,0,0,410,0
84,60,95.7718146496362,3.56803924087752,1.11770842839201,0,101,60000,0,1
84,60,95.7718146496362,3.56803924087752,1.11770842839201,12.15,0,0,400,0
84,60,95.7718146496362,3.56803924087752,1.11770842839201,13.92,0,0,322,0
84,60,95.7718146496362,3.56803924087752,1.11770842839201,22.74,0,0,297,0
84,60,95.7718146496362,3.56803924087752,1.11770842839201,23.18,0,0,329,0
85,60,90.4871987028451,2.47259490159128,1.14876024887723,0,101,60000,0,1
85,60,90.4871987028451,2.47259490159128,1.14876024887723,0.58,0,0,308,0
85,60,90.4871987028451,2.47259490159128,1.14876024887723,0.58,0,0,386,0
85,60,90.4871987028451,2.47259490159128,1.14876024887723,9.97,0,0,548,0
85,60,90.4871987028451,2.47259490159128,1.14876024887723,12.17,0,0,483,0
86,60,91.0747431718382,6.13328709432301,0.714839150982469,0,101,60000,0,1
86,60,91.0747431718382,6.13328709432301,0.714839150982469,1.82,0,0,362,0
86,60,91.0747431718382,6.13328709432301,0.714839150982469,3.86,0,0,616,0
86,60,91.0747431718382,6.13328709432301,0.714839150982469,11.93,0,0,363,0
86,60,91.0747431718382,6.13328709432301,0.714839150982469,16.74,0,0,245,0
87,60,151.788028777947,3.53429523660323,0.622029162723403,0,101,60000,0,1
87,60,151.788028777947,3.53429523660323,0.622029162723403,0.07,0,0,19,0
87,60,151.788028777947,3.53429523660323,0.622029162723403,1.07,0,0,167,0
87,60,151.788028777947,3.53429523660323,0.622029162723403,3.03,0,0,357,0
87,60,151.788028777947,3.53429523660323,0.622029162723403,4.75,0,0,356,0
88,60,76.7256973654531,2.93624272102462,0.84800127952056,0,101,60000,0,1
88,60,76.7256973654531,2.93624272102462,0.84800127952056,3,0,0,701,0
88,60,76.7256973654531,2.93624272102462,0.84800127952056,8.71,0,0,396,0
88,60,76.7256973654531,2.93624272102462,0.84800127952056,13.06,0,0,403,0
88,60,76.7256973654531,2.93624272102462,0.84800127952056,22.26,0,0,254,0
89,60,58.4859712754357,4.83921323114165,0.894000554698356,0,101,60000,0,1
89,60,58.4859712754357,4.83921323114165,0.894000554698356,0.41,0,0,331,0
89,60,58.4859712754357,4.83921323114165,0.894000554698356,2.62,0,0,699,0
89,60,58.4859712754357,4.83921323114165,0.894000554698356,11.41,0,0,392,0
89,60,58.4859712754357,4.83921323114165,0.894000554698356,16.24,0,0,279,0
90,60,96.2233730693164,6.66849143856462,1.28433100183882,0,101,60000,0,1
90,60,96.2233730693164,6.66849143856462,1.28433100183882,2.28,0,0,503,0
90,60,96.2233730693164,6.66849143856462,1.28433100183882,4.61,0,0,566,0
90,60,96.2233730693164,6.66849143856462,1.28433100183882,7.72,0,0,417,0
90,60,96.2233730693164,6.66849143856462,1.28433100183882,11.98,0,0,343,0
91,120,67.5077878346843,3.2141018630678,1.22059880584365,0,101,120000,0,1
91,120,67.5077878346843,3.2141018630678,1.22059880584365,3.08,0,0,1349,0
91,120,67.5077878346843,3.2141018630678,1.22059880584365,10.68,0,0,857,0
91,120,67.5077878346843,3.2141018630678,1.22059880584365,11.64,0,0,876,0
91,120,67.5077878346843,3.2141018630678,1.22059880584365,19.7,0,0,818,0
92,120,68.0232770305158,3.7758507528421,0.883028793298808,0,101,120000,0,1
92,120,68.0232770305158,3.7758507528421,0.883028793298808,6.53,0,0,1592,0
92,120,68.0232770305158,3.7758507528421,0.883028793298808,12.4,0,0,845,0
92,120,68.0232770305158,3.7758507528421,0.883028793298808,14.36,0,0,733,0
92,120,68.0232770305158,3.7758507528421,0.883028793298808,17.5,0,0,585,0
93,120,72.909185418373,2.16396130363746,0.681921065939283,0,101,120000,0,1
93,120,72.909185418373,2.16396130363746,0.681921065939283,1.16,0,0,754,0
93,120,72.909185418373,2.16396130363746,0.681921065939283,5.55,0,0,1232,0
93,120,72.909185418373,2.16396130363746,0.681921065939283,22.46,0,0,782,0
93,120,72.909185418373,2.16396130363746,0.681921065939283,22.94,0,0,1211,0
94,120,65.8010127465308,5.13488052322191,1.07134987009501,0,101,120000,0,1
94,120,65.8010127465308,5.13488052322191,1.07134987009501,3.85,0,0,1458,0
94,120,65.8010127465308,5.13488052322191,1.07134987009501,6.58,0,0,1083,0
94,120,65.8010127465308,5.13488052322191,1.07134987009501,9.69,0,0,995,0
94,120,65.8010127465308,5.13488052322191,1.07134987009501,18.41,0,0,616,0
95,120,89.9014346865569,3.25460833769987,1.22026299393797,0,101,120000,0,1
95,120,89.9014346865569,3.25460833769987,1.22026299393797,2.89,0,0,1365,0
95,120,89.9014346865569,3.25460833769987,1.22026299393797,9.94,0,0,716,0
95,120,89.9014346865569,3.25460833769987,1.22026299393797,13.61,0,0,692,0
95,120,89.9014346865569,3.25460833769987,1.22026299393797,23.36,0,0,750,0
96,120,113.356909919874,3.48981699695916,0.945333167446008,0,101,120000,0,1
96,120,113.356909919874,3.48981699695916,0.945333167446008,1.42,0,0,1075,0
96,120,113.356909919874,3.48981699695916,0.945333167446008,2.27,0,0,925,0
96,120,113.356909919874,3.48981699695916,0.945333167446008,14.26,0,0,499,0
96,120,113.356909919874,3.48981699695916,0.945333167446008,19.86,0,0,979,0
97,120,57.8219807294631,3.69723861026084,1.34421254009135,0,101,120000,0,1
97,120,57.8219807294631,3.69723861026084,1.34421254009135,3.08,0,0,1811,0
97,120,57.8219807294631,3.69723861026084,1.34421254009135,9.25,0,0,1218,0
97,120,57.8219807294631,3.69723861026084,1.34421254009135,14.5,0,0,590,0
97,120,57.8219807294631,3.69723861026084,1.34421254009135,16.55,0,0,764,0
98,120,71.5472425621613,3.26232983798663,1.10835602685807,0,101,120000,0,1
98,120,71.5472425621613,3.26232983798663,1.10835602685807,4.28,0,0,1513,0
98,120,71.5472425621613,3.26232983798663,1.10835602685807,6.98,0,0,1175,0
98,120,71.5472425621613,3.26232983798663,1.10835602685807,7.73,0,0,1452,0
98,120,71.5472425621613,3.26232983798663,1.10835602685807,23.02,0,0,623,0
99,120,82.8821972939845,6.64800812634655,1.14075918923654,0,101,120000,0,1
99,120,82.8821972939845,6.64800812634655,1.14075918923654,0.56,0,0,699,0
99,120,82.8821972939845,6.64800812634655,1.14075918923654,8.5,0,0,572,0
99,120,82.8821972939845,6.64800812634655,1.14075918923654,14.44,0,0,505,0
99,120,82.8821972939845,6.64800812634655,1.14075918923654,23.22,0,0,266,0
100,120,81.3219896525095,3.78218955263994,0.592763877226225,0,101,120000,0,1
100,120,81.3219896525095,3.78218955263994,0.592763877226225,0.23,0,0,205,0
100,120,81.3219896525095,3.78218955263994,0.592763877226225,1.12,0,0,437,0
100,120,81.3219896525095,3.78218955263994,0.592763877226225,9.74,0,0,962,0
100,120,81.3219896525095,3.78218955263994,0.592763877226225,16.75,0,0,909,0
101,120,73.0944664902615,2.3799720590587,1.05434721711778,0,101,120000,0,1
101,120,73.0944664902615,2.3799720590587,1.05434721711778,16.59,0,0,899,0
101,120,73.0944664902615,2.3799720590587,1.05434721711778,17.24,0,0,725,0
101,120,73.0944664902615,2.3799720590587,1.05434721711778,17.31,0,0,857,0
101,120,73.0944664902615,2.3799720590587,1.05434721711778,23.94,0,0,727,0
102,120,76.0924240762769,3.50933073954489,0.984918657042051,0,101,120000,0,1
102,120,76.0924240762769,3.50933073954489,0.984918657042051,16.51,0,0,650,0
102,120,76.0924240762769,3.50933073954489,0.984918657042051,17.48,0,0,1008,0
102,120,76.0924240762769,3.50933073954489,0.984918657042051,20.65,0,0,698,0
102,120,76.0924240762769,3.50933073954489,0.984918657042051,23.5,0,0,554,0
103,120,55.9313760393525,5.85120821210089,0.858961162781767,0,101,120000,0,1
103,120,55.9313760393525,5.85120821210089,0.858961162781767,1.26,0,0,1198,0
103,120,55.9313760393525,5.85120821210089,0.858961162781767,4.37,0,0,1208,0
103,120,55.9313760393525,5.85120821210089,0.858961162781767,16.57,0,0,422,0
103,120,55.9313760393525,5.85120821210089,0.858961162781767,18.67,0,0,351,0
104,120,119.046500418329,2.3385414007374,1.21700649028171,0,101,120000,0,1
104,120,119.046500418329,2.3385414007374,1.21700649028171,5.42,0,0,878,0
104,120,119.046500418329,2.3385414007374,1.21700649028171,10.88,0,0,1075,0
104,120,119.046500418329,2.3385414007374,1.21700649028171,13.4,0,0,898,0
104,120,119.046500418329,2.3385414007374,1.21700649028171,23.43,0,0,780,0
105,120,62.134984885556,4.53609210347109,0.775958902660485,0,101,120000,0,1
105,120,62.134984885556,4.53609210347109,0.775958902660485,3.47,0,0,1643,0
105,120,62.134984885556,4.53609210347109,0.775958902660485,4.77,0,0,1351,0
105,120,62.134984885556,4.53609210347109,0.775958902660485,6.97,0,0,1235,0
105,120,62.134984885556,4.53609210347109,0.775958902660485,20.86,0,0,555,0
106,120,42.7240728766137,4.0289409080403,1.19955665426292,0,101,120000,0,1
106,120,42.7240728766137,4.0289409080403,1.19955665426292,1.4,0,0,3030,0
106,120,42.7240728766137,4.0289409080403,1.19955665426292,15.95,0,0,797,0
106,120,42.7240728766137,4.0289409080403,1.19955665426292,19.81,0,0,416,0
106,120,42.7240728766137,4.0289409080403,1.19955665426292,20.57,0,0,628,0
107,120,63.1206295519896,3.94472213414803,0.904254154189383,0,101,120000,0,1
107,120,63.1206295519896,3.94472213414803,0.904254154189383,10.16,0,0,1008,0
107,120,63.1206295519896,3.94472213414803,0.904254154189383,11.22,0,0,1413,0
107,120,63.1206295519896,3.94472213414803,0.904254154189383,18.98,0,0,662,0
107,120,63.1206295519896,3.94472213414803,0.904254154189383,19.37,0,0,705,0
108,120,122.338176962235,3.61289055918062,0.868146486337839,0,101,120000,0,1
108,120,122.338176962235,3.61289055918062,0.868146486337839,10.29,0,0,1132,0
108,120,122.338176962235,3.61289055918062,0.868146486337839,16.1,0,0,763,0
108,120,122.338176962235,3.61289055918062,0.868146486337839,18.22,0,0,699,0
109,120,77.777954285345,2.89339882410843,1.31094845200933,0,101,120000,0,1
109,120,77.777954285345,2.89339882410843,1.31094845200933,12.44,0,0,1078,0
109,120,77.777954285345,2.89339882410843,1.31094845200933,13.28,0,0,1124,0
109,120,77.777954285345,2.89339882410843,1.31094845200933,22.6,0,0,657,0
109,120,77.777954285345,2.89339882410843,1.31094845200933,22.78,0,0,534,0
110,120,53.6918393359793,3.45590362032218,0.736877458316084,0,101,120000,0,1
110,120,53.6918393359793,3.45590362032218,0.736877458316084,4.89,0,0,1647,0
110,120,53.6918393359793,3.45590362032218,0.736877458316084,14.51,0,0,1105,0
110,120,53.6918393359793,3.45590362032218,0.736877458316084,18.88,0,0,503,0
110,120,53.6918393359793,3.45590362032218,0.736877458316084,23.64,0,0,611,0
111,120,61.8891325786777,2.1411516678516,0.486682423188336,0,101,120000,0,1
111,120,61.8891325786777,2.1411516678516,0.486682423188336,1.44,0,0,1251,0
111,120,61.8891325786777,2.1411516678516,0.486682423188336,10.92,0,0,1314,0
111,120,61.8891325786777,2.1411516678516,0.486682423188336,13.88,0,0,1751,0
111,120,61.8891325786777,2.1411516678516,0.486682423188336,16.25,0,0,895,0
112,120,66.776284629776,5.56945698351098,0.73302483974873,0,101,120000,0,1
112,120,66.776284629776,5.56945698351098,0.73302483974873,15.31,0,0,547,0
112,120,66.776284629776,5.56945698351098,0.73302483974873,21.56,0,0,381,0
112,120,66.776284629776,5.56945698351098,0.73302483974873,22.19,0,0,321,0
112,120,66.776284629776,5.56945698351098,0.73302483974873,22.2,0,0,226,0
113,120,100.83409725478,5.1810686354835,1.05233418491224,0,101,120000,0,1
113,120,100.83409725478,5.1810686354835,1.05233418491224,3.07,0,0,1330,0
113,120,100.83409725478,5.1810686354835,1.05233418491224,7.96,0,0,764,0
113,120,100.83409725478,5.1810686354835,1.05233418491224,13.84,0,0,643,0
113,120,100.83409725478,5.1810686354835,1.05233418491224,18.09,0,0,452,0
114,120,71.9564534100161,2.95149552995732,0.857189957316638,0,101,120000,0,1
114,120,71.9564534100161,2.95149552995732,0.857189957316638,10.24,0,0,1360,0
114,120,71.9564534100161,2.95149552995732,0.857189957316638,11.5,0,0,1649,0
114,120,71.9564534100161,2.95149552995732,0.857189957316638,12.28,0,0,774,0
114,120,71.9564534100161,2.95149552995732,0.857189957316638,21.31,0,0,748,0
115,120,71.9564534100161,2.95149552995732,0.857189957316638,0,101,120000,0,1
115,120,71.9564534100161,2.95149552995732,0.857189957316638,10.24,0,0,1360,0
115,120,71.9564534100161,2.95149552995732,0.857189957316638,11.5,0,0,1649,0
115,120,71.9564534100161,2.95149552995732,0.857189957316638,12.28,0,0,774,0
115,120,71.9564534100161,2.95149552995732,0.857189957316638,21.31,0,0,748,0
116,120,64.6091923316704,4.47877928599751,0.826587487839915,0,101,120000,0,1
116,120,64.6091923316704,4.47877928599751,0.826587487839915,7.97,0,0,860,0
116,120,64.6091923316704,4.47877928599751,0.826587487839915,11.77,0,0,1064,0
116,120,64.6091923316704,4.47877928599751,0.826587487839915,20.76,0,0,575,0
116,120,64.6091923316704,4.47877928599751,0.826587487839915,23.03,0,0,443,0
117,120,79.4722780917856,7.75215127190116,1.21405128106335,0,101,120000,0,1
117,120,79.4722780917856,7.75215127190116,1.21405128106335,5.94,0,0,791,0
117,120,79.4722780917856,7.75215127190116,1.21405128106335,11.61,0,0,683,0
117,120,79.4722780917856,7.75215127190116,1.21405128106335,16.88,0,0,266,0
117,120,79.4722780917856,7.75215127190116,1.21405128106335,21.03,0,0,233,0
118,120,62.8332485080482,4.22417348678222,0.93385672896152,0,101,120000,0,1
118,120,62.8332485080482,4.22417348678222,0.93385672896152,5.59,0,0,1313,0
118,120,62.8332485080482,4.22417348678222,0.93385672896152,9.49,0,0,1011,0
118,120,62.8332485080482,4.22417348678222,0.93385672896152,16.3,0,0,729,0
118,120,62.8332485080482,4.22417348678222,0.93385672896152,23.58,0,0,344,0
119,120,51.3995120878105,4.25621784233178,1.01505637188389,0,101,120000,0,1
119,120,51.3995120878105,4.25621784233178,1.01505637188389,2.52,0,0,2272,0
119,120,51.3995120878105,4.25621784233178,1.01505637188389,13.89,0,0,451,0
119,120,51.3995120878105,4.25621784233178,1.01505637188389,14.79,0,0,673,0
119,120,51.3995120878105,4.25621784233178,1.01505637188389,16.67,0,0,744,0
120,120,99.7940781342448,3.00823363246965,0.816483881336969,0,101,120000,0,1
120,120,99.7940781342448,3.00823363246965,0.816483881336969,2.65,0,0,900,0
120,120,99.7940781342448,3.00823363246965,0.816483881336969,5.61,0,0,951,0
120,120,99.7940781342448,3.00823363246965,0.816483881336969,7.32,0,0,893,0
120,120,99.7940781342448,3.00823363246965,0.816483881336969,7.62,0,0,811,0
