ID,DOSE,V,CL,KA,TIME,EVID,AMT,DV,EVIDNM
1,10,65.7486267656,3.30117036041763,0.737884177824007,0,101,10000,0,1
1,10,65.7486267656,3.30117036041763,0.737884177824007,8.56,0,0,144,0
1,10,65.7486267656,3.30117036041763,0.737884177824007,20.2,0,0,48,0
1,10,65.7486267656,3.30117036041763,0.737884177824007,20.24,0,0,57,0
1,10,65.7486267656,3.30117036041763,0.737884177824007,21.38,0,0,61,0
2,10,104.256675744151,1.99722049013595,0.894273617764159,0,101,10000,0,1
2,10,104.256675744151,1.99722049013595,0.894273617764159,3.86,0,0,91,0
2,10,104.256675744151,1.99722049013595,0.894273617764159,10.23,0,0,85,0
2,10,104.256675744151,1.99722049013595,0.894273617764159,16.32,0,0,95,0
2,10,104.256675744151,1.99722049013595,0.894273617764159,16.71,0,0,51,0
3,10,99.4797577960124,4.2144653549055,0.881756199834956,0,101,10000,0,1
3,10,99.4797577960124,4.2144653549055,0.881756199834956,3.47,0,0,106,0
3,10,99.4797577960124,4.2144653549055,0.881756199834956,5.79,0,0,116,0
3,10,99.4797577960124,4.2144653549055,0.881756199834956,7.74,0,0,66,0
3,10,99.4797577960124,4.2144653549055,0.881756199834956,8.27,0,0,81,0
4,10,38.1911871774562,2.43469663123373,1.47478654763732,0,101,10000,0,1
4,10,38.1911871774562,2.43469663123373,1.47478654763732,1.83,0,0,211,0
4,10,38.1911871774562,2.43469663123373,1.47478654763732,11.07,0,0,162,0
4,10,38.1911871774562,2.43469663123373,1.47478654763732,20.83,0,0,102,0
4,10,38.1911871774562,2.43469663123373,1.47478654763732,23.04,0,0,70,0
5,10,52.9560737717481,6.31625660050895,1.14226958640956,0,101,10000,0,1
5,10,52.9560737717481,6.31625660050895,1.14226958640956,3.73,0,0,113,0
5,10,52.9560737717481,6.31625660050895,1.14226958640956,4.27,0,0,134,0
5,10,52.9560737717481,6.31625660050895,1.14226958640956,7.99,0,0,69,0
5,10,52.9560737717481,6.31625660050895,1.14226958640956,12.87,0,0,55,0
6,10,59.9470041132029,2.74397842004091,0.857551223887885,0,101,10000,0,1
6,10,59.9470041132029,2.74397842004091,0.857551223887885,2.62,0,0,130,0
6,10,59.9470041132029,2.74397842004091,0.857551223887885,8.58,0,0,141,0
6,10,59.9470041132029,2.74397842004091,0.857551223887885,8.82,0,0,124,0
6,10,59.9470041132029,2.74397842004091,0.857551223887885,14.53,0,0,145,0
7,10,58.9985785895292,3.59206888388176,1.48308994526658,0,101,10000,0,1
7,10,58.9985785895292,3.59206888388176,1.48308994526658,4.51,0,0,101,0
7,10,58.9985785895292,3.59206888388176,1.48308994526658,7.09,0,0,105,0
7,10,58.9985785895292,3.59206888388176,1.48308994526658,9.78,0,0,90,0
7,10,58.9985785895292,3.59206888388176,1.48308994526658,20.41,0,0,59,0
8,10,58.3214203707742,2.84499053668735,1.23511978876763,0,101,10000,0,1
8,10,58.3214203707742,2.84499053668735,1.23511978876763,15.45,0,0,92,0
8,10,58.3214203707742,2.84499053668735,1.23511978876763,17.78,0,0,80,0
8,10,58.3214203707742,2.84499053668735,1.23511978876763,19.08,0,0,72,0
8,10,58.3214203707742,2.84499053668735,1.23511978876763,20.72,0,0,49,0
9,10,71.8918169180887,3.67793915450931,1.29714328213081,0,101,10000,0,1
9,10,71.8918169180887,3.67793915450931,1.29714328213081,0.36,0,0,59,0
9,10,71.8918169180887,3.67793915450931,1.29714328213081,5.35,0,0,101,0
9,10,71.8918169180887,3.67793915450931,1.29714328213081,11.15,0,0,66,0
9,10,71.8918169180887,3.67793915450931,1.29714328213081,16.73,0,0,70,0
10,10,81.3507696515776,2.38519218646451,1.00360368874496,0,101,10000,0,1
10,10,81.3507696515776,2.38519218646451,1.00360368874496,10.54,0,0,85,0
10,10,81.3507696515776,2.38519218646451,1.00360368874496,13.36,0,0,114,0
10,10,81.3507696515776,2.38519218646451,1.00360368874496,17.01,0,0,109,0
10,10,81.3507696515776,2.38519218646451,1.00360368874496,23.88,0,0,63,0
11,10,60.7730268510362,4.20490550147426,1.60293914603737,0,101,10000,0,1
11,10,60.7730268510362,4.20490550147426,1.60293914603737,8.3,0,0,129,0
11,10,60.7730268510362,4.20490550147426,1.60293914603737,9.51,0,0,62,0
11,10,60.7730268510362,4.20490550147426,1.60293914603737,9.99,0,0,89,0
11,10,60.7730268510362,4.20490550147426,1.60293914603737,21.08,0,0,38,0
12,10,149.672249035206,3.72997719108134,0.620359748569195,0,101,10000,0,1
12,10,149.672249035206,3.72997719108134,0.620359748569195,4.43,0,0,74,0
12,10,149.672249035206,3.72997719108134,0.620359748569195,14.77,0,0,43,0
12,10,149.672249035206,3.72997719108134,0.620359748569195,15.56,0,0,55,0
12,10,149.672249035206,3.72997719108134,0.620359748569195,23.67,0,0,40,0
13,10,39.5816644928632,4.29529041572402,2.13775984230601,0,101,10000,0,1
13,10,39.5816644928632,4.29529041572402,2.13775984230601,1.61,0,0,249,0
13,10,39.5816644928632,4.29529041572402,2.13775984230601,4.98,0,0,103,0
13,10,39.5816644928632,4.29529041572402,2.13775984230601,6.78,0,0,144,0
13,10,39.5816644928632,4.29529041572402,2.13775984230601,9.27,0,0,92,0
14,10,77.0010293428129,3.12378686202255,1.11316750708813,0,101,10000,0,1
14,10,77.0010293428129,3.12378686202255,1.11316750708813,1.99,0,0,136,0
14,10,77.0010293428129,3.12378686202255,1.11316750708813,2.57,0,0,144,0
14,10,77.0010293428129,3.12378686202255,1.11316750708813,10.3,0,0,108,0
14,10,77.0010293428129,3.12378686202255,1.11316750708813,18.54,0,0,60,0
15,10,65.8377388223958,2.88549891938308,0.793896569566045,0,101,10000,0,1
15,10,65.8377388223958,2.88549891938308,0.793896569566045,0.29,0,0,35,0
15,10,65.8377388223958,2.88549891938308,0.793896569566045,14.35,0,0,96,0
15,10,65.8377388223958,2.88549891938308,0.793896569566045,22.57,0,0,82,0
15,10,65.8377388223958,2.88549891938308,0.793896569566045,23.14,0,0,58,0
16,10,52.0607275214511,5.71373860481143,0.57805927662681,0,101,10000,0,1
16,10,52.0607275214511,5.71373860481143,0.57805927662681,3.5,0,0,168,0
16,10,52.0607275214511,5.71373860481143,0.57805927662681,19.79,0,0,27,0
16,10,52.0607275214511,5.71373860481143,0.57805927662681,19.94,0,0,29,0
16,10,52.0607275214511,5.71373860481143,0.57805927662681,20.62,0,0,25,0
17,10,65.6450237933416,3.97373766567979,1.42820819016546,0,101,10000,0,1
17,10,65.6450237933416,3.97373766567979,1.42820819016546,2.24,0,0,169,0
17,10,65.6450237933416,3.97373766567979,1.42820819016546,2.41,0,0,187,0
17,10,65.6450237933416,3.97373766567979,1.42820819016546,3.31,0,0,123,0
17,10,65.6450237933416,3.97373766567979,1.42820819016546,23.76,0,0,42,0
18,10,75.4215043106729,2.1856014943666,0.967469441956211,0,101,10000,0,1
18,10,75.4215043106729,2.1856014943666,0.967469441956211,1.35,0,0,118,0
18,10,75.4215043106729,2.1856014943666,0.967469441956211,4.4,0,0,115,0
18,10,75.4215043106729,2.1856014943666,0.967469441956211,6.03,0,0,102,0
18,10,75.4215043106729,2.1856014943666,0.967469441956211,21.69,0,0,53,0
19,10,102.283804154735,3.08746758990729,0.978862087954084,0,101,10000,0,1
19,10,102.283804154735,3.08746758990729,0.978862087954084,4.53,0,0,105,0
19,10,102.283804154735,3.08746758990729,0.978862087954084,4.53,0,0,86,0
19,10,102.283804154735,3.08746758990729,0.978862087954084,18.87,0,0,72,0
19,10,102.283804154735,3.08746758990729,0.978862087954084,21.09,0,0,54,0
20,10,79.6658364908324,3.43141760944867,0.993415894478269,0,101,10000,0,1
20,10,79.6658364908324,3.43141760944867,0.993415894478269,8.61,0,0,78,0
20,10,79.6658364908324,3.43141760944867,0.993415894478269,17.29,0,0,89,0
20,10,79.6658364908324,3.43141760944867,0.993415894478269,19.93,0,0,78,0
20,10,79.6658364908324,3.43141760944867,0.993415894478269,23.45,0,0,44,0
21,10,79.4329270613218,3.99002388778541,1.30781138750527,0,101,10000,0,1
21,10,79.4329270613218,3.99002388778541,1.30781138750527,0.43,0,0,51,0
21,10,79.4329270613218,3.99002388778541,1.30781138750527,5.2,0,0,101,0
21,10,79.4329270613218,3.99002388778541,1.30781138750527,11.77,0,0,67,0
21,10,79.4329270613218,3.99002388778541,1.30781138750527,21.9,0,0,45,0
22,10,152.108074203987,3.36942176327015,1.23970493885195,0,101,10000,0,1
22,10,152.108074203987,3.36942176327015,1.23970493885195,3.38,0,0,42,0
22,10,152.108074203987,3.36942176327015,1.23970493885195,11.36,0,0,55,0
22,10,152.108074203987,3.36942176327015,1.23970493885195,15.96,0,0,56,0
22,10,152.108074203987,3.36942176327015,1.23970493885195,21.44,0,0,48,0
23,10,71.0785478453323,6.00523710015924,0.903431113069117,0,101,10000,0,1
23,10,71.0785478453323,6.00523710015924,0.903431113069117,2.15,0,0,110,0
23,10,71.0785478453323,6.00523710015924,0.903431113069117,3.03,0,0,122,0
23,10,71.0785478453323,6.00523710015924,0.903431113069117,14.14,0,0,50,0
23,10,71.0785478453323,6.00523710015924,0.903431113069117,15.56,0,0,46,0
24,10,87.8957828024293,3.29285165207035,0.546846034936446,0,101,10000,0,1
24,10,87.8957828024293,3.29285165207035,0.546846034936446,10.55,0,0,74,0
24,10,87.8957828024293,3.29285165207035,0.546846034936446,13.12,0,0,97,0
24,10,87.8957828024293,3.29285165207035,0.546846034936446,18.27,0,0,65,0
24,10,87.8957828024293,3.29285165207035,0.546846034936446,22.4,0,0,50,0
25,10,69.2472577012693,3.24605401906073,0.729207406277732,0,101,10000,0,1
25,10,69.2472577012693,3.24605401906073,0.729207406277732,6.82,0,0,118,0
25,10,69.2472577012693,3.24605401906073,0.729207406277732,10.36,0,0,92,0
25,10,69.2472577012693,3.24605401906073,0.729207406277732,22.24,0,0,60,0
25,10,69.2472577012693,3.24605401906073,0.729207406277732,23.32,0,0,50,0
26,10,84.0534112135014,3.56817568123289,1.19632785544688,0,101,10000,0,1
26,10,84.0534112135014,3.56817568123289,1.19632785544688,1.16,0,0,64,0
26,10,84.0534112135014,3.56817568123289,1.19632785544688,2.01,0,0,86,0
26,10,84.0534112135014,3.56817568123289,1.19632785544688,2.1,0,0,109,0
26,10,84.0534112135014,3.56817568123289,1.19632785544688,13.55,0,0,86,0
27,10,94.647150204571,2.77968778592609,0.607924637415573,0,101,10000,0,1
27,10,94.647150204571,2.77968778592609,0.607924637415573,8.5,0,0,88,0
27,10,94.647150204571,2.77968778592609,0.607924637415573,14.48,0,0,55,0
27,10,94.647150204571,2.77968778592609,0.607924637415573,14.9,0,0,52,0
27,10,94.647150204571,2.77968778592609,0.607924637415573,17.39,0,0,92,0
28,10,70.5128217282155,3.79942340021881,0.933165907066755,0,101,10000,0,1
28,10,70.5128217282155,3.79942340021881,0.933165907066755,2.11,0,0,121,0
28,10,70.5128217282155,3.79942340021881,0.933165907066755,12.31,0,0,74,0
28,10,70.5128217282155,3.79942340021881,0.933165907066755,22.56,0,0,38,0
28,10,70.5128217282155,3.79942340021881,0.933165907066755,22.57,0,0,46,0
29,10,66.6625983618385,4.59212017997588,0.648520903322017,0,101,10000,0,1
29,10,66.6625983618385,4.59212017997588,0.648520903322017,0.14,0,0,13,0
29,10,66.6625983618385,4.59212017997588,0.648520903322017,11.52,0,0,96,0
29,10,66.6625983618385,4.59212017997588,0.648520903322017,13.95,0,0,60,0
29,10,66.6625983618385,4.59212017997588,0.648520903322017,22.85,0,0,42,0
30,10,93.3352831657242,2.11616443024212,1.32661468318504,0,101,10000,0,1
30,10,93.3352831657242,2.11616443024212,1.32661468318504,3.59,0,0,116,0
30,10,93.3352831657242,2.11616443024212,1.32661468318504,7.17,0,0,111,0
30,10,93.3352831657242,2.11616443024212,1.32661468318504,12.64,0,0,73,0
30,10,93.3352831657242,2.11616443024212,1.32661468318504,19.06,0,0,72,0
31,30,51.0016386129572,3.01047303234109,0.958744715365423,0,101,30000,0,1
31,30,51.0016386129572,3.01047303234109,0.958744715365423,0.42,0,0,182,0
31,30,51.0016386129572,3.01047303234109,0.958744715365423,2.33,0,0,535,0
31,30,51.0016386129572,3.01047303234109,0.958744715365423,5.85,0,0,539,0
31,30,51.0016386129572,3.01047303234109,0.958744715365423,17.49,0,0,254,0
32,30,44.6167747091645,4.0604190540787,0.774271597818167,0,101,30000,0,1
32,30,44.6167747091645,4.0604190540787,0.774271597818167,1.17,0,0,479,0
32,30,44.6167747091645,4.0604190540787,0.774271597818167,9.39,0,0,343,0
32,30,44.6167747091645,4.0604190540787,0.774271597818167,19.42,0,0,110,0
32,30,44.6167747091645,4.0604190540787,0.774271597818167,21.48,0,0,103,0
33,30,106.787340457447,5.30640090601962,0.911465135869345,0,101,30000,0,1
33,30,106.787340457447,5.30640090601962,0.911465135869345,3.4,0,0,206,0
33,30,106.787340457447,5.30640090601962,0.911465135869345,9.79,0,0,304,0
33,30,106.787340457447,5.30640090601962,0.911465135869345,16.51,0,0,114,0
33,30,106.787340457447,5.30640090601962,0.911465135869345,18.08,0,0,79,0
34,30,90.4243117561157,3.67051645574307,0.632084846936818,0,101,30000,0,1
34,30,90.4243117561157,3.67051645574307,0.632084846936818,1.47,0,0,198,0
34,30,90.4243117561157,3.67051645574307,0.632084846936818,3.43,0,0,255,0
34,30,90.4243117561157,3.67051645574307,0.632084846936818,18.12,0,0,166,0
34,30,90.4243117561157,3.67051645574307,0.632084846936818,20.89,0,0,136,0
35,30,63.7141660523037,6.60060697878268,1.40475525688535,0,101,30000,0,1
35,30,63.7141660523037,6.60060697878268,1.40475525688535,7.38,0,0,337,0
35,30,63.7141660523037,6.60060697878268,1.40475525688535,9.14,0,0,181,0
35,30,63.7141660523037,6.60060697878268,1.40475525688535,11.05,0,0,174,0
35,30,63.7141660523037,6.60060697878268,1.40475525688535,19.7,0,0,84,0
36,30,53.2518338382758,7.21819273787023,0.944938760287767,0,101,30000,0,1
36,30,53.2518338382758,7.21819273787023,0.944938760287767,4.06,0,0,373,0
36,30,53.2518338382758,7.21819273787023,0.944938760287767,6.5,0,0,276,0
36,30,53.2518338382758,7.21819273787023,0.944938760287767,7.1,0,0,251,0
36,30,53.2518338382758,7.21819273787023,0.944938760287767,7.57,0,0,270,0
37,30,86.4115496581498,2.93075718139129,0.994820043230733,0,101,30000,0,1
37,30,86.4115496581498,2.93075718139129,0.994820043230733,3.44,0,0,313,0
37,30,86.4115496581498,2.93075718139129,0.994820043230733,13.01,0,0,198,0
37,30,86.4115496581498,2.93075718139129,0.994820043230733,15.57,0,0,262,0
37,30,86.4115496581498,2.93075718139129,0.994820043230733,22.6,0,0,208,0
38,30,55.3017490337455,4.84791189603151,1.48980410158382,0,101,30000,0,1
38,30,55.3017490337455,4.84791189603151,1.48980410158382,0.5,0,0,347,0
38,30,55.3017490337455,4.84791189603151,1.48980410158382,4.34,0,0,388,0
38,30,55.3017490337455,4.84791189603151,1.48980410158382,11.58,0,0,143,0
38,30,55.3017490337455,4.84791189603151,1.48980410158382,12.48,0,0,283,0
39,30,72.7067804603879,8.73488848319198,0.864273292099078,0,101,30000,0,1
39,30,72.7067804603879,8.73488848319198,0.864273292099078,0.21,0,0,83,0
39,30,72.7067804603879,8.73488848319198,0.864273292099078,5.15,0,0,263,0
39,30,72.7067804603879,8.73488848319198,0.864273292099078,19.43,0,0,39,0
39,30,72.7067804603879,8.73488848319198,0.864273292099078,23.29,0,0,30,0
40,30,54.9608395232658,4.08477836366431,0.584262707070115,0,101,30000,0,1
40,30,54.9608395232658,4.08477836366431,0.584262707070115,6.46,0,0,598,0
40,30,54.9608395232658,4.08477836366431,0.584262707070115,7.26,0,0,494,0
40,30,54.9608395232658,4.08477836366431,0.584262707070115,18.34,0,0,126,0
40,30,54.9608395232658,4.08477836366431,0.584262707070115,23.97,0,0,124,0
41,30,68.9649800379634,5.81169295348332,1.15654783888576,0,101,30000,0,1
41,30,68.9649800379634,5.81169295348332,1.15654783888576,8.92,0,0,249,0
41,30,68.9649800379634,5.81169295348332,1.15654783888576,14.05,0,0,134,0
41,30,68.9649800379634,5.81169295348332,1.15654783888576,15.09,0,0,155,0
41,30,68.9649800379634,5.81169295348332,1.15654783888576,18.8,0,0,91,0
42,30,50.6944513754089,3.82897266833597,1.15066543690208,0,101,30000,0,1
42,30,50.6944513754089,3.82897266833597,1.15066543690208,2.75,0,0,579,0
42,30,50.6944513754089,3.82897266833597,1.15066543690208,10.22,0,0,318,0
42,30,50.6944513754089,3.82897266833597,1.15066543690208,15.23,0,0,254,0
42,30,50.6944513754089,3.82897266833597,1.15066543690208,16.35,0,0,210,0
43,30,46.9767811256229,4.02449951279437,1.86934511510841,0,101,30000,0,1
43,30,46.9767811256229,4.02449951279437,1.86934511510841,5.14,0,0,420,0
43,30,46.9767811256229,4.02449951279437,1.86934511510841,8.17,0,0,314,0
43,30,46.9767811256229,4.02449951279437,1.86934511510841,20.75,0,0,145,0
43,30,46.9767811256229,4.02449951279437,1.86934511510841,22.95,0,0,135,0
44,30,79.9018064623026,3.44560496228652,1.2171741880978,0,101,30000,0,1
44,30,79.9018064623026,3.44560496228652,1.2171741880978,1.11,0,0,166,0
44,30,79.9018064623026,3.44560496228652,1.2171741880978,10.61,0,0,240,0
44,30,79.9018064623026,3.44560496228652,1.2171741880978,18.25,0,0,198,0
44,30,79.9018064623026,3.44560496228652,1.2171741880978,21.17,0,0,161,0
45,30,90.5241397973891,3.83469095347239,0.981459395858574,0,101,30000,0,1
45,30,90.5241397973891,3.83469095347239,0.981459395858574,3.36,0,0,271,0
45,30,90.5241397973891,3.83469095347239,0.981459395858574,3.53,0,0,251,0
45,30,90.5241397973891,3.83469095347239,0.981459395858574,4.97,0,0,334,0
45,30,90.5241397973891,3.83469095347239,0.981459395858574,14.28,0,0,191,0
46,30,69.6786581245291,5.49899137233631,1.47052384745759,0,101,30000,0,1
46,30,69.6786581245291,5.49899137233631,1.47052384745759,0.74,0,0,294,0
46,30,69.6786581245291,5.49899137233631,1.47052384745759,2.38,0,0,321,0
46,30,69.6786581245291,5.49899137233631,1.47052384745759,20.15,0,0,92,0
46,30,69.6786581245291,5.49899137233631,1.47052384745759,21.99,0,0,69,0
47,30,66.8820336851999,4.04377085030643,0.795812981011062,0,101,30000,0,1
47,30,66.8820336851999,4.04377085030643,0.795812981011062,3.38,0,0,396,0
47,30,66.8820336851999,4.04377085030643,0.795812981011062,4.85,0,0,399,0
47,30,66.8820336851999,4.04377085030643,0.795812981011062,16.68,0,0,218,0
47,30,66.8820336851999,4.04377085030643,0.795812981011062,18.45,0,0,158,0
48,30,48.3879157490718,3.15957191223414,1.19937140887608,0,101,30000,0,1
48,30,48.3879157490718,3.15957191223414,1.19937140887608,10.12,0,0,238,0
48,30,48.3879157490718,3.15957191223414,1.19937140887608,12.1,0,0,238,0
48,30,48.3879157490718,3.15957191223414,1.19937140887608,19.27,0,0,142,0
48,30,48.3879157490718,3.15957191223414,1.19937140887608,19.91,0,0,217,0
49,30,66.5131059169292,5.48025171066787,1.28514161995268,0,101,30000,0,1
49,30,66.5131059169292,5.48025171066787,1.28514161995268,8.78,0,0,284,0
49,30,66.5131059169292,5.48025171066787,1.28514161995268,10.15,0,0,245,0
49,30,66.5131059169292,5.48025171066787,1.28514161995268,14.6,0,0,91,0
49,30,66.5131059169292,5.48025171066787,1.28514161995268,20.84,0,0,94,0
50,30,58.0807375030386,3.69877383081764,1.1234799029328,0,101,30000,0,1
50,30,58.0807375030386,3.69877383081764,1.1234799029328,5.53,0,0,473,0
50,30,58.0807375030386,3.69877383081764,1.1234799029328,8.01,0,0,272,0
50,30,58.0807375030386,3.69877383081764,1.1234799029328,15.55,0,0,187,0
50,30,58.0807375030386,3.69877383081764,1.1234799029328,21.28,0,0,151,0
51,30,126.187065409583,3.19407597872033,1.37471838158427,0,101,30000,0,1
51,30,126.187065409583,3.19407597872033,1.37471838158427,0.92,0,0,164,0
51,30,126.187065409583,3.19407597872033,1.37471838158427,12.9,0,0,188,0
51,30,126.187065409583,3.19407597872033,1.37471838158427,19.78,0,0,146,0
51,30,126.187065409583,3.19407597872033,1.37471838158427,20.49,0,0,148,0
52,30,58.2246616306318,7.07698185605148,1.6439497652991,0,101,30000,0,1
52,30,58.2246616306318,7.07698185605148,1.6439497652991,1.02,0,0,307,0
52,30,58.2246616306318,7.07698185605148,1.6439497652991,2.59,0,0,487,0
52,30,58.2246616306318,7.07698185605148,1.6439497652991,15.2,0,0,96,0
52,30,58.2246616306318,7.07698185605148,1.6439497652991,21.12,0,0,51,0
53,30,71.0944696801981,5.80615254185837,0.603447351507687,0,101,30000,0,1
53,30,71.0944696801981,5.80615254185837,0.603447351507687,0.43,0,0,64,0
53,30,71.0944696801981,5.80615254185837,0.603447351507687,3.86,0,0,392,0
53,30,71.0944696801981,5.80615254185837,0.603447351507687,20.09,0,0,99,0
53,30,71.0944696801981,5.80615254185837,0.603447351507687,23.42,0,0,42,0
54,30,55.0774990058361,3.99991196619019,0.688342908722476,0,101,30000,0,1
54,30,55.0774990058361,3.99991196619019,0.688342908722476,11.52,0,0,224,0
54,30,55.0774990058361,3.99991196619019,0.688342908722476,20.47,0,0,136,0
54,30,55.0774990058361,3.99991196619019,0.688342908722476,22.84,0,0,114,0
54,30,55.0774990058361,3.99991196619019,0.688342908722476,23.42,0,0,115,0
55,30,87.4213624988608,6.9188873000789,0.932061399202088,0,101,30000,0,1
55,30,87.4213624988608,6.9188873000789,0.932061399202088,0.11,0,0,29,0
55,30,87.4213624988608,6.9188873000789,0.932061399202088,13.24,0,0,171,0
55,30,87.4213624988608,6.9188873000789,0.932061399202088,19.77,0,0,75,0
55,30,87.4213624988608,6.9188873000789,0.932061399202088,22.59,0,0,54,0
56,30,70.6071354978191,4.45146579913349,1.24543118837276,0,101,30000,0,1
56,30,70.6071354978191,4.45146579913349,1.24543118837276,2.23,0,0,342,0
56,30,70.6071354978191,4.45146579913349,1.24543118837276,10.68,0,0,216,0
56,30,70.6071354978191,4.45146579913349,1.24543118837276,13.76,0,0,284,0
56,30,70.6071354978191,4.45146579913349,1.24543118837276,15.42,0,0,220,0
57,30,50.5436677763522,4.25664606633645,1.4220062693533,0,101,30000,0,1
57,30,50.5436677763522,4.25664606633645,1.4220062693533,7.89,0,0,247,0
57,30,50.5436677763522,4.25664606633645,1.4220062693533,7.96,0,0,260,0
57,30,50.5436677763522,4.25664606633645,1.4220062693533,16.65,0,0,152,0
57,30,50.5436677763522,4.25664606633645,1.4220062693533,21.84,0,0,92,0
58,30,49.522857763746,4.61288151717459,1.41260124930698,0,101,30000,0,1
58,30,49.522857763746,4.61288151717459,1.41260124930698,4.77,0,0,454,0
58,30,49.522857763746,4.61288151717459,1.41260124930698,12.15,0,0,228,0
58,30,49.522857763746,4.61288151717459,1.41260124930698,16.12,0,0,192,0
58,30,49.522857763746,4.61288151717459,1.41260124930698,22.98,0,0,52,0
59,30,114.291007577962,6.92666967978319,0.880187602913378,0,101,30000,0,1
59,30,114.291007577962,6.92666967978319,0.880187602913378,4.7,0,0,171,0
59,30,114.291007577962,6.92666967978319,0.880187602913378,13.11,0,0,84,0
59,30,114.291007577962,6.92666967978319,0.880187602913378,16.04,0,0,124,0
59,30,114.291007577962,6.92666967978319,0.880187602913378,19.53,0,0,114,0
60,30,88.8378114133619,3.81801185384991,0.517521345237385,0,101,30000,0,1
60,30,88.8378114133619,3.81801185384991,0.517521345237385,1.11,0,0,215,0
60,30,88.8378114133619,3.81801185384991,0.517521345237385,18.16,0,0,179,0
60,30,88.8378114133619,3.81801185384991,0.517521345237385,19.89,0,0,167,0
60,30,88.8378114133619,3.81801185384991,0.517521345237385,22.67,0,0,155,0
61,60,73.0484166883019,5.69075274379982,1.21344196239855,0,101,60000,0,1
61,60,73.0484166883019,5.69075274379982,1.21344196239855,3.6,0,0,678,0
61,60,73.0484166883019,5.69075274379982,1.21344196239855,12.48,0,0,291,0
61,60,73.0484166883019,5.69075274379982,1.21344196239855,13.55,0,0,239,0
61,60,73.0484166883019,5.69075274379982,1.21344196239855,16.81,0,0,177,0
62,60,86.3173020774684,4.00465240590164,1.39687924042953,0,101,60000,0,1
62,60,86.3173020774684,4.00465240590164,1.39687924042953,6.52,0,0,593,0
62,60,86.3173020774684,4.00465240590164,1.39687924042953,11,0,0,348,0
62,60,86.3173020774684,4.00465240590164,1.39687924042953,12.11,0,0,417,0
62,60,86.3173020774684,4.00465240590164,1.39687924042953,21.45,0,0,284,0
63,60,87.5282199522463,3.45519748534773,0.532966073488234,0,101,60000,0,1
63,60,87.5282199522463,3.45519748534773,0.532966073488234,2.65,0,0,443,0
63,60,87.5282199522463,3.45519748534773,0.532966073488234,14.83,0,0,550,0
63,60,87.5282199522463,3.45519748534773,0.532966073488234,15.12,0,0,563,0
63,60,87.5282199522463,3.45519748534773,0.532966073488234,17.81,0,0,297,0
64,60,70.8676802662043,4.70191112895554,0.797376970155311,0,101,60000,0,1
64,60,70.8676802662043,4.70191112895554,0.797376970155311,0.67,0,0,285,0
64,60,70.8676802662043,4.70191112895554,0.797376970155311,2.12,0,0,686,0
64,60,70.8676802662043,4.70191112895554,0.797376970155311,6.62,0,0,910,0
64,60,70.8676802662043,4.70191112895554,0.797376970155311,20,0,0,230,0
65,60,82.648803981672,5.93480586781673,1.03220303476013,0,101,60000,0,1
65,60,82.648803981672,5.93480586781673,1.03220303476013,8.11,0,0,362,0
65,60,82.648803981672,5.93480586781673,1.03220303476013,12.24,0,0,328,0
65,60,82.648803981672,5.93480586781673,1.03220303476013,16.93,0,0,262,0
65,60,82.648803981672,5.93480586781673,1.03220303476013,20.43,0,0,220,0
66,60,94.7076294392784,3.93343645332572,0.789209578313389,0,101,60000,0,1
66,60,94.7076294392784,3.93343645332572,0.789209578313389,5.31,0,0,523,0
66,60,94.7076294392784,3.93343645332572,0.789209578313389,5.64,0,0,709,0
66,60,94.7076294392784,3.93343645332572,0.789209578313389,18.1,0,0,237,0
66,60,94.7076294392784,3.93343645332572,0.789209578313389,21.58,0,0,280,0
67,60,100.521856486283,3.11323529662947,1.25167061302208,0,101,60000,0,1
67,60,100.521856486283,3.11323529662947,1.25167061302208,3.35,0,0,759,0
67,60,100.521856486283,3.11323529662947,1.25167061302208,5.62,0,0,541,0
67,60,100.521856486283,3.11323529662947,1.25167061302208,19,0,0,323,0
67,60,100.521856486283,3.11323529662947,1.25167061302208,21.28,0,0,289,0
68,60,128.504701308994,4.89892526611512,0.525230687844043,0,101,60000,0,1
68,60,128.504701308994,4.89892526611512,0.525230687844043,1.09,0,0,234,0
68,60,128.504701308994,4.89892526611512,0.525230687844043,2.33,0,0,347,0
68,60,128.504701308994,4.89892526611512,0.525230687844043,6.92,0,0,281,0
68,60,128.504701308994,4.89892526611512,0.525230687844043,7.01,0,0,493,0
69,60,78.783369786852,4.71209573039154,0.589765104578976,0,101,60000,0,1
69,60,78.783369786852,4.71209573039154,0.589765104578976,2.85,0,0,647,0
69,60,78.783369786852,4.71209573039154,0.589765104578976,5.97,0,0,667,0
69,60,78.783369786852,4.71209573039154,0.589765104578976,12.89,0,0,330,0
69,60,78.783369786852,4.71209573039154,0.589765104578976,19.13,0,0,230,0
70,60,63.3929893012808,7.49224741690351,0.949600630310101,0,101,60000,0,1
70,60,63.3929893012808,7.49224741690351,0.949600630310101,3.8,0,0,576,0
70,60,63.3929893012808,7.49224741690351,0.949600630310101,20.19,0,0,136,0
70,60,63.3929893012808,7.49224741690351,0.949600630310101,20.68,0,0,112,0
70,60,63.3929893012808,7.49224741690351,0.949600630310101,22.97,0,0,74,0
71,60,79.3656231518825,5.22525494592384,1.16112196735337,0,101,60000,0,1
71,60,79.3656231518825,5.22525494592384,1.16112196735337,2.37,0,0,737,0
71,60,79.3656231518825,5.22525494592384,1.16112196735337,8.97,0,0,425,0
71,60,79.3656231518825,5.22525494592384,1.16112196735337,22.55,0,0,145,0
71,60,79.3656231518825,5.22525494592384,1.16112196735337,23.49,0,0,253,0
72,60,50.7362004511379,3.89688703667535,0.837476321886778,0,101,60000,0,1
72,60,50.7362004511379,3.89688703667535,0.837476321886778,4.88,0,0,775,0
72,60,50.7362004511379,3.89688703667535,0.837476321886778,13.96,0,0,337,0
72,60,50.7362004511379,3.89688703667535,0.837476321886778,15.8,0,0,444,0
72,60,50.7362004511379,3.89688703667535,0.837476321886778,17.57,0,0,439,0
73,60,112.35410612313,6.48142609980453,0.728482187777664,0,101,60000,0,1
73,60,112.35410612313,6.48142609980453,0.728482187777664,5.24,0,0,367,0
73,60,112.35410612313,6.48142609980453,0.728482187777664,14.1,0,0,158,0
73,60,112.35410612313,6.48142609980453,0.728482187777664,14.12,0,0,377,0
73,60,112.35410612313,6.48142609980453,0.728482187777664,19.44,0,0,187,0
74,60,46.8585909256254,2.62674908279733,1.55735113385709,0,101,60000,0,1
74,60,46.8585909256254,2.62674908279733,1.55735113385709,8.06,0,0,777,0
74,60,46.8585909256254,2.62674908279733,1.55735113385709,13.37,0,0,503,0
74,60,46.8585909256254,2.62674908279733,1.55735113385709,22.8,0,0,340,0
74,60,46.8585909256254,2.62674908279733,1.55735113385709,23.68,0,0,415,0
75,60,46.83898310628,4.22586502283071,0.79890882210408,0,101,60000,0,1
75,60,46.83898310628,4.22586502283071,0.79890882210408,3.01,0,0,871,0
75,60,46.83898310628,4.22586502283071,0.79890882210408,17.23,0,0,281,0
75,60,46.83898310628,4.22586502283071,0.79890882210408,18.58,0,0,332,0
75,60,46.83898310628,4.22586502283071,0.79890882210408,21.16,0,0,265,0
76,60,71.2340947621759,4.36423506768004,0.75540143144882,0,101,60000,0,1
76,60,71.2340947621759,4.36423506768004,0.75540143144882,1.53,0,0,454,0
76,60,71.2340947621759,4.36423506768004,0.75540143144882,8.28,0,0,547,0
76,60,71.2340947621759,4.36423506768004,0.75540143144882,10.41,0,0,630,0
76,60,71.2340947621759,4.36423506768004,0.75540143144882,23.67,0,0,293,0
77,60,83.96739150077,4.33237327234151,0.869066209124545,0,101,60000,0,1
77,60,83.96739150077,4.33237327234151,0.869066209124545,2.74,0,0,751,0
77,60,83.96739150077,4.33237327234151,0.869066209124545,4.09,0,0,580,0
77,60,83.96739150077,4.33237327234151,0.869066209124545,9.6,0,0,315,0
77,60,83.96739150077,4.33237327234151,0.869066209124545,9.94,0,0,499,0
78,60,95.8348500001432,5.03094412633695,0.951917236261846,0,101,60000,0,1
78,60,95.8348500001432,5.03094412633695,0.951917236261846,13.24,0,0,419,0
78,60,95.8348500001432,5.03094412633695,0.951917236261846,13.89,0,0,390,0
78,60,95.8348500001432,5.03094412633695,0.951917236261846,14.34,0,0,297,0
78,60,95.8348500001432,5.03094412633695,0.951917236261846,22.62,0,0,200,0
79,60,59.976521959278,4.05319351494315,0.956201546350315,0,101,60000,0,1
79,60,59.976521959278,4.05319351494315,0.956201546350315,3.79,0,0,809,0
79,60,59.976521959278,4.05319351494315,0.956201546350315,12.43,0,0,485,0
79,60,59.976521959278,4.05319351494315,0.956201546350315,20.74,0,0,334,0
79,60,59.976521959278,4.05319351494315,0.956201546350315,22.57,0,0,197,0
80,60,67.1526617255925,4.92989604075998,1.09107319220685,0,101,60000,0,1
80,60,67.1526617255925,4.92989604075998,1.09107319220685,0.43,0,0,379,0
80,60,67.1526617255925,4.92989604075998,1.09107319220685,18.52,0,0,254,0
80,60,67.1526617255925,4.92989604075998,1.09107319220685,20.02,0,0,277,0
80,60,67.1526617255925,4.92989604075998,1.09107319220685,22.05,0,0,247,0
81,60,50.6673539315995,2.81065156147343,1.29128858508333,0,101,60000,0,1
81,60,50.6673539315995,2.81065156147343,1.29128858508333,0.82,0,0,938,0
81,60,50.6673539315995,2.81065156147343,1.29128858508333,9.19,0,0,564,0
81,60,50.6673539315995,2.81065156147343,1.29128858508333,13.44,0,0,617,0
81,60,50.6673539315995,2.81065156147343,1.29128858508333,19.16,0,0,521,0
82,60,51.5194858953871,5.21153839309322,1.15910446686171,0,101,60000,0,1
82,60,51.5194858953871,5.21153839309322,1.15910446686171,6.81,0,0,571,0
82,60,51.5194858953871,5.21153839309322,1.15910446686171,9.92,0,0,717,0
82,60,51.5194858953871,5.21153839309322,1.15910446686171,12.9,0,0,316,0
82,60,51.5194858953871,5.21153839309322,1.15910446686171,16.85,0,0,329,0
83,60,65.6161148953828,2.59753526901197,1.23979508411221,0,101,60000,0,1
83,60,65.6161148953828,2.59753526901197,1.23979508411221,6.06,0,0,665,0
83,60,65.6161148953828,2.59753526901197,1.23979508411221,12.44,0,0,590,0
83,60,65.6161148953828,2.59753526901197,1.23979508411221,15.32,0,0,476,0
83,60,65.6161148953828,2.59753526901197,1.23979508411221,16.34,0,0,404,0
84,60,67.7572987932692,5.61240075401651,0.990874936044826,0,101,60000,0,1
84,60,67.7572987932692,5.61240075401651,0.990874936044826,11.7,0,0,308,0
84,60,67.7572987932692,5.61240075401651,0.990874936044826,12.24,0,0,270,0
84,60,67.7572987932692,5.61240075401651,0.990874936044826,12.24,0,0,239,0
84,60,67.7572987932692,5.61240075401651,0.990874936044826,17.42,0,0,187,0
85,60,62.3142180528224,3.80026539579559,0.676024210421495,0,101,60000,0,1
85,60,62.3142180528224,3.80026539579559,0.676024210421495,2.2,0,0,828,0
85,60,62.3142180528224,3.80026539579559,0.676024210421495,14.67,0,0,488,0
85,60,62.3142180528224,3.80026539579559,0.676024210421495,15.67,0,0,403,0
85,60,62.3142180528224,3.80026539579559,0.676024210421495,16,0,0,360,0
86,60,62.05937035223,4.9862866381662,0.354635537225697,0,101,60000,0,1
86,60,62.05937035223,4.9862866381662,0.354635537225697,4.4,0,0,580,0
86,60,62.05937035223,4.9862866381662,0.354635537225697,14.88,0,0,295,0
86,60,62.05937035223,4.9862866381662,0.354635537225697,17.91,0,0,345,0
86,60,62.05937035223,4.9862866381662,0.354635537225697,22.8,0,0,207,0
87,60,59.9036654350393,7.84787987775479,1.47140815958985,0,101,60000,0,1
87,60,59.9036654350393,7.84787987775479,1.47140815958985,7.27,0,0,449,0
87,60,59.9036654350393,7.84787987775479,1.47140815958985,14.8,0,0,249,0
87,60,59.9036654350393,7.84787987775479,1.47140815958985,16.99,0,0,154,0
87,60,59.9036654350393,7.84787987775479,1.47140815958985,22.06,0,0,74,0
88,60,88.9245103972667,4.92412546997002,0.982014441437221,0,101,60000,0,1
88,60,88.9245103972667,4.92412546997002,0.982014441437221,0.74,0,0,372,0
88,60,88.9245103972667,4.92412546997002,0.982014441437221,1.13,0,0,369,0
88,60,88.9245103972667,4.92412546997002,0.982014441437221,16.03,0,0,350,0
88,60,88.9245103972667,4.92412546997002,0.982014441437221,18.14,0,0,217,0
89,60,46.4362847815963,4.23069579601013,1.3381913550843,0,101,60000,0,1
89,60,46.4362847815963,4.23069579601013,1.3381913550843,4.64,0,0,917,0
89,60,46.4362847815963,4.23069579601013,1.3381913550843,15.88,0,0,333,0
89,60,46.4362847815963,4.23069579601013,1.3381913550843,16.01,0,0,270,0
89,60,46.4362847815963,4.23069579601013,1.3381913550843,21.93,0,0,133,0
90,60,44.6364046516597,4.3185852028284,1.68727323126419,0,101,60000,0,1
90,60,44.6364046516597,4.3185852028284,1.68727323126419,2.19,0,0,1084,0
90,60,44.6364046516597,4.3185852028284,1.68727323126419,12.12,0,0,476,0
90,60,44.6364046516597,4.3185852028284,1.68727323126419,15.94,0,0,318,0
90,60,44.6364046516597,4.3185852028284,1.68727323126419,18.38,0,0,268,0
91,120,93.2802366536653,4.64293002182808,0.760125559156999,0,101,120000,0,1
91,120,93.2802366536653,4.64293002182808,0.760125559156999,7.51,0,0,1022,0
91,120,93.2802366536653,4.64293002182808,0.760125559156999,9.6,0,0,678,0
91,120,93.2802366536653,4.64293002182808,0.760125559156999,14.81,0,0,459,0
91,120,93.2802366536653,4.64293002182808,0.760125559156999,18.13,0,0,500,0
92,120,57.7379762421535,5.7782857176717,0.794265798108307,0,101,120000,0,1
92,120,57.7379762421535,5.7782857176717,0.794265798108307,4.24,0,0,2569,0
92,120,57.7379762421535,5.7782857176717,0.794265798108307,5.17,0,0,1045,0
92,120,57.7379762421535,5.7782857176717,0.794265798108307,16.07,0,0,439,0
92,120,57.7379762421535,5.7782857176717,0.794265798108307,19.14,0,0,327,0
93,120,56.7762001854381,4.36017969771685,0.935970596534016,0,101,120000,0,1
93,120,56.7762001854381,4.36017969771685,0.935970596534016,1.24,0,0,1134,0
93,120,56.7762001854381,4.36017969771685,0.935970596534016,4.22,0,0,1344,0
93,120,56.7762001854381,4.36017969771685,0.935970596534016,15.68,0,0,514,0
93,120,56.7762001854381,4.36017969771685,0.935970596534016,19.14,0,0,459,0
94,120,50.7163998878957,6.10218817483763,0.918027669169859,0,101,120000,0,1
94,120,50.7163998878957,6.10218817483763,0.918027669169859,5.28,0,0,2125,0
94,120,50.7163998878957,6.10218817483763,0.918027669169859,12.76,0,0,860,0
94,120,50.7163998878957,6.10218817483763,0.918027669169859,17.05,0,0,300,0
94,120,50.7163998878957,6.10218817483763,0.918027669169859,18.92,0,0,305,0
95,120,48.9273056281201,3.80474377181846,1.07077873517477,0,101,120000,0,1
95,120,48.9273056281201,3.80474377181846,1.07077873517477,5.62,0,0,1579,0
95,120,48.9273056281201,3.80474377181846,1.07077873517477,5.88,0,0,1669,0
95,120,48.9273056281201,3.80474377181846,1.07077873517477,6.67,0,0,1826,0
95,120,48.9273056281201,3.80474377181846,1.07077873517477,8.18,0,0,1610,0
96,120,38.0034552224021,3.38027572874599,1.39578406372041,0,101,120000,0,1
96,120,38.0034552224021,3.38027572874599,1.39578406372041,1.71,0,0,2662,0
96,120,38.0034552224021,3.38027572874599,1.39578406372041,2.47,0,0,3125,0
96,120,38.0034552224021,3.38027572874599,1.39578406372041,5.2,0,0,1875,0
96,120,38.0034552224021,3.38027572874599,1.39578406372041,6.89,0,0,1971,0
97,120,101.127991654294,2.82869351572611,1.59576315051977,0,101,120000,0,1
97,120,101.127991654294,2.82869351572611,1.59576315051977,1.29,0,0,1047,0
97,120,101.127991654294,2.82869351572611,1.59576315051977,9.63,0,0,751,0
97,120,101.127991654294,2.82869351572611,1.59576315051977,15.11,0,0,787,0
97,120,101.127991654294,2.82869351572611,1.59576315051977,21.65,0,0,649,0
98,120,37.0799759252321,3.1487550518353,0.879701607260474,0,101,120000,0,1
98,120,37.0799759252321,3.1487550518353,0.879701607260474,2.47,0,0,2323,0
98,120,37.0799759252321,3.1487550518353,0.879701607260474,3.98,0,0,2920,0
98,120,37.0799759252321,3.1487550518353,0.879701607260474,4.45,0,0,2051,0
98,120,37.0799759252321,3.1487550518353,0.879701607260474,16.57,0,0,1119,0
99,120,68.6105849292164,4.31300915515628,1.91195687486116,0,101,120000,0,1
99,120,68.6105849292164,4.31300915515628,1.91195687486116,7.87,0,0,981,0
99,120,68.6105849292164,4.31300915515628,1.91195687486116,12.09,0,0,808,0
99,120,68.6105849292164,4.31300915515628,1.91195687486116,17.46,0,0,627,0
99,120,68.6105849292164,4.31300915515628,1.91195687486116,19.02,0,0,583,0
100,120,118.978455136692,4.22081018493929,1.32026673470887,0,101,120000,0,1
100,120,118.978455136692,4.22081018493929,1.32026673470887,3.39,0,0,1115,0
100,120,118.978455136692,4.22081018493929,1.32026673470887,6.9,0,0,857,0
100,120,118.978455136692,4.22081018493929,1.32026673470887,12.75,0,0,675,0
100,120,118.978455136692,4.22081018493929,1.32026673470887,20.83,0,0,623,0
101,120,36.6193236369585,4.49667796254174,1.00483355982528,0,101,120000,0,1
101,120,36.6193236369585,4.49667796254174,1.00483355982528,1.8,0,0,1782,0
101,120,36.6193236369585,4.49667796254174,1.00483355982528,5.32,0,0,1981,0
101,120,36.6193236369585,4.49667796254174,1.00483355982528,9.58,0,0,953,0
101,120,36.6193236369585,4.49667796254174,1.00483355982528,21.85,0,0,243,0
102,120,83.0048867263705,3.78548222170167,0.706331625965412,0,101,120000,0,1
102,120,83.0048867263705,3.78548222170167,0.706331625965412,0.24,0,0,151,0
102,120,83.0048867263705,3.78548222170167,0.706331625965412,1.39,0,0,1205,0
102,120,83.0048867263705,3.78548222170167,0.706331625965412,15.96,0,0,640,0
102,120,83.0048867263705,3.78548222170167,0.706331625965412,22.35,0,0,586,0
103,120,107.103486329039,3.62991796273681,1.20046278508823,0,101,120000,0,1
103,120,107.103486329039,3.62991796273681,1.20046278508823,2.36,0,0,727,0
103,120,107.103486329039,3.62991796273681,1.20046278508823,5.41,0,0,1016,0
103,120,107.103486329039,3.62991796273681,1.20046278508823,20.52,0,0,536,0
103,120,107.103486329039,3.62991796273681,1.20046278508823,22.35,0,0,494,0
104,120,73.1784803327626,5.80714533827631,1.22020018636248,0,101,120000,0,1
104,120,73.1784803327626,5.80714533827631,1.22020018636248,14.22,0,0,643,0
104,120,73.1784803327626,5.80714533827631,1.22020018636248,17.02,0,0,624,0
104,120,73.1784803327626,5.80714533827631,1.22020018636248,17.91,0,0,592,0
104,120,73.1784803327626,5.80714533827631,1.22020018636248,21.63,0,0,313,0
105,120,55.3534636887221,4.074872373777,0.993334718612786,0,101,120000,0,1
105,120,55.3534636887221,4.074872373777,0.993334718612786,8.57,0,0,1091,0
105,120,55.3534636887221,4.074872373777,0.993334718612786,11.54,0,0,891,0
105,120,55.3534636887221,4.074872373777,0.993334718612786,15.33,0,0,1040,0
105,120,55.3534636887221,4.074872373777,0.993334718612786,22.87,0,0,482,0
106,120,82.0463515683201,2.69590483767155,0.871691008772583,0,101,120000,0,1
106,120,82.0463515683201,2.69590483767155,0.871691008772583,1.55,0,0,1146,0
106,120,82.0463515683201,2.69590483767155,0.871691008772583,4.5,0,0,1247,0
106,120,82.0463515683201,2.69590483767155,0.871691008772583,8.86,0,0,1161,0
106,120,82.0463515683201,2.69590483767155,0.871691008772583,17.87,0,0,977,0
107,120,88.7580083312245,3.91913406564488,0.950662492871943,0,101,120000,0,1
107,120,88.7580083312245,3.91913406564488,0.950662492871943,12.94,0,0,797,0
107,120,88.7580083312245,3.91913406564488,0.950662492871943,17.77,0,0,689,0
107,120,88.7580083312245,3.91913406564488,0.950662492871943,20.06,0,0,544,0
107,120,88.7580083312245,3.91913406564488,0.950662492871943,21.64,0,0,513,0
108,120,88.9174604255647,3.5951061081264,0.734188658095862,0,101,120000,0,1
108,120,88.9174604255647,3.5951061081264,0.734188658095862,10.96,0,0,855,0
108,120,88.9174604255647,3.5951061081264,0.734188658095862,21.49,0,0,577,0
108,120,88.9174604255647,3.5951061081264,0.734188658095862,21.68,0,0,706,0
108,120,88.9174604255647,3.5951061081264,0.734188658095862,23.43,0,0,585,0
109,120,70.3328958027947,4.46609074632235,0.796318223609488,0,101,120000,0,1
109,120,70.3328958027947,4.46609074632235,0.796318223609488,3.39,0,0,1429,0
109,120,70.3328958027947,4.46609074632235,0.796318223609488,10.27,0,0,902,0
109,120,70.3328958027947,4.46609074632235,0.796318223609488,17.22,0,0,581,0
109,120,70.3328958027947,4.46609074632235,0.796318223609488,17.42,0,0,415,0
110,120,57.335705908549,3.70442866419601,1.02147312672449,0,101,120000,0,1
110,120,57.335705908549,3.70442866419601,1.02147312672449,2.53,0,0,1919,0
110,120,57.335705908549,3.70442866419601,1.02147312672449,6.65,0,0,1356,0
110,120,57.335705908549,3.70442866419601,1.02147312672449,6.93,0,0,1015,0
110,120,57.335705908549,3.70442866419601,1.02147312672449,19.49,0,0,565,0
111,120,72.0211169538859,3.27361111876506,1.43077304917423,0,101,120000,0,1
111,120,72.0211169538859,3.27361111876506,1.43077304917423,5.81,0,0,1269,0
111,120,72.0211169538859,3.27361111876506,1.43077304917423,9.01,0,0,1025,0
111,120,72.0211169538859,3.27361111876506,1.43077304917423,16.77,0,0,816,0
111,120,72.0211169538859,3.27361111876506,1.43077304917423,20.74,0,0,825,0
112,120,62.945875682584,3.60820838674788,0.842043174224038,0,101,120000,0,1
112,120,62.945875682584,3.60820838674788,0.842043174224038,5.23,0,0,1486,0
112,120,62.945875682584,3.60820838674788,0.842043174224038,8.37,0,0,907,0
112,120,62.945875682584,3.60820838674788,0.842043174224038,11.72,0,0,1189,0
112,120,62.945875682584,3.60820838674788,0.842043174224038,19.43,0,0,872,0
113,120,73.9420593670938,6.52299296420518,0.824852191173379,0,101,120000,0,1
113,120,73.9420593670938,6.52299296420518,0.824852191173379,0.04,0,0,52,0
113,120,73.9420593670938,6.52299296420518,0.824852191173379,1.54,0,0,1379,0
113,120,73.9420593670938,6.52299296420518,0.824852191173379,15.94,0,0,557,0
113,120,73.9420593670938,6.52299296420518,0.824852191173379,19.3,0,0,344,0
114,120,52.9120410558517,2.01820214029581,0.700508969496827,0,101,120000,0,1
114,120,52.9120410558517,2.01820214029581,0.700508969496827,1.51,0,0,1638,0
114,120,52.9120410558517,2.01820214029581,0.700508969496827,3.34,0,0,1612,0
114,120,52.9120410558517,2.01820214029581,0.700508969496827,3.62,0,0,2048,0
114,120,52.9120410558517,2.01820214029581,0.700508969496827,13.52,0,0,1353,0
115,120,86.9613173278283,3.25545839811099,1.18542092052901,0,101,120000,0,1
115,120,86.9613173278283,3.25545839811099,1.18542092052901,5.61,0,0,1130,0
115,120,86.9613173278283,3.25545839811099,1.18542092052901,17.16,0,0,976,0
115,120,86.9613173278283,3.25545839811099,1.18542092052901,20.71,0,0,961,0
115,120,86.9613173278283,3.25545839811099,1.18542092052901,23.36,0,0,624,0
116,120,61.5419928677816,5.51875111951838,1.14060024309783,0,101,120000,0,1
116,120,61.5419928677816,5.51875111951838,1.14060024309783,1.34,0,0,1276,0
116,120,61.5419928677816,5.51875111951838,1.14060024309783,14.04,0,0,455,0
116,120,61.5419928677816,5.51875111951838,1.14060024309783,16.19,0,0,404,0
116,120,61.5419928677816,5.51875111951838,1.14060024309783,21.09,0,0,270,0
117,120,80.6510502375212,4.57702010000768,1.09170786532333,0,101,120000,0,1
117,120,80.6510502375212,4.57702010000768,1.09170786532333,3.25,0,0,1454,0
117,120,80.6510502375212,4.57702010000768,1.09170786532333,4.37,0,0,1120,0
117,120,80.6510502375212,4.57702010000768,1.09170786532333,6.89,0,0,1397,0
117,120,80.6510502375212,4.57702010000768,1.09170786532333,15.9,0,0,660,0
118,120,72.4612414488397,3.23185161540139,1.15005256688062,0,101,120000,0,1
118,120,72.4612414488397,3.23185161540139,1.15005256688062,4.53,0,0,1875,0
118,120,72.4612414488397,3.23185161540139,1.15005256688062,4.66,0,0,1390,0
118,120,72.4612414488397,3.23185161540139,1.15005256688062,12.63,0,0,794,0
118,120,72.4612414488397,3.23185161540139,1.15005256688062,17.14,0,0,762,0
119,120,68.0232770305158,3.7758507528421,0.883028793298808,0,101,120000,0,1
119,120,68.0232770305158,3.7758507528421,0.883028793298808,6.53,0,0,1592,0
119,120,68.0232770305158,3.7758507528421,0.883028793298808,12.4,0,0,845,0
119,120,68.0232770305158,3.7758507528421,0.883028793298808,14.36,0,0,733,0
119,120,68.0232770305158,3.7758507528421,0.883028793298808,17.5,0,0,585,0
120,120,67.5204513355371,4.08337112404089,0.869881207496486,0,101,120000,0,1
120,120,67.5204513355371,4.08337112404089,0.869881207496486,1.63,0,0,1517,0
120,120,67.5204513355371,4.08337112404089,0.869881207496486,4.23,0,0,2361,0
120,120,67.5204513355371,4.08337112404089,0.869881207496486,13.26,0,0,601,0
120,120,67.5204513355371,4.08337112404089,0.869881207496486,17.43,0,0,817,0
