ID,DOSE,V,CL,KA,TIME,EVID,AMT,DV,EVIDNM
1,10,88.6601098323575,3.42534768528593,0.906504992929502,0,101,10000,0,1
1,10,88.6601098323575,3.42534768528593,0.906504992929502,3.63,0,0,107,0
1,10,88.6601098323575,3.42534768528593,0.906504992929502,6.93,0,0,92,0
1,10,88.6601098323575,3.42534768528593,0.906504992929502,11.79,0,0,79,0
1,10,88.6601098323575,3.42534768528593,0.906504992929502,22.34,0,0,46,0
2,10,142.395108542229,2.82497669852172,1.27581297059242,0,101,10000,0,1
2,10,142.395108542229,2.82497669852172,1.27581297059242,0.13,0,0,14,0
2,10,142.395108542229,2.82497669852172,1.27581297059242,5.85,0,0,53,0
2,10,142.395108542229,2.82497669852172,1.27581297059242,7.38,0,0,65,0
2,10,142.395108542229,2.82497669852172,1.27581297059242,15.61,0,0,52,0
3,10,54.7033196296047,4.28219752563391,0.586687836985453,0,101,10000,0,1
3,10,54.7033196296047,4.28219752563391,0.586687836985453,9.95,0,0,68,0
3,10,54.7033196296047,4.28219752563391,0.586687836985453,11.29,0,0,81,0
3,10,54.7033196296047,4.28219752563391,0.586687836985453,15.91,0,0,49,0
3,10,54.7033196296047,4.28219752563391,0.586687836985453,22.26,0,0,44,0
4,10,42.8342551474524,3.05202041485239,1.06625523859682,0,101,10000,0,1
4,10,42.8342551474524,3.05202041485239,1.06625523859682,4.6,0,0,194,0
4,10,42.8342551474524,3.05202041485239,1.06625523859682,5.15,0,0,221,0
4,10,42.8342551474524,3.05202041485239,1.06625523859682,5.66,0,0,130,0
4,10,42.8342551474524,3.05202041485239,1.06625523859682,14.71,0,0,94,0
5,10,47.6070807088659,3.02805194020017,1.19354341406638,0,101,10000,0,1
5,10,47.6070807088659,3.02805194020017,1.19354341406638,4.25,0,0,167,0
5,10,47.6070807088659,3.02805194020017,1.19354341406638,11.33,0,0,109,0
5,10,47.6070807088659,3.02805194020017,1.19354341406638,22.93,0,0,48,0
5,10,47.6070807088659,3.02805194020017,1.19354341406638,23.32,0,0,43,0
6,10,83.2942695274995,4.60847342893991,1.22158253179346,0,101,10000,0,1
6,10,83.2942695274995,4.60847342893991,1.22158253179346,1.19,0,0,90,0
6,10,83.2942695274995,4.60847342893991,1.22158253179346,1.73,0,0,98,0
6,10,83.2942695274995,4.60847342893991,1.22158253179346,6.94,0,0,76,0
6,10,83.2942695274995,4.60847342893991,1.22158253179346,13.1,0,0,50,0
7,10,140.351916179299,4.06942203910495,1.30264793371502,0,101,10000,0,1
7,10,140.351916179299,4.06942203910495,1.30264793371502,16.42,0,0,45,0
7,10,140.351916179299,4.06942203910495,1.30264793371502,17.4,0,0,56,0
7,10,140.351916179299,4.06942203910495,1.30264793371502,21.33,0,0,65,0
7,10,140.351916179299,4.06942203910495,1.30264793371502,23.07,0,0,61,0
8,10,47.0166199681481,2.82803045470568,1.3286974098257,0,101,10000,0,1
8,10,47.0166199681481,2.82803045470568,1.3286974098257,4.74,0,0,200,0
8,10,47.0166199681481,2.82803045470568,1.3286974098257,11.47,0,0,206,0
8,10,47.0166199681481,2.82803045470568,1.3286974098257,22.69,0,0,61,0
8,10,47.0166199681481,2.82803045470568,1.3286974098257,23.25,0,0,49,0
9,10,73.7545222687946,4.23411008903994,0.599893331249316,0,101,10000,0,1
9,10,73.7545222687946,4.23411008903994,0.599893331249316,11.38,0,0,69,0
9,10,73.7545222687946,4.23411008903994,0.599893331249316,18.29,0,0,45,0
9,10,73.7545222687946,4.23411008903994,0.599893331249316,18.77,0,0,73,0
9,10,73.7545222687946,4.23411008903994,0.599893331249316,21.47,0,0,45,0
10,10,72.0360041821843,2.84584240432655,0.986225706380246,0,101,10000,0,1
10,10,72.0360041821843,2.84584240432655,0.986225706380246,0.45,0,0,42,0
10,10,72.0360041821843,2.84584240432655,0.986225706380246,5.31,0,0,110,0
10,10,72.0360041821843,2.84584240432655,0.986225706380246,11.07,0,0,89,0
10,10,72.0360041821843,2.84584240432655,0.986225706380246,22.02,0,0,54,0
11,10,74.9122654409475,5.56377325727745,0.816369518557328,0,101,10000,0,1
11,10,74.9122654409475,5.56377325727745,0.816369518557328,0.65,0,0,59,0
11,10,74.9122654409475,5.56377325727745,0.816369518557328,9.82,0,0,61,0
11,10,74.9122654409475,5.56377325727745,0.816369518557328,18.52,0,0,40,0
11,10,74.9122654409475,5.56377325727745,0.816369518557328,18.6,0,0,33,0
12,10,99.4995402045374,5.10625850511547,1.41708087501647,0,101,10000,0,1
12,10,99.4995402045374,5.10625850511547,1.41708087501647,3.95,0,0,86,0
12,10,99.4995402045374,5.10625850511547,1.41708087501647,4.72,0,0,76,0
12,10,99.4995402045374,5.10625850511547,1.41708087501647,7.08,0,0,99,0
12,10,99.4995402045374,5.10625850511547,1.41708087501647,19.83,0,0,42,0
13,10,119.642171669324,3.80671687356555,0.949497114048039,0,101,10000,0,1
13,10,119.642171669324,3.80671687356555,0.949497114048039,0.49,0,0,27,0
13,10,119.642171669324,3.80671687356555,0.949497114048039,3.95,0,0,87,0
13,10,119.642171669324,3.80671687356555,0.949497114048039,16.36,0,0,63,0
13,10,119.642171669324,3.80671687356555,0.949497114048039,23.51,0,0,39,0
14,10,54.3907468977485,2.7270017400951,0.678904650209693,0,101,10000,0,1
14,10,54.3907468977485,2.7270017400951,0.678904650209693,1.16,0,0,64,0
14,10,54.3907468977485,2.7270017400951,0.678904650209693,14.2,0,0,87,0
14,10,54.3907468977485,2.7270017400951,0.678904650209693,21.07,0,0,93,0
14,10,54.3907468977485,2.7270017400951,0.678904650209693,23.67,0,0,62,0
15,10,77.5096140181238,3.57326791405516,0.945486295713681,0,101,10000,0,1
15,10,77.5096140181238,3.57326791405516,0.945486295713681,1.36,0,0,125,0
15,10,77.5096140181238,3.57326791405516,0.945486295713681,7.51,0,0,99,0
15,10,77.5096140181238,3.57326791405516,0.945486295713681,7.64,0,0,84,0
15,10,77.5096140181238,3.57326791405516,0.945486295713681,12.16,0,0,85,0
16,10,52.2876839436767,5.08984931331459,1.46885059190654,0,101,10000,0,1
16,10,52.2876839436767,5.08984931331459,1.46885059190654,2.7,0,0,159,0
16,10,52.2876839436767,5.08984931331459,1.46885059190654,10.16,0,0,55,0
16,10,52.2876839436767,5.08984931331459,1.46885059190654,23.53,0,0,21,0
16,10,52.2876839436767,5.08984931331459,1.46885059190654,23.61,0,0,23,0
17,10,59.712441077942,5.24543389693044,1.54089574733791,0,101,10000,0,1
17,10,59.712441077942,5.24543389693044,1.54089574733791,4.73,0,0,103,0
17,10,59.712441077942,5.24543389693044,1.54089574733791,16.38,0,0,29,0
17,10,59.712441077942,5.24543389693044,1.54089574733791,17.96,0,0,38,0
17,10,59.712441077942,5.24543389693044,1.54089574733791,18.44,0,0,44,0
18,10,58.9985785895292,3.59206888388176,1.48308994526658,0,101,10000,0,1
18,10,58.9985785895292,3.59206888388176,1.48308994526658,4.51,0,0,101,0
18,10,58.9985785895292,3.59206888388176,1.48308994526658,7.09,0,0,105,0
18,10,58.9985785895292,3.59206888388176,1.48308994526658,9.78,0,0,90,0
18,10,58.9985785895292,3.59206888388176,1.48308994526658,20.41,0,0,59,0
19,10,83.2413778968741,3.7004089236034,0.643325927414112,0,101,10000,0,1
19,10,83.2413778968741,3.7004089236034,0.643325927414112,0.44,0,0,33,0
19,10,83.2413778968741,3.7004089236034,0.643325927414112,0.48,0,0,40,0
19,10,83.2413778968741,3.7004089236034,0.643325927414112,16.21,0,0,62,0
19,10,83.2413778968741,3.7004089236034,0.643325927414112,21.74,0,0,49,0
20,10,110.059901586199,3.53803053999006,0.648192048852954,0,101,10000,0,1
20,10,110.059901586199,3.53803053999006,0.648192048852954,4.28,0,0,97,0
20,10,110.059901586199,3.53803053999006,0.648192048852954,4.66,0,0,65,0
20,10,110.059901586199,3.53803053999006,0.648192048852954,11.42,0,0,60,0
20,10,110.059901586199,3.53803053999006,0.648192048852954,22.29,0,0,40,0
21,10,68.1402421364774,9.9755492992735,1.4579730071237,0,101,10000,0,1
21,10,68.1402421364774,9.9755492992735,1.4579730071237,3.02,0,0,148,0
21,10,68.1402421364774,9.9755492992735,1.4579730071237,5.95,0,0,59,0
21,10,68.1402421364774,9.9755492992735,1.4579730071237,6.49,0,0,47,0
21,10,68.1402421364774,9.9755492992735,1.4579730071237,13.92,0,0,21,0
22,10,78.0322017314279,4.95764921734298,0.725378569282275,0,101,10000,0,1
22,10,78.0322017314279,4.95764921734298,0.725378569282275,7.45,0,0,99,0
22,10,78.0322017314279,4.95764921734298,0.725378569282275,14.12,0,0,52,0
22,10,78.0322017314279,4.95764921734298,0.725378569282275,19.79,0,0,62,0
22,10,78.0322017314279,4.95764921734298,0.725378569282275,23.59,0,0,29,0
23,10,52.8769985678359,3.47964696734721,0.864871556719305,0,101,10000,0,1
23,10,52.8769985678359,3.47964696734721,0.864871556719305,4.35,0,0,281,0
23,10,52.8769985678359,3.47964696734721,0.864871556719305,6.3,0,0,112,0
23,10,52.8769985678359,3.47964696734721,0.864871556719305,14.39,0,0,55,0
23,10,52.8769985678359,3.47964696734721,0.864871556719305,23.81,0,0,45,0
24,10,60.7062644208292,4.17589378745291,1.02398381364364,0,101,10000,0,1
24,10,60.7062644208292,4.17589378745291,1.02398381364364,1.75,0,0,126,0
24,10,60.7062644208292,4.17589378745291,1.02398381364364,2.8,0,0,134,0
24,10,60.7062644208292,4.17589378745291,1.02398381364364,3.21,0,0,205,0
24,10,60.7062644208292,4.17589378745291,1.02398381364364,18.78,0,0,34,0
25,10,75.5870149428937,4.34186612446967,0.852330909795528,0,101,10000,0,1
25,10,75.5870149428937,4.34186612446967,0.852330909795528,0.41,0,0,44,0
25,10,75.5870149428937,4.34186612446967,0.852330909795528,6.58,0,0,126,0
25,10,75.5870149428937,4.34186612446967,0.852330909795528,11.04,0,0,66,0
25,10,75.5870149428937,4.34186612446967,0.852330909795528,12.41,0,0,92,0
26,10,45.2164511672262,5.79224240548289,1.10606552841659,0,101,10000,0,1
26,10,45.2164511672262,5.79224240548289,1.10606552841659,7.56,0,0,98,0
26,10,45.2164511672262,5.79224240548289,1.10606552841659,8.73,0,0,92,0
26,10,45.2164511672262,5.79224240548289,1.10606552841659,10.68,0,0,70,0
26,10,45.2164511672262,5.79224240548289,1.10606552841659,23.01,0,0,18,0
27,10,92.155165912295,4.75380989214526,0.613606107782614,0,101,10000,0,1
27,10,92.155165912295,4.75380989214526,0.613606107782614,13.5,0,0,46,0
27,10,92.155165912295,4.75380989214526,0.613606107782614,15.84,0,0,38,0
27,10,92.155165912295,4.75380989214526,0.613606107782614,17.72,0,0,54,0
27,10,92.155165912295,4.75380989214526,0.613606107782614,21.8,0,0,47,0
28,10,67.189461239312,5.21011348653249,1.3551322537985,0,101,10000,0,1
28,10,67.189461239312,5.21011348653249,1.3551322537985,3.7,0,0,93,0
28,10,67.189461239312,5.21011348653249,1.3551322537985,7.95,0,0,87,0
28,10,67.189461239312,5.21011348653249,1.3551322537985,10.03,0,0,76,0
28,10,67.189461239312,5.21011348653249,1.3551322537985,17.78,0,0,49,0
29,10,44.0680624963221,3.11318200327743,0.767503106702294,0,101,10000,0,1
29,10,44.0680624963221,3.11318200327743,0.767503106702294,5.68,0,0,133,0
29,10,44.0680624963221,3.11318200327743,0.767503106702294,6.14,0,0,146,0
29,10,44.0680624963221,3.11318200327743,0.767503106702294,7.9,0,0,104,0
29,10,44.0680624963221,3.11318200327743,0.767503106702294,15.9,0,0,68,0
30,10,69.5906547512148,6.46217364527537,0.627281854959354,0,101,10000,0,1
30,10,69.5906547512148,6.46217364527537,0.627281854959354,2.38,0,0,93,0
30,10,69.5906547512148,6.46217364527537,0.627281854959354,7.88,0,0,79,0
30,10,69.5906547512148,6.46217364527537,0.627281854959354,10.78,0,0,52,0
30,10,69.5906547512148,6.46217364527537,0.627281854959354,19.17,0,0,27,0
31,30,69.1538255587823,5.7135193040775,1.67527224354563,0,101,30000,0,1
31,30,69.1538255587823,5.7135193040775,1.67527224354563,4.69,0,0,280,0
31,30,69.1538255587823,5.7135193040775,1.67527224354563,7.96,0,0,288,0
31,30,69.1538255587823,5.7135193040775,1.67527224354563,9.26,0,0,364,0
31,30,69.1538255587823,5.7135193040775,1.67527224354563,15.24,0,0,206,0
32,30,104.954070807786,5.2595536656726,1.10494549194822,0,101,30000,0,1
32,30,104.954070807786,5.2595536656726,1.10494549194822,3.97,0,0,230,0
32,30,104.954070807786,5.2595536656726,1.10494549194822,4.55,0,0,238,0
32,30,104.954070807786,5.2595536656726,1.10494549194822,5.3,0,0,216,0
32,30,104.954070807786,5.2595536656726,1.10494549194822,17.68,0,0,178,0
33,30,86.6248201239139,7.90401584660194,1.70873006208701,0,101,30000,0,1
33,30,86.6248201239139,7.90401584660194,1.70873006208701,14.65,0,0,85,0
33,30,86.6248201239139,7.90401584660194,1.70873006208701,15.48,0,0,96,0
33,30,86.6248201239139,7.90401584660194,1.70873006208701,18.07,0,0,67,0
33,30,86.6248201239139,7.90401584660194,1.70873006208701,21.15,0,0,51,0
34,30,75.6248211046701,3.52703629509978,1.04795295372054,0,101,30000,0,1
34,30,75.6248211046701,3.52703629509978,1.04795295372054,12.68,0,0,312,0
34,30,75.6248211046701,3.52703629509978,1.04795295372054,17.47,0,0,158,0
34,30,75.6248211046701,3.52703629509978,1.04795295372054,21.3,0,0,173,0
34,30,75.6248211046701,3.52703629509978,1.04795295372054,23.68,0,0,136,0
35,30,57.8529341560405,2.55882388728329,1.53988568768485,0,101,30000,0,1
35,30,57.8529341560405,2.55882388728329,1.53988568768485,1.21,0,0,423,0
35,30,57.8529341560405,2.55882388728329,1.53988568768485,6.39,0,0,483,0
35,30,57.8529341560405,2.55882388728329,1.53988568768485,8.22,0,0,263,0
35,30,57.8529341560405,2.55882388728329,1.53988568768485,14.65,0,0,235,0
36,30,69.0173329466675,4.70735137790028,0.838428042002222,0,101,30000,0,1
36,30,69.0173329466675,4.70735137790028,0.838428042002222,3.86,0,0,378,0
36,30,69.0173329466675,4.70735137790028,0.838428042002222,14.38,0,0,152,0
36,30,69.0173329466675,4.70735137790028,0.838428042002222,16.02,0,0,180,0
36,30,69.0173329466675,4.70735137790028,0.838428042002222,20.57,0,0,150,0
37,30,71.3983631230065,4.70511739983183,0.706116009658151,0,101,30000,0,1
37,30,71.3983631230065,4.70511739983183,0.706116009658151,1.85,0,0,287,0
37,30,71.3983631230065,4.70511739983183,0.706116009658151,2.78,0,0,429,0
37,30,71.3983631230065,4.70511739983183,0.706116009658151,13.03,0,0,197,0
37,30,71.3983631230065,4.70511739983183,0.706116009658151,16.21,0,0,205,0
38,30,35.1285002764252,4.07989941159677,1.02696117571114,0,101,30000,0,1
38,30,35.1285002764252,4.07989941159677,1.02696117571114,3.13,0,0,1075,0
38,30,35.1285002764252,4.07989941159677,1.02696117571114,14.86,0,0,209,0
38,30,35.1285002764252,4.07989941159677,1.02696117571114,15.9,0,0,168,0
38,30,35.1285002764252,4.07989941159677,1.02696117571114,21.55,0,0,67,0
39,30,47.9288301070384,3.25899254723946,1.3766583815389,0,101,30000,0,1
39,30,47.9288301070384,3.25899254723946,1.3766583815389,0.4,0,0,191,0
39,30,47.9288301070384,3.25899254723946,1.3766583815389,6.73,0,0,386,0
39,30,47.9288301070384,3.25899254723946,1.3766583815389,11.79,0,0,309,0
39,30,47.9288301070384,3.25899254723946,1.3766583815389,15.73,0,0,208,0
40,30,38.7078867092597,7.3449340056111,1.12318580916407,0,101,30000,0,1
40,30,38.7078867092597,7.3449340056111,1.12318580916407,4.08,0,0,378,0
40,30,38.7078867092597,7.3449340056111,1.12318580916407,10.14,0,0,96,0
40,30,38.7078867092597,7.3449340056111,1.12318580916407,13.46,0,0,81,0
40,30,38.7078867092597,7.3449340056111,1.12318580916407,23.98,0,0,10,0
41,30,44.5333470622646,1.48432485814185,1.0573077463404,0,101,30000,0,1
41,30,44.5333470622646,1.48432485814185,1.0573077463404,10.25,0,0,581,0
41,30,44.5333470622646,1.48432485814185,1.0573077463404,14.5,0,0,651,0
41,30,44.5333470622646,1.48432485814185,1.0573077463404,14.77,0,0,245,0
41,30,44.5333470622646,1.48432485814185,1.0573077463404,18.19,0,0,414,0
42,30,57.4742653372136,3.47786895138401,0.721581016752981,0,101,30000,0,1
42,30,57.4742653372136,3.47786895138401,0.721581016752981,1.73,0,0,424,0
42,30,57.4742653372136,3.47786895138401,0.721581016752981,3.22,0,0,371,0
42,30,57.4742653372136,3.47786895138401,0.721581016752981,11.36,0,0,251,0
42,30,57.4742653372136,3.47786895138401,0.721581016752981,15.85,0,0,187,0
43,30,56.3530812192125,4.43018807424042,0.885700932780026,0,101,30000,0,1
43,30,56.3530812192125,4.43018807424042,0.885700932780026,3.7,0,0,409,0
43,30,56.3530812192125,4.43018807424042,0.885700932780026,8.07,0,0,352,0
43,30,56.3530812192125,4.43018807424042,0.885700932780026,11.34,0,0,274,0
43,30,56.3530812192125,4.43018807424042,0.885700932780026,23.35,0,0,125,0
44,30,45.9323384731003,5.41622682507715,0.805108279600793,0,101,30000,0,1
44,30,45.9323384731003,5.41622682507715,0.805108279600793,13,0,0,140,0
44,30,45.9323384731003,5.41622682507715,0.805108279600793,14.08,0,0,178,0
44,30,45.9323384731003,5.41622682507715,0.805108279600793,21.53,0,0,57,0
44,30,45.9323384731003,5.41622682507715,0.805108279600793,22.03,0,0,58,0
45,30,92.4972687648327,3.86968190173831,1.24178395054565,0,101,30000,0,1
45,30,92.4972687648327,3.86968190173831,1.24178395054565,1.84,0,0,352,0
45,30,92.4972687648327,3.86968190173831,1.24178395054565,2.26,0,0,189,0
45,30,92.4972687648327,3.86968190173831,1.24178395054565,11.34,0,0,243,0
45,30,92.4972687648327,3.86968190173831,1.24178395054565,23.56,0,0,122,0
46,30,68.4279380535082,3.11387811789511,0.698054151640623,0,101,30000,0,1
46,30,68.4279380535082,3.11387811789511,0.698054151640623,2.13,0,0,359,0
46,30,68.4279380535082,3.11387811789511,0.698054151640623,21.9,0,0,169,0
46,30,68.4279380535082,3.11387811789511,0.698054151640623,23.19,0,0,222,0
46,30,68.4279380535082,3.11387811789511,0.698054151640623,23.78,0,0,146,0
47,30,75.5777615964532,3.91412490399026,0.9270794538248,0,101,30000,0,1
47,30,75.5777615964532,3.91412490399026,0.9270794538248,4.9,0,0,346,0
47,30,75.5777615964532,3.91412490399026,0.9270794538248,5.64,0,0,302,0
47,30,75.5777615964532,3.91412490399026,0.9270794538248,16.51,0,0,177,0
47,30,75.5777615964532,3.91412490399026,0.9270794538248,22.15,0,0,122,0
48,30,65.3680672891921,5.08041777359653,0.964165912072504,0,101,30000,0,1
48,30,65.3680672891921,5.08041777359653,0.964165912072504,0.87,0,0,211,0
48,30,65.3680672891921,5.08041777359653,0.964165912072504,6.34,0,0,365,0
48,30,65.3680672891921,5.08041777359653,0.964165912072504,9.21,0,0,356,0
48,30,65.3680672891921,5.08041777359653,0.964165912072504,16.6,0,0,149,0
49,30,93.5228948607618,4.22755392430884,0.962004389814307,0,101,30000,0,1
49,30,93.5228948607618,4.22755392430884,0.962004389814307,3.76,0,0,318,0
49,30,93.5228948607618,4.22755392430884,0.962004389814307,10.95,0,0,188,0
49,30,93.5228948607618,4.22755392430884,0.962004389814307,20.47,0,0,135,0
49,30,93.5228948607618,4.22755392430884,0.962004389814307,20.65,0,0,91,0
50,30,89.2184036433484,4.52612351139508,0.97919547118731,0,101,30000,0,1
50,30,89.2184036433484,4.52612351139508,0.97919547118731,0.45,0,0,113,0
50,30,89.2184036433484,4.52612351139508,0.97919547118731,0.99,0,0,280,0
50,30,89.2184036433484,4.52612351139508,0.97919547118731,12.3,0,0,163,0
50,30,89.2184036433484,4.52612351139508,0.97919547118731,18.55,0,0,132,0
51,30,54.8960977062053,7.34397392974977,0.942303727334028,0,101,30000,0,1
51,30,54.8960977062053,7.34397392974977,0.942303727334028,3.99,0,0,392,0
51,30,54.8960977062053,7.34397392974977,0.942303727334028,6.63,0,0,246,0
51,30,54.8960977062053,7.34397392974977,0.942303727334028,19.56,0,0,29,0
51,30,54.8960977062053,7.34397392974977,0.942303727334028,22.5,0,0,27,0
52,30,64.0521408531014,3.75207711573835,1.15562283367349,0,101,30000,0,1
52,30,64.0521408531014,3.75207711573835,1.15562283367349,2.78,0,0,406,0
52,30,64.0521408531014,3.75207711573835,1.15562283367349,6.43,0,0,353,0
52,30,64.0521408531014,3.75207711573835,1.15562283367349,9.85,0,0,336,0
52,30,64.0521408531014,3.75207711573835,1.15562283367349,18.01,0,0,147,0
53,30,105.822937441894,3.0011344808238,0.804150678487949,0,101,30000,0,1
53,30,105.822937441894,3.0011344808238,0.804150678487949,8.82,0,0,270,0
53,30,105.822937441894,3.0011344808238,0.804150678487949,17.96,0,0,127,0
53,30,105.822937441894,3.0011344808238,0.804150678487949,22.06,0,0,214,0
53,30,105.822937441894,3.0011344808238,0.804150678487949,23.15,0,0,165,0
54,30,69.8528817076447,4.18912872590933,0.810383384873914,0,101,30000,0,1
54,30,69.8528817076447,4.18912872590933,0.810383384873914,0.24,0,0,84,0
54,30,69.8528817076447,4.18912872590933,0.810383384873914,5.14,0,0,475,0
54,30,69.8528817076447,4.18912872590933,0.810383384873914,7.87,0,0,286,0
54,30,69.8528817076447,4.18912872590933,0.810383384873914,17.55,0,0,177,0
55,30,85.5093122549144,3.56166869658598,0.701944286974892,0,101,30000,0,1
55,30,85.5093122549144,3.56166869658598,0.701944286974892,0.1,0,0,29,0
55,30,85.5093122549144,3.56166869658598,0.701944286974892,5.07,0,0,314,0
55,30,85.5093122549144,3.56166869658598,0.701944286974892,10.87,0,0,210,0
55,30,85.5093122549144,3.56166869658598,0.701944286974892,20.6,0,0,124,0
56,30,91.6093459738455,3.97668946772817,0.748358852721466,0,101,30000,0,1
56,30,91.6093459738455,3.97668946772817,0.748358852721466,2.38,0,0,321,0
56,30,91.6093459738455,3.97668946772817,0.748358852721466,15.57,0,0,141,0
56,30,91.6093459738455,3.97668946772817,0.748358852721466,15.7,0,0,135,0
56,30,91.6093459738455,3.97668946772817,0.748358852721466,18.32,0,0,136,0
57,30,48.5316273855665,4.67435885465955,0.71885744840383,0,101,30000,0,1
57,30,48.5316273855665,4.67435885465955,0.71885744840383,0.65,0,0,214,0
57,30,48.5316273855665,4.67435885465955,0.71885744840383,5.3,0,0,315,0
57,30,48.5316273855665,4.67435885465955,0.71885744840383,12.55,0,0,197,0
57,30,48.5316273855665,4.67435885465955,0.71885744840383,20.54,0,0,99,0
58,30,41.8392649308757,2.95947192177597,0.973376600674419,0,101,30000,0,1
58,30,41.8392649308757,2.95947192177597,0.973376600674419,16.08,0,0,294,0
58,30,41.8392649308757,2.95947192177597,0.973376600674419,17.08,0,0,268,0
58,30,41.8392649308757,2.95947192177597,0.973376600674419,20.81,0,0,263,0
58,30,41.8392649308757,2.95947192177597,0.973376600674419,23.1,0,0,179,0
59,30,77.5112263348788,2.87941691218073,0.916170639238818,0,101,30000,0,1
59,30,77.5112263348788,2.87941691218073,0.916170639238818,6.26,0,0,344,0
59,30,77.5112263348788,2.87941691218073,0.916170639238818,8.09,0,0,261,0
59,30,77.5112263348788,2.87941691218073,0.916170639238818,17.7,0,0,223,0
59,30,77.5112263348788,2.87941691218073,0.916170639238818,18.04,0,0,137,0
60,30,46.0532810807488,6.25422018483785,1.12906487020389,0,101,30000,0,1
60,30,46.0532810807488,6.25422018483785,1.12906487020389,0.31,0,0,208,0
60,30,46.0532810807488,6.25422018483785,1.12906487020389,0.73,0,0,311,0
60,30,46.0532810807488,6.25422018483785,1.12906487020389,14.27,0,0,101,0
60,30,46.0532810807488,6.25422018483785,1.12906487020389,17.87,0,0,80,0
61,60,50.0108720930973,4.32300978529997,1.10439036310223,0,101,60000,0,1
61,60,50.0108720930973,4.32300978529997,1.10439036310223,2.38,0,0,924,0
61,60,50.0108720930973,4.32300978529997,1.10439036310223,7.65,0,0,536,0
61,60,50.0108720930973,4.32300978529997,1.10439036310223,10.2,0,0,770,0
61,60,50.0108720930973,4.32300978529997,1.10439036310223,15.42,0,0,312,0
62,60,84.2022240370058,4.68191191019601,0.864215506445862,0,101,60000,0,1
62,60,84.2022240370058,4.68191191019601,0.864215506445862,1.37,0,0,540,0
62,60,84.2022240370058,4.68191191019601,0.864215506445862,18.8,0,0,277,0
62,60,84.2022240370058,4.68191191019601,0.864215506445862,19.86,0,0,294,0
62,60,84.2022240370058,4.68191191019601,0.864215506445862,19.93,0,0,298,0
63,60,108.255163554123,3.46597336660611,0.926017523527501,0,101,60000,0,1
63,60,108.255163554123,3.46597336660611,0.926017523527501,7.05,0,0,593,0
63,60,108.255163554123,3.46597336660611,0.926017523527501,11.45,0,0,454,0
63,60,108.255163554123,3.46597336660611,0.926017523527501,11.49,0,0,293,0
63,60,108.255163554123,3.46597336660611,0.926017523527501,16.47,0,0,244,0
64,60,55.0953534727814,5.03421266660572,0.871799159817423,0,101,60000,0,1
64,60,55.0953534727814,5.03421266660572,0.871799159817423,1.33,0,0,776,0
64,60,55.0953534727814,5.03421266660572,0.871799159817423,3.44,0,0,1057,0
64,60,55.0953534727814,5.03421266660572,0.871799159817423,19.56,0,0,241,0
64,60,55.0953534727814,5.03421266660572,0.871799159817423,22.36,0,0,163,0
65,60,69.8816395556997,4.35408436764056,1.49598384551561,0,101,60000,0,1
65,60,69.8816395556997,4.35408436764056,1.49598384551561,3.62,0,0,582,0
65,60,69.8816395556997,4.35408436764056,1.49598384551561,6.81,0,0,603,0
65,60,69.8816395556997,4.35408436764056,1.49598384551561,7.55,0,0,374,0
65,60,69.8816395556997,4.35408436764056,1.49598384551561,21.7,0,0,327,0
66,60,52.5730058779418,6.84301440797742,0.908721445168657,0,101,60000,0,1
66,60,52.5730058779418,6.84301440797742,0.908721445168657,0.5,0,0,377,0
66,60,52.5730058779418,6.84301440797742,0.908721445168657,8.49,0,0,435,0
66,60,52.5730058779418,6.84301440797742,0.908721445168657,18.86,0,0,102,0
66,60,52.5730058779418,6.84301440797742,0.908721445168657,21.3,0,0,96,0
67,60,63.4078084561178,6.33393704728911,0.778801461356553,0,101,60000,0,1
67,60,63.4078084561178,6.33393704728911,0.778801461356553,11.51,0,0,385,0
67,60,63.4078084561178,6.33393704728911,0.778801461356553,14.41,0,0,221,0
67,60,63.4078084561178,6.33393704728911,0.778801461356553,16.76,0,0,199,0
67,60,63.4078084561178,6.33393704728911,0.778801461356553,23.04,0,0,92,0
68,60,55.9848394197227,3.40685778943455,1.14759374879673,0,101,60000,0,1
68,60,55.9848394197227,3.40685778943455,1.14759374879673,15.89,0,0,370,0
68,60,55.9848394197227,3.40685778943455,1.14759374879673,16.9,0,0,269,0
68,60,55.9848394197227,3.40685778943455,1.14759374879673,17.25,0,0,370,0
68,60,55.9848394197227,3.40685778943455,1.14759374879673,23.15,0,0,301,0
69,60,100.585918624794,5.31350026307978,0.808031104815615,0,101,60000,0,1
69,60,100.585918624794,5.31350026307978,0.808031104815615,9.23,0,0,431,0
69,60,100.585918624794,5.31350026307978,0.808031104815615,12.32,0,0,376,0
69,60,100.585918624794,5.31350026307978,0.808031104815615,17.41,0,0,281,0
69,60,100.585918624794,5.31350026307978,0.808031104815615,18.46,0,0,263,0
70,60,64.9612725141487,4.03538785744795,0.77122235739181,0,101,60000,0,1
70,60,64.9612725141487,4.03538785744795,0.77122235739181,16.47,0,0,461,0
70,60,64.9612725141487,4.03538785744795,0.77122235739181,16.64,0,0,425,0
70,60,64.9612725141487,4.03538785744795,0.77122235739181,20.26,0,0,244,0
70,60,64.9612725141487,4.03538785744795,0.77122235739181,20.99,0,0,310,0
71,60,58.0066532934582,7.17117818060456,0.906355123789542,0,101,60000,0,1
71,60,58.0066532934582,7.17117818060456,0.906355123789542,4.1,0,0,530,0
71,60,58.0066532934582,7.17117818060456,0.906355123789542,12.48,0,0,333,0
71,60,58.0066532934582,7.17117818060456,0.906355123789542,21.84,0,0,92,0
71,60,58.0066532934582,7.17117818060456,0.906355123789542,22.75,0,0,77,0
72,60,104.276176710044,4.67652302412547,0.731351701684495,0,101,60000,0,1
72,60,104.276176710044,4.67652302412547,0.731351701684495,1.03,0,0,253,0
72,60,104.276176710044,4.67652302412547,0.731351701684495,4.43,0,0,418,0
72,60,104.276176710044,4.67652302412547,0.731351701684495,7.99,0,0,359,0
72,60,104.276176710044,4.67652302412547,0.731351701684495,17.71,0,0,254,0
73,60,67.2232192944308,3.02898260217908,0.413991227690706,0,101,60000,0,1
73,60,67.2232192944308,3.02898260217908,0.413991227690706,6.23,0,0,681,0
73,60,67.2232192944308,3.02898260217908,0.413991227690706,10.84,0,0,508,0
73,60,67.2232192944308,3.02898260217908,0.413991227690706,18.72,0,0,439,0
73,60,67.2232192944308,3.02898260217908,0.413991227690706,23.04,0,0,311,0
74,60,51.9487939606847,3.62154053264427,1.57304889555332,0,101,60000,0,1
74,60,51.9487939606847,3.62154053264427,1.57304889555332,8.1,0,0,846,0
74,60,51.9487939606847,3.62154053264427,1.57304889555332,13.17,0,0,591,0
74,60,51.9487939606847,3.62154053264427,1.57304889555332,18.45,0,0,435,0
74,60,51.9487939606847,3.62154053264427,1.57304889555332,18.99,0,0,328,0
75,60,75.89255248618,2.6366506517776,0.325894221137046,0,101,60000,0,1
75,60,75.89255248618,2.6366506517776,0.325894221137046,3.2,0,0,429,0
75,60,75.89255248618,2.6366506517776,0.325894221137046,5.79,0,0,768,0
75,60,75.89255248618,2.6366506517776,0.325894221137046,12.86,0,0,453,0
75,60,75.89255248618,2.6366506517776,0.325894221137046,19.38,0,0,458,0
76,60,106.652121588037,3.78566679289023,0.784860757259551,0,101,60000,0,1
76,60,106.652121588037,3.78566679289023,0.784860757259551,13.77,0,0,391,0
76,60,106.652121588037,3.78566679289023,0.784860757259551,16.24,0,0,333,0
76,60,106.652121588037,3.78566679289023,0.784860757259551,18.03,0,0,419,0
76,60,106.652121588037,3.78566679289023,0.784860757259551,21,0,0,389,0
77,60,91.0747431718382,6.13328709432301,0.714839150982469,0,101,60000,0,1
77,60,91.0747431718382,6.13328709432301,0.714839150982469,1.82,0,0,362,0
77,60,91.0747431718382,6.13328709432301,0.714839150982469,3.86,0,0,616,0
77,60,91.0747431718382,6.13328709432301,0.714839150982469,11.93,0,0,363,0
77,60,91.0747431718382,6.13328709432301,0.714839150982469,16.74,0,0,245,0
78,60,62.6084704286848,4.72825345960228,1.53895343045735,0,101,60000,0,1
78,60,62.6084704286848,4.72825345960228,1.53895343045735,3.71,0,0,990,0
78,60,62.6084704286848,4.72825345960228,1.53895343045735,17.67,0,0,251,0
78,60,62.6084704286848,4.72825345960228,1.53895343045735,19.08,0,0,239,0
78,60,62.6084704286848,4.72825345960228,1.53895343045735,23.56,0,0,137,0
79,60,76.9790064025874,3.53667940393685,1.02871868938708,0,101,60000,0,1
79,60,76.9790064025874,3.53667940393685,1.02871868938708,4.49,0,0,718,0
79,60,76.9790064025874,3.53667940393685,1.02871868938708,15.07,0,0,380,0
79,60,76.9790064025874,3.53667940393685,1.02871868938708,18.01,0,0,347,0
79,60,76.9790064025874,3.53667940393685,1.02871868938708,18.03,0,0,289,0
80,60,73.4097494853511,3.22185876572094,1.06668651938801,0,101,60000,0,1
80,60,73.4097494853511,3.22185876572094,1.06668651938801,1.14,0,0,615,0
80,60,73.4097494853511,3.22185876572094,1.06668651938801,12.63,0,0,363,0
80,60,73.4097494853511,3.22185876572094,1.06668651938801,22.32,0,0,331,0
80,60,73.4097494853511,3.22185876572094,1.06668651938801,23.55,0,0,322,0
81,60,65.4859536457744,3.97989740553704,1.10391709092319,0,101,60000,0,1
81,60,65.4859536457744,3.97989740553704,1.10391709092319,1.54,0,0,783,0
81,60,65.4859536457744,3.97989740553704,1.10391709092319,2.71,0,0,713,0
81,60,65.4859536457744,3.97989740553704,1.10391709092319,3.8,0,0,888,0
81,60,65.4859536457744,3.97989740553704,1.10391709092319,15.86,0,0,370,0
82,60,55.6697957949337,2.56523476217816,1.79651727368242,0,101,60000,0,1
82,60,55.6697957949337,2.56523476217816,1.79651727368242,3.06,0,0,946,0
82,60,55.6697957949337,2.56523476217816,1.79651727368242,3.42,0,0,1332,0
82,60,55.6697957949337,2.56523476217816,1.79651727368242,12.61,0,0,490,0
82,60,55.6697957949337,2.56523476217816,1.79651727368242,17.91,0,0,474,0
83,60,115.246976433658,3.78104304305315,0.632549165314257,0,101,60000,0,1
83,60,115.246976433658,3.78104304305315,0.632549165314257,4.15,0,0,400,0
83,60,115.246976433658,3.78104304305315,0.632549165314257,18.45,0,0,232,0
83,60,115.246976433658,3.78104304305315,0.632549165314257,18.49,0,0,264,0
83,60,115.246976433658,3.78104304305315,0.632549165314257,19.64,0,0,331,0
84,60,87.3558595889057,3.92154369801247,1.50459390891762,0,101,60000,0,1
84,60,87.3558595889057,3.92154369801247,1.50459390891762,4.26,0,0,614,0
84,60,87.3558595889057,3.92154369801247,1.50459390891762,14.28,0,0,412,0
84,60,87.3558595889057,3.92154369801247,1.50459390891762,21.36,0,0,239,0
84,60,87.3558595889057,3.92154369801247,1.50459390891762,22.84,0,0,244,0
85,60,78.3403513843571,4.38225775300229,1.27031237598673,0,101,60000,0,1
85,60,78.3403513843571,4.38225775300229,1.27031237598673,1.92,0,0,571,0
85,60,78.3403513843571,4.38225775300229,1.27031237598673,7.44,0,0,638,0
85,60,78.3403513843571,4.38225775300229,1.27031237598673,8.7,0,0,494,0
85,60,78.3403513843571,4.38225775300229,1.27031237598673,12.41,0,0,531,0
86,60,81.5244362638407,4.6924503977185,1.40442723198649,0,101,60000,0,1
86,60,81.5244362638407,4.6924503977185,1.40442723198649,4.06,0,0,549,0
86,60,81.5244362638407,4.6924503977185,1.40442723198649,8.09,0,0,456,0
86,60,81.5244362638407,4.6924503977185,1.40442723198649,18.71,0,0,258,0
86,60,81.5244362638407,4.6924503977185,1.40442723198649,22.04,0,0,337,0
87,60,58.2466949026002,4.38809959352473,0.96712424205199,0,101,60000,0,1
87,60,58.2466949026002,4.38809959352473,0.96712424205199,2.12,0,0,606,0
87,60,58.2466949026002,4.38809959352473,0.96712424205199,9.16,0,0,514,0
87,60,58.2466949026002,4.38809959352473,0.96712424205199,18.92,0,0,267,0
87,60,58.2466949026002,4.38809959352473,0.96712424205199,20.07,0,0,258,0
88,60,72.8902150437723,3.15374112906366,1.0313518056468,0,101,60000,0,1
88,60,72.8902150437723,3.15374112906366,1.0313518056468,7.05,0,0,445,0
88,60,72.8902150437723,3.15374112906366,1.0313518056468,8.57,0,0,541,0
88,60,72.8902150437723,3.15374112906366,1.0313518056468,12.69,0,0,670,0
88,60,72.8902150437723,3.15374112906366,1.0313518056468,14.96,0,0,338,0
89,60,101.025295092413,2.90780841823051,1.35471067517198,0,101,60000,0,1
89,60,101.025295092413,2.90780841823051,1.35471067517198,1.26,0,0,393,0
89,60,101.025295092413,2.90780841823051,1.35471067517198,3.25,0,0,511,0
89,60,101.025295092413,2.90780841823051,1.35471067517198,16.17,0,0,444,0
89,60,101.025295092413,2.90780841823051,1.35471067517198,21.61,0,0,433,0
90,60,114.399312430196,8.15535128021092,1.35529838169104,0,101,60000,0,1
90,60,114.399312430196,8.15535128021092,1.35529838169104,0.47,0,0,298,0
90,60,114.399312430196,8.15535128021092,1.35529838169104,2.25,0,0,466,0
90,60,114.399312430196,8.15535128021092,1.35529838169104,12.31,0,0,239,0
90,60,114.399312430196,8.15535128021092,1.35529838169104,23.18,0,0,121,0
91,120,66.5310958019936,3.54502041583881,1.03780339718191,0,101,120000,0,1
91,120,66.5310958019936,3.54502041583881,1.03780339718191,4.51,0,0,1475,0
91,120,66.5310958019936,3.54502041583881,1.03780339718191,8.29,0,0,776,0
91,120,66.5310958019936,3.54502041583881,1.03780339718191,20.42,0,0,702,0
91,120,66.5310958019936,3.54502041583881,1.03780339718191,23.06,0,0,516,0
92,120,49.6884118599545,3.94201147398223,1.07505604162544,0,101,120000,0,1
92,120,49.6884118599545,3.94201147398223,1.07505604162544,0.34,0,0,810,0
92,120,49.6884118599545,3.94201147398223,1.07505604162544,4.63,0,0,2008,0
92,120,49.6884118599545,3.94201147398223,1.07505604162544,7.9,0,0,895,0
92,120,49.6884118599545,3.94201147398223,1.07505604162544,12.15,0,0,940,0
93,120,54.9008723699411,3.63680833553308,1.87287449097677,0,101,120000,0,1
93,120,54.9008723699411,3.63680833553308,1.87287449097677,5.64,0,0,1562,0
93,120,54.9008723699411,3.63680833553308,1.87287449097677,15.3,0,0,709,0
93,120,54.9008723699411,3.63680833553308,1.87287449097677,22.36,0,0,318,0
93,120,54.9008723699411,3.63680833553308,1.87287449097677,23.6,0,0,791,0
94,120,76.0023306589238,2.78048741836975,0.673806557474828,0,101,120000,0,1
94,120,76.0023306589238,2.78048741836975,0.673806557474828,2.56,0,0,954,0
94,120,76.0023306589238,2.78048741836975,0.673806557474828,3.02,0,0,1192,0
94,120,76.0023306589238,2.78048741836975,0.673806557474828,8.15,0,0,1216,0
94,120,76.0023306589238,2.78048741836975,0.673806557474828,21.21,0,0,714,0
95,120,82.7913765020481,4.19195384744393,1.38243970499584,0,101,120000,0,1
95,120,82.7913765020481,4.19195384744393,1.38243970499584,8.91,0,0,985,0
95,120,82.7913765020481,4.19195384744393,1.38243970499584,10.45,0,0,996,0
95,120,82.7913765020481,4.19195384744393,1.38243970499584,12.83,0,0,852,0
95,120,82.7913765020481,4.19195384744393,1.38243970499584,13.54,0,0,878,0
96,120,92.0713856816225,2.47200555140049,1.48445215691866,0,101,120000,0,1
96,120,92.0713856816225,2.47200555140049,1.48445215691866,5.71,0,0,1165,0
96,120,92.0713856816225,2.47200555140049,1.48445215691866,12.15,0,0,933,0
96,120,92.0713856816225,2.47200555140049,1.48445215691866,16.38,0,0,835,0
96,120,92.0713856816225,2.47200555140049,1.48445215691866,19.1,0,0,1038,0
97,120,56.8999275502067,4.20377980819715,0.937192177717125,0,101,120000,0,1
97,120,56.8999275502067,4.20377980819715,0.937192177717125,4.28,0,0,2142,0
97,120,56.8999275502067,4.20377980819715,0.937192177717125,10.86,0,0,1304,0
97,120,56.8999275502067,4.20377980819715,0.937192177717125,13.51,0,0,803,0
97,120,56.8999275502067,4.20377980819715,0.937192177717125,15.45,0,0,951,0
98,120,84.1830799396318,3.40666134968819,0.92221331969114,0,101,120000,0,1
98,120,84.1830799396318,3.40666134968819,0.92221331969114,9.83,0,0,1234,0
98,120,84.1830799396318,3.40666134968819,0.92221331969114,11.8,0,0,1046,0
98,120,84.1830799396318,3.40666134968819,0.92221331969114,21.68,0,0,959,0
98,120,84.1830799396318,3.40666134968819,0.92221331969114,22.73,0,0,540,0
99,120,67.5077878346843,3.2141018630678,1.22059880584365,0,101,120000,0,1
99,120,67.5077878346843,3.2141018630678,1.22059880584365,3.08,0,0,1349,0
99,120,67.5077878346843,3.2141018630678,1.22059880584365,10.68,0,0,857,0
99,120,67.5077878346843,3.2141018630678,1.22059880584365,11.64,0,0,876,0
99,120,67.5077878346843,3.2141018630678,1.22059880584365,19.7,0,0,818,0
100,120,45.2722240957435,3.30764855144237,1.01644610539481,0,101,120000,0,1
100,120,45.2722240957435,3.30764855144237,1.01644610539481,10.03,0,0,1185,0
100,120,45.2722240957435,3.30764855144237,1.01644610539481,13.03,0,0,866,0
100,120,45.2722240957435,3.30764855144237,1.01644610539481,19.62,0,0,711,0
100,120,45.2722240957435,3.30764855144237,1.01644610539481,23.74,0,0,917,0
101,120,56.7269026384475,5.20661526138269,1.0824515777854,0,101,120000,0,1
101,120,56.7269026384475,5.20661526138269,1.0824515777854,11.03,0,0,1022,0
101,120,56.7269026384475,5.20661526138269,1.0824515777854,21.48,0,0,256,0
101,120,56.7269026384475,5.20661526138269,1.0824515777854,21.6,0,0,389,0
101,120,56.7269026384475,5.20661526138269,1.0824515777854,22.83,0,0,254,0
102,120,92.7107781309188,3.81464302190757,0.745281856887304,0,101,120000,0,1
102,120,92.7107781309188,3.81464302190757,0.745281856887304,0.26,0,0,188,0
102,120,92.7107781309188,3.81464302190757,0.745281856887304,6.17,0,0,1586,0
102,120,92.7107781309188,3.81464302190757,0.745281856887304,8.79,0,0,1011,0
102,120,92.7107781309188,3.81464302190757,0.745281856887304,20.94,0,0,527,0
103,120,56.6853163375935,4.46272086366366,1.01612031073986,0,101,120000,0,1
103,120,56.6853163375935,4.46272086366366,1.01612031073986,6.08,0,0,1608,0
103,120,56.6853163375935,4.46272086366366,1.01612031073986,12.37,0,0,887,0
103,120,56.6853163375935,4.46272086366366,1.01612031073986,13.03,0,0,948,0
103,120,56.6853163375935,4.46272086366366,1.01612031073986,19.54,0,0,459,0
104,120,45.6711973040145,4.98676518855853,1.20923901338434,0,101,120000,0,1
104,120,45.6711973040145,4.98676518855853,1.20923901338434,12.84,0,0,661,0
104,120,45.6711973040145,4.98676518855853,1.20923901338434,17.72,0,0,496,0
104,120,45.6711973040145,4.98676518855853,1.20923901338434,21.22,0,0,343,0
104,120,45.6711973040145,4.98676518855853,1.20923901338434,21.71,0,0,299,0
105,120,58.8701684995748,4.69820076514134,0.530988512529985,0,101,120000,0,1
105,120,58.8701684995748,4.69820076514134,0.530988512529985,5.01,0,0,1588,0
105,120,58.8701684995748,4.69820076514134,0.530988512529985,9.63,0,0,780,0
105,120,58.8701684995748,4.69820076514134,0.530988512529985,10.83,0,0,1198,0
105,120,58.8701684995748,4.69820076514134,0.530988512529985,18.64,0,0,642,0
106,120,76.3766806766539,5.40044291658435,0.863324290227676,0,101,120000,0,1
106,120,76.3766806766539,5.40044291658435,0.863324290227676,0.56,0,0,445,0
106,120,76.3766806766539,5.40044291658435,0.863324290227676,5.07,0,0,1087,0
106,120,76.3766806766539,5.40044291658435,0.863324290227676,7.65,0,0,1233,0
106,120,76.3766806766539,5.40044291658435,0.863324290227676,20.65,0,0,522,0
107,120,51.3130993053591,4.53537966013585,0.981251739576398,0,101,120000,0,1
107,120,51.3130993053591,4.53537966013585,0.981251739576398,5.58,0,0,1758,0
107,120,51.3130993053591,4.53537966013585,0.981251739576398,13.23,0,0,692,0
107,120,51.3130993053591,4.53537966013585,0.981251739576398,19.1,0,0,625,0
107,120,51.3130993053591,4.53537966013585,0.981251739576398,23.64,0,0,413,0
108,120,80.9249037972175,4.50955335498343,0.49802940059399,0,101,120000,0,1
108,120,80.9249037972175,4.50955335498343,0.49802940059399,0.71,0,0,357,0
108,120,80.9249037972175,4.50955335498343,0.49802940059399,3.95,0,0,1656,0
108,120,80.9249037972175,4.50955335498343,0.49802940059399,20.53,0,0,520,0
108,120,80.9249037972175,4.50955335498343,0.49802940059399,23.26,0,0,379,0
109,120,113.507981965172,5.01720529238675,0.963174485462462,0,101,120000,0,1
109,120,113.507981965172,5.01720529238675,0.963174485462462,4.87,0,0,846,0
109,120,113.507981965172,5.01720529238675,0.963174485462462,8.75,0,0,563,0
109,120,113.507981965172,5.01720529238675,0.963174485462462,10.02,0,0,655,0
109,120,113.507981965172,5.01720529238675,0.963174485462462,20.47,0,0,478,0
110,120,101.895203301291,4.02657967742761,1.49902554449567,0,101,120000,0,1
110,120,101.895203301291,4.02657967742761,1.49902554449567,4.72,0,0,767,0
110,120,101.895203301291,4.02657967742761,1.49902554449567,14.38,0,0,808,0
110,120,101.895203301291,4.02657967742761,1.49902554449567,16.1,0,0,544,0
110,120,101.895203301291,4.02657967742761,1.49902554449567,17.25,0,0,609,0
111,120,83.79346929481,3.3943796099662,1.203335845999,0,101,120000,0,1
111,120,83.79346929481,3.3943796099662,1.203335845999,4.5,0,0,1650,0
111,120,83.79346929481,3.3943796099662,1.203335845999,10.58,0,0,871,0
111,120,83.79346929481,3.3943796099662,1.203335845999,15.93,0,0,730,0
111,120,83.79346929481,3.3943796099662,1.203335845999,19.11,0,0,539,0
112,120,63.0212376825684,4.4594591457898,0.776673806237626,0,101,120000,0,1
112,120,63.0212376825684,4.4594591457898,0.776673806237626,4.75,0,0,1364,0
112,120,63.0212376825684,4.4594591457898,0.776673806237626,16.06,0,0,772,0
112,120,63.0212376825684,4.4594591457898,0.776673806237626,16.79,0,0,505,0
112,120,63.0212376825684,4.4594591457898,0.776673806237626,17.56,0,0,783,0
113,120,55.9395259008298,3.30385672104316,1.71135832887174,0,101,120000,0,1
113,120,55.9395259008298,3.30385672104316,1.71135832887174,4.64,0,0,2095,0
113,120,55.9395259008298,3.30385672104316,1.71135832887174,8.07,0,0,1263,0
113,120,55.9395259008298,3.30385672104316,1.71135832887174,9.51,0,0,1290,0
113,120,55.9395259008298,3.30385672104316,1.71135832887174,10.3,0,0,860,0
114,120,73.12087709582,4.25916476860165,1.23206916208233,0,101,120000,0,1
114,120,73.12087709582,4.25916476860165,1.23206916208233,9.92,0,0,1234,0
114,120,73.12087709582,4.25916476860165,1.23206916208233,20.34,0,0,558,0
114,120,73.12087709582,4.25916476860165,1.23206916208233,21.24,0,0,680,0
114,120,73.12087709582,4.25916476860165,1.23206916208233,22.31,0,0,473,0
115,120,80.0673274234029,4.71154130714186,0.985925507464815,0,101,120000,0,1
115,120,80.0673274234029,4.71154130714186,0.985925507464815,1.04,0,0,982,0
115,120,80.0673274234029,4.71154130714186,0.985925507464815,3.99,0,0,1521,0
115,120,80.0673274234029,4.71154130714186,0.985925507464815,17.49,0,0,624,0
115,120,80.0673274234029,4.71154130714186,0.985925507464815,19.18,0,0,505,0
116,120,76.789275755491,2.81276996038399,0.922272485458444,0,101,120000,0,1
116,120,76.789275755491,2.81276996038399,0.922272485458444,8.64,0,0,1239,0
116,120,76.789275755491,2.81276996038399,0.922272485458444,13.4,0,0,1286,0
116,120,76.789275755491,2.81276996038399,0.922272485458444,13.76,0,0,805,0
116,120,76.789275755491,2.81276996038399,0.922272485458444,23.85,0,0,581,0
117,120,62.8782897593194,4.53145057272478,1.34756953579813,0,101,120000,0,1
117,120,62.8782897593194,4.53145057272478,1.34756953579813,2.77,0,0,2017,0
117,120,62.8782897593194,4.53145057272478,1.34756953579813,7.31,0,0,1649,0
117,120,62.8782897593194,4.53145057272478,1.34756953579813,19.54,0,0,424,0
117,120,62.8782897593194,4.53145057272478,1.34756953579813,20.95,0,0,388,0
118,120,50.7043383334014,4.33533464529168,0.780851911749418,0,101,120000,0,1
118,120,50.7043383334014,4.33533464529168,0.780851911749418,12.42,0,0,978,0
118,120,50.7043383334014,4.33533464529168,0.780851911749418,14.37,0,0,1036,0
118,120,50.7043383334014,4.33533464529168,0.780851911749418,16.68,0,0,501,0
118,120,50.7043383334014,4.33533464529168,0.780851911749418,20.36,0,0,463,0
119,120,56.759342862119,2.70433433763009,0.839012197404412,0,101,120000,0,1
119,120,56.759342862119,2.70433433763009,0.839012197404412,0.46,0,0,682,0
119,120,56.759342862119,2.70433433763009,0.839012197404412,6.78,0,0,2144,0
119,120,56.759342862119,2.70433433763009,0.839012197404412,19.09,0,0,1071,0
119,120,56.759342862119,2.70433433763009,0.839012197404412,21.09,0,0,1070,0
120,120,69.0994803834604,6.10582580004928,1.56241482486814,0,101,120000,0,1
120,120,69.0994803834604,6.10582580004928,1.56241482486814,1.72,0,0,1542,0
120,120,69.0994803834604,6.10582580004928,1.56241482486814,9.98,0,0,771,0
120,120,69.0994803834604,6.10582580004928,1.56241482486814,13.51,0,0,884,0
120,120,69.0994803834604,6.10582580004928,1.56241482486814,17.76,0,0,364,0
