ID,DOSE,V,CL,KA,TIME,EVID,AMT,DV,EVIDNM
1,10,71.1767443844913,5.22026794972327,1.14146044754409,0,101,10000,0,1
1,10,71.1767443844913,5.22026794972327,1.14146044754409,3.46,0,0,135,0
1,10,71.1767443844913,5.22026794972327,1.14146044754409,3.93,0,0,138,0
1,10,71.1767443844913,5.22026794972327,1.14146044754409,11.51,0,0,97,0
1,10,71.1767443844913,5.22026794972327,1.14146044754409,15.01,0,0,38,0
2,10,54.1298732092447,3.782406157654,1.46797946018922,0,101,10000,0,1
2,10,54.1298732092447,3.782406157654,1.46797946018922,3.19,0,0,179,0
2,10,54.1298732092447,3.782406157654,1.46797946018922,4.98,0,0,135,0
2,10,54.1298732092447,3.782406157654,1.46797946018922,6.77,0,0,132,0
2,10,54.1298732092447,3.782406157654,1.46797946018922,23.84,0,0,33,0
3,10,104.247070196593,5.24797970461063,0.87472448144289,0,101,10000,0,1
3,10,104.247070196593,5.24797970461063,0.87472448144289,0.32,0,0,19,0
3,10,104.247070196593,5.24797970461063,0.87472448144289,8.38,0,0,76,0
3,10,104.247070196593,5.24797970461063,0.87472448144289,13.4,0,0,58,0
3,10,104.247070196593,5.24797970461063,0.87472448144289,20.92,0,0,38,0
4,10,107.676340560538,2.99021241601903,1.44218754262127,0,101,10000,0,1
4,10,107.676340560538,2.99021241601903,1.44218754262127,3.12,0,0,102,0
4,10,107.676340560538,2.99021241601903,1.44218754262127,12.98,0,0,47,0
4,10,107.676340560538,2.99021241601903,1.44218754262127,13.78,0,0,60,0
4,10,107.676340560538,2.99021241601903,1.44218754262127,16.69,0,0,48,0
5,10,83.785548786682,3.52082441940561,1.75260503068361,0,101,10000,0,1
5,10,83.785548786682,3.52082441940561,1.75260503068361,2.96,0,0,80,0
5,10,83.785548786682,3.52082441940561,1.75260503068361,6.6,0,0,131,0
5,10,83.785548786682,3.52082441940561,1.75260503068361,12.95,0,0,101,0
5,10,83.785548786682,3.52082441940561,1.75260503068361,18.84,0,0,70,0
6,10,74.8539546743402,5.14028446918603,0.689626949986627,0,101,10000,0,1
6,10,74.8539546743402,5.14028446918603,0.689626949986627,0.02,0,0,2,0
6,10,74.8539546743402,5.14028446918603,0.689626949986627,12.47,0,0,86,0
6,10,74.8539546743402,5.14028446918603,0.689626949986627,19.84,0,0,30,0
6,10,74.8539546743402,5.14028446918603,0.689626949986627,20.73,0,0,45,0
7,10,55.376257751844,5.91330973596747,0.979475547834978,0,101,10000,0,1
7,10,55.376257751844,5.91330973596747,0.979475547834978,7.22,0,0,96,0
7,10,55.376257751844,5.91330973596747,0.979475547834978,12.3,0,0,51,0
7,10,55.376257751844,5.91330973596747,0.979475547834978,12.59,0,0,45,0
7,10,55.376257751844,5.91330973596747,0.979475547834978,21.89,0,0,21,0
8,10,79.9914110122058,4.76123144549068,0.713381806050316,0,101,10000,0,1
8,10,79.9914110122058,4.76123144549068,0.713381806050316,7.62,0,0,81,0
8,10,79.9914110122058,4.76123144549068,0.713381806050316,10.04,0,0,68,0
8,10,79.9914110122058,4.76123144549068,0.713381806050316,10.27,0,0,88,0
8,10,79.9914110122058,4.76123144549068,0.713381806050316,16.94,0,0,53,0
9,10,105.568876687773,3.63134966778233,1.02024862349372,0,101,10000,0,1
9,10,105.568876687773,3.63134966778233,1.02024862349372,1.29,0,0,91,0
9,10,105.568876687773,3.63134966778233,1.02024862349372,3.43,0,0,78,0
9,10,105.568876687773,3.63134966778233,1.02024862349372,6.82,0,0,62,0
9,10,105.568876687773,3.63134966778233,1.02024862349372,14.01,0,0,67,0
10,10,93.4134653982583,6.14338008028549,1.09745941719093,0,101,10000,0,1
10,10,93.4134653982583,6.14338008028549,1.09745941719093,2.41,0,0,108,0
10,10,93.4134653982583,6.14338008028549,1.09745941719093,2.73,0,0,82,0
10,10,93.4134653982583,6.14338008028549,1.09745941719093,8.31,0,0,61,0
10,10,93.4134653982583,6.14338008028549,1.09745941719093,11.88,0,0,49,0
11,10,60.2864048885343,4.22609610345255,1.49815609555139,0,101,10000,0,1
11,10,60.2864048885343,4.22609610345255,1.49815609555139,3.88,0,0,120,0
11,10,60.2864048885343,4.22609610345255,1.49815609555139,5.01,0,0,110,0
11,10,60.2864048885343,4.22609610345255,1.49815609555139,15.71,0,0,61,0
11,10,60.2864048885343,4.22609610345255,1.49815609555139,19.95,0,0,52,0
12,10,72.5443520925389,3.76062850736046,1.13393120227926,0,101,10000,0,1
12,10,72.5443520925389,3.76062850736046,1.13393120227926,2.97,0,0,146,0
12,10,72.5443520925389,3.76062850736046,1.13393120227926,4.4,0,0,121,0
12,10,72.5443520925389,3.76062850736046,1.13393120227926,5.47,0,0,125,0
12,10,72.5443520925389,3.76062850736046,1.13393120227926,11.77,0,0,76,0
13,10,69.3277978055323,4.11207530593983,0.987938949072071,0,101,10000,0,1
13,10,69.3277978055323,4.11207530593983,0.987938949072071,4.65,0,0,113,0
13,10,69.3277978055323,4.11207530593983,0.987938949072071,16.08,0,0,56,0
13,10,69.3277978055323,4.11207530593983,0.987938949072071,18.82,0,0,58,0
13,10,69.3277978055323,4.11207530593983,0.987938949072071,19.49,0,0,58,0
14,10,72.4826281324825,6.76972423485068,0.707248557868001,0,101,10000,0,1
14,10,72.4826281324825,6.76972423485068,0.707248557868001,3.85,0,0,111,0
14,10,72.4826281324825,6.76972423485068,0.707248557868001,5,0,0,121,0
14,10,72.4826281324825,6.76972423485068,0.707248557868001,17.7,0,0,30,0
14,10,72.4826281324825,6.76972423485068,0.707248557868001,23.78,0,0,15,0
15,10,44.5716426083529,6.47517304561049,1.91749691246462,0,101,10000,0,1
15,10,44.5716426083529,6.47517304561049,1.91749691246462,1.59,0,0,190,0
15,10,44.5716426083529,6.47517304561049,1.91749691246462,6.58,0,0,86,0
15,10,44.5716426083529,6.47517304561049,1.91749691246462,15.24,0,0,29,0
15,10,44.5716426083529,6.47517304561049,1.91749691246462,22.17,0,0,10,0
16,10,66.2323112149076,3.32540410978104,0.850769472699935,0,101,10000,0,1
16,10,66.2323112149076,3.32540410978104,0.850769472699935,2.41,0,0,98,0
16,10,66.2323112149076,3.32540410978104,0.850769472699935,5.4,0,0,144,0
16,10,66.2323112149076,3.32540410978104,0.850769472699935,11.77,0,0,84,0
16,10,66.2323112149076,3.32540410978104,0.850769472699935,13.33,0,0,86,0
17,10,58.3286085775052,4.43556734429051,0.80465783634889,0,101,10000,0,1
17,10,58.3286085775052,4.43556734429051,0.80465783634889,3.27,0,0,110,0
17,10,58.3286085775052,4.43556734429051,0.80465783634889,9.7,0,0,72,0
17,10,58.3286085775052,4.43556734429051,0.80465783634889,13.48,0,0,82,0
17,10,58.3286085775052,4.43556734429051,0.80465783634889,21.85,0,0,34,0
18,10,82.6866023051212,4.52157833076237,1.11068020745095,0,101,10000,0,1
18,10,82.6866023051212,4.52157833076237,1.11068020745095,1.43,0,0,96,0
18,10,82.6866023051212,4.52157833076237,1.11068020745095,6.22,0,0,99,0
18,10,82.6866023051212,4.52157833076237,1.11068020745095,9.21,0,0,71,0
18,10,82.6866023051212,4.52157833076237,1.11068020745095,21.39,0,0,31,0
19,10,100.89710437808,4.11932791607769,1.38160631827056,0,101,10000,0,1
19,10,100.89710437808,4.11932791607769,1.38160631827056,6.07,0,0,75,0
19,10,100.89710437808,4.11932791607769,1.38160631827056,8.53,0,0,52,0
19,10,100.89710437808,4.11932791607769,1.38160631827056,18.28,0,0,43,0
19,10,100.89710437808,4.11932791607769,1.38160631827056,19.56,0,0,42,0
20,10,58.8868132030502,2.97515493921038,1.00622584321164,0,101,10000,0,1
20,10,58.8868132030502,2.97515493921038,1.00622584321164,1.42,0,0,150,0
20,10,58.8868132030502,2.97515493921038,1.00622584321164,4.07,0,0,182,0
20,10,58.8868132030502,2.97515493921038,1.00622584321164,4.16,0,0,103,0
20,10,58.8868132030502,2.97515493921038,1.00622584321164,4.56,0,0,117,0
21,10,69.3348091164044,2.36598965090589,1.35938575854556,0,101,10000,0,1
21,10,69.3348091164044,2.36598965090589,1.35938575854556,8.83,0,0,131,0
21,10,69.3348091164044,2.36598965090589,1.35938575854556,10.05,0,0,92,0
21,10,69.3348091164044,2.36598965090589,1.35938575854556,13.56,0,0,77,0
21,10,69.3348091164044,2.36598965090589,1.35938575854556,15.26,0,0,96,0
22,10,47.9263044025055,4.27124275525575,1.33531757358339,0,101,10000,0,1
22,10,47.9263044025055,4.27124275525575,1.33531757358339,1.83,0,0,178,0
22,10,47.9263044025055,4.27124275525575,1.33531757358339,7.95,0,0,144,0
22,10,47.9263044025055,4.27124275525575,1.33531757358339,12.64,0,0,58,0
22,10,47.9263044025055,4.27124275525575,1.33531757358339,14.96,0,0,55,0
23,10,57.2281996579749,8.81859869716332,1.34577127904299,0,101,10000,0,1
23,10,57.2281996579749,8.81859869716332,1.34577127904299,0.9,0,0,104,0
23,10,57.2281996579749,8.81859869716332,1.34577127904299,4.46,0,0,88,0
23,10,57.2281996579749,8.81859869716332,1.34577127904299,13.08,0,0,24,0
23,10,57.2281996579749,8.81859869716332,1.34577127904299,19.45,0,0,8,0
24,10,46.9335740118174,4.47181814696205,1.1061424257434,0,101,10000,0,1
24,10,46.9335740118174,4.47181814696205,1.1061424257434,8.1,0,0,94,0
24,10,46.9335740118174,4.47181814696205,1.1061424257434,10.21,0,0,96,0
24,10,46.9335740118174,4.47181814696205,1.1061424257434,14.6,0,0,61,0
24,10,46.9335740118174,4.47181814696205,1.1061424257434,18.36,0,0,37,0
25,10,51.4511673408783,5.35727854253386,1.5268470381496,0,101,10000,0,1
25,10,51.4511673408783,5.35727854253386,1.5268470381496,1.03,0,0,125,0
25,10,51.4511673408783,5.35727854253386,1.5268470381496,4.42,0,0,160,0
25,10,51.4511673408783,5.35727854253386,1.5268470381496,19.93,0,0,26,0
25,10,51.4511673408783,5.35727854253386,1.5268470381496,19.97,0,0,26,0
26,10,86.7839070140265,6.9368500352745,1.09818647713648,0,101,10000,0,1
26,10,86.7839070140265,6.9368500352745,1.09818647713648,14.22,0,0,48,0
26,10,86.7839070140265,6.9368500352745,1.09818647713648,15.67,0,0,35,0
26,10,86.7839070140265,6.9368500352745,1.09818647713648,17.32,0,0,41,0
26,10,86.7839070140265,6.9368500352745,1.09818647713648,20.17,0,0,27,0
27,10,104.830663723974,2.15214068822274,1.48567241092585,0,101,10000,0,1
27,10,104.830663723974,2.15214068822274,1.48567241092585,6.46,0,0,68,0
27,10,104.830663723974,2.15214068822274,1.48567241092585,9.02,0,0,91,0
27,10,104.830663723974,2.15214068822274,1.48567241092585,13.28,0,0,65,0
27,10,104.830663723974,2.15214068822274,1.48567241092585,22.57,0,0,61,0
28,10,71.8094325440128,2.79129094868933,1.28261599796457,0,101,10000,0,1
28,10,71.8094325440128,2.79129094868933,1.28261599796457,8.38,0,0,80,0
28,10,71.8094325440128,2.79129094868933,1.28261599796457,9.49,0,0,105,0
28,10,71.8094325440128,2.79129094868933,1.28261599796457,12.2,0,0,80,0
28,10,71.8094325440128,2.79129094868933,1.28261599796457,23.9,0,0,80,0
29,10,79.5448135171832,5.08205651338788,1.4051041317116,0,101,10000,0,1
29,10,79.5448135171832,5.08205651338788,1.4051041317116,4.12,0,0,93,0
29,10,79.5448135171832,5.08205651338788,1.4051041317116,10.35,0,0,96,0
29,10,79.5448135171832,5.08205651338788,1.4051041317116,15.6,0,0,49,0
29,10,79.5448135171832,5.08205651338788,1.4051041317116,23.11,0,0,30,0
30,10,92.5893430948105,3.5436886305637,1.30197694320066,0,101,10000,0,1
30,10,92.5893430948105,3.5436886305637,1.30197694320066,2.06,0,0,77,0
30,10,92.5893430948105,3.5436886305637,1.30197694320066,2.34,0,0,70,0
30,10,92.5893430948105,3.5436886305637,1.30197694320066,4.2,0,0,70,0
30,10,92.5893430948105,3.5436886305637,1.30197694320066,7.45,0,0,114,0
31,30,83.778319767189,3.83582636527035,1.52170320759078,0,101,30000,0,1
31,30,83.778319767189,3.83582636527035,1.52170320759078,8.44,0,0,227,0
31,30,83.778319767189,3.83582636527035,1.52170320759078,11.62,0,0,268,0
31,30,83.778319767189,3.83582636527035,1.52170320759078,16.86,0,0,178,0
31,30,83.778319767189,3.83582636527035,1.52170320759078,19.19,0,0,152,0
32,30,77.5471546795375,4.87807349124036,0.51681824089455,0,101,30000,0,1
32,30,77.5471546795375,4.87807349124036,0.51681824089455,3.77,0,0,267,0
32,30,77.5471546795375,4.87807349124036,0.51681824089455,4.08,0,0,262,0
32,30,77.5471546795375,4.87807349124036,0.51681824089455,5.07,0,0,242,0
32,30,77.5471546795375,4.87807349124036,0.51681824089455,5.27,0,0,305,0
33,30,48.2298340979765,2.41421635686167,0.6027757010422,0,101,30000,0,1
33,30,48.2298340979765,2.41421635686167,0.6027757010422,3.29,0,0,630,0
33,30,48.2298340979765,2.41421635686167,0.6027757010422,15.53,0,0,277,0
33,30,48.2298340979765,2.41421635686167,0.6027757010422,16.43,0,0,395,0
33,30,48.2298340979765,2.41421635686167,0.6027757010422,22.87,0,0,266,0
34,30,92.4790123959926,3.03948493420477,0.83167190470839,0,101,30000,0,1
34,30,92.4790123959926,3.03948493420477,0.83167190470839,2.68,0,0,526,0
34,30,92.4790123959926,3.03948493420477,0.83167190470839,12.41,0,0,296,0
34,30,92.4790123959926,3.03948493420477,0.83167190470839,13.67,0,0,177,0
34,30,92.4790123959926,3.03948493420477,0.83167190470839,18.68,0,0,207,0
35,30,60.4474403588799,5.70811064680299,1.1327476100417,0,101,30000,0,1
35,30,60.4474403588799,5.70811064680299,1.1327476100417,6.33,0,0,293,0
35,30,60.4474403588799,5.70811064680299,1.1327476100417,8.12,0,0,357,0
35,30,60.4474403588799,5.70811064680299,1.1327476100417,9.1,0,0,221,0
35,30,60.4474403588799,5.70811064680299,1.1327476100417,15.11,0,0,144,0
36,30,69.927447195306,7.31687812368902,1.72837571183151,0,101,30000,0,1
36,30,69.927447195306,7.31687812368902,1.72837571183151,0.42,0,0,255,0
36,30,69.927447195306,7.31687812368902,1.72837571183151,2.2,0,0,417,0
36,30,69.927447195306,7.31687812368902,1.72837571183151,9.43,0,0,153,0
36,30,69.927447195306,7.31687812368902,1.72837571183151,14.94,0,0,85,0
37,30,53.3938026350199,6.25127291694091,0.82001168467467,0,101,30000,0,1
37,30,53.3938026350199,6.25127291694091,0.82001168467467,7.3,0,0,237,0
37,30,53.3938026350199,6.25127291694091,0.82001168467467,11.41,0,0,152,0
37,30,53.3938026350199,6.25127291694091,0.82001168467467,12.76,0,0,220,0
37,30,53.3938026350199,6.25127291694091,0.82001168467467,17.51,0,0,99,0
38,30,80.3345129277976,3.64615561649031,0.738132093661197,0,101,30000,0,1
38,30,80.3345129277976,3.64615561649031,0.738132093661197,8.92,0,0,265,0
38,30,80.3345129277976,3.64615561649031,0.738132093661197,9.57,0,0,361,0
38,30,80.3345129277976,3.64615561649031,0.738132093661197,16.29,0,0,179,0
38,30,80.3345129277976,3.64615561649031,0.738132093661197,17.85,0,0,175,0
39,30,65.3929697297738,5.85943387359043,1.28923946241471,0,101,30000,0,1
39,30,65.3929697297738,5.85943387359043,1.28923946241471,1.72,0,0,387,0
39,30,65.3929697297738,5.85943387359043,1.28923946241471,13.62,0,0,183,0
39,30,65.3929697297738,5.85943387359043,1.28923946241471,18.58,0,0,106,0
39,30,65.3929697297738,5.85943387359043,1.28923946241471,21.48,0,0,61,0
40,30,68.4212054093992,3.00677461009832,0.965891849799964,0,101,30000,0,1
40,30,68.4212054093992,3.00677461009832,0.965891849799964,11.76,0,0,283,0
40,30,68.4212054093992,3.00677461009832,0.965891849799964,11.9,0,0,332,0
40,30,68.4212054093992,3.00677461009832,0.965891849799964,12.02,0,0,389,0
40,30,68.4212054093992,3.00677461009832,0.965891849799964,14.01,0,0,300,0
41,30,92.909928610393,4.78921727467455,0.679189203604408,0,101,30000,0,1
41,30,92.909928610393,4.78921727467455,0.679189203604408,1.44,0,0,114,0
41,30,92.909928610393,4.78921727467455,0.679189203604408,6.08,0,0,210,0
41,30,92.909928610393,4.78921727467455,0.679189203604408,11.66,0,0,118,0
41,30,92.909928610393,4.78921727467455,0.679189203604408,21.37,0,0,93,0
42,30,100.015650412345,3.00833026582234,0.886223480198762,0,101,30000,0,1
42,30,100.015650412345,3.00833026582234,0.886223480198762,4.98,0,0,362,0
42,30,100.015650412345,3.00833026582234,0.886223480198762,6.46,0,0,289,0
42,30,100.015650412345,3.00833026582234,0.886223480198762,14.33,0,0,239,0
42,30,100.015650412345,3.00833026582234,0.886223480198762,15.84,0,0,238,0
43,30,86.2038761493068,3.72845710191165,1.1519235070197,0,101,30000,0,1
43,30,86.2038761493068,3.72845710191165,1.1519235070197,1.75,0,0,354,0
43,30,86.2038761493068,3.72845710191165,1.1519235070197,4.8,0,0,270,0
43,30,86.2038761493068,3.72845710191165,1.1519235070197,13.85,0,0,205,0
43,30,86.2038761493068,3.72845710191165,1.1519235070197,21.15,0,0,141,0
44,30,66.8716496356506,5.23413798861649,1.19152264593696,0,101,30000,0,1
44,30,66.8716496356506,5.23413798861649,1.19152264593696,3.36,0,0,314,0
44,30,66.8716496356506,5.23413798861649,1.19152264593696,6.23,0,0,420,0
44,30,66.8716496356506,5.23413798861649,1.19152264593696,17.08,0,0,107,0
44,30,66.8716496356506,5.23413798861649,1.19152264593696,18.52,0,0,146,0
45,30,66.1877716274194,3.94626188073184,0.46485440345021,0,101,30000,0,1
45,30,66.1877716274194,3.94626188073184,0.46485440345021,1.07,0,0,222,0
45,30,66.1877716274194,3.94626188073184,0.46485440345021,1.66,0,0,232,0
45,30,66.1877716274194,3.94626188073184,0.46485440345021,3.72,0,0,417,0
45,30,66.1877716274194,3.94626188073184,0.46485440345021,15.63,0,0,157,0
46,30,60.1576774517385,4.38506603468519,0.853350003679695,0,101,30000,0,1
46,30,60.1576774517385,4.38506603468519,0.853350003679695,0.81,0,0,203,0
46,30,60.1576774517385,4.38506603468519,0.853350003679695,18.14,0,0,131,0
46,30,60.1576774517385,4.38506603468519,0.853350003679695,19.33,0,0,147,0
46,30,60.1576774517385,4.38506603468519,0.853350003679695,22.52,0,0,123,0
47,30,65.4996495969647,5.29548268759665,1.0460549858286,0,101,30000,0,1
47,30,65.4996495969647,5.29548268759665,1.0460549858286,0.15,0,0,58,0
47,30,65.4996495969647,5.29548268759665,1.0460549858286,2.06,0,0,313,0
47,30,65.4996495969647,5.29548268759665,1.0460549858286,14.47,0,0,138,0
47,30,65.4996495969647,5.29548268759665,1.0460549858286,18.41,0,0,143,0
48,30,71.3983631230065,4.70511739983183,0.706116009658151,0,101,30000,0,1
48,30,71.3983631230065,4.70511739983183,0.706116009658151,1.85,0,0,287,0
48,30,71.3983631230065,4.70511739983183,0.706116009658151,2.78,0,0,429,0
48,30,71.3983631230065,4.70511739983183,0.706116009658151,13.03,0,0,197,0
48,30,71.3983631230065,4.70511739983183,0.706116009658151,16.21,0,0,205,0
49,30,89.2747669430465,5.4553531755071,0.953008584354368,0,101,30000,0,1
49,30,89.2747669430465,5.4553531755071,0.953008584354368,7.77,0,0,190,0
49,30,89.2747669430465,5.4553531755071,0.953008584354368,9.93,0,0,152,0
49,30,89.2747669430465,5.4553531755071,0.953008584354368,11.16,0,0,234,0
49,30,89.2747669430465,5.4553531755071,0.953008584354368,15.11,0,0,150,0
50,30,60.5632696100557,5.72512356573923,0.912991642627303,0,101,30000,0,1
50,30,60.5632696100557,5.72512356573923,0.912991642627303,5.54,0,0,389,0
50,30,60.5632696100557,5.72512356573923,0.912991642627303,10.82,0,0,134,0
50,30,60.5632696100557,5.72512356573923,0.912991642627303,20.31,0,0,76,0
50,30,60.5632696100557,5.72512356573923,0.912991642627303,21.86,0,0,69,0
51,30,71.8763193946038,3.98226696021743,0.783958028903878,0,101,30000,0,1
51,30,71.8763193946038,3.98226696021743,0.783958028903878,4.89,0,0,350,0
51,30,71.8763193946038,3.98226696021743,0.783958028903878,9.56,0,0,229,0
51,30,71.8763193946038,3.98226696021743,0.783958028903878,10.54,0,0,250,0
51,30,71.8763193946038,3.98226696021743,0.783958028903878,21.17,0,0,143,0
52,30,70.326945682114,4.09837896332197,1.25758913800919,0,101,30000,0,1
52,30,70.326945682114,4.09837896332197,1.25758913800919,0.42,0,0,167,0
52,30,70.326945682114,4.09837896332197,1.25758913800919,9.61,0,0,294,0
52,30,70.326945682114,4.09837896332197,1.25758913800919,16.74,0,0,154,0
52,30,70.326945682114,4.09837896332197,1.25758913800919,17.68,0,0,142,0
53,30,76.4556569615812,3.66017588009559,0.715788968164473,0,101,30000,0,1
53,30,76.4556569615812,3.66017588009559,0.715788968164473,1.93,0,0,275,0
53,30,76.4556569615812,3.66017588009559,0.715788968164473,8.52,0,0,358,0
53,30,76.4556569615812,3.66017588009559,0.715788968164473,17.74,0,0,195,0
53,30,76.4556569615812,3.66017588009559,0.715788968164473,22.96,0,0,114,0
54,30,47.5636303403208,3.09014210460092,0.857422833202811,0,101,30000,0,1
54,30,47.5636303403208,3.09014210460092,0.857422833202811,4.43,0,0,316,0
54,30,47.5636303403208,3.09014210460092,0.857422833202811,13.83,0,0,313,0
54,30,47.5636303403208,3.09014210460092,0.857422833202811,16.06,0,0,235,0
54,30,47.5636303403208,3.09014210460092,0.857422833202811,21.91,0,0,134,0
55,30,42.7275940801732,4.00961879843724,0.536098559889458,0,101,30000,0,1
55,30,42.7275940801732,4.00961879843724,0.536098559889458,1.52,0,0,282,0
55,30,42.7275940801732,4.00961879843724,0.536098559889458,12.53,0,0,308,0
55,30,42.7275940801732,4.00961879843724,0.536098559889458,15.67,0,0,178,0
55,30,42.7275940801732,4.00961879843724,0.536098559889458,19.24,0,0,156,0
56,30,47.1688572771597,2.76486229503647,0.942294348978754,0,101,30000,0,1
56,30,47.1688572771597,2.76486229503647,0.942294348978754,0.47,0,0,240,0
56,30,47.1688572771597,2.76486229503647,0.942294348978754,9.18,0,0,308,0
56,30,47.1688572771597,2.76486229503647,0.942294348978754,20.91,0,0,168,0
56,30,47.1688572771597,2.76486229503647,0.942294348978754,21.39,0,0,197,0
57,30,80.7538591227918,5.51815049775333,1.79358909657731,0,101,30000,0,1
57,30,80.7538591227918,5.51815049775333,1.79358909657731,15.63,0,0,115,0
57,30,80.7538591227918,5.51815049775333,1.79358909657731,16.76,0,0,170,0
57,30,80.7538591227918,5.51815049775333,1.79358909657731,20.04,0,0,94,0
57,30,80.7538591227918,5.51815049775333,1.79358909657731,22.93,0,0,85,0
58,30,69.8244461655758,5.87703030035279,0.907088446717957,0,101,30000,0,1
58,30,69.8244461655758,5.87703030035279,0.907088446717957,13.52,0,0,167,0
58,30,69.8244461655758,5.87703030035279,0.907088446717957,14.19,0,0,147,0
58,30,69.8244461655758,5.87703030035279,0.907088446717957,17.48,0,0,80,0
58,30,69.8244461655758,5.87703030035279,0.907088446717957,21.09,0,0,76,0
59,30,109.183891474092,3.28322718960496,0.804227411763198,0,101,30000,0,1
59,30,109.183891474092,3.28322718960496,0.804227411763198,0.1,0,0,18,0
59,30,109.183891474092,3.28322718960496,0.804227411763198,3.19,0,0,315,0
59,30,109.183891474092,3.28322718960496,0.804227411763198,13.82,0,0,127,0
59,30,109.183891474092,3.28322718960496,0.804227411763198,17.57,0,0,122,0
60,30,136.10717690365,4.38588586639827,1.01531843073009,0,101,30000,0,1
60,30,136.10717690365,4.38588586639827,1.01531843073009,0.44,0,0,90,0
60,30,136.10717690365,4.38588586639827,1.01531843073009,17.27,0,0,135,0
60,30,136.10717690365,4.38588586639827,1.01531843073009,20.67,0,0,113,0
60,30,136.10717690365,4.38588586639827,1.01531843073009,23.69,0,0,117,0
61,60,82.1892077809493,6.70617234146748,0.737729806715456,0,101,60000,0,1
61,60,82.1892077809493,6.70617234146748,0.737729806715456,4.26,0,0,435,0
61,60,82.1892077809493,6.70617234146748,0.737729806715456,15.9,0,0,219,0
61,60,82.1892077809493,6.70617234146748,0.737729806715456,16.25,0,0,293,0
61,60,82.1892077809493,6.70617234146748,0.737729806715456,19.17,0,0,189,0
62,60,59.8104184368633,4.24476185055309,1.06938066444142,0,101,60000,0,1
62,60,59.8104184368633,4.24476185055309,1.06938066444142,4.68,0,0,1258,0
62,60,59.8104184368633,4.24476185055309,1.06938066444142,7.78,0,0,518,0
62,60,59.8104184368633,4.24476185055309,1.06938066444142,8.06,0,0,757,0
62,60,59.8104184368633,4.24476185055309,1.06938066444142,12.95,0,0,531,0
63,60,61.9275866498595,3.28067685951269,0.987163656312329,0,101,60000,0,1
63,60,61.9275866498595,3.28067685951269,0.987163656312329,2.88,0,0,779,0
63,60,61.9275866498595,3.28067685951269,0.987163656312329,13.44,0,0,608,0
63,60,61.9275866498595,3.28067685951269,0.987163656312329,16.67,0,0,579,0
63,60,61.9275866498595,3.28067685951269,0.987163656312329,21.02,0,0,235,0
64,60,66.4602826569537,3.36741203069979,0.800258344412764,0,101,60000,0,1
64,60,66.4602826569537,3.36741203069979,0.800258344412764,1.35,0,0,512,0
64,60,66.4602826569537,3.36741203069979,0.800258344412764,3.53,0,0,1023,0
64,60,66.4602826569537,3.36741203069979,0.800258344412764,14.87,0,0,636,0
64,60,66.4602826569537,3.36741203069979,0.800258344412764,18.94,0,0,238,0
65,60,101.580384028287,4.92493082066703,0.863317782921015,0,101,60000,0,1
65,60,101.580384028287,4.92493082066703,0.863317782921015,2.87,0,0,517,0
65,60,101.580384028287,4.92493082066703,0.863317782921015,4.51,0,0,678,0
65,60,101.580384028287,4.92493082066703,0.863317782921015,6.16,0,0,461,0
65,60,101.580384028287,4.92493082066703,0.863317782921015,17.96,0,0,308,0
66,60,52.2162446695397,8.23144362952721,0.798077563130179,0,101,60000,0,1
66,60,52.2162446695397,8.23144362952721,0.798077563130179,2.56,0,0,761,0
66,60,52.2162446695397,8.23144362952721,0.798077563130179,10.23,0,0,211,0
66,60,52.2162446695397,8.23144362952721,0.798077563130179,20.92,0,0,55,0
66,60,52.2162446695397,8.23144362952721,0.798077563130179,22.48,0,0,32,0
67,60,54.5852256092532,7.2721243604529,1.6640118506182,0,101,60000,0,1
67,60,54.5852256092532,7.2721243604529,1.6640118506182,5.16,0,0,752,0
67,60,54.5852256092532,7.2721243604529,1.6640118506182,12.2,0,0,262,0
67,60,54.5852256092532,7.2721243604529,1.6640118506182,15.46,0,0,159,0
67,60,54.5852256092532,7.2721243604529,1.6640118506182,16.59,0,0,172,0
68,60,98.5938060791422,2.52766788170431,1.13584513524933,0,101,60000,0,1
68,60,98.5938060791422,2.52766788170431,1.13584513524933,1.12,0,0,481,0
68,60,98.5938060791422,2.52766788170431,1.13584513524933,4.44,0,0,708,0
68,60,98.5938060791422,2.52766788170431,1.13584513524933,10.95,0,0,421,0
68,60,98.5938060791422,2.52766788170431,1.13584513524933,17.64,0,0,356,0
69,60,58.6317848963131,2.59647796967626,0.856154291300473,0,101,60000,0,1
69,60,58.6317848963131,2.59647796967626,0.856154291300473,5.72,0,0,914,0
69,60,58.6317848963131,2.59647796967626,0.856154291300473,8.21,0,0,769,0
69,60,58.6317848963131,2.59647796967626,0.856154291300473,15.84,0,0,457,0
69,60,58.6317848963131,2.59647796967626,0.856154291300473,21.59,0,0,350,0
70,60,107.336074865607,3.09862603428841,1.13115712453988,0,101,60000,0,1
70,60,107.336074865607,3.09862603428841,1.13115712453988,8.62,0,0,441,0
70,60,107.336074865607,3.09862603428841,1.13115712453988,18.02,0,0,406,0
70,60,107.336074865607,3.09862603428841,1.13115712453988,19.87,0,0,407,0
70,60,107.336074865607,3.09862603428841,1.13115712453988,22.18,0,0,421,0
71,60,84.9603531716575,2.27006573359764,0.996835759509675,0,101,60000,0,1
71,60,84.9603531716575,2.27006573359764,0.996835759509675,3.83,0,0,779,0
71,60,84.9603531716575,2.27006573359764,0.996835759509675,18.97,0,0,541,0
71,60,84.9603531716575,2.27006573359764,0.996835759509675,21.52,0,0,363,0
71,60,84.9603531716575,2.27006573359764,0.996835759509675,23.76,0,0,296,0
72,60,55.164952628765,3.96419450686943,0.917285335364711,0,101,60000,0,1
72,60,55.164952628765,3.96419450686943,0.917285335364711,1.94,0,0,898,0
72,60,55.164952628765,3.96419450686943,0.917285335364711,2.48,0,0,898,0
72,60,55.164952628765,3.96419450686943,0.917285335364711,7.17,0,0,966,0
72,60,55.164952628765,3.96419450686943,0.917285335364711,21.2,0,0,268,0
73,60,105.207373920857,4.4689422326831,0.99416617201128,0,101,60000,0,1
73,60,105.207373920857,4.4689422326831,0.99416617201128,4.12,0,0,430,0
73,60,105.207373920857,4.4689422326831,0.99416617201128,14.26,0,0,266,0
73,60,105.207373920857,4.4689422326831,0.99416617201128,18.03,0,0,317,0
73,60,105.207373920857,4.4689422326831,0.99416617201128,21.26,0,0,251,0
74,60,57.076088709007,4.46674112175129,1.75377754320892,0,101,60000,0,1
74,60,57.076088709007,4.46674112175129,1.75377754320892,0.2,0,0,259,0
74,60,57.076088709007,4.46674112175129,1.75377754320892,1.67,0,0,1056,0
74,60,57.076088709007,4.46674112175129,1.75377754320892,2.2,0,0,766,0
74,60,57.076088709007,4.46674112175129,1.75377754320892,13.69,0,0,358,0
75,60,67.6545411322739,5.18682260012555,1.0971711685751,0,101,60000,0,1
75,60,67.6545411322739,5.18682260012555,1.0971711685751,4.51,0,0,534,0
75,60,67.6545411322739,5.18682260012555,1.0971711685751,9.73,0,0,472,0
75,60,67.6545411322739,5.18682260012555,1.0971711685751,14.41,0,0,285,0
75,60,67.6545411322739,5.18682260012555,1.0971711685751,22.42,0,0,144,0
76,60,105.983339552265,4.47763829797439,0.729129102908987,0,101,60000,0,1
76,60,105.983339552265,4.47763829797439,0.729129102908987,1.29,0,0,210,0
76,60,105.983339552265,4.47763829797439,0.729129102908987,8.87,0,0,464,0
76,60,105.983339552265,4.47763829797439,0.729129102908987,10.69,0,0,429,0
76,60,105.983339552265,4.47763829797439,0.729129102908987,23.58,0,0,217,0
77,60,65.5719139615534,5.11291367465572,0.480284423436402,0,101,60000,0,1
77,60,65.5719139615534,5.11291367465572,0.480284423436402,3.23,0,0,639,0
77,60,65.5719139615534,5.11291367465572,0.480284423436402,4.44,0,0,577,0
77,60,65.5719139615534,5.11291367465572,0.480284423436402,10.28,0,0,538,0
77,60,65.5719139615534,5.11291367465572,0.480284423436402,10.73,0,0,561,0
78,60,72.9193270807801,2.90096390314945,1.19132214002409,0,101,60000,0,1
78,60,72.9193270807801,2.90096390314945,1.19132214002409,2.16,0,0,572,0
78,60,72.9193270807801,2.90096390314945,1.19132214002409,7.78,0,0,634,0
78,60,72.9193270807801,2.90096390314945,1.19132214002409,9.36,0,0,483,0
78,60,72.9193270807801,2.90096390314945,1.19132214002409,12.46,0,0,565,0
79,60,104.721674613296,2.21986478701537,0.670092796433132,0,101,60000,0,1
79,60,104.721674613296,2.21986478701537,0.670092796433132,0.17,0,0,55,0
79,60,104.721674613296,2.21986478701537,0.670092796433132,9.84,0,0,482,0
79,60,104.721674613296,2.21986478701537,0.670092796433132,12.65,0,0,376,0
79,60,104.721674613296,2.21986478701537,0.670092796433132,20.65,0,0,383,0
80,60,63.069044725285,3.79098360735649,1.06448607820732,0,101,60000,0,1
80,60,63.069044725285,3.79098360735649,1.06448607820732,9.27,0,0,562,0
80,60,63.069044725285,3.79098360735649,1.06448607820732,18.21,0,0,486,0
80,60,63.069044725285,3.79098360735649,1.06448607820732,20.9,0,0,205,0
80,60,63.069044725285,3.79098360735649,1.06448607820732,22.08,0,0,198,0
81,60,84.7345458156036,5.01110115582332,1.49319816824056,0,101,60000,0,1
81,60,84.7345458156036,5.01110115582332,1.49319816824056,3.89,0,0,424,0
81,60,84.7345458156036,5.01110115582332,1.49319816824056,12.7,0,0,409,0
81,60,84.7345458156036,5.01110115582332,1.49319816824056,17.07,0,0,246,0
81,60,84.7345458156036,5.01110115582332,1.49319816824056,18.01,0,0,247,0
82,60,105.137817214062,3.1479788139241,2.13336663625731,0,101,60000,0,1
82,60,105.137817214062,3.1479788139241,2.13336663625731,4.33,0,0,423,0
82,60,105.137817214062,3.1479788139241,2.13336663625731,4.44,0,0,427,0
82,60,105.137817214062,3.1479788139241,2.13336663625731,16.07,0,0,433,0
82,60,105.137817214062,3.1479788139241,2.13336663625731,18,0,0,314,0
83,60,52.8851485615241,4.042821496584,0.953788720340009,0,101,60000,0,1
83,60,52.8851485615241,4.042821496584,0.953788720340009,0.45,0,0,669,0
83,60,52.8851485615241,4.042821496584,0.953788720340009,2.22,0,0,770,0
83,60,52.8851485615241,4.042821496584,0.953788720340009,18.85,0,0,282,0
83,60,52.8851485615241,4.042821496584,0.953788720340009,19.69,0,0,240,0
84,60,36.8398334171643,3.54491991197815,1.45103745743316,0,101,60000,0,1
84,60,36.8398334171643,3.54491991197815,1.45103745743316,1.58,0,0,1762,0
84,60,36.8398334171643,3.54491991197815,1.45103745743316,3.36,0,0,1175,0
84,60,36.8398334171643,3.54491991197815,1.45103745743316,14.91,0,0,377,0
84,60,36.8398334171643,3.54491991197815,1.45103745743316,22.32,0,0,250,0
85,60,76.1684261260173,3.69673128029648,1.2073642647914,0,101,60000,0,1
85,60,76.1684261260173,3.69673128029648,1.2073642647914,3.52,0,0,1028,0
85,60,76.1684261260173,3.69673128029648,1.2073642647914,8.42,0,0,430,0
85,60,76.1684261260173,3.69673128029648,1.2073642647914,19.82,0,0,242,0
85,60,76.1684261260173,3.69673128029648,1.2073642647914,20.38,0,0,291,0
86,60,84.3032884824485,4.48042205781959,1.6751833905528,0,101,60000,0,1
86,60,84.3032884824485,4.48042205781959,1.6751833905528,0.48,0,0,444,0
86,60,84.3032884824485,4.48042205781959,1.6751833905528,7.77,0,0,399,0
86,60,84.3032884824485,4.48042205781959,1.6751833905528,14.66,0,0,305,0
86,60,84.3032884824485,4.48042205781959,1.6751833905528,21.09,0,0,204,0
87,60,68.8747587075379,5.89521740120748,1.00878053810702,0,101,60000,0,1
87,60,68.8747587075379,5.89521740120748,1.00878053810702,1.24,0,0,475,0
87,60,68.8747587075379,5.89521740120748,1.00878053810702,5.67,0,0,728,0
87,60,68.8747587075379,5.89521740120748,1.00878053810702,6.05,0,0,667,0
87,60,68.8747587075379,5.89521740120748,1.00878053810702,17.65,0,0,265,0
88,60,76.6119185887207,5.64140216671649,0.695477462637011,0,101,60000,0,1
88,60,76.6119185887207,5.64140216671649,0.695477462637011,1.23,0,0,771,0
88,60,76.6119185887207,5.64140216671649,0.695477462637011,3.12,0,0,714,0
88,60,76.6119185887207,5.64140216671649,0.695477462637011,8.42,0,0,516,0
88,60,76.6119185887207,5.64140216671649,0.695477462637011,13.73,0,0,502,0
89,60,106.0759008921,3.41927641827319,1.70345489674148,0,101,60000,0,1
89,60,106.0759008921,3.41927641827319,1.70345489674148,3.72,0,0,532,0
89,60,106.0759008921,3.41927641827319,1.70345489674148,11.73,0,0,474,0
89,60,106.0759008921,3.41927641827319,1.70345489674148,18.67,0,0,354,0
89,60,106.0759008921,3.41927641827319,1.70345489674148,19.84,0,0,266,0
90,60,72.1174814518214,3.45225609156172,0.994583548191611,0,101,60000,0,1
90,60,72.1174814518214,3.45225609156172,0.994583548191611,6.91,0,0,655,0
90,60,72.1174814518214,3.45225609156172,0.994583548191611,18.42,0,0,321,0
90,60,72.1174814518214,3.45225609156172,0.994583548191611,18.94,0,0,312,0
90,60,72.1174814518214,3.45225609156172,0.994583548191611,19.62,0,0,328,0
91,120,92.5687151269289,3.10604796237546,0.679889299619503,0,101,120000,0,1
91,120,92.5687151269289,3.10604796237546,0.679889299619503,3.98,0,0,1436,0
91,120,92.5687151269289,3.10604796237546,0.679889299619503,11.71,0,0,861,0
91,120,92.5687151269289,3.10604796237546,0.679889299619503,22.94,0,0,658,0
91,120,92.5687151269289,3.10604796237546,0.679889299619503,22.99,0,0,799,0
92,120,78.8938179458534,3.88265124302889,1.16281010583434,0,101,120000,0,1
92,120,78.8938179458534,3.88265124302889,1.16281010583434,14.31,0,0,581,0
92,120,78.8938179458534,3.88265124302889,1.16281010583434,16.65,0,0,536,0
92,120,78.8938179458534,3.88265124302889,1.16281010583434,21.43,0,0,648,0
92,120,78.8938179458534,3.88265124302889,1.16281010583434,21.7,0,0,560,0
93,120,93.6048187972171,2.97772924196295,1.52047253603192,0,101,120000,0,1
93,120,93.6048187972171,2.97772924196295,1.52047253603192,6.11,0,0,1048,0
93,120,93.6048187972171,2.97772924196295,1.52047253603192,9.1,0,0,1127,0
93,120,93.6048187972171,2.97772924196295,1.52047253603192,11.04,0,0,975,0
93,120,93.6048187972171,2.97772924196295,1.52047253603192,15.55,0,0,1310,0
94,120,94.7627077712814,3.94442174977148,0.823543031316079,0,101,120000,0,1
94,120,94.7627077712814,3.94442174977148,0.823543031316079,3.63,0,0,1139,0
94,120,94.7627077712814,3.94442174977148,0.823543031316079,13.97,0,0,777,0
94,120,94.7627077712814,3.94442174977148,0.823543031316079,15.35,0,0,777,0
94,120,94.7627077712814,3.94442174977148,0.823543031316079,21.85,0,0,613,0
95,120,60.8184730754019,3.26981606874651,1.22497448141873,0,101,120000,0,1
95,120,60.8184730754019,3.26981606874651,1.22497448141873,0.81,0,0,1015,0
95,120,60.8184730754019,3.26981606874651,1.22497448141873,3.81,0,0,1434,0
95,120,60.8184730754019,3.26981606874651,1.22497448141873,17.18,0,0,808,0
95,120,60.8184730754019,3.26981606874651,1.22497448141873,23.36,0,0,520,0
96,120,37.6689873523962,3.08080207186561,0.968492101023099,0,101,120000,0,1
96,120,37.6689873523962,3.08080207186561,0.968492101023099,8.42,0,0,2166,0
96,120,37.6689873523962,3.08080207186561,0.968492101023099,9.73,0,0,1332,0
96,120,37.6689873523962,3.08080207186561,0.968492101023099,13.09,0,0,1171,0
96,120,37.6689873523962,3.08080207186561,0.968492101023099,13.62,0,0,743,0
97,120,78.1131373290471,4.92080284925115,1.07770690495012,0,101,120000,0,1
97,120,78.1131373290471,4.92080284925115,1.07770690495012,6.98,0,0,1084,0
97,120,78.1131373290471,4.92080284925115,1.07770690495012,9.77,0,0,763,0
97,120,78.1131373290471,4.92080284925115,1.07770690495012,13.54,0,0,668,0
97,120,78.1131373290471,4.92080284925115,1.07770690495012,19.85,0,0,611,0
98,120,62.9545500890273,8.6213713384643,1.42869576286799,0,101,120000,0,1
98,120,62.9545500890273,8.6213713384643,1.42869576286799,4.58,0,0,1195,0
98,120,62.9545500890273,8.6213713384643,1.42869576286799,5.3,0,0,1439,0
98,120,62.9545500890273,8.6213713384643,1.42869576286799,7.74,0,0,618,0
98,120,62.9545500890273,8.6213713384643,1.42869576286799,15.11,0,0,248,0
99,120,63.1206295519896,3.94472213414803,0.904254154189383,0,101,120000,0,1
99,120,63.1206295519896,3.94472213414803,0.904254154189383,10.16,0,0,1008,0
99,120,63.1206295519896,3.94472213414803,0.904254154189383,11.22,0,0,1413,0
99,120,63.1206295519896,3.94472213414803,0.904254154189383,18.98,0,0,662,0
99,120,63.1206295519896,3.94472213414803,0.904254154189383,19.37,0,0,705,0
100,120,57.3886973041238,3.53623348398256,1.26527841471271,0,101,120000,0,1
100,120,57.3886973041238,3.53623348398256,1.26527841471271,4.98,0,0,1792,0
100,120,57.3886973041238,3.53623348398256,1.26527841471271,17.16,0,0,848,0
100,120,57.3886973041238,3.53623348398256,1.26527841471271,21.71,0,0,536,0
100,120,57.3886973041238,3.53623348398256,1.26527841471271,23.24,0,0,625,0
101,120,72.3626686916818,4.62298154338957,1.17689194945319,0,101,120000,0,1
101,120,72.3626686916818,4.62298154338957,1.17689194945319,8.83,0,0,873,0
101,120,72.3626686916818,4.62298154338957,1.17689194945319,9.04,0,0,909,0
101,120,72.3626686916818,4.62298154338957,1.17689194945319,11.63,0,0,684,0
101,120,72.3626686916818,4.62298154338957,1.17689194945319,22.66,0,0,401,0
102,120,87.9562954832852,4.70215553483918,1.89033781264107,0,101,120000,0,1
102,120,87.9562954832852,4.70215553483918,1.89033781264107,5.22,0,0,1052,0
102,120,87.9562954832852,4.70215553483918,1.89033781264107,5.57,0,0,1114,0
102,120,87.9562954832852,4.70215553483918,1.89033781264107,11.26,0,0,1128,0
102,120,87.9562954832852,4.70215553483918,1.89033781264107,23.5,0,0,386,0
103,120,61.8348710608454,3.05461538039773,0.904194546581647,0,101,120000,0,1
103,120,61.8348710608454,3.05461538039773,0.904194546581647,5.05,0,0,1785,0
103,120,61.8348710608454,3.05461538039773,0.904194546581647,6.42,0,0,1893,0
103,120,61.8348710608454,3.05461538039773,0.904194546581647,11.39,0,0,1812,0
103,120,61.8348710608454,3.05461538039773,0.904194546581647,12.39,0,0,1172,0
104,120,45.7563647960794,3.70593457134074,1.49480146542244,0,101,120000,0,1
104,120,45.7563647960794,3.70593457134074,1.49480146542244,6.93,0,0,1447,0
104,120,45.7563647960794,3.70593457134074,1.49480146542244,9.73,0,0,1066,0
104,120,45.7563647960794,3.70593457134074,1.49480146542244,9.77,0,0,905,0
104,120,45.7563647960794,3.70593457134074,1.49480146542244,23,0,0,464,0
105,120,70.4760659243562,3.61932705665148,1.20558333843504,0,101,120000,0,1
105,120,70.4760659243562,3.61932705665148,1.20558333843504,1.23,0,0,941,0
105,120,70.4760659243562,3.61932705665148,1.20558333843504,6.12,0,0,1195,0
105,120,70.4760659243562,3.61932705665148,1.20558333843504,10.39,0,0,1156,0
105,120,70.4760659243562,3.61932705665148,1.20558333843504,17.53,0,0,1001,0
106,120,64.6091923316704,4.47877928599751,0.826587487839915,0,101,120000,0,1
106,120,64.6091923316704,4.47877928599751,0.826587487839915,7.97,0,0,860,0
106,120,64.6091923316704,4.47877928599751,0.826587487839915,11.77,0,0,1064,0
106,120,64.6091923316704,4.47877928599751,0.826587487839915,20.76,0,0,575,0
106,120,64.6091923316704,4.47877928599751,0.826587487839915,23.03,0,0,443,0
107,120,60.6020847737004,4.32079078500095,1.09771013482464,0,101,120000,0,1
107,120,60.6020847737004,4.32079078500095,1.09771013482464,1.91,0,0,1877,0
107,120,60.6020847737004,4.32079078500095,1.09771013482464,3.5,0,0,2077,0
107,120,60.6020847737004,4.32079078500095,1.09771013482464,5.09,0,0,1812,0
107,120,60.6020847737004,4.32079078500095,1.09771013482464,17.33,0,0,479,0
108,120,76.6362611873868,3.552778261546,1.04718967789549,0,101,120000,0,1
108,120,76.6362611873868,3.552778261546,1.04718967789549,1.73,0,0,1209,0
108,120,76.6362611873868,3.552778261546,1.04718967789549,5.24,0,0,1263,0
108,120,76.6362611873868,3.552778261546,1.04718967789549,5.69,0,0,1574,0
108,120,76.6362611873868,3.552778261546,1.04718967789549,6.82,0,0,1238,0
109,120,66.5637473003656,3.65986557048738,0.85105382008069,0,101,120000,0,1
109,120,66.5637473003656,3.65986557048738,0.85105382008069,9.05,0,0,1402,0
109,120,66.5637473003656,3.65986557048738,0.85105382008069,12.28,0,0,872,0
109,120,66.5637473003656,3.65986557048738,0.85105382008069,13.76,0,0,844,0
109,120,66.5637473003656,3.65986557048738,0.85105382008069,21.22,0,0,597,0
110,120,74.3203051894323,3.03271751537468,0.886973687973764,0,101,120000,0,1
110,120,74.3203051894323,3.03271751537468,0.886973687973764,9.44,0,0,847,0
110,120,74.3203051894323,3.03271751537468,0.886973687973764,9.91,0,0,1002,0
110,120,74.3203051894323,3.03271751537468,0.886973687973764,16.26,0,0,981,0
110,120,74.3203051894323,3.03271751537468,0.886973687973764,19.23,0,0,550,0
111,120,44.2200601883411,4.83879161693161,1.12984759531506,0,101,120000,0,1
111,120,44.2200601883411,4.83879161693161,1.12984759531506,5.75,0,0,1586,0
111,120,44.2200601883411,4.83879161693161,1.12984759531506,9.72,0,0,1133,0
111,120,44.2200601883411,4.83879161693161,1.12984759531506,11.72,0,0,967,0
111,120,44.2200601883411,4.83879161693161,1.12984759531506,19.23,0,0,240,0
112,120,54.9902684311217,3.23620702618628,1.26074095022981,0,101,120000,0,1
112,120,54.9902684311217,3.23620702618628,1.26074095022981,11.29,0,0,1038,0
112,120,54.9902684311217,3.23620702618628,1.26074095022981,15.87,0,0,764,0
112,120,54.9902684311217,3.23620702618628,1.26074095022981,20.17,0,0,470,0
112,120,54.9902684311217,3.23620702618628,1.26074095022981,22.13,0,0,397,0
113,120,50.930871402002,4.4427384592315,0.889609676470499,0,101,120000,0,1
113,120,50.930871402002,4.4427384592315,0.889609676470499,2.9,0,0,1902,0
113,120,50.930871402002,4.4427384592315,0.889609676470499,6.73,0,0,1257,0
113,120,50.930871402002,4.4427384592315,0.889609676470499,22.81,0,0,358,0
113,120,50.930871402002,4.4427384592315,0.889609676470499,23.74,0,0,462,0
114,120,48.8798414891165,4.62428259218088,1.03747567067028,0,101,120000,0,1
114,120,48.8798414891165,4.62428259218088,1.03747567067028,1.22,0,0,1309,0
114,120,48.8798414891165,4.62428259218088,1.03747567067028,6.15,0,0,1869,0
114,120,48.8798414891165,4.62428259218088,1.03747567067028,7.52,0,0,1152,0
114,120,48.8798414891165,4.62428259218088,1.03747567067028,8.69,0,0,846,0
115,120,59.5388724539542,5.87978821816561,1.44496846466567,0,101,120000,0,1
115,120,59.5388724539542,5.87978821816561,1.44496846466567,12.79,0,0,539,0
115,120,59.5388724539542,5.87978821816561,1.44496846466567,16.8,0,0,351,0
115,120,59.5388724539542,5.87978821816561,1.44496846466567,19.44,0,0,257,0
115,120,59.5388724539542,5.87978821816561,1.44496846466567,21.29,0,0,245,0
116,120,74.2798144644538,5.0858602187785,0.948799769111167,0,101,120000,0,1
116,120,74.2798144644538,5.0858602187785,0.948799769111167,3.84,0,0,1423,0
116,120,74.2798144644538,5.0858602187785,0.948799769111167,8.26,0,0,1068,0
116,120,74.2798144644538,5.0858602187785,0.948799769111167,8.91,0,0,816,0
116,120,74.2798144644538,5.0858602187785,0.948799769111167,12.21,0,0,1114,0
117,120,86.1947286142775,4.15792585824697,0.896978033952661,0,101,120000,0,1
117,120,86.1947286142775,4.15792585824697,0.896978033952661,1.04,0,0,999,0
117,120,86.1947286142775,4.15792585824697,0.896978033952661,10.75,0,0,924,0
117,120,86.1947286142775,4.15792585824697,0.896978033952661,12.29,0,0,883,0
117,120,86.1947286142775,4.15792585824697,0.896978033952661,13.3,0,0,715,0
118,120,77.7492518587476,3.42713338204642,0.81068610970222,0,101,120000,0,1
118,120,77.7492518587476,3.42713338204642,0.81068610970222,9.61,0,0,1339,0
118,120,77.7492518587476,3.42713338204642,0.81068610970222,10.96,0,0,864,0
118,120,77.7492518587476,3.42713338204642,0.81068610970222,12.41,0,0,1115,0
118,120,77.7492518587476,3.42713338204642,0.81068610970222,22.05,0,0,785,0
119,120,63.404712079042,3.91857128590638,1.35470808880771,0,101,120000,0,1
119,120,63.404712079042,3.91857128590638,1.35470808880771,1.98,0,0,2292,0
119,120,63.404712079042,3.91857128590638,1.35470808880771,3.79,0,0,1408,0
119,120,63.404712079042,3.91857128590638,1.35470808880771,18.47,0,0,683,0
119,120,63.404712079042,3.91857128590638,1.35470808880771,21.38,0,0,656,0
120,120,42.3550952707008,3.75741232852574,0.959735527973042,0,101,120000,0,1
120,120,42.3550952707008,3.75741232852574,0.959735527973042,5.94,0,0,2044,0
120,120,42.3550952707008,3.75741232852574,0.959735527973042,7.45,0,0,1436,0
120,120,42.3550952707008,3.75741232852574,0.959735527973042,17.64,0,0,531,0
120,120,42.3550952707008,3.75741232852574,0.959735527973042,21.38,0,0,640,0
