ID,DOSE,V,CL,KA,TIME,EVID,AMT,DV,EVIDNM
1,10,75.5855489739816,4.29859598116153,1.29950971336717,0,101,10000,0,1
1,10,75.5855489739816,4.29859598116153,1.29950971336717,5.11,0,0,111,0
1,10,75.5855489739816,4.29859598116153,1.29950971336717,15.91,0,0,47,0
1,10,75.5855489739816,4.29859598116153,1.29950971336717,19.52,0,0,34,0
1,10,75.5855489739816,4.29859598116153,1.29950971336717,21.34,0,0,41,0
2,10,63.3665637194432,3.83274085504226,1.31356730216952,0,101,10000,0,1
2,10,63.3665637194432,3.83274085504226,1.31356730216952,4.28,0,0,103,0
2,10,63.3665637194432,3.83274085504226,1.31356730216952,4.76,0,0,151,0
2,10,63.3665637194432,3.83274085504226,1.31356730216952,4.97,0,0,103,0
2,10,63.3665637194432,3.83274085504226,1.31356730216952,13.99,0,0,60,0
3,10,86.6796740835808,3.25654128068582,1.63379590440937,0,101,10000,0,1
3,10,86.6796740835808,3.25654128068582,1.63379590440937,2.03,0,0,116,0
3,10,86.6796740835808,3.25654128068582,1.63379590440937,10.13,0,0,70,0
3,10,86.6796740835808,3.25654128068582,1.63379590440937,15.61,0,0,43,0
3,10,86.6796740835808,3.25654128068582,1.63379590440937,23.26,0,0,44,0
4,10,69.0192112082572,2.58424815099202,0.976144153446791,0,101,10000,0,1
4,10,69.0192112082572,2.58424815099202,0.976144153446791,7.9,0,0,96,0
4,10,69.0192112082572,2.58424815099202,0.976144153446791,11.31,0,0,71,0
4,10,69.0192112082572,2.58424815099202,0.976144153446791,13.42,0,0,126,0
4,10,69.0192112082572,2.58424815099202,0.976144153446791,18.58,0,0,80,0
5,10,39.8512686188634,6.28991547255098,1.28038167304308,0,101,10000,0,1
5,10,39.8512686188634,6.28991547255098,1.28038167304308,4.28,0,0,127,0
5,10,39.8512686188634,6.28991547255098,1.28038167304308,7.22,0,0,83,0
5,10,39.8512686188634,6.28991547255098,1.28038167304308,13.1,0,0,39,0
5,10,39.8512686188634,6.28991547255098,1.28038167304308,22.38,0,0,7,0
6,10,63.8667725531386,2.92727548287867,1.30803532887022,0,101,10000,0,1
6,10,63.8667725531386,2.92727548287867,1.30803532887022,4.45,0,0,113,0
6,10,63.8667725531386,2.92727548287867,1.30803532887022,11.45,0,0,86,0
6,10,63.8667725531386,2.92727548287867,1.30803532887022,23.18,0,0,61,0
6,10,63.8667725531386,2.92727548287867,1.30803532887022,23.6,0,0,80,0
7,10,52.8100986245681,4.44676329573052,0.991606685576482,0,101,10000,0,1
7,10,52.8100986245681,4.44676329573052,0.991606685576482,4.04,0,0,116,0
7,10,52.8100986245681,4.44676329573052,0.991606685576482,10.19,0,0,102,0
7,10,52.8100986245681,4.44676329573052,0.991606685576482,12.32,0,0,80,0
7,10,52.8100986245681,4.44676329573052,0.991606685576482,19.64,0,0,32,0
8,10,44.0173672816193,6.19146252950313,1.02323718706947,0,101,10000,0,1
8,10,44.0173672816193,6.19146252950313,1.02323718706947,0.48,0,0,69,0
8,10,44.0173672816193,6.19146252950313,1.02323718706947,8.73,0,0,80,0
8,10,44.0173672816193,6.19146252950313,1.02323718706947,20.92,0,0,12,0
8,10,44.0173672816193,6.19146252950313,1.02323718706947,21.82,0,0,17,0
9,10,95.7495019020694,2.89423618904788,1.09523360946731,0,101,10000,0,1
9,10,95.7495019020694,2.89423618904788,1.09523360946731,4.94,0,0,116,0
9,10,95.7495019020694,2.89423618904788,1.09523360946731,5.99,0,0,79,0
9,10,95.7495019020694,2.89423618904788,1.09523360946731,10.32,0,0,69,0
9,10,95.7495019020694,2.89423618904788,1.09523360946731,20.09,0,0,60,0
10,10,57.2116731413417,2.77413554283774,0.966985948911307,0,101,10000,0,1
10,10,57.2116731413417,2.77413554283774,0.966985948911307,2.9,0,0,159,0
10,10,57.2116731413417,2.77413554283774,0.966985948911307,11.24,0,0,113,0
10,10,57.2116731413417,2.77413554283774,0.966985948911307,13.87,0,0,86,0
10,10,57.2116731413417,2.77413554283774,0.966985948911307,15.56,0,0,95,0
11,10,84.6565094481732,3.5146890097819,0.895227477384953,0,101,10000,0,1
11,10,84.6565094481732,3.5146890097819,0.895227477384953,11.5,0,0,127,0
11,10,84.6565094481732,3.5146890097819,0.895227477384953,12.91,0,0,96,0
11,10,84.6565094481732,3.5146890097819,0.895227477384953,14.53,0,0,75,0
11,10,84.6565094481732,3.5146890097819,0.895227477384953,18.32,0,0,38,0
12,10,71.4363819117096,4.00057312000848,1.2590993671063,0,101,10000,0,1
12,10,71.4363819117096,4.00057312000848,1.2590993671063,11.34,0,0,75,0
12,10,71.4363819117096,4.00057312000848,1.2590993671063,13.18,0,0,73,0
12,10,71.4363819117096,4.00057312000848,1.2590993671063,14.38,0,0,68,0
12,10,71.4363819117096,4.00057312000848,1.2590993671063,21.24,0,0,49,0
13,10,59.0631795035296,5.19920981570844,0.678472250194807,0,101,10000,0,1
13,10,59.0631795035296,5.19920981570844,0.678472250194807,2.41,0,0,100,0
13,10,59.0631795035296,5.19920981570844,0.678472250194807,3.34,0,0,140,0
13,10,59.0631795035296,5.19920981570844,0.678472250194807,7.1,0,0,147,0
13,10,59.0631795035296,5.19920981570844,0.678472250194807,18.28,0,0,30,0
14,10,55.5898653618853,4.50862190249679,1.13858982711457,0,101,10000,0,1
14,10,55.5898653618853,4.50862190249679,1.13858982711457,4.31,0,0,77,0
14,10,55.5898653618853,4.50862190249679,1.13858982711457,10.09,0,0,62,0
14,10,55.5898653618853,4.50862190249679,1.13858982711457,18.7,0,0,72,0
14,10,55.5898653618853,4.50862190249679,1.13858982711457,21.46,0,0,34,0
15,10,86.6515601202189,3.85673509029136,1.35446516798427,0,101,10000,0,1
15,10,86.6515601202189,3.85673509029136,1.35446516798427,3.62,0,0,112,0
15,10,86.6515601202189,3.85673509029136,1.35446516798427,10.23,0,0,78,0
15,10,86.6515601202189,3.85673509029136,1.35446516798427,10.27,0,0,70,0
15,10,86.6515601202189,3.85673509029136,1.35446516798427,18.43,0,0,51,0
16,10,54.7507796383643,2.56427147514261,0.620012916841747,0,101,10000,0,1
16,10,54.7507796383643,2.56427147514261,0.620012916841747,4.84,0,0,172,0
16,10,54.7507796383643,2.56427147514261,0.620012916841747,6.09,0,0,137,0
16,10,54.7507796383643,2.56427147514261,0.620012916841747,6.42,0,0,114,0
16,10,54.7507796383643,2.56427147514261,0.620012916841747,8.97,0,0,120,0
17,10,73.9510998200244,4.53757204546054,1.1435321044027,0,101,10000,0,1
17,10,73.9510998200244,4.53757204546054,1.1435321044027,7.64,0,0,89,0
17,10,73.9510998200244,4.53757204546054,1.1435321044027,12.89,0,0,61,0
17,10,73.9510998200244,4.53757204546054,1.1435321044027,13.17,0,0,102,0
17,10,73.9510998200244,4.53757204546054,1.1435321044027,19.44,0,0,39,0
18,10,122.380225939464,2.45840141541723,0.90354091915735,0,101,10000,0,1
18,10,122.380225939464,2.45840141541723,0.90354091915735,7.86,0,0,66,0
18,10,122.380225939464,2.45840141541723,0.90354091915735,7.99,0,0,66,0
18,10,122.380225939464,2.45840141541723,0.90354091915735,12.27,0,0,75,0
18,10,122.380225939464,2.45840141541723,0.90354091915735,16.07,0,0,46,0
19,10,121.484625274678,3.83591581493807,0.497627418472132,0,101,10000,0,1
19,10,121.484625274678,3.83591581493807,0.497627418472132,6.26,0,0,86,0
19,10,121.484625274678,3.83591581493807,0.497627418472132,15.99,0,0,44,0
19,10,121.484625274678,3.83591581493807,0.497627418472132,16.44,0,0,76,0
19,10,121.484625274678,3.83591581493807,0.497627418472132,19.63,0,0,45,0
20,10,54.672069204053,5.3378041633046,0.730743358085391,0,101,10000,0,1
20,10,54.672069204053,5.3378041633046,0.730743358085391,3.13,0,0,169,0
20,10,54.672069204053,5.3378041633046,0.730743358085391,3.85,0,0,152,0
20,10,54.672069204053,5.3378041633046,0.730743358085391,11.36,0,0,83,0
20,10,54.672069204053,5.3378041633046,0.730743358085391,18.62,0,0,42,0
21,10,121.93316192718,5.62186214823844,0.675884567547995,0,101,10000,0,1
21,10,121.93316192718,5.62186214823844,0.675884567547995,5.1,0,0,61,0
21,10,121.93316192718,5.62186214823844,0.675884567547995,7.9,0,0,40,0
21,10,121.93316192718,5.62186214823844,0.675884567547995,8.91,0,0,66,0
21,10,121.93316192718,5.62186214823844,0.675884567547995,19.61,0,0,32,0
22,10,68.1153277566137,4.26287565684699,1.29857956250928,0,101,10000,0,1
22,10,68.1153277566137,4.26287565684699,1.29857956250928,6.57,0,0,130,0
22,10,68.1153277566137,4.26287565684699,1.29857956250928,7.04,0,0,89,0
22,10,68.1153277566137,4.26287565684699,1.29857956250928,8.96,0,0,89,0
22,10,68.1153277566137,4.26287565684699,1.29857956250928,10.24,0,0,92,0
23,10,58.636344187502,4.07372688901261,0.724380186124541,0,101,10000,0,1
23,10,58.636344187502,4.07372688901261,0.724380186124541,4.79,0,0,158,0
23,10,58.636344187502,4.07372688901261,0.724380186124541,10.74,0,0,99,0
23,10,58.636344187502,4.07372688901261,0.724380186124541,22.74,0,0,37,0
23,10,58.636344187502,4.07372688901261,0.724380186124541,23,0,0,42,0
24,10,71.7881006516582,4.30124680517327,0.519854591810232,0,101,10000,0,1
24,10,71.7881006516582,4.30124680517327,0.519854591810232,0.26,0,0,15,0
24,10,71.7881006516582,4.30124680517327,0.519854591810232,5.78,0,0,96,0
24,10,71.7881006516582,4.30124680517327,0.519854591810232,11.62,0,0,65,0
24,10,71.7881006516582,4.30124680517327,0.519854591810232,17.51,0,0,58,0
25,10,81.5221935004323,3.22199960445514,1.1206861887939,0,101,10000,0,1
25,10,81.5221935004323,3.22199960445514,1.1206861887939,3.42,0,0,95,0
25,10,81.5221935004323,3.22199960445514,1.1206861887939,11.13,0,0,74,0
25,10,81.5221935004323,3.22199960445514,1.1206861887939,16.66,0,0,70,0
25,10,81.5221935004323,3.22199960445514,1.1206861887939,17.24,0,0,75,0
26,10,57.9842143449127,5.91165966007946,0.73257654077426,0,101,10000,0,1
26,10,57.9842143449127,5.91165966007946,0.73257654077426,6.33,0,0,112,0
26,10,57.9842143449127,5.91165966007946,0.73257654077426,10.98,0,0,38,0
26,10,57.9842143449127,5.91165966007946,0.73257654077426,20.03,0,0,37,0
26,10,57.9842143449127,5.91165966007946,0.73257654077426,20.6,0,0,27,0
27,10,36.2148383339813,3.57903488870346,1.01640055672093,0,101,10000,0,1
27,10,36.2148383339813,3.57903488870346,1.01640055672093,3.04,0,0,212,0
27,10,36.2148383339813,3.57903488870346,1.01640055672093,13.38,0,0,68,0
27,10,36.2148383339813,3.57903488870346,1.01640055672093,16.43,0,0,71,0
27,10,36.2148383339813,3.57903488870346,1.01640055672093,23.24,0,0,38,0
28,10,72.8393516913912,2.19839305811783,1.00745412973254,0,101,10000,0,1
28,10,72.8393516913912,2.19839305811783,1.00745412973254,3.08,0,0,100,0
28,10,72.8393516913912,2.19839305811783,1.00745412973254,8.64,0,0,73,0
28,10,72.8393516913912,2.19839305811783,1.00745412973254,15,0,0,89,0
28,10,72.8393516913912,2.19839305811783,1.00745412973254,22.83,0,0,71,0
29,10,86.6567566196189,5.25339101439946,0.718052104756262,0,101,10000,0,1
29,10,86.6567566196189,5.25339101439946,0.718052104756262,5.02,0,0,96,0
29,10,86.6567566196189,5.25339101439946,0.718052104756262,5.6,0,0,79,0
29,10,86.6567566196189,5.25339101439946,0.718052104756262,10,0,0,78,0
29,10,86.6567566196189,5.25339101439946,0.718052104756262,17.67,0,0,48,0
30,10,56.0303649263827,4.29663059591539,0.915994907226259,0,101,10000,0,1
30,10,56.0303649263827,4.29663059591539,0.915994907226259,14.56,0,0,47,0
30,10,56.0303649263827,4.29663059591539,0.915994907226259,15.73,0,0,64,0
30,10,56.0303649263827,4.29663059591539,0.915994907226259,19.41,0,0,48,0
30,10,56.0303649263827,4.29663059591539,0.915994907226259,22.08,0,0,35,0
31,30,78.7594119307436,5.39714318011066,1.01599961600132,0,101,30000,0,1
31,30,78.7594119307436,5.39714318011066,1.01599961600132,0.16,0,0,53,0
31,30,78.7594119307436,5.39714318011066,1.01599961600132,1.63,0,0,321,0
31,30,78.7594119307436,5.39714318011066,1.01599961600132,3.06,0,0,276,0
31,30,78.7594119307436,5.39714318011066,1.01599961600132,19.88,0,0,112,0
32,30,101.603189327604,3.74433783622056,0.517968816299263,0,101,30000,0,1
32,30,101.603189327604,3.74433783622056,0.517968816299263,6.64,0,0,307,0
32,30,101.603189327604,3.74433783622056,0.517968816299263,12.48,0,0,188,0
32,30,101.603189327604,3.74433783622056,0.517968816299263,18.51,0,0,133,0
32,30,101.603189327604,3.74433783622056,0.517968816299263,20.54,0,0,162,0
33,30,46.8676991129612,4.87254629219142,1.52620070528604,0,101,30000,0,1
33,30,46.8676991129612,4.87254629219142,1.52620070528604,13.76,0,0,133,0
33,30,46.8676991129612,4.87254629219142,1.52620070528604,13.81,0,0,138,0
33,30,46.8676991129612,4.87254629219142,1.52620070528604,17.98,0,0,107,0
33,30,46.8676991129612,4.87254629219142,1.52620070528604,23.57,0,0,78,0
34,30,113.206582164571,2.8408236775955,0.777097582562012,0,101,30000,0,1
34,30,113.206582164571,2.8408236775955,0.777097582562012,0.59,0,0,116,0
34,30,113.206582164571,2.8408236775955,0.777097582562012,6.68,0,0,285,0
34,30,113.206582164571,2.8408236775955,0.777097582562012,14.95,0,0,185,0
34,30,113.206582164571,2.8408236775955,0.777097582562012,18.61,0,0,151,0
35,30,92.4972687648327,3.86968190173831,1.24178395054565,0,101,30000,0,1
35,30,92.4972687648327,3.86968190173831,1.24178395054565,1.84,0,0,352,0
35,30,92.4972687648327,3.86968190173831,1.24178395054565,2.26,0,0,189,0
35,30,92.4972687648327,3.86968190173831,1.24178395054565,11.34,0,0,243,0
35,30,92.4972687648327,3.86968190173831,1.24178395054565,23.56,0,0,122,0
36,30,73.9549689740826,4.6319397275175,1.31435464667311,0,101,30000,0,1
36,30,73.9549689740826,4.6319397275175,1.31435464667311,10.34,0,0,220,0
36,30,73.9549689740826,4.6319397275175,1.31435464667311,10.89,0,0,175,0
36,30,73.9549689740826,4.6319397275175,1.31435464667311,16.3,0,0,145,0
36,30,73.9549689740826,4.6319397275175,1.31435464667311,19.89,0,0,122,0
37,30,124.022677132407,4.63701232409366,0.987988203150772,0,101,30000,0,1
37,30,124.022677132407,4.63701232409366,0.987988203150772,2.9,0,0,223,0
37,30,124.022677132407,4.63701232409366,0.987988203150772,3.85,0,0,220,0
37,30,124.022677132407,4.63701232409366,0.987988203150772,11.8,0,0,167,0
37,30,124.022677132407,4.63701232409366,0.987988203150772,20.83,0,0,107,0
38,30,76.2419983661077,3.54848579833157,0.960822450920239,0,101,30000,0,1
38,30,76.2419983661077,3.54848579833157,0.960822450920239,8.03,0,0,171,0
38,30,76.2419983661077,3.54848579833157,0.960822450920239,10.08,0,0,295,0
38,30,76.2419983661077,3.54848579833157,0.960822450920239,16.74,0,0,188,0
38,30,76.2419983661077,3.54848579833157,0.960822450920239,19.98,0,0,129,0
39,30,36.656799279756,5.64053960734099,0.969551802091275,0,101,30000,0,1
39,30,36.656799279756,5.64053960734099,0.969551802091275,1.9,0,0,597,0
39,30,36.656799279756,5.64053960734099,0.969551802091275,7.14,0,0,265,0
39,30,36.656799279756,5.64053960734099,0.969551802091275,13.46,0,0,158,0
39,30,36.656799279756,5.64053960734099,0.969551802091275,18.87,0,0,34,0
40,30,52.0410777211252,5.06591624390497,0.90322417304206,0,101,30000,0,1
40,30,52.0410777211252,5.06591624390497,0.90322417304206,0.33,0,0,146,0
40,30,52.0410777211252,5.06591624390497,0.90322417304206,7.45,0,0,335,0
40,30,52.0410777211252,5.06591624390497,0.90322417304206,10.8,0,0,221,0
40,30,52.0410777211252,5.06591624390497,0.90322417304206,22.91,0,0,59,0
41,30,71.9937896568779,5.6882202418088,1.20325961555053,0,101,30000,0,1
41,30,71.9937896568779,5.6882202418088,1.20325961555053,0.5,0,0,188,0
41,30,71.9937896568779,5.6882202418088,1.20325961555053,11.84,0,0,192,0
41,30,71.9937896568779,5.6882202418088,1.20325961555053,14.31,0,0,135,0
41,30,71.9937896568779,5.6882202418088,1.20325961555053,20.51,0,0,80,0
42,30,47.0309899570746,2.18323807975318,0.455373090732301,0,101,30000,0,1
42,30,47.0309899570746,2.18323807975318,0.455373090732301,0.49,0,0,93,0
42,30,47.0309899570746,2.18323807975318,0.455373090732301,4.15,0,0,449,0
42,30,47.0309899570746,2.18323807975318,0.455373090732301,15.89,0,0,330,0
42,30,47.0309899570746,2.18323807975318,0.455373090732301,21.66,0,0,356,0
43,30,76.1350296082969,2.44999490080971,0.876652464335524,0,101,30000,0,1
43,30,76.1350296082969,2.44999490080971,0.876652464335524,6.63,0,0,387,0
43,30,76.1350296082969,2.44999490080971,0.876652464335524,11.75,0,0,227,0
43,30,76.1350296082969,2.44999490080971,0.876652464335524,16,0,0,376,0
43,30,76.1350296082969,2.44999490080971,0.876652464335524,22.26,0,0,167,0
44,30,83.9769291894004,4.08240643718858,1.11739691787904,0,101,30000,0,1
44,30,83.9769291894004,4.08240643718858,1.11739691787904,2.27,0,0,272,0
44,30,83.9769291894004,4.08240643718858,1.11739691787904,4.35,0,0,369,0
44,30,83.9769291894004,4.08240643718858,1.11739691787904,14.94,0,0,197,0
44,30,83.9769291894004,4.08240643718858,1.11739691787904,18.7,0,0,175,0
45,30,60.5632696100557,5.72512356573923,0.912991642627303,0,101,30000,0,1
45,30,60.5632696100557,5.72512356573923,0.912991642627303,5.54,0,0,389,0
45,30,60.5632696100557,5.72512356573923,0.912991642627303,10.82,0,0,134,0
45,30,60.5632696100557,5.72512356573923,0.912991642627303,20.31,0,0,76,0
45,30,60.5632696100557,5.72512356573923,0.912991642627303,21.86,0,0,69,0
46,30,70.9091905078974,2.8702973416425,1.14234543246917,0,101,30000,0,1
46,30,70.9091905078974,2.8702973416425,1.14234543246917,3.5,0,0,520,0
46,30,70.9091905078974,2.8702973416425,1.14234543246917,8.08,0,0,388,0
46,30,70.9091905078974,2.8702973416425,1.14234543246917,9.74,0,0,379,0
46,30,70.9091905078974,2.8702973416425,1.14234543246917,22.92,0,0,177,0
47,30,76.2094940544009,4.10806490363961,0.821559311585877,0,101,30000,0,1
47,30,76.2094940544009,4.10806490363961,0.821559311585877,3.04,0,0,329,0
47,30,76.2094940544009,4.10806490363961,0.821559311585877,8.74,0,0,348,0
47,30,76.2094940544009,4.10806490363961,0.821559311585877,11.59,0,0,174,0
47,30,76.2094940544009,4.10806490363961,0.821559311585877,15.04,0,0,247,0
48,30,42.869139435702,3.27261228069283,1.17027805170365,0,101,30000,0,1
48,30,42.869139435702,3.27261228069283,1.17027805170365,1.96,0,0,571,0
48,30,42.869139435702,3.27261228069283,1.17027805170365,2.81,0,0,523,0
48,30,42.869139435702,3.27261228069283,1.17027805170365,16.56,0,0,219,0
48,30,42.869139435702,3.27261228069283,1.17027805170365,19.47,0,0,225,0
49,30,56.8038984489689,4.49480472090988,0.543551102716243,0,101,30000,0,1
49,30,56.8038984489689,4.49480472090988,0.543551102716243,4.59,0,0,279,0
49,30,56.8038984489689,4.49480472090988,0.543551102716243,5.15,0,0,466,0
49,30,56.8038984489689,4.49480472090988,0.543551102716243,11.18,0,0,268,0
49,30,56.8038984489689,4.49480472090988,0.543551102716243,20.61,0,0,110,0
50,30,62.9424525048854,3.72294747631082,1.25005539774781,0,101,30000,0,1
50,30,62.9424525048854,3.72294747631082,1.25005539774781,8.51,0,0,285,0
50,30,62.9424525048854,3.72294747631082,1.25005539774781,10.13,0,0,263,0
50,30,62.9424525048854,3.72294747631082,1.25005539774781,13.25,0,0,255,0
50,30,62.9424525048854,3.72294747631082,1.25005539774781,16.31,0,0,190,0
51,30,69.6233327816608,3.96453635957494,1.19966423855697,0,101,30000,0,1
51,30,69.6233327816608,3.96453635957494,1.19966423855697,4.84,0,0,326,0
51,30,69.6233327816608,3.96453635957494,1.19966423855697,9.32,0,0,291,0
51,30,69.6233327816608,3.96453635957494,1.19966423855697,14.79,0,0,176,0
51,30,69.6233327816608,3.96453635957494,1.19966423855697,21.37,0,0,101,0
52,30,108.714528522634,4.34255412694992,0.662559964733988,0,101,30000,0,1
52,30,108.714528522634,4.34255412694992,0.662559964733988,9.31,0,0,161,0
52,30,108.714528522634,4.34255412694992,0.662559964733988,10.12,0,0,238,0
52,30,108.714528522634,4.34255412694992,0.662559964733988,10.76,0,0,175,0
52,30,108.714528522634,4.34255412694992,0.662559964733988,23.7,0,0,139,0
53,30,103.775033060857,4.78886319492903,0.548188207926005,0,101,30000,0,1
53,30,103.775033060857,4.78886319492903,0.548188207926005,12.66,0,0,132,0
53,30,103.775033060857,4.78886319492903,0.548188207926005,15.68,0,0,178,0
53,30,103.775033060857,4.78886319492903,0.548188207926005,19.49,0,0,134,0
53,30,103.775033060857,4.78886319492903,0.548188207926005,20.4,0,0,175,0
54,30,76.795874853949,6.91212058502445,0.707639251584483,0,101,30000,0,1
54,30,76.795874853949,6.91212058502445,0.707639251584483,8.1,0,0,287,0
54,30,76.795874853949,6.91212058502445,0.707639251584483,10.08,0,0,157,0
54,30,76.795874853949,6.91212058502445,0.707639251584483,13.48,0,0,99,0
54,30,76.795874853949,6.91212058502445,0.707639251584483,18.69,0,0,68,0
55,30,105.822937441894,3.0011344808238,0.804150678487949,0,101,30000,0,1
55,30,105.822937441894,3.0011344808238,0.804150678487949,8.82,0,0,270,0
55,30,105.822937441894,3.0011344808238,0.804150678487949,17.96,0,0,127,0
55,30,105.822937441894,3.0011344808238,0.804150678487949,22.06,0,0,214,0
55,30,105.822937441894,3.0011344808238,0.804150678487949,23.15,0,0,165,0
56,30,56.0040627059048,4.04954243040467,1.49189555314934,0,101,30000,0,1
56,30,56.0040627059048,4.04954243040467,1.49189555314934,2.71,0,0,373,0
56,30,56.0040627059048,4.04954243040467,1.49189555314934,13.43,0,0,194,0
56,30,56.0040627059048,4.04954243040467,1.49189555314934,16.82,0,0,144,0
56,30,56.0040627059048,4.04954243040467,1.49189555314934,18.05,0,0,125,0
57,30,71.6011437378861,3.64193321273526,0.988570828968768,0,101,30000,0,1
57,30,71.6011437378861,3.64193321273526,0.988570828968768,1.57,0,0,286,0
57,30,71.6011437378861,3.64193321273526,0.988570828968768,4.54,0,0,387,0
57,30,71.6011437378861,3.64193321273526,0.988570828968768,16.23,0,0,170,0
57,30,71.6011437378861,3.64193321273526,0.988570828968768,21.54,0,0,162,0
58,30,79.8855549460883,3.46024467050925,0.838929932649508,0,101,30000,0,1
58,30,79.8855549460883,3.46024467050925,0.838929932649508,1.43,0,0,314,0
58,30,79.8855549460883,3.46024467050925,0.838929932649508,9.07,0,0,196,0
58,30,79.8855549460883,3.46024467050925,0.838929932649508,23.12,0,0,178,0
58,30,79.8855549460883,3.46024467050925,0.838929932649508,23.46,0,0,163,0
59,30,47.0761937634167,3.63134229115009,0.688925240641226,0,101,30000,0,1
59,30,47.0761937634167,3.63134229115009,0.688925240641226,0.24,0,0,104,0
59,30,47.0761937634167,3.63134229115009,0.688925240641226,13.47,0,0,283,0
59,30,47.0761937634167,3.63134229115009,0.688925240641226,16.12,0,0,221,0
59,30,47.0761937634167,3.63134229115009,0.688925240641226,16.91,0,0,246,0
60,30,40.7525807378857,3.35884232278073,1.02151462842314,0,101,30000,0,1
60,30,40.7525807378857,3.35884232278073,1.02151462842314,3.1,0,0,507,0
60,30,40.7525807378857,3.35884232278073,1.02151462842314,15.66,0,0,196,0
60,30,40.7525807378857,3.35884232278073,1.02151462842314,19.69,0,0,138,0
60,30,40.7525807378857,3.35884232278073,1.02151462842314,23.53,0,0,106,0
61,60,115.959765470649,3.11249902205095,0.910330095454087,0,101,60000,0,1
61,60,115.959765470649,3.11249902205095,0.910330095454087,6.09,0,0,494,0
61,60,115.959765470649,3.11249902205095,0.910330095454087,14.89,0,0,377,0
61,60,115.959765470649,3.11249902205095,0.910330095454087,16.77,0,0,409,0
61,60,115.959765470649,3.11249902205095,0.910330095454087,18.88,0,0,391,0
62,60,26.8742396543001,3.53506574441136,0.899474557737796,0,101,60000,0,1
62,60,26.8742396543001,3.53506574441136,0.899474557737796,10.27,0,0,1052,0
62,60,26.8742396543001,3.53506574441136,0.899474557737796,11.66,0,0,451,0
62,60,26.8742396543001,3.53506574441136,0.899474557737796,12.25,0,0,644,0
62,60,26.8742396543001,3.53506574441136,0.899474557737796,18.45,0,0,265,0
63,60,55.2731334075091,3.37845685099467,0.667239990759512,0,101,60000,0,1
63,60,55.2731334075091,3.37845685099467,0.667239990759512,3.52,0,0,938,0
63,60,55.2731334075091,3.37845685099467,0.667239990759512,4.39,0,0,944,0
63,60,55.2731334075091,3.37845685099467,0.667239990759512,5.82,0,0,713,0
63,60,55.2731334075091,3.37845685099467,0.667239990759512,22.66,0,0,242,0
64,60,73.473045539179,2.39546156770806,0.622904184663993,0,101,60000,0,1
64,60,73.473045539179,2.39546156770806,0.622904184663993,4.59,0,0,761,0
64,60,73.473045539179,2.39546156770806,0.622904184663993,7.95,0,0,496,0
64,60,73.473045539179,2.39546156770806,0.622904184663993,19.7,0,0,558,0
64,60,73.473045539179,2.39546156770806,0.622904184663993,19.96,0,0,413,0
65,60,50.7272207088126,2.82156492518906,1.48029563107888,0,101,60000,0,1
65,60,50.7272207088126,2.82156492518906,1.48029563107888,1.59,0,0,866,0
65,60,50.7272207088126,2.82156492518906,1.48029563107888,3.96,0,0,1037,0
65,60,50.7272207088126,2.82156492518906,1.48029563107888,15.72,0,0,436,0
65,60,50.7272207088126,2.82156492518906,1.48029563107888,19.68,0,0,534,0
66,60,69.0030012542005,2.61434419151827,0.919371714906648,0,101,60000,0,1
66,60,69.0030012542005,2.61434419151827,0.919371714906648,5.55,0,0,611,0
66,60,69.0030012542005,2.61434419151827,0.919371714906648,6.56,0,0,752,0
66,60,69.0030012542005,2.61434419151827,0.919371714906648,8.54,0,0,662,0
66,60,69.0030012542005,2.61434419151827,0.919371714906648,15.84,0,0,370,0
67,60,72.6325488660621,3.76775252069431,0.984298334401476,0,101,60000,0,1
67,60,72.6325488660621,3.76775252069431,0.984298334401476,2.95,0,0,565,0
67,60,72.6325488660621,3.76775252069431,0.984298334401476,11.56,0,0,370,0
67,60,72.6325488660621,3.76775252069431,0.984298334401476,11.81,0,0,511,0
67,60,72.6325488660621,3.76775252069431,0.984298334401476,13.85,0,0,485,0
68,60,79.2627512675154,4.07199656459896,1.54857937057832,0,101,60000,0,1
68,60,79.2627512675154,4.07199656459896,1.54857937057832,0.52,0,0,448,0
68,60,79.2627512675154,4.07199656459896,1.54857937057832,12.29,0,0,512,0
68,60,79.2627512675154,4.07199656459896,1.54857937057832,16.72,0,0,358,0
68,60,79.2627512675154,4.07199656459896,1.54857937057832,23.78,0,0,169,0
69,60,68.3602559987622,4.3696056723778,0.928010246332197,0,101,60000,0,1
69,60,68.3602559987622,4.3696056723778,0.928010246332197,0.37,0,0,178,0
69,60,68.3602559987622,4.3696056723778,0.928010246332197,1.9,0,0,739,0
69,60,68.3602559987622,4.3696056723778,0.928010246332197,9.85,0,0,620,0
69,60,68.3602559987622,4.3696056723778,0.928010246332197,20.2,0,0,205,0
70,60,65.5046487411562,3.07201332502807,1.09143528722476,0,101,60000,0,1
70,60,65.5046487411562,3.07201332502807,1.09143528722476,5.37,0,0,786,0
70,60,65.5046487411562,3.07201332502807,1.09143528722476,6.69,0,0,978,0
70,60,65.5046487411562,3.07201332502807,1.09143528722476,8.2,0,0,780,0
70,60,65.5046487411562,3.07201332502807,1.09143528722476,21.97,0,0,371,0
71,60,54.2162520003035,5.17556670907913,1.68841322763524,0,101,60000,0,1
71,60,54.2162520003035,5.17556670907913,1.68841322763524,4.52,0,0,881,0
71,60,54.2162520003035,5.17556670907913,1.68841322763524,8.62,0,0,681,0
71,60,54.2162520003035,5.17556670907913,1.68841322763524,16.8,0,0,226,0
71,60,54.2162520003035,5.17556670907913,1.68841322763524,19.83,0,0,188,0
72,60,56.2961194785549,6.1234845165223,0.91345245248247,0,101,60000,0,1
72,60,56.2961194785549,6.1234845165223,0.91345245248247,3.12,0,0,835,0
72,60,56.2961194785549,6.1234845165223,0.91345245248247,6.01,0,0,448,0
72,60,56.2961194785549,6.1234845165223,0.91345245248247,12.83,0,0,405,0
72,60,56.2961194785549,6.1234845165223,0.91345245248247,19.42,0,0,177,0
73,60,59.0207410734632,5.19708376468572,0.968174712225792,0,101,60000,0,1
73,60,59.0207410734632,5.19708376468572,0.968174712225792,3.47,0,0,821,0
73,60,59.0207410734632,5.19708376468572,0.968174712225792,10.71,0,0,562,0
73,60,59.0207410734632,5.19708376468572,0.968174712225792,16.83,0,0,255,0
73,60,59.0207410734632,5.19708376468572,0.968174712225792,21.11,0,0,160,0
74,60,60.4761493386009,3.77504062956293,1.10723265369338,0,101,60000,0,1
74,60,60.4761493386009,3.77504062956293,1.10723265369338,4.66,0,0,814,0
74,60,60.4761493386009,3.77504062956293,1.10723265369338,5.64,0,0,756,0
74,60,60.4761493386009,3.77504062956293,1.10723265369338,8.76,0,0,864,0
74,60,60.4761493386009,3.77504062956293,1.10723265369338,9.51,0,0,568,0
75,60,103.502877102799,4.0981061509474,0.801437209454453,0,101,60000,0,1
75,60,103.502877102799,4.0981061509474,0.801437209454453,5.77,0,0,409,0
75,60,103.502877102799,4.0981061509474,0.801437209454453,9.81,0,0,451,0
75,60,103.502877102799,4.0981061509474,0.801437209454453,16.36,0,0,309,0
75,60,103.502877102799,4.0981061509474,0.801437209454453,23.8,0,0,319,0
76,60,100.585918624794,5.31350026307978,0.808031104815615,0,101,60000,0,1
76,60,100.585918624794,5.31350026307978,0.808031104815615,9.23,0,0,431,0
76,60,100.585918624794,5.31350026307978,0.808031104815615,12.32,0,0,376,0
76,60,100.585918624794,5.31350026307978,0.808031104815615,17.41,0,0,281,0
76,60,100.585918624794,5.31350026307978,0.808031104815615,18.46,0,0,263,0
77,60,42.3306980298709,3.93172189713931,1.34519715488821,0,101,60000,0,1
77,60,42.3306980298709,3.93172189713931,1.34519715488821,14.63,0,0,435,0
77,60,42.3306980298709,3.93172189713931,1.34519715488821,16.06,0,0,347,0
77,60,42.3306980298709,3.93172189713931,1.34519715488821,20.02,0,0,243,0
77,60,42.3306980298709,3.93172189713931,1.34519715488821,23.88,0,0,241,0
78,60,93.6726928556743,3.29393033715264,0.445692518845358,0,101,60000,0,1
78,60,93.6726928556743,3.29393033715264,0.445692518845358,3.96,0,0,489,0
78,60,93.6726928556743,3.29393033715264,0.445692518845358,15.63,0,0,379,0
78,60,93.6726928556743,3.29393033715264,0.445692518845358,17.64,0,0,389,0
78,60,93.6726928556743,3.29393033715264,0.445692518845358,18.76,0,0,334,0
79,60,82.1928656466967,2.80865055748971,0.867016325085577,0,101,60000,0,1
79,60,82.1928656466967,2.80865055748971,0.867016325085577,1.25,0,0,680,0
79,60,82.1928656466967,2.80865055748971,0.867016325085577,7.43,0,0,534,0
79,60,82.1928656466967,2.80865055748971,0.867016325085577,21.93,0,0,407,0
79,60,82.1928656466967,2.80865055748971,0.867016325085577,23.53,0,0,304,0
80,60,43.4690280800699,3.65766652473506,0.760906967384526,0,101,60000,0,1
80,60,43.4690280800699,3.65766652473506,0.760906967384526,1.11,0,0,1227,0
80,60,43.4690280800699,3.65766652473506,0.760906967384526,7.16,0,0,779,0
80,60,43.4690280800699,3.65766652473506,0.760906967384526,17.88,0,0,414,0
80,60,43.4690280800699,3.65766652473506,0.760906967384526,21.88,0,0,325,0
81,60,56.5485226490091,3.93786998812388,1.26100915419723,0,101,60000,0,1
81,60,56.5485226490091,3.93786998812388,1.26100915419723,5.49,0,0,842,0
81,60,56.5485226490091,3.93786998812388,1.26100915419723,6.16,0,0,720,0
81,60,56.5485226490091,3.93786998812388,1.26100915419723,9.81,0,0,689,0
81,60,56.5485226490091,3.93786998812388,1.26100915419723,10.14,0,0,471,0
82,60,54.5686270342424,3.89842925698948,1.44655620593406,0,101,60000,0,1
82,60,54.5686270342424,3.89842925698948,1.44655620593406,14.44,0,0,475,0
82,60,54.5686270342424,3.89842925698948,1.44655620593406,14.65,0,0,432,0
82,60,54.5686270342424,3.89842925698948,1.44655620593406,20.57,0,0,341,0
82,60,54.5686270342424,3.89842925698948,1.44655620593406,22.25,0,0,202,0
83,60,87.2701504201208,4.20488590112859,0.690793980418888,0,101,60000,0,1
83,60,87.2701504201208,4.20488590112859,0.690793980418888,3.58,0,0,477,0
83,60,87.2701504201208,4.20488590112859,0.690793980418888,4.12,0,0,681,0
83,60,87.2701504201208,4.20488590112859,0.690793980418888,10.72,0,0,420,0
83,60,87.2701504201208,4.20488590112859,0.690793980418888,20.6,0,0,307,0
84,60,57.392928557031,4.11825121497906,1.23882857952708,0,101,60000,0,1
84,60,57.392928557031,4.11825121497906,1.23882857952708,3.61,0,0,701,0
84,60,57.392928557031,4.11825121497906,1.23882857952708,4.67,0,0,1026,0
84,60,57.392928557031,4.11825121497906,1.23882857952708,6.27,0,0,692,0
84,60,57.392928557031,4.11825121497906,1.23882857952708,19.73,0,0,405,0
85,60,71.1987652015152,6.65646567989989,0.566918371047454,0,101,60000,0,1
85,60,71.1987652015152,6.65646567989989,0.566918371047454,1.05,0,0,382,0
85,60,71.1987652015152,6.65646567989989,0.566918371047454,9.83,0,0,441,0
85,60,71.1987652015152,6.65646567989989,0.566918371047454,10.92,0,0,431,0
85,60,71.1987652015152,6.65646567989989,0.566918371047454,12.66,0,0,262,0
86,60,62.3661247062802,3.99375917819821,0.898289155829947,0,101,60000,0,1
86,60,62.3661247062802,3.99375917819821,0.898289155829947,2.88,0,0,797,0
86,60,62.3661247062802,3.99375917819821,0.898289155829947,4.23,0,0,920,0
86,60,62.3661247062802,3.99375917819821,0.898289155829947,5.54,0,0,804,0
86,60,62.3661247062802,3.99375917819821,0.898289155829947,14.03,0,0,335,0
87,60,78.3393755584114,4.10528902658942,0.981489150073243,0,101,60000,0,1
87,60,78.3393755584114,4.10528902658942,0.981489150073243,6.27,0,0,583,0
87,60,78.3393755584114,4.10528902658942,0.981489150073243,7.03,0,0,391,0
87,60,78.3393755584114,4.10528902658942,0.981489150073243,12.03,0,0,287,0
87,60,78.3393755584114,4.10528902658942,0.981489150073243,21.25,0,0,240,0
88,60,47.3154009202752,5.06880942864781,1.75631561065067,0,101,60000,0,1
88,60,47.3154009202752,5.06880942864781,1.75631561065067,1.64,0,0,1254,0
88,60,47.3154009202752,5.06880942864781,1.75631561065067,7.28,0,0,749,0
88,60,47.3154009202752,5.06880942864781,1.75631561065067,8.15,0,0,565,0
88,60,47.3154009202752,5.06880942864781,1.75631561065067,10.5,0,0,387,0
89,60,112.252399592617,4.55238259411894,0.769872694726249,0,101,60000,0,1
89,60,112.252399592617,4.55238259411894,0.769872694726249,5.69,0,0,238,0
89,60,112.252399592617,4.55238259411894,0.769872694726249,17.52,0,0,311,0
89,60,112.252399592617,4.55238259411894,0.769872694726249,21.15,0,0,236,0
89,60,112.252399592617,4.55238259411894,0.769872694726249,23.27,0,0,165,0
90,60,82.7485589207664,3.86429018874633,0.844842538773101,0,101,60000,0,1
90,60,82.7485589207664,3.86429018874633,0.844842538773101,7.65,0,0,503,0
90,60,82.7485589207664,3.86429018874633,0.844842538773101,13.41,0,0,296,0
90,60,82.7485589207664,3.86429018874633,0.844842538773101,16.26,0,0,345,0
90,60,82.7485589207664,3.86429018874633,0.844842538773101,23.88,0,0,236,0
91,120,58.3410245270477,3.01592074317355,0.832028666989496,0,101,120000,0,1
91,120,58.3410245270477,3.01592074317355,0.832028666989496,2.29,0,0,1998,0
91,120,58.3410245270477,3.01592074317355,0.832028666989496,5.86,0,0,1523,0
91,120,58.3410245270477,3.01592074317355,0.832028666989496,6.42,0,0,1555,0
91,120,58.3410245270477,3.01592074317355,0.832028666989496,10.27,0,0,1494,0
92,120,93.1943693691966,3.97017031683512,1.05617323792729,0,101,120000,0,1
92,120,93.1943693691966,3.97017031683512,1.05617323792729,17.82,0,0,695,0
92,120,93.1943693691966,3.97017031683512,1.05617323792729,19.04,0,0,656,0
92,120,93.1943693691966,3.97017031683512,1.05617323792729,19.96,0,0,477,0
92,120,93.1943693691966,3.97017031683512,1.05617323792729,23.8,0,0,545,0
93,120,114.54155383404,4.32983978534332,1.70079373923673,0,101,120000,0,1
93,120,114.54155383404,4.32983978534332,1.70079373923673,1.59,0,0,1016,0
93,120,114.54155383404,4.32983978534332,1.70079373923673,3.41,0,0,619,0
93,120,114.54155383404,4.32983978534332,1.70079373923673,6.47,0,0,799,0
93,120,114.54155383404,4.32983978534332,1.70079373923673,18.05,0,0,616,0
94,120,88.1431992166295,4.86187332648649,1.19148957109889,0,101,120000,0,1
94,120,88.1431992166295,4.86187332648649,1.19148957109889,2.4,0,0,1166,0
94,120,88.1431992166295,4.86187332648649,1.19148957109889,16.36,0,0,664,0
94,120,88.1431992166295,4.86187332648649,1.19148957109889,18.69,0,0,300,0
94,120,88.1431992166295,4.86187332648649,1.19148957109889,23.55,0,0,431,0
95,120,142.389219155497,6.22943690090733,1.14136794602148,0,101,120000,0,1
95,120,142.389219155497,6.22943690090733,1.14136794602148,4.03,0,0,562,0
95,120,142.389219155497,6.22943690090733,1.14136794602148,6.55,0,0,635,0
95,120,142.389219155497,6.22943690090733,1.14136794602148,6.67,0,0,760,0
95,120,142.389219155497,6.22943690090733,1.14136794602148,11.19,0,0,643,0
96,120,42.3456122726102,3.46535593814219,0.668887236019525,0,101,120000,0,1
96,120,42.3456122726102,3.46535593814219,0.668887236019525,5.54,0,0,1894,0
96,120,42.3456122726102,3.46535593814219,0.668887236019525,10.54,0,0,994,0
96,120,42.3456122726102,3.46535593814219,0.668887236019525,10.96,0,0,1653,0
96,120,42.3456122726102,3.46535593814219,0.668887236019525,22.05,0,0,478,0
97,120,54.1362348855618,4.63268539535821,1.75982590758144,0,101,120000,0,1
97,120,54.1362348855618,4.63268539535821,1.75982590758144,7.82,0,0,1457,0
97,120,54.1362348855618,4.63268539535821,1.75982590758144,14.76,0,0,502,0
97,120,54.1362348855618,4.63268539535821,1.75982590758144,18,0,0,593,0
97,120,54.1362348855618,4.63268539535821,1.75982590758144,23.05,0,0,300,0
98,120,54.1362348855618,4.63268539535821,1.75982590758144,0,101,120000,0,1
98,120,54.1362348855618,4.63268539535821,1.75982590758144,7.82,0,0,1457,0
98,120,54.1362348855618,4.63268539535821,1.75982590758144,14.76,0,0,502,0
98,120,54.1362348855618,4.63268539535821,1.75982590758144,18,0,0,593,0
98,120,54.1362348855618,4.63268539535821,1.75982590758144,23.05,0,0,300,0
99,120,97.0239868045706,3.26557295254424,0.745518793232803,0,101,120000,0,1
99,120,97.0239868045706,3.26557295254424,0.745518793232803,2.93,0,0,1210,0
99,120,97.0239868045706,3.26557295254424,0.745518793232803,8.4,0,0,1099,0
99,120,97.0239868045706,3.26557295254424,0.745518793232803,9.07,0,0,690,0
99,120,97.0239868045706,3.26557295254424,0.745518793232803,10.22,0,0,922,0
100,120,49.125737505124,3.27617848581616,0.776523815835563,0,101,120000,0,1
100,120,49.125737505124,3.27617848581616,0.776523815835563,1.64,0,0,1486,0
100,120,49.125737505124,3.27617848581616,0.776523815835563,4.48,0,0,2695,0
100,120,49.125737505124,3.27617848581616,0.776523815835563,9.08,0,0,1483,0
100,120,49.125737505124,3.27617848581616,0.776523815835563,23.49,0,0,788,0
101,120,50.6179931448233,3.86742173452272,1.08144705590097,0,101,120000,0,1
101,120,50.6179931448233,3.86742173452272,1.08144705590097,3.18,0,0,1223,0
101,120,50.6179931448233,3.86742173452272,1.08144705590097,4.24,0,0,1697,0
101,120,50.6179931448233,3.86742173452272,1.08144705590097,6.19,0,0,1309,0
101,120,50.6179931448233,3.86742173452272,1.08144705590097,7.16,0,0,1175,0
102,120,60.719117878152,4.37209488411535,1.25659974411374,0,101,120000,0,1
102,120,60.719117878152,4.37209488411535,1.25659974411374,1.88,0,0,1720,0
102,120,60.719117878152,4.37209488411535,1.25659974411374,3.01,0,0,1575,0
102,120,60.719117878152,4.37209488411535,1.25659974411374,3.56,0,0,1649,0
102,120,60.719117878152,4.37209488411535,1.25659974411374,7.81,0,0,1206,0
103,120,58.7232674470533,4.45688253516921,1.23820113235048,0,101,120000,0,1
103,120,58.7232674470533,4.45688253516921,1.23820113235048,13.7,0,0,566,0
103,120,58.7232674470533,4.45688253516921,1.23820113235048,16.15,0,0,862,0
103,120,58.7232674470533,4.45688253516921,1.23820113235048,16.95,0,0,615,0
103,120,58.7232674470533,4.45688253516921,1.23820113235048,18.34,0,0,332,0
104,120,77.0250593235953,5.18582335214804,1.27122260911362,0,101,120000,0,1
104,120,77.0250593235953,5.18582335214804,1.27122260911362,2.32,0,0,1299,0
104,120,77.0250593235953,5.18582335214804,1.27122260911362,4.54,0,0,1250,0
104,120,77.0250593235953,5.18582335214804,1.27122260911362,5.22,0,0,1484,0
104,120,77.0250593235953,5.18582335214804,1.27122260911362,5.87,0,0,1316,0
105,120,55.9395259008298,3.30385672104316,1.71135832887174,0,101,120000,0,1
105,120,55.9395259008298,3.30385672104316,1.71135832887174,4.64,0,0,2095,0
105,120,55.9395259008298,3.30385672104316,1.71135832887174,8.07,0,0,1263,0
105,120,55.9395259008298,3.30385672104316,1.71135832887174,9.51,0,0,1290,0
105,120,55.9395259008298,3.30385672104316,1.71135832887174,10.3,0,0,860,0
106,120,70.9533308756479,4.16821135679042,1.63550217395543,0,101,120000,0,1
106,120,70.9533308756479,4.16821135679042,1.63550217395543,2.2,0,0,1164,0
106,120,70.9533308756479,4.16821135679042,1.63550217395543,8.26,0,0,1116,0
106,120,70.9533308756479,4.16821135679042,1.63550217395543,11.17,0,0,1160,0
106,120,70.9533308756479,4.16821135679042,1.63550217395543,22.59,0,0,769,0
107,120,38.1163611914915,6.67421563853758,1.24824553185215,0,101,120000,0,1
107,120,38.1163611914915,6.67421563853758,1.24824553185215,2.31,0,0,3135,0
107,120,38.1163611914915,6.67421563853758,1.24824553185215,5.43,0,0,1309,0
107,120,38.1163611914915,6.67421563853758,1.24824553185215,19.37,0,0,125,0
107,120,38.1163611914915,6.67421563853758,1.24824553185215,21.89,0,0,83,0
108,120,66.5237891798981,5.74929658902274,0.752669715105125,0,101,120000,0,1
108,120,66.5237891798981,5.74929658902274,0.752669715105125,0.27,0,0,410,0
108,120,66.5237891798981,5.74929658902274,0.752669715105125,6.02,0,0,1094,0
108,120,66.5237891798981,5.74929658902274,0.752669715105125,9.21,0,0,845,0
108,120,66.5237891798981,5.74929658902274,0.752669715105125,23.37,0,0,216,0
109,120,86.1591537523946,1.9171352188526,1.01631665306001,0,101,120000,0,1
109,120,86.1591537523946,1.9171352188526,1.01631665306001,3.66,0,0,1507,0
109,120,86.1591537523946,1.9171352188526,1.01631665306001,16.67,0,0,996,0
109,120,86.1591537523946,1.9171352188526,1.01631665306001,18.85,0,0,795,0
109,120,86.1591537523946,1.9171352188526,1.01631665306001,22.29,0,0,982,0
110,120,116.39861112032,4.02714641011989,1.74417024583513,0,101,120000,0,1
110,120,116.39861112032,4.02714641011989,1.74417024583513,11.89,0,0,598,0
110,120,116.39861112032,4.02714641011989,1.74417024583513,14.06,0,0,699,0
110,120,116.39861112032,4.02714641011989,1.74417024583513,19.15,0,0,425,0
110,120,116.39861112032,4.02714641011989,1.74417024583513,21.98,0,0,448,0
111,120,101.264183948163,2.18634529976422,1.52471877266296,0,101,120000,0,1
111,120,101.264183948163,2.18634529976422,1.52471877266296,0.51,0,0,810,0
111,120,101.264183948163,2.18634529976422,1.52471877266296,1.13,0,0,658,0
111,120,101.264183948163,2.18634529976422,1.52471877266296,13.87,0,0,726,0
111,120,101.264183948163,2.18634529976422,1.52471877266296,16.98,0,0,823,0
112,120,63.1146571023148,4.17207640426033,0.984600930779348,0,101,120000,0,1
112,120,63.1146571023148,4.17207640426033,0.984600930779348,10.56,0,0,951,0
112,120,63.1146571023148,4.17207640426033,0.984600930779348,13.19,0,0,757,0
112,120,63.1146571023148,4.17207640426033,0.984600930779348,13.66,0,0,767,0
112,120,63.1146571023148,4.17207640426033,0.984600930779348,15.73,0,0,620,0
113,120,79.1398249474725,5.24012441139599,1.36587457616268,0,101,120000,0,1
113,120,79.1398249474725,5.24012441139599,1.36587457616268,3.28,0,0,1591,0
113,120,79.1398249474725,5.24012441139599,1.36587457616268,5.37,0,0,1069,0
113,120,79.1398249474725,5.24012441139599,1.36587457616268,8.86,0,0,1133,0
113,120,79.1398249474725,5.24012441139599,1.36587457616268,18.81,0,0,396,0
114,120,90.2131421510527,7.59216788875528,1.14739845756344,0,101,120000,0,1
114,120,90.2131421510527,7.59216788875528,1.14739845756344,12.09,0,0,416,0
114,120,90.2131421510527,7.59216788875528,1.14739845756344,14.82,0,0,380,0
114,120,90.2131421510527,7.59216788875528,1.14739845756344,18.28,0,0,339,0
114,120,90.2131421510527,7.59216788875528,1.14739845756344,19.43,0,0,229,0
115,120,123.163944973419,3.14618697073894,2.18398066245247,0,101,120000,0,1
115,120,123.163944973419,3.14618697073894,2.18398066245247,0.18,0,0,304,0
115,120,123.163944973419,3.14618697073894,2.18398066245247,1.79,0,0,817,0
115,120,123.163944973419,3.14618697073894,2.18398066245247,17.21,0,0,582,0
115,120,123.163944973419,3.14618697073894,2.18398066245247,17.6,0,0,581,0
116,120,99.239190204992,1.99791884588263,0.78100592158914,0,101,120000,0,1
116,120,99.239190204992,1.99791884588263,0.78100592158914,2,0,0,701,0
116,120,99.239190204992,1.99791884588263,0.78100592158914,4.65,0,0,1275,0
116,120,99.239190204992,1.99791884588263,0.78100592158914,6.95,0,0,1383,0
116,120,99.239190204992,1.99791884588263,0.78100592158914,18.64,0,0,1352,0
117,120,64.8754591876982,2.74968337355835,0.979177307459881,0,101,120000,0,1
117,120,64.8754591876982,2.74968337355835,0.979177307459881,5.07,0,0,1396,0
117,120,64.8754591876982,2.74968337355835,0.979177307459881,10.1,0,0,1177,0
117,120,64.8754591876982,2.74968337355835,0.979177307459881,21.86,0,0,556,0
117,120,64.8754591876982,2.74968337355835,0.979177307459881,22.04,0,0,962,0
118,120,53.3970106878606,4.90168185449254,1.20902207214219,0,101,120000,0,1
118,120,53.3970106878606,4.90168185449254,1.20902207214219,4.74,0,0,1480,0
118,120,53.3970106878606,4.90168185449254,1.20902207214219,11.79,0,0,657,0
118,120,53.3970106878606,4.90168185449254,1.20902207214219,15.35,0,0,606,0
118,120,53.3970106878606,4.90168185449254,1.20902207214219,17.72,0,0,436,0
119,120,60.8966377590657,3.66219881677798,1.09897311407999,0,101,120000,0,1
119,120,60.8966377590657,3.66219881677798,1.09897311407999,0.98,0,0,1702,0
119,120,60.8966377590657,3.66219881677798,1.09897311407999,4.51,0,0,2100,0
119,120,60.8966377590657,3.66219881677798,1.09897311407999,9.29,0,0,1082,0
119,120,60.8966377590657,3.66219881677798,1.09897311407999,20.25,0,0,533,0
120,120,127.523430925975,3.72495711292952,0.73527013235867,0,101,120000,0,1
120,120,127.523430925975,3.72495711292952,0.73527013235867,2.35,0,0,849,0
120,120,127.523430925975,3.72495711292952,0.73527013235867,3.54,0,0,680,0
120,120,127.523430925975,3.72495711292952,0.73527013235867,5.14,0,0,1081,0
120,120,127.523430925975,3.72495711292952,0.73527013235867,16.77,0,0,631,0
