ID,DOSE,V,CL,KA,TIME,EVID,AMT,DV,EVIDNM
1,10,41.833406322404,2.8524189027646,0.992117174053827,0,101,10000,0,1
1,10,41.833406322404,2.8524189027646,0.992117174053827,7.44,0,0,132,0
1,10,41.833406322404,2.8524189027646,0.992117174053827,13.31,0,0,78,0
1,10,41.833406322404,2.8524189027646,0.992117174053827,16.42,0,0,86,0
1,10,41.833406322404,2.8524189027646,0.992117174053827,21.12,0,0,40,0
2,10,68.0271178809589,3.12268544580632,0.949121460923501,0,101,10000,0,1
2,10,68.0271178809589,3.12268544580632,0.949121460923501,9.03,0,0,100,0
2,10,68.0271178809589,3.12268544580632,0.949121460923501,13.01,0,0,83,0
2,10,68.0271178809589,3.12268544580632,0.949121460923501,15.97,0,0,85,0
2,10,68.0271178809589,3.12268544580632,0.949121460923501,19.46,0,0,66,0
3,10,77.6764194411205,3.28316300237791,1.00789137981828,0,101,10000,0,1
3,10,77.6764194411205,3.28316300237791,1.00789137981828,6.14,0,0,104,0
3,10,77.6764194411205,3.28316300237791,1.00789137981828,13.65,0,0,87,0
3,10,77.6764194411205,3.28316300237791,1.00789137981828,16.23,0,0,50,0
3,10,77.6764194411205,3.28316300237791,1.00789137981828,19.95,0,0,72,0
4,10,71.722392102368,5.50598335391716,0.752272909930537,0,101,10000,0,1
4,10,71.722392102368,5.50598335391716,0.752272909930537,1.01,0,0,69,0
4,10,71.722392102368,5.50598335391716,0.752272909930537,4.85,0,0,80,0
4,10,71.722392102368,5.50598335391716,0.752272909930537,13.62,0,0,71,0
4,10,71.722392102368,5.50598335391716,0.752272909930537,22.52,0,0,34,0
5,10,91.573826172756,4.04827153590252,0.949114974846339,0,101,10000,0,1
5,10,91.573826172756,4.04827153590252,0.949114974846339,0.08,0,0,6,0
5,10,91.573826172756,4.04827153590252,0.949114974846339,7.88,0,0,58,0
5,10,91.573826172756,4.04827153590252,0.949114974846339,15.49,0,0,47,0
5,10,91.573826172756,4.04827153590252,0.949114974846339,20.98,0,0,38,0
6,10,67.185443354584,7.59275308985013,1.80113466432623,0,101,10000,0,1
6,10,67.185443354584,7.59275308985013,1.80113466432623,3.54,0,0,118,0
6,10,67.185443354584,7.59275308985013,1.80113466432623,9.29,0,0,78,0
6,10,67.185443354584,7.59275308985013,1.80113466432623,15.08,0,0,26,0
6,10,67.185443354584,7.59275308985013,1.80113466432623,18.02,0,0,19,0
7,10,67.4348722863227,5.03549891192796,0.962409900087517,0,101,10000,0,1
7,10,67.4348722863227,5.03549891192796,0.962409900087517,0.25,0,0,29,0
7,10,67.4348722863227,5.03549891192796,0.962409900087517,3.05,0,0,139,0
7,10,67.4348722863227,5.03549891192796,0.962409900087517,6.39,0,0,109,0
7,10,67.4348722863227,5.03549891192796,0.962409900087517,6.42,0,0,124,0
8,10,71.6997477723849,4.21931766146335,1.60662735291696,0,101,10000,0,1
8,10,71.6997477723849,4.21931766146335,1.60662735291696,6.08,0,0,85,0
8,10,71.6997477723849,4.21931766146335,1.60662735291696,18,0,0,54,0
8,10,71.6997477723849,4.21931766146335,1.60662735291696,21.33,0,0,39,0
8,10,71.6997477723849,4.21931766146335,1.60662735291696,22.69,0,0,39,0
9,10,81.768671855258,3.64400189043119,1.1666811074061,0,101,10000,0,1
9,10,81.768671855258,3.64400189043119,1.1666811074061,12.18,0,0,67,0
9,10,81.768671855258,3.64400189043119,1.1666811074061,12.65,0,0,86,0
9,10,81.768671855258,3.64400189043119,1.1666811074061,18.02,0,0,48,0
9,10,81.768671855258,3.64400189043119,1.1666811074061,22.45,0,0,46,0
10,10,63.7813722604433,2.84701538556289,1.07996495231037,0,101,10000,0,1
10,10,63.7813722604433,2.84701538556289,1.07996495231037,1.07,0,0,90,0
10,10,63.7813722604433,2.84701538556289,1.07996495231037,3.57,0,0,140,0
10,10,63.7813722604433,2.84701538556289,1.07996495231037,10.56,0,0,83,0
10,10,63.7813722604433,2.84701538556289,1.07996495231037,17.46,0,0,63,0
11,10,63.7188723263514,2.68772473525263,1.41524981804244,0,101,10000,0,1
11,10,63.7188723263514,2.68772473525263,1.41524981804244,0.5,0,0,97,0
11,10,63.7188723263514,2.68772473525263,1.41524981804244,1.89,0,0,124,0
11,10,63.7188723263514,2.68772473525263,1.41524981804244,2.52,0,0,138,0
11,10,63.7188723263514,2.68772473525263,1.41524981804244,3.44,0,0,162,0
12,10,94.7835614145021,4.17364698187474,0.701593644367902,0,101,10000,0,1
12,10,94.7835614145021,4.17364698187474,0.701593644367902,2.78,0,0,101,0
12,10,94.7835614145021,4.17364698187474,0.701593644367902,7.82,0,0,66,0
12,10,94.7835614145021,4.17364698187474,0.701593644367902,13.62,0,0,69,0
12,10,94.7835614145021,4.17364698187474,0.701593644367902,17.61,0,0,52,0
13,10,48.2748186852719,3.80651832040779,1.18390586446983,0,101,10000,0,1
13,10,48.2748186852719,3.80651832040779,1.18390586446983,13.79,0,0,71,0
13,10,48.2748186852719,3.80651832040779,1.18390586446983,13.87,0,0,86,0
13,10,48.2748186852719,3.80651832040779,1.18390586446983,21.75,0,0,30,0
13,10,48.2748186852719,3.80651832040779,1.18390586446983,21.98,0,0,32,0
14,10,59.8353485738044,4.07536879382645,0.377636701252861,0,101,10000,0,1
14,10,59.8353485738044,4.07536879382645,0.377636701252861,3.75,0,0,93,0
14,10,59.8353485738044,4.07536879382645,0.377636701252861,8.51,0,0,76,0
14,10,59.8353485738044,4.07536879382645,0.377636701252861,22.09,0,0,46,0
14,10,59.8353485738044,4.07536879382645,0.377636701252861,22.3,0,0,34,0
15,10,36.2148383339813,3.57903488870346,1.01640055672093,0,101,10000,0,1
15,10,36.2148383339813,3.57903488870346,1.01640055672093,3.04,0,0,212,0
15,10,36.2148383339813,3.57903488870346,1.01640055672093,13.38,0,0,68,0
15,10,36.2148383339813,3.57903488870346,1.01640055672093,16.43,0,0,71,0
15,10,36.2148383339813,3.57903488870346,1.01640055672093,23.24,0,0,38,0
16,10,44.8564747016162,3.30441428253676,1.18857827224947,0,101,10000,0,1
16,10,44.8564747016162,3.30441428253676,1.18857827224947,0.09,0,0,22,0
16,10,44.8564747016162,3.30441428253676,1.18857827224947,3.34,0,0,144,0
16,10,44.8564747016162,3.30441428253676,1.18857827224947,5.86,0,0,156,0
16,10,44.8564747016162,3.30441428253676,1.18857827224947,14.99,0,0,60,0
17,10,59.4806802795938,3.2611925889599,0.741323650722587,0,101,10000,0,1
17,10,59.4806802795938,3.2611925889599,0.741323650722587,7.2,0,0,119,0
17,10,59.4806802795938,3.2611925889599,0.741323650722587,15.36,0,0,77,0
17,10,59.4806802795938,3.2611925889599,0.741323650722587,17.07,0,0,70,0
17,10,59.4806802795938,3.2611925889599,0.741323650722587,19.99,0,0,69,0
18,10,47.2511670741059,4.54949093797286,1.06508331823985,0,101,10000,0,1
18,10,47.2511670741059,4.54949093797286,1.06508331823985,2.06,0,0,186,0
18,10,47.2511670741059,4.54949093797286,1.06508331823985,8.95,0,0,94,0
18,10,47.2511670741059,4.54949093797286,1.06508331823985,12.53,0,0,54,0
18,10,47.2511670741059,4.54949093797286,1.06508331823985,19.14,0,0,39,0
19,10,121.377589836559,5.17741898799534,1.25613046156466,0,101,10000,0,1
19,10,121.377589836559,5.17741898799534,1.25613046156466,7.02,0,0,60,0
19,10,121.377589836559,5.17741898799534,1.25613046156466,8.34,0,0,42,0
19,10,121.377589836559,5.17741898799534,1.25613046156466,11.27,0,0,58,0
19,10,121.377589836559,5.17741898799534,1.25613046156466,13.38,0,0,44,0
20,10,83.2942695274995,4.60847342893991,1.22158253179346,0,101,10000,0,1
20,10,83.2942695274995,4.60847342893991,1.22158253179346,1.19,0,0,90,0
20,10,83.2942695274995,4.60847342893991,1.22158253179346,1.73,0,0,98,0
20,10,83.2942695274995,4.60847342893991,1.22158253179346,6.94,0,0,76,0
20,10,83.2942695274995,4.60847342893991,1.22158253179346,13.1,0,0,50,0
21,10,114.168052748685,3.02476073316597,1.57219323228989,0,101,10000,0,1
21,10,114.168052748685,3.02476073316597,1.57219323228989,0.58,0,0,54,0
21,10,114.168052748685,3.02476073316597,1.57219323228989,6.54,0,0,114,0
21,10,114.168052748685,3.02476073316597,1.57219323228989,7.84,0,0,62,0
21,10,114.168052748685,3.02476073316597,1.57219323228989,15.7,0,0,57,0
22,10,102.283804154735,3.08746758990729,0.978862087954084,0,101,10000,0,1
22,10,102.283804154735,3.08746758990729,0.978862087954084,4.53,0,0,105,0
22,10,102.283804154735,3.08746758990729,0.978862087954084,4.53,0,0,86,0
22,10,102.283804154735,3.08746758990729,0.978862087954084,18.87,0,0,72,0
22,10,102.283804154735,3.08746758990729,0.978862087954084,21.09,0,0,54,0
23,10,97.6360678789412,2.86647367467749,1.1459848099008,0,101,10000,0,1
23,10,97.6360678789412,2.86647367467749,1.1459848099008,10.5,0,0,65,0
23,10,97.6360678789412,2.86647367467749,1.1459848099008,11.59,0,0,69,0
23,10,97.6360678789412,2.86647367467749,1.1459848099008,16.61,0,0,89,0
23,10,97.6360678789412,2.86647367467749,1.1459848099008,22.29,0,0,65,0
24,10,58.6731869766453,3.67568467399713,1.28410447833868,0,101,10000,0,1
24,10,58.6731869766453,3.67568467399713,1.28410447833868,2.79,0,0,175,0
24,10,58.6731869766453,3.67568467399713,1.28410447833868,4.99,0,0,125,0
24,10,58.6731869766453,3.67568467399713,1.28410447833868,12.31,0,0,92,0
24,10,58.6731869766453,3.67568467399713,1.28410447833868,21.79,0,0,42,0
25,10,62.2096718405204,2.91474630522358,1.6860131354319,0,101,10000,0,1
25,10,62.2096718405204,2.91474630522358,1.6860131354319,3.78,0,0,140,0
25,10,62.2096718405204,2.91474630522358,1.6860131354319,12.12,0,0,104,0
25,10,62.2096718405204,2.91474630522358,1.6860131354319,18.71,0,0,51,0
25,10,62.2096718405204,2.91474630522358,1.6860131354319,22.07,0,0,58,0
26,10,80.8006812822397,4.70987968129199,0.929624976015331,0,101,10000,0,1
26,10,80.8006812822397,4.70987968129199,0.929624976015331,9.38,0,0,68,0
26,10,80.8006812822397,4.70987968129199,0.929624976015331,17.12,0,0,34,0
26,10,80.8006812822397,4.70987968129199,0.929624976015331,18.16,0,0,70,0
26,10,80.8006812822397,4.70987968129199,0.929624976015331,22.73,0,0,33,0
27,10,84.9528481005308,3.6744698501623,0.715742168597677,0,101,10000,0,1
27,10,84.9528481005308,3.6744698501623,0.715742168597677,2.57,0,0,101,0
27,10,84.9528481005308,3.6744698501623,0.715742168597677,4.05,0,0,75,0
27,10,84.9528481005308,3.6744698501623,0.715742168597677,14.67,0,0,64,0
27,10,84.9528481005308,3.6744698501623,0.715742168597677,18.75,0,0,54,0
28,10,45.3207282935117,4.07230085478944,0.980580683160195,0,101,10000,0,1
28,10,45.3207282935117,4.07230085478944,0.980580683160195,3.34,0,0,296,0
28,10,45.3207282935117,4.07230085478944,0.980580683160195,7.6,0,0,124,0
28,10,45.3207282935117,4.07230085478944,0.980580683160195,15.83,0,0,52,0
28,10,45.3207282935117,4.07230085478944,0.980580683160195,16.6,0,0,50,0
29,10,83.4439000043985,2.60806057008961,1.58104557530719,0,101,10000,0,1
29,10,83.4439000043985,2.60806057008961,1.58104557530719,1.77,0,0,87,0
29,10,83.4439000043985,2.60806057008961,1.58104557530719,10.35,0,0,96,0
29,10,83.4439000043985,2.60806057008961,1.58104557530719,11.22,0,0,87,0
29,10,83.4439000043985,2.60806057008961,1.58104557530719,14.28,0,0,89,0
30,10,44.7507611542548,6.35404176854049,1.35332083457255,0,101,10000,0,1
30,10,44.7507611542548,6.35404176854049,1.35332083457255,6.49,0,0,75,0
30,10,44.7507611542548,6.35404176854049,1.35332083457255,10.37,0,0,69,0
30,10,44.7507611542548,6.35404176854049,1.35332083457255,10.81,0,0,44,0
30,10,44.7507611542548,6.35404176854049,1.35332083457255,23.11,0,0,9,0
31,30,69.0759637479191,4.5532812729422,0.767662114476421,0,101,30000,0,1
31,30,69.0759637479191,4.5532812729422,0.767662114476421,4.7,0,0,351,0
31,30,69.0759637479191,4.5532812729422,0.767662114476421,9.94,0,0,313,0
31,30,69.0759637479191,4.5532812729422,0.767662114476421,16.05,0,0,235,0
31,30,69.0759637479191,4.5532812729422,0.767662114476421,23.3,0,0,77,0
32,30,73.9364414244612,5.46282703546019,1.01860353260391,0,101,30000,0,1
32,30,73.9364414244612,5.46282703546019,1.01860353260391,0.26,0,0,80,0
32,30,73.9364414244612,5.46282703546019,1.01860353260391,8.69,0,0,197,0
32,30,73.9364414244612,5.46282703546019,1.01860353260391,12.78,0,0,174,0
32,30,73.9364414244612,5.46282703546019,1.01860353260391,20.83,0,0,86,0
33,30,106.425982338047,2.87153872143269,1.62652034872037,0,101,30000,0,1
33,30,106.425982338047,2.87153872143269,1.62652034872037,3.62,0,0,257,0
33,30,106.425982338047,2.87153872143269,1.62652034872037,11.25,0,0,221,0
33,30,106.425982338047,2.87153872143269,1.62652034872037,15.8,0,0,229,0
33,30,106.425982338047,2.87153872143269,1.62652034872037,19.24,0,0,212,0
34,30,83.0057815093131,3.91536836463635,0.755550797244226,0,101,30000,0,1
34,30,83.0057815093131,3.91536836463635,0.755550797244226,1.62,0,0,264,0
34,30,83.0057815093131,3.91536836463635,0.755550797244226,11.12,0,0,212,0
34,30,83.0057815093131,3.91536836463635,0.755550797244226,15.82,0,0,161,0
34,30,83.0057815093131,3.91536836463635,0.755550797244226,16.24,0,0,162,0
35,30,117.612959455446,3.43110093194113,1.11612159622189,0,101,30000,0,1
35,30,117.612959455446,3.43110093194113,1.11612159622189,8.44,0,0,209,0
35,30,117.612959455446,3.43110093194113,1.11612159622189,9.22,0,0,286,0
35,30,117.612959455446,3.43110093194113,1.11612159622189,15.19,0,0,120,0
35,30,117.612959455446,3.43110093194113,1.11612159622189,23.82,0,0,113,0
36,30,48.5138011351114,4.72559799223142,0.806513836012484,0,101,30000,0,1
36,30,48.5138011351114,4.72559799223142,0.806513836012484,5.9,0,0,439,0
36,30,48.5138011351114,4.72559799223142,0.806513836012484,6.94,0,0,391,0
36,30,48.5138011351114,4.72559799223142,0.806513836012484,13.6,0,0,170,0
36,30,48.5138011351114,4.72559799223142,0.806513836012484,17.14,0,0,123,0
37,30,57.7106492857502,7.0173939100708,0.717366944330896,0,101,30000,0,1
37,30,57.7106492857502,7.0173939100708,0.717366944330896,4.22,0,0,281,0
37,30,57.7106492857502,7.0173939100708,0.717366944330896,16.8,0,0,82,0
37,30,57.7106492857502,7.0173939100708,0.717366944330896,18.57,0,0,70,0
37,30,57.7106492857502,7.0173939100708,0.717366944330896,23.4,0,0,28,0
38,30,59.5740271972973,3.15598415466551,1.59865228914633,0,101,30000,0,1
38,30,59.5740271972973,3.15598415466551,1.59865228914633,3.25,0,0,412,0
38,30,59.5740271972973,3.15598415466551,1.59865228914633,10.69,0,0,322,0
38,30,59.5740271972973,3.15598415466551,1.59865228914633,12.66,0,0,362,0
38,30,59.5740271972973,3.15598415466551,1.59865228914633,22.37,0,0,122,0
39,30,107.04067609584,3.13844285034747,0.772467908379158,0,101,30000,0,1
39,30,107.04067609584,3.13844285034747,0.772467908379158,3.59,0,0,223,0
39,30,107.04067609584,3.13844285034747,0.772467908379158,15.85,0,0,183,0
39,30,107.04067609584,3.13844285034747,0.772467908379158,18.71,0,0,132,0
39,30,107.04067609584,3.13844285034747,0.772467908379158,22.35,0,0,197,0
40,30,95.5033346362634,3.85467097190284,1.05248040351962,0,101,30000,0,1
40,30,95.5033346362634,3.85467097190284,1.05248040351962,5.89,0,0,207,0
40,30,95.5033346362634,3.85467097190284,1.05248040351962,11.21,0,0,157,0
40,30,95.5033346362634,3.85467097190284,1.05248040351962,17.5,0,0,175,0
40,30,95.5033346362634,3.85467097190284,1.05248040351962,21.83,0,0,128,0
41,30,73.5975027004293,2.74580701674224,0.567863279102756,0,101,30000,0,1
41,30,73.5975027004293,2.74580701674224,0.567863279102756,8.97,0,0,311,0
41,30,73.5975027004293,2.74580701674224,0.567863279102756,9.26,0,0,256,0
41,30,73.5975027004293,2.74580701674224,0.567863279102756,9.88,0,0,369,0
41,30,73.5975027004293,2.74580701674224,0.567863279102756,10.19,0,0,295,0
42,30,86.3486422691966,5.60735957263307,1.03694179286013,0,101,30000,0,1
42,30,86.3486422691966,5.60735957263307,1.03694179286013,6.85,0,0,196,0
42,30,86.3486422691966,5.60735957263307,1.03694179286013,8.63,0,0,308,0
42,30,86.3486422691966,5.60735957263307,1.03694179286013,9.07,0,0,171,0
42,30,86.3486422691966,5.60735957263307,1.03694179286013,23.37,0,0,72,0
43,30,43.3547367988866,4.1011513720508,1.51600448824256,0,101,30000,0,1
43,30,43.3547367988866,4.1011513720508,1.51600448824256,10.8,0,0,245,0
43,30,43.3547367988866,4.1011513720508,1.51600448824256,14.46,0,0,208,0
43,30,43.3547367988866,4.1011513720508,1.51600448824256,15.21,0,0,209,0
43,30,43.3547367988866,4.1011513720508,1.51600448824256,19.91,0,0,118,0
44,30,49.5775932947411,4.24190300289553,0.704213073653024,0,101,30000,0,1
44,30,49.5775932947411,4.24190300289553,0.704213073653024,4.06,0,0,326,0
44,30,49.5775932947411,4.24190300289553,0.704213073653024,10.87,0,0,375,0
44,30,49.5775932947411,4.24190300289553,0.704213073653024,12.11,0,0,269,0
44,30,49.5775932947411,4.24190300289553,0.704213073653024,20.84,0,0,101,0
45,30,76.0046442685781,3.67293911934688,1.30925389953502,0,101,30000,0,1
45,30,76.0046442685781,3.67293911934688,1.30925389953502,1,0,0,316,0
45,30,76.0046442685781,3.67293911934688,1.30925389953502,18.45,0,0,165,0
45,30,76.0046442685781,3.67293911934688,1.30925389953502,21.49,0,0,123,0
45,30,76.0046442685781,3.67293911934688,1.30925389953502,22.94,0,0,138,0
46,30,94.0997144961681,5.3087425869957,1.29678347401691,0,101,30000,0,1
46,30,94.0997144961681,5.3087425869957,1.29678347401691,0.07,0,0,30,0
46,30,94.0997144961681,5.3087425869957,1.29678347401691,10.8,0,0,243,0
46,30,94.0997144961681,5.3087425869957,1.29678347401691,18.73,0,0,110,0
46,30,94.0997144961681,5.3087425869957,1.29678347401691,21.27,0,0,90,0
47,30,38.3728091523621,3.59529942056092,1.88220263329701,0,101,30000,0,1
47,30,38.3728091523621,3.59529942056092,1.88220263329701,17.09,0,0,202,0
47,30,38.3728091523621,3.59529942056092,1.88220263329701,18.71,0,0,130,0
47,30,38.3728091523621,3.59529942056092,1.88220263329701,19,0,0,164,0
47,30,38.3728091523621,3.59529942056092,1.88220263329701,21.41,0,0,126,0
48,30,77.970818614912,2.81155163564163,0.677508538213734,0,101,30000,0,1
48,30,77.970818614912,2.81155163564163,0.677508538213734,9.78,0,0,292,0
48,30,77.970818614912,2.81155163564163,0.677508538213734,14.58,0,0,270,0
48,30,77.970818614912,2.81155163564163,0.677508538213734,19.95,0,0,193,0
48,30,77.970818614912,2.81155163564163,0.677508538213734,22.76,0,0,144,0
49,30,94.0997144961681,5.3087425869957,1.29678347401691,0,101,30000,0,1
49,30,94.0997144961681,5.3087425869957,1.29678347401691,0.07,0,0,30,0
49,30,94.0997144961681,5.3087425869957,1.29678347401691,10.8,0,0,243,0
49,30,94.0997144961681,5.3087425869957,1.29678347401691,18.73,0,0,110,0
49,30,94.0997144961681,5.3087425869957,1.29678347401691,21.27,0,0,90,0
50,30,76.1549447874708,4.35043264298044,0.69279359696524,0,101,30000,0,1
50,30,76.1549447874708,4.35043264298044,0.69279359696524,1.21,0,0,195,0
50,30,76.1549447874708,4.35043264298044,0.69279359696524,2.86,0,0,340,0
50,30,76.1549447874708,4.35043264298044,0.69279359696524,14.44,0,0,127,0
50,30,76.1549447874708,4.35043264298044,0.69279359696524,21.66,0,0,98,0
51,30,104.127582553895,5.03950761197156,0.63893465913742,0,101,30000,0,1
51,30,104.127582553895,5.03950761197156,0.63893465913742,1.63,0,0,170,0
51,30,104.127582553895,5.03950761197156,0.63893465913742,8.53,0,0,225,0
51,30,104.127582553895,5.03950761197156,0.63893465913742,11.04,0,0,223,0
51,30,104.127582553895,5.03950761197156,0.63893465913742,23.4,0,0,101,0
52,30,63.7141660523037,6.60060697878268,1.40475525688535,0,101,30000,0,1
52,30,63.7141660523037,6.60060697878268,1.40475525688535,7.38,0,0,337,0
52,30,63.7141660523037,6.60060697878268,1.40475525688535,9.14,0,0,181,0
52,30,63.7141660523037,6.60060697878268,1.40475525688535,11.05,0,0,174,0
52,30,63.7141660523037,6.60060697878268,1.40475525688535,19.7,0,0,84,0
53,30,57.089351571582,3.30655385874391,0.350139728341946,0,101,30000,0,1
53,30,57.089351571582,3.30655385874391,0.350139728341946,11.72,0,0,292,0
53,30,57.089351571582,3.30655385874391,0.350139728341946,14.16,0,0,304,0
53,30,57.089351571582,3.30655385874391,0.350139728341946,14.76,0,0,293,0
53,30,57.089351571582,3.30655385874391,0.350139728341946,20.93,0,0,227,0
54,30,94.3169878894477,3.63332699404816,0.896511316186381,0,101,30000,0,1
54,30,94.3169878894477,3.63332699404816,0.896511316186381,0.48,0,0,120,0
54,30,94.3169878894477,3.63332699404816,0.896511316186381,7.96,0,0,254,0
54,30,94.3169878894477,3.63332699404816,0.896511316186381,13.6,0,0,228,0
54,30,94.3169878894477,3.63332699404816,0.896511316186381,13.64,0,0,136,0
55,30,43.3870726748556,3.11893958135366,0.680349336483322,0,101,30000,0,1
55,30,43.3870726748556,3.11893958135366,0.680349336483322,4.04,0,0,606,0
55,30,43.3870726748556,3.11893958135366,0.680349336483322,5.04,0,0,494,0
55,30,43.3870726748556,3.11893958135366,0.680349336483322,20.5,0,0,211,0
55,30,43.3870726748556,3.11893958135366,0.680349336483322,21.39,0,0,135,0
56,30,85.065736588488,3.8596356838317,1.04703390709149,0,101,30000,0,1
56,30,85.065736588488,3.8596356838317,1.04703390709149,16.96,0,0,206,0
56,30,85.065736588488,3.8596356838317,1.04703390709149,20.87,0,0,86,0
56,30,85.065736588488,3.8596356838317,1.04703390709149,21.82,0,0,143,0
56,30,85.065736588488,3.8596356838317,1.04703390709149,23.14,0,0,118,0
57,30,62.7158546836459,2.03684633313619,1.58555625587012,0,101,30000,0,1
57,30,62.7158546836459,2.03684633313619,1.58555625587012,2,0,0,475,0
57,30,62.7158546836459,2.03684633313619,1.58555625587012,8.09,0,0,421,0
57,30,62.7158546836459,2.03684633313619,1.58555625587012,10.67,0,0,264,0
57,30,62.7158546836459,2.03684633313619,1.58555625587012,14.16,0,0,341,0
58,30,63.7349709521103,3.51420674752125,1.313611848542,0,101,30000,0,1
58,30,63.7349709521103,3.51420674752125,1.313611848542,0.63,0,0,277,0
58,30,63.7349709521103,3.51420674752125,1.313611848542,13.04,0,0,193,0
58,30,63.7349709521103,3.51420674752125,1.313611848542,19.65,0,0,159,0
58,30,63.7349709521103,3.51420674752125,1.313611848542,21.18,0,0,132,0
59,30,43.3203945059105,2.85268205909339,1.88307510582278,0,101,30000,0,1
59,30,43.3203945059105,2.85268205909339,1.88307510582278,7.57,0,0,433,0
59,30,43.3203945059105,2.85268205909339,1.88307510582278,13.06,0,0,264,0
59,30,43.3203945059105,2.85268205909339,1.88307510582278,16.31,0,0,286,0
59,30,43.3203945059105,2.85268205909339,1.88307510582278,18.81,0,0,226,0
60,30,46.5634269063441,3.83374859373219,0.730245748973622,0,101,30000,0,1
60,30,46.5634269063441,3.83374859373219,0.730245748973622,4.89,0,0,426,0
60,30,46.5634269063441,3.83374859373219,0.730245748973622,9.15,0,0,261,0
60,30,46.5634269063441,3.83374859373219,0.730245748973622,21.14,0,0,129,0
60,30,46.5634269063441,3.83374859373219,0.730245748973622,21.16,0,0,116,0
61,60,74.268453269157,4.21842500544132,1.10562253204522,0,101,60000,0,1
61,60,74.268453269157,4.21842500544132,1.10562253204522,1.2,0,0,507,0
61,60,74.268453269157,4.21842500544132,1.10562253204522,10.3,0,0,487,0
61,60,74.268453269157,4.21842500544132,1.10562253204522,16.24,0,0,356,0
61,60,74.268453269157,4.21842500544132,1.10562253204522,19.59,0,0,374,0
62,60,68.067431400297,2.70534100779851,0.872216617781039,0,101,60000,0,1
62,60,68.067431400297,2.70534100779851,0.872216617781039,1.68,0,0,618,0
62,60,68.067431400297,2.70534100779851,0.872216617781039,9.88,0,0,553,0
62,60,68.067431400297,2.70534100779851,0.872216617781039,10.61,0,0,578,0
62,60,68.067431400297,2.70534100779851,0.872216617781039,16.01,0,0,524,0
63,60,72.5859101006223,4.50280237554533,0.995857202742254,0,101,60000,0,1
63,60,72.5859101006223,4.50280237554533,0.995857202742254,1.31,0,0,577,0
63,60,72.5859101006223,4.50280237554533,0.995857202742254,8.27,0,0,450,0
63,60,72.5859101006223,4.50280237554533,0.995857202742254,9.82,0,0,461,0
63,60,72.5859101006223,4.50280237554533,0.995857202742254,13.18,0,0,310,0
64,60,112.35410612313,6.48142609980453,0.728482187777664,0,101,60000,0,1
64,60,112.35410612313,6.48142609980453,0.728482187777664,5.24,0,0,367,0
64,60,112.35410612313,6.48142609980453,0.728482187777664,14.1,0,0,158,0
64,60,112.35410612313,6.48142609980453,0.728482187777664,14.12,0,0,377,0
64,60,112.35410612313,6.48142609980453,0.728482187777664,19.44,0,0,187,0
65,60,58.1997218390384,5.32871119658445,1.02012658090874,0,101,60000,0,1
65,60,58.1997218390384,5.32871119658445,1.02012658090874,15.79,0,0,333,0
65,60,58.1997218390384,5.32871119658445,1.02012658090874,16.96,0,0,252,0
65,60,58.1997218390384,5.32871119658445,1.02012658090874,20.75,0,0,166,0
65,60,58.1997218390384,5.32871119658445,1.02012658090874,21.56,0,0,129,0
66,60,84.2702453406037,3.19724255500248,1.2162319728653,0,101,60000,0,1
66,60,84.2702453406037,3.19724255500248,1.2162319728653,1.08,0,0,638,0
66,60,84.2702453406037,3.19724255500248,1.2162319728653,6.88,0,0,571,0
66,60,84.2702453406037,3.19724255500248,1.2162319728653,14.57,0,0,375,0
66,60,84.2702453406037,3.19724255500248,1.2162319728653,20.3,0,0,282,0
67,60,66.2663376110908,4.91699380679043,1.05560723444697,0,101,60000,0,1
67,60,66.2663376110908,4.91699380679043,1.05560723444697,5.45,0,0,965,0
67,60,66.2663376110908,4.91699380679043,1.05560723444697,10.33,0,0,610,0
67,60,66.2663376110908,4.91699380679043,1.05560723444697,16.29,0,0,300,0
67,60,66.2663376110908,4.91699380679043,1.05560723444697,21.23,0,0,181,0
68,60,58.4540645585144,5.10292834386823,1.01123610948479,0,101,60000,0,1
68,60,58.4540645585144,5.10292834386823,1.01123610948479,5.62,0,0,712,0
68,60,58.4540645585144,5.10292834386823,1.01123610948479,6.55,0,0,719,0
68,60,58.4540645585144,5.10292834386823,1.01123610948479,17.37,0,0,193,0
68,60,58.4540645585144,5.10292834386823,1.01123610948479,21.4,0,0,216,0
69,60,107.887940665182,3.18325544464767,1.26357524497066,0,101,60000,0,1
69,60,107.887940665182,3.18325544464767,1.26357524497066,5.66,0,0,468,0
69,60,107.887940665182,3.18325544464767,1.26357524497066,9.04,0,0,422,0
69,60,107.887940665182,3.18325544464767,1.26357524497066,16.32,0,0,385,0
69,60,107.887940665182,3.18325544464767,1.26357524497066,16.47,0,0,515,0
70,60,38.1492055481073,2.64972874366813,0.713701357320494,0,101,60000,0,1
70,60,38.1492055481073,2.64972874366813,0.713701357320494,6.62,0,0,1258,0
70,60,38.1492055481073,2.64972874366813,0.713701357320494,8.15,0,0,1186,0
70,60,38.1492055481073,2.64972874366813,0.713701357320494,16.21,0,0,713,0
70,60,38.1492055481073,2.64972874366813,0.713701357320494,21.2,0,0,423,0
71,60,64.427499768872,2.79621054683852,1.52238246346357,0,101,60000,0,1
71,60,64.427499768872,2.79621054683852,1.52238246346357,5.44,0,0,692,0
71,60,64.427499768872,2.79621054683852,1.52238246346357,11.03,0,0,445,0
71,60,64.427499768872,2.79621054683852,1.52238246346357,12.56,0,0,490,0
71,60,64.427499768872,2.79621054683852,1.52238246346357,14.65,0,0,491,0
72,60,38.8873830305749,5.69473042864585,0.767132542326556,0,101,60000,0,1
72,60,38.8873830305749,5.69473042864585,0.767132542326556,3.76,0,0,912,0
72,60,38.8873830305749,5.69473042864585,0.767132542326556,4.28,0,0,706,0
72,60,38.8873830305749,5.69473042864585,0.767132542326556,9.82,0,0,378,0
72,60,38.8873830305749,5.69473042864585,0.767132542326556,11.99,0,0,349,0
73,60,109.668052338282,3.77057690299307,0.741074534679098,0,101,60000,0,1
73,60,109.668052338282,3.77057690299307,0.741074534679098,1.67,0,0,409,0
73,60,109.668052338282,3.77057690299307,0.741074534679098,2.15,0,0,358,0
73,60,109.668052338282,3.77057690299307,0.741074534679098,8.08,0,0,254,0
73,60,109.668052338282,3.77057690299307,0.741074534679098,17.95,0,0,230,0
74,60,61.7791143020821,7.17744520665898,1.06477424999978,0,101,60000,0,1
74,60,61.7791143020821,7.17744520665898,1.06477424999978,2.37,0,0,586,0
74,60,61.7791143020821,7.17744520665898,1.06477424999978,2.84,0,0,798,0
74,60,61.7791143020821,7.17744520665898,1.06477424999978,4.83,0,0,833,0
74,60,61.7791143020821,7.17744520665898,1.06477424999978,20.23,0,0,99,0
75,60,91.1718790472236,3.88317895656489,0.803933316699777,0,101,60000,0,1
75,60,91.1718790472236,3.88317895656489,0.803933316699777,0.75,0,0,398,0
75,60,91.1718790472236,3.88317895656489,0.803933316699777,5.88,0,0,592,0
75,60,91.1718790472236,3.88317895656489,0.803933316699777,13.54,0,0,318,0
75,60,91.1718790472236,3.88317895656489,0.803933316699777,17.79,0,0,227,0
76,60,67.7451938350468,4.66280589443224,0.884926835441509,0,101,60000,0,1
76,60,67.7451938350468,4.66280589443224,0.884926835441509,10.21,0,0,550,0
76,60,67.7451938350468,4.66280589443224,0.884926835441509,19.11,0,0,198,0
76,60,67.7451938350468,4.66280589443224,0.884926835441509,21.03,0,0,173,0
76,60,67.7451938350468,4.66280589443224,0.884926835441509,22.3,0,0,121,0
77,60,57.2117547410476,4.7259296062728,0.917216385390554,0,101,60000,0,1
77,60,57.2117547410476,4.7259296062728,0.917216385390554,12.73,0,0,378,0
77,60,57.2117547410476,4.7259296062728,0.917216385390554,14.67,0,0,411,0
77,60,57.2117547410476,4.7259296062728,0.917216385390554,15.55,0,0,370,0
77,60,57.2117547410476,4.7259296062728,0.917216385390554,23.38,0,0,191,0
78,60,45.4052417234237,3.70194289725025,0.85166750840362,0,101,60000,0,1
78,60,45.4052417234237,3.70194289725025,0.85166750840362,2.07,0,0,976,0
78,60,45.4052417234237,3.70194289725025,0.85166750840362,5.03,0,0,887,0
78,60,45.4052417234237,3.70194289725025,0.85166750840362,8.25,0,0,719,0
78,60,45.4052417234237,3.70194289725025,0.85166750840362,9.78,0,0,700,0
79,60,74.0273791724392,4.13543594304552,1.45423896637238,0,101,60000,0,1
79,60,74.0273791724392,4.13543594304552,1.45423896637238,0.96,0,0,395,0
79,60,74.0273791724392,4.13543594304552,1.45423896637238,4.33,0,0,722,0
79,60,74.0273791724392,4.13543594304552,1.45423896637238,13.25,0,0,373,0
79,60,74.0273791724392,4.13543594304552,1.45423896637238,22.62,0,0,376,0
80,60,77.7628367363971,4.72548054822696,0.760715917837037,0,101,60000,0,1
80,60,77.7628367363971,4.72548054822696,0.760715917837037,9.94,0,0,390,0
80,60,77.7628367363971,4.72548054822696,0.760715917837037,14.57,0,0,438,0
80,60,77.7628367363971,4.72548054822696,0.760715917837037,18.47,0,0,304,0
80,60,77.7628367363971,4.72548054822696,0.760715917837037,23.11,0,0,220,0
81,60,55.342744381632,3.05407250970391,1.72319859804601,0,101,60000,0,1
81,60,55.342744381632,3.05407250970391,1.72319859804601,1.66,0,0,773,0
81,60,55.342744381632,3.05407250970391,1.72319859804601,3.25,0,0,1038,0
81,60,55.342744381632,3.05407250970391,1.72319859804601,6.82,0,0,788,0
81,60,55.342744381632,3.05407250970391,1.72319859804601,19.99,0,0,330,0
82,60,59.4688644008554,3.10658719611583,0.720424030678656,0,101,60000,0,1
82,60,59.4688644008554,3.10658719611583,0.720424030678656,1.47,0,0,676,0
82,60,59.4688644008554,3.10658719611583,0.720424030678656,10.53,0,0,544,0
82,60,59.4688644008554,3.10658719611583,0.720424030678656,15.31,0,0,421,0
82,60,59.4688644008554,3.10658719611583,0.720424030678656,20.22,0,0,301,0
83,60,28.6558465790755,3.54489109610055,1.20885318903698,0,101,60000,0,1
83,60,28.6558465790755,3.54489109610055,1.20885318903698,8.72,0,0,915,0
83,60,28.6558465790755,3.54489109610055,1.20885318903698,11.51,0,0,562,0
83,60,28.6558465790755,3.54489109610055,1.20885318903698,15.39,0,0,220,0
83,60,28.6558465790755,3.54489109610055,1.20885318903698,21.85,0,0,117,0
84,60,79.9011360631265,3.26710073431954,0.684740205114744,0,101,60000,0,1
84,60,79.9011360631265,3.26710073431954,0.684740205114744,4.69,0,0,628,0
84,60,79.9011360631265,3.26710073431954,0.684740205114744,14.75,0,0,456,0
84,60,79.9011360631265,3.26710073431954,0.684740205114744,16,0,0,418,0
84,60,79.9011360631265,3.26710073431954,0.684740205114744,18.06,0,0,396,0
85,60,84.5221223268479,4.27070812940617,1.07795927923605,0,101,60000,0,1
85,60,84.5221223268479,4.27070812940617,1.07795927923605,1.36,0,0,492,0
85,60,84.5221223268479,4.27070812940617,1.07795927923605,7.7,0,0,452,0
85,60,84.5221223268479,4.27070812940617,1.07795927923605,15.01,0,0,364,0
85,60,84.5221223268479,4.27070812940617,1.07795927923605,21.03,0,0,346,0
86,60,96.9082447793781,2.78821873985104,0.972094250450734,0,101,60000,0,1
86,60,96.9082447793781,2.78821873985104,0.972094250450734,0.43,0,0,220,0
86,60,96.9082447793781,2.78821873985104,0.972094250450734,2.89,0,0,512,0
86,60,96.9082447793781,2.78821873985104,0.972094250450734,15.21,0,0,538,0
86,60,96.9082447793781,2.78821873985104,0.972094250450734,20.27,0,0,250,0
87,60,71.9563813373786,3.28256892671517,0.991996461690325,0,101,60000,0,1
87,60,71.9563813373786,3.28256892671517,0.991996461690325,6.42,0,0,677,0
87,60,71.9563813373786,3.28256892671517,0.991996461690325,8.22,0,0,617,0
87,60,71.9563813373786,3.28256892671517,0.991996461690325,9.39,0,0,659,0
87,60,71.9563813373786,3.28256892671517,0.991996461690325,17.22,0,0,397,0
88,60,64.0060536715651,4.97091236884198,1.37889069070143,0,101,60000,0,1
88,60,64.0060536715651,4.97091236884198,1.37889069070143,6.21,0,0,534,0
88,60,64.0060536715651,4.97091236884198,1.37889069070143,16.86,0,0,386,0
88,60,64.0060536715651,4.97091236884198,1.37889069070143,20.73,0,0,225,0
88,60,64.0060536715651,4.97091236884198,1.37889069070143,21.61,0,0,148,0
89,60,48.0187406321982,7.75990111870972,1.41535206030303,0,101,60000,0,1
89,60,48.0187406321982,7.75990111870972,1.41535206030303,12.14,0,0,195,0
89,60,48.0187406321982,7.75990111870972,1.41535206030303,12.65,0,0,189,0
89,60,48.0187406321982,7.75990111870972,1.41535206030303,18.79,0,0,62,0
89,60,48.0187406321982,7.75990111870972,1.41535206030303,23.5,0,0,30,0
90,60,99.4401503521101,4.21930054506233,1.28037015558363,0,101,60000,0,1
90,60,99.4401503521101,4.21930054506233,1.28037015558363,6.75,0,0,375,0
90,60,99.4401503521101,4.21930054506233,1.28037015558363,16.86,0,0,248,0
90,60,99.4401503521101,4.21930054506233,1.28037015558363,17.29,0,0,257,0
90,60,99.4401503521101,4.21930054506233,1.28037015558363,19.72,0,0,269,0
91,120,43.5637006022952,3.6590230683343,2.08947445298407,0,101,120000,0,1
91,120,43.5637006022952,3.6590230683343,2.08947445298407,6.24,0,0,1824,0
91,120,43.5637006022952,3.6590230683343,2.08947445298407,9.34,0,0,1228,0
91,120,43.5637006022952,3.6590230683343,2.08947445298407,18.25,0,0,566,0
91,120,43.5637006022952,3.6590230683343,2.08947445298407,21.24,0,0,661,0
92,120,60.1610924733145,7.6866373935161,1.04639337039528,0,101,120000,0,1
92,120,60.1610924733145,7.6866373935161,1.04639337039528,10.2,0,0,771,0
92,120,60.1610924733145,7.6866373935161,1.04639337039528,12.37,0,0,683,0
92,120,60.1610924733145,7.6866373935161,1.04639337039528,13.57,0,0,492,0
92,120,60.1610924733145,7.6866373935161,1.04639337039528,19.01,0,0,276,0
93,120,70.9011857055627,5.12270166599285,1.09000249057831,0,101,120000,0,1
93,120,70.9011857055627,5.12270166599285,1.09000249057831,0.88,0,0,814,0
93,120,70.9011857055627,5.12270166599285,1.09000249057831,1.49,0,0,1059,0
93,120,70.9011857055627,5.12270166599285,1.09000249057831,12.34,0,0,716,0
93,120,70.9011857055627,5.12270166599285,1.09000249057831,21.53,0,0,320,0
94,120,120.543895369396,6.59824401642639,1.39573345838492,0,101,120000,0,1
94,120,120.543895369396,6.59824401642639,1.39573345838492,0.18,0,0,230,0
94,120,120.543895369396,6.59824401642639,1.39573345838492,1.8,0,0,694,0
94,120,120.543895369396,6.59824401642639,1.39573345838492,8.23,0,0,815,0
94,120,120.543895369396,6.59824401642639,1.39573345838492,10.23,0,0,484,0
95,120,85.0086487780888,5.27212174842919,1.83947402744845,0,101,120000,0,1
95,120,85.0086487780888,5.27212174842919,1.83947402744845,0.76,0,0,990,0
95,120,85.0086487780888,5.27212174842919,1.83947402744845,3.31,0,0,975,0
95,120,85.0086487780888,5.27212174842919,1.83947402744845,6.22,0,0,1172,0
95,120,85.0086487780888,5.27212174842919,1.83947402744845,23.57,0,0,445,0
96,120,73.7596868162919,7.18373007041805,0.78476543110567,0,101,120000,0,1
96,120,73.7596868162919,7.18373007041805,0.78476543110567,14.54,0,0,744,0
96,120,73.7596868162919,7.18373007041805,0.78476543110567,16.15,0,0,405,0
96,120,73.7596868162919,7.18373007041805,0.78476543110567,16.41,0,0,284,0
96,120,73.7596868162919,7.18373007041805,0.78476543110567,19.72,0,0,291,0
97,120,51.1734823962775,2.68481773944346,0.601580963356891,0,101,120000,0,1
97,120,51.1734823962775,2.68481773944346,0.601580963356891,5.58,0,0,1193,0
97,120,51.1734823962775,2.68481773944346,0.601580963356891,17.35,0,0,811,0
97,120,51.1734823962775,2.68481773944346,0.601580963356891,19.65,0,0,836,0
97,120,51.1734823962775,2.68481773944346,0.601580963356891,22.89,0,0,708,0
98,120,78.2348045037087,3.0730369166414,1.07098892802726,0,101,120000,0,1
98,120,78.2348045037087,3.0730369166414,1.07098892802726,13.64,0,0,1007,0
98,120,78.2348045037087,3.0730369166414,1.07098892802726,17,0,0,1114,0
98,120,78.2348045037087,3.0730369166414,1.07098892802726,18.22,0,0,617,0
98,120,78.2348045037087,3.0730369166414,1.07098892802726,22.18,0,0,553,0
99,120,117.250331016261,2.21988358860992,0.938978437744407,0,101,120000,0,1
99,120,117.250331016261,2.21988358860992,0.938978437744407,5.88,0,0,990,0
99,120,117.250331016261,2.21988358860992,0.938978437744407,6.1,0,0,1057,0
99,120,117.250331016261,2.21988358860992,0.938978437744407,7.34,0,0,787,0
99,120,117.250331016261,2.21988358860992,0.938978437744407,8.84,0,0,871,0
100,120,99.0833605590991,3.3432840121097,0.938931957182572,0,101,120000,0,1
100,120,99.0833605590991,3.3432840121097,0.938931957182572,7.16,0,0,1040,0
100,120,99.0833605590991,3.3432840121097,0.938931957182572,15.68,0,0,439,0
100,120,99.0833605590991,3.3432840121097,0.938931957182572,22.08,0,0,459,0
100,120,99.0833605590991,3.3432840121097,0.938931957182572,23.32,0,0,524,0
101,120,71.5656231073818,3.93362297308769,1.13401233412686,0,101,120000,0,1
101,120,71.5656231073818,3.93362297308769,1.13401233412686,1.32,0,0,1139,0
101,120,71.5656231073818,3.93362297308769,1.13401233412686,2.08,0,0,1296,0
101,120,71.5656231073818,3.93362297308769,1.13401233412686,9.94,0,0,1079,0
101,120,71.5656231073818,3.93362297308769,1.13401233412686,10.44,0,0,860,0
102,120,82.4657731806068,3.23683613832398,2.28781174794451,0,101,120000,0,1
102,120,82.4657731806068,3.23683613832398,2.28781174794451,1.36,0,0,1738,0
102,120,82.4657731806068,3.23683613832398,2.28781174794451,4.01,0,0,1842,0
102,120,82.4657731806068,3.23683613832398,2.28781174794451,7.22,0,0,1154,0
102,120,82.4657731806068,3.23683613832398,2.28781174794451,21.2,0,0,567,0
103,120,85.6843537987411,3.13271501146152,0.399444737187734,0,101,120000,0,1
103,120,85.6843537987411,3.13271501146152,0.399444737187734,1.77,0,0,763,0
103,120,85.6843537987411,3.13271501146152,0.399444737187734,6.79,0,0,968,0
103,120,85.6843537987411,3.13271501146152,0.399444737187734,10.77,0,0,967,0
103,120,85.6843537987411,3.13271501146152,0.399444737187734,11.35,0,0,988,0
104,120,66.0507566140785,3.49648289140555,0.876480144942781,0,101,120000,0,1
104,120,66.0507566140785,3.49648289140555,0.876480144942781,0.04,0,0,72,0
104,120,66.0507566140785,3.49648289140555,0.876480144942781,4.31,0,0,1391,0
104,120,66.0507566140785,3.49648289140555,0.876480144942781,12.56,0,0,859,0
104,120,66.0507566140785,3.49648289140555,0.876480144942781,15.06,0,0,896,0
105,120,138.97991796768,4.78896611137612,1.12647920246701,0,101,120000,0,1
105,120,138.97991796768,4.78896611137612,1.12647920246701,7.73,0,0,578,0
105,120,138.97991796768,4.78896611137612,1.12647920246701,11.7,0,0,709,0
105,120,138.97991796768,4.78896611137612,1.12647920246701,20.08,0,0,400,0
105,120,138.97991796768,4.78896611137612,1.12647920246701,22.21,0,0,359,0
106,120,55.9530699476986,2.34043725487915,0.993277196037726,0,101,120000,0,1
106,120,55.9530699476986,2.34043725487915,0.993277196037726,0.61,0,0,1268,0
106,120,55.9530699476986,2.34043725487915,0.993277196037726,8.14,0,0,1740,0
106,120,55.9530699476986,2.34043725487915,0.993277196037726,14.72,0,0,984,0
106,120,55.9530699476986,2.34043725487915,0.993277196037726,17.14,0,0,1274,0
107,120,89.9388036961019,2.73742035088632,1.52175984104902,0,101,120000,0,1
107,120,89.9388036961019,2.73742035088632,1.52175984104902,4.27,0,0,1444,0
107,120,89.9388036961019,2.73742035088632,1.52175984104902,7.57,0,0,727,0
107,120,89.9388036961019,2.73742035088632,1.52175984104902,12.92,0,0,1235,0
107,120,89.9388036961019,2.73742035088632,1.52175984104902,14.28,0,0,837,0
108,120,68.6177064268812,3.77609072275797,0.852340320821049,0,101,120000,0,1
108,120,68.6177064268812,3.77609072275797,0.852340320821049,8.1,0,0,1077,0
108,120,68.6177064268812,3.77609072275797,0.852340320821049,8.57,0,0,1913,0
108,120,68.6177064268812,3.77609072275797,0.852340320821049,14.01,0,0,916,0
108,120,68.6177064268812,3.77609072275797,0.852340320821049,14.09,0,0,1046,0
109,120,51.6710820656853,2.22790649845049,1.05745311066039,0,101,120000,0,1
109,120,51.6710820656853,2.22790649845049,1.05745311066039,4.44,0,0,1476,0
109,120,51.6710820656853,2.22790649845049,1.05745311066039,15.27,0,0,1566,0
109,120,51.6710820656853,2.22790649845049,1.05745311066039,15.68,0,0,1446,0
109,120,51.6710820656853,2.22790649845049,1.05745311066039,22.91,0,0,1059,0
110,120,57.5640628259116,6.88909139227253,0.67352400793998,0,101,120000,0,1
110,120,57.5640628259116,6.88909139227253,0.67352400793998,3.87,0,0,1213,0
110,120,57.5640628259116,6.88909139227253,0.67352400793998,4.04,0,0,1349,0
110,120,57.5640628259116,6.88909139227253,0.67352400793998,8.95,0,0,1114,0
110,120,57.5640628259116,6.88909139227253,0.67352400793998,11.99,0,0,586,0
111,120,71.7230786290161,3.94494047486801,0.882424975261567,0,101,120000,0,1
111,120,71.7230786290161,3.94494047486801,0.882424975261567,10.07,0,0,1520,0
111,120,71.7230786290161,3.94494047486801,0.882424975261567,13.87,0,0,520,0
111,120,71.7230786290161,3.94494047486801,0.882424975261567,16.62,0,0,524,0
111,120,71.7230786290161,3.94494047486801,0.882424975261567,17.71,0,0,696,0
112,120,53.2125968395437,3.39295421092766,0.908781745849307,0,101,120000,0,1
112,120,53.2125968395437,3.39295421092766,0.908781745849307,6.31,0,0,1664,0
112,120,53.2125968395437,3.39295421092766,0.908781745849307,15.04,0,0,1034,0
112,120,53.2125968395437,3.39295421092766,0.908781745849307,17.94,0,0,540,0
112,120,53.2125968395437,3.39295421092766,0.908781745849307,19.32,0,0,917,0
113,120,40.2721761917106,4.18617146374935,1.66422365048687,0,101,120000,0,1
113,120,40.2721761917106,4.18617146374935,1.66422365048687,4.41,0,0,2122,0
113,120,40.2721761917106,4.18617146374935,1.66422365048687,4.47,0,0,1999,0
113,120,40.2721761917106,4.18617146374935,1.66422365048687,7.97,0,0,1731,0
113,120,40.2721761917106,4.18617146374935,1.66422365048687,22.24,0,0,357,0
114,120,71.7321683266008,5.52749128027299,0.790746667902992,0,101,120000,0,1
114,120,71.7321683266008,5.52749128027299,0.790746667902992,2.33,0,0,1665,0
114,120,71.7321683266008,5.52749128027299,0.790746667902992,12.83,0,0,763,0
114,120,71.7321683266008,5.52749128027299,0.790746667902992,15.67,0,0,541,0
114,120,71.7321683266008,5.52749128027299,0.790746667902992,20.9,0,0,495,0
115,120,78.174110275486,6.31507554156063,0.465561774988573,0,101,120000,0,1
115,120,78.174110275486,6.31507554156063,0.465561774988573,2.11,0,0,1040,0
115,120,78.174110275486,6.31507554156063,0.465561774988573,2.5,0,0,1001,0
115,120,78.174110275486,6.31507554156063,0.465561774988573,17.79,0,0,277,0
115,120,78.174110275486,6.31507554156063,0.465561774988573,21.1,0,0,348,0
116,120,51.1543320182232,2.3922844434115,0.947675354800057,0,101,120000,0,1
116,120,51.1543320182232,2.3922844434115,0.947675354800057,12.82,0,0,1109,0
116,120,51.1543320182232,2.3922844434115,0.947675354800057,18.91,0,0,1538,0
116,120,51.1543320182232,2.3922844434115,0.947675354800057,20.63,0,0,987,0
116,120,51.1543320182232,2.3922844434115,0.947675354800057,23.71,0,0,985,0
117,120,91.6483293835271,2.60541464299975,1.03220418932088,0,101,120000,0,1
117,120,91.6483293835271,2.60541464299975,1.03220418932088,2.86,0,0,953,0
117,120,91.6483293835271,2.60541464299975,1.03220418932088,13.46,0,0,977,0
117,120,91.6483293835271,2.60541464299975,1.03220418932088,14.96,0,0,1326,0
117,120,91.6483293835271,2.60541464299975,1.03220418932088,21.17,0,0,669,0
118,120,66.2097679636742,3.00059859269944,1.68036143123585,0,101,120000,0,1
118,120,66.2097679636742,3.00059859269944,1.68036143123585,4.09,0,0,1507,0
118,120,66.2097679636742,3.00059859269944,1.68036143123585,17.16,0,0,857,0
118,120,66.2097679636742,3.00059859269944,1.68036143123585,18.7,0,0,666,0
118,120,66.2097679636742,3.00059859269944,1.68036143123585,21.95,0,0,821,0
119,120,80.6510502375212,4.57702010000768,1.09170786532333,0,101,120000,0,1
119,120,80.6510502375212,4.57702010000768,1.09170786532333,3.25,0,0,1454,0
119,120,80.6510502375212,4.57702010000768,1.09170786532333,4.37,0,0,1120,0
119,120,80.6510502375212,4.57702010000768,1.09170786532333,6.89,0,0,1397,0
119,120,80.6510502375212,4.57702010000768,1.09170786532333,15.9,0,0,660,0
120,120,57.7853837960452,4.17587124906896,0.854274520628195,0,101,120000,0,1
120,120,57.7853837960452,4.17587124906896,0.854274520628195,8.36,0,0,1297,0
120,120,57.7853837960452,4.17587124906896,0.854274520628195,8.64,0,0,1019,0
120,120,57.7853837960452,4.17587124906896,0.854274520628195,17.16,0,0,581,0
120,120,57.7853837960452,4.17587124906896,0.854274520628195,21.51,0,0,407,0
