ID,DOSE,V,CL,KA,TIME,EVID,AMT,DV,EVIDNM
1,10,100.191764131601,4.18532158791493,1.00415339633774,0,101,10000,0,1
1,10,100.191764131601,4.18532158791493,1.00415339633774,5.31,0,0,97,0
1,10,100.191764131601,4.18532158791493,1.00415339633774,6.66,0,0,72,0
1,10,100.191764131601,4.18532158791493,1.00415339633774,15.97,0,0,46,0
1,10,100.191764131601,4.18532158791493,1.00415339633774,19.89,0,0,41,0
2,10,69.2735426761735,4.28490052534501,1.03043569324997,0,101,10000,0,1
2,10,69.2735426761735,4.28490052534501,1.03043569324997,7.34,0,0,64,0
2,10,69.2735426761735,4.28490052534501,1.03043569324997,9.21,0,0,69,0
2,10,69.2735426761735,4.28490052534501,1.03043569324997,12.07,0,0,105,0
2,10,69.2735426761735,4.28490052534501,1.03043569324997,18.1,0,0,49,0
3,10,61.4769859759236,4.28724949458202,2.24996253546062,0,101,10000,0,1
3,10,61.4769859759236,4.28724949458202,2.24996253546062,0.14,0,0,44,0
3,10,61.4769859759236,4.28724949458202,2.24996253546062,4.54,0,0,95,0
3,10,61.4769859759236,4.28724949458202,2.24996253546062,8.97,0,0,94,0
3,10,61.4769859759236,4.28724949458202,2.24996253546062,21.83,0,0,40,0
4,10,96.8228100298024,2.80852938909857,1.12879503362481,0,101,10000,0,1
4,10,96.8228100298024,2.80852938909857,1.12879503362481,6.01,0,0,84,0
4,10,96.8228100298024,2.80852938909857,1.12879503362481,6.54,0,0,92,0
4,10,96.8228100298024,2.80852938909857,1.12879503362481,17.58,0,0,71,0
4,10,96.8228100298024,2.80852938909857,1.12879503362481,23.55,0,0,63,0
5,10,82.1155116329893,4.52055178208613,1.28748604789659,0,101,10000,0,1
5,10,82.1155116329893,4.52055178208613,1.28748604789659,5.66,0,0,98,0
5,10,82.1155116329893,4.52055178208613,1.28748604789659,8.37,0,0,72,0
5,10,82.1155116329893,4.52055178208613,1.28748604789659,11.13,0,0,52,0
5,10,82.1155116329893,4.52055178208613,1.28748604789659,15.17,0,0,68,0
6,10,98.6741051937281,6.04549133020963,0.971277650140661,0,101,10000,0,1
6,10,98.6741051937281,6.04549133020963,0.971277650140661,0.69,0,0,54,0
6,10,98.6741051937281,6.04549133020963,0.971277650140661,9.58,0,0,71,0
6,10,98.6741051937281,6.04549133020963,0.971277650140661,15.24,0,0,52,0
6,10,98.6741051937281,6.04549133020963,0.971277650140661,20.92,0,0,35,0
7,10,68.416998755962,5.52470704158025,1.05404167133508,0,101,10000,0,1
7,10,68.416998755962,5.52470704158025,1.05404167133508,0.98,0,0,87,0
7,10,68.416998755962,5.52470704158025,1.05404167133508,1.39,0,0,112,0
7,10,68.416998755962,5.52470704158025,1.05404167133508,11.32,0,0,108,0
7,10,68.416998755962,5.52470704158025,1.05404167133508,17.54,0,0,36,0
8,10,69.2299757148697,5.09028149086458,1.71569669990794,0,101,10000,0,1
8,10,69.2299757148697,5.09028149086458,1.71569669990794,3.58,0,0,76,0
8,10,69.2299757148697,5.09028149086458,1.71569669990794,10.02,0,0,59,0
8,10,69.2299757148697,5.09028149086458,1.71569669990794,14.5,0,0,63,0
8,10,69.2299757148697,5.09028149086458,1.71569669990794,15.45,0,0,33,0
9,10,65.0007953232536,2.41709953960018,0.790233834614549,0,101,10000,0,1
9,10,65.0007953232536,2.41709953960018,0.790233834614549,0.27,0,0,28,0
9,10,65.0007953232536,2.41709953960018,0.790233834614549,8.48,0,0,117,0
9,10,65.0007953232536,2.41709953960018,0.790233834614549,18.46,0,0,74,0
9,10,65.0007953232536,2.41709953960018,0.790233834614549,21.5,0,0,79,0
10,10,81.1532407910111,3.22965182642765,1.37859019242751,0,101,10000,0,1
10,10,81.1532407910111,3.22965182642765,1.37859019242751,3.71,0,0,93,0
10,10,81.1532407910111,3.22965182642765,1.37859019242751,11.44,0,0,120,0
10,10,81.1532407910111,3.22965182642765,1.37859019242751,19.09,0,0,68,0
10,10,81.1532407910111,3.22965182642765,1.37859019242751,22.44,0,0,53,0
11,10,78.1383890873124,4.51683547598334,0.876141527509223,0,101,10000,0,1
11,10,78.1383890873124,4.51683547598334,0.876141527509223,1.08,0,0,59,0
11,10,78.1383890873124,4.51683547598334,0.876141527509223,19.86,0,0,43,0
11,10,78.1383890873124,4.51683547598334,0.876141527509223,20.17,0,0,29,0
11,10,78.1383890873124,4.51683547598334,0.876141527509223,20.35,0,0,51,0
12,10,61.8790304426879,5.04207915308868,0.897084699010547,0,101,10000,0,1
12,10,61.8790304426879,5.04207915308868,0.897084699010547,1.87,0,0,125,0
12,10,61.8790304426879,5.04207915308868,0.897084699010547,4.96,0,0,122,0
12,10,61.8790304426879,5.04207915308868,0.897084699010547,11.11,0,0,100,0
12,10,61.8790304426879,5.04207915308868,0.897084699010547,14.51,0,0,41,0
13,10,79.8736680714218,4.95707607496872,1.59958188550363,0,101,10000,0,1
13,10,79.8736680714218,4.95707607496872,1.59958188550363,0.89,0,0,107,0
13,10,79.8736680714218,4.95707607496872,1.59958188550363,2.42,0,0,123,0
13,10,79.8736680714218,4.95707607496872,1.59958188550363,6.18,0,0,99,0
13,10,79.8736680714218,4.95707607496872,1.59958188550363,15.89,0,0,50,0
14,10,73.08583261275,3.30031848233055,1.31598512838219,0,101,10000,0,1
14,10,73.08583261275,3.30031848233055,1.31598512838219,3.76,0,0,140,0
14,10,73.08583261275,3.30031848233055,1.31598512838219,4.65,0,0,100,0
14,10,73.08583261275,3.30031848233055,1.31598512838219,12.3,0,0,76,0
14,10,73.08583261275,3.30031848233055,1.31598512838219,20.18,0,0,58,0
15,10,92.7554067440129,4.20944455169701,1.16581462679278,0,101,10000,0,1
15,10,92.7554067440129,4.20944455169701,1.16581462679278,4.79,0,0,95,0
15,10,92.7554067440129,4.20944455169701,1.16581462679278,8.28,0,0,88,0
15,10,92.7554067440129,4.20944455169701,1.16581462679278,10.29,0,0,75,0
15,10,92.7554067440129,4.20944455169701,1.16581462679278,11.04,0,0,68,0
16,10,42.5715026561116,6.24304394145783,1.02444538767952,0,101,10000,0,1
16,10,42.5715026561116,6.24304394145783,1.02444538767952,7.54,0,0,89,0
16,10,42.5715026561116,6.24304394145783,1.02444538767952,7.72,0,0,105,0
16,10,42.5715026561116,6.24304394145783,1.02444538767952,10.43,0,0,67,0
16,10,42.5715026561116,6.24304394145783,1.02444538767952,11.12,0,0,64,0
17,10,84.6694739519884,4.50253110688968,0.689408102417283,0,101,10000,0,1
17,10,84.6694739519884,4.50253110688968,0.689408102417283,0.15,0,0,13,0
17,10,84.6694739519884,4.50253110688968,0.689408102417283,7.02,0,0,95,0
17,10,84.6694739519884,4.50253110688968,0.689408102417283,7.86,0,0,75,0
17,10,84.6694739519884,4.50253110688968,0.689408102417283,23.28,0,0,44,0
18,10,50.7500973071585,5.47725910796894,0.717545134161191,0,101,10000,0,1
18,10,50.7500973071585,5.47725910796894,0.717545134161191,2.93,0,0,152,0
18,10,50.7500973071585,5.47725910796894,0.717545134161191,10.09,0,0,105,0
18,10,50.7500973071585,5.47725910796894,0.717545134161191,19.53,0,0,24,0
18,10,50.7500973071585,5.47725910796894,0.717545134161191,22.65,0,0,23,0
19,10,48.8026217223551,4.07885818621704,0.8695627382698,0,101,10000,0,1
19,10,48.8026217223551,4.07885818621704,0.8695627382698,1.76,0,0,128,0
19,10,48.8026217223551,4.07885818621704,0.8695627382698,6.4,0,0,179,0
19,10,48.8026217223551,4.07885818621704,0.8695627382698,8.62,0,0,96,0
19,10,48.8026217223551,4.07885818621704,0.8695627382698,20.81,0,0,33,0
20,10,58.3214203707742,2.84499053668735,1.23511978876763,0,101,10000,0,1
20,10,58.3214203707742,2.84499053668735,1.23511978876763,15.45,0,0,92,0
20,10,58.3214203707742,2.84499053668735,1.23511978876763,17.78,0,0,80,0
20,10,58.3214203707742,2.84499053668735,1.23511978876763,19.08,0,0,72,0
20,10,58.3214203707742,2.84499053668735,1.23511978876763,20.72,0,0,49,0
21,10,80.4826318559288,4.76063115815445,1.14123070787595,0,101,10000,0,1
21,10,80.4826318559288,4.76063115815445,1.14123070787595,2.16,0,0,75,0
21,10,80.4826318559288,4.76063115815445,1.14123070787595,4.85,0,0,100,0
21,10,80.4826318559288,4.76063115815445,1.14123070787595,6.86,0,0,74,0
21,10,80.4826318559288,4.76063115815445,1.14123070787595,15.35,0,0,39,0
22,10,42.6753141508321,2.70186367959656,1.09450432074364,0,101,10000,0,1
22,10,42.6753141508321,2.70186367959656,1.09450432074364,0.51,0,0,162,0
22,10,42.6753141508321,2.70186367959656,1.09450432074364,15.43,0,0,150,0
22,10,42.6753141508321,2.70186367959656,1.09450432074364,15.88,0,0,98,0
22,10,42.6753141508321,2.70186367959656,1.09450432074364,17.87,0,0,58,0
23,10,59.6472684239566,2.42716790375025,1.01934482019771,0,101,10000,0,1
23,10,59.6472684239566,2.42716790375025,1.01934482019771,2.47,0,0,155,0
23,10,59.6472684239566,2.42716790375025,1.01934482019771,9.69,0,0,136,0
23,10,59.6472684239566,2.42716790375025,1.01934482019771,13.97,0,0,81,0
23,10,59.6472684239566,2.42716790375025,1.01934482019771,19.86,0,0,73,0
24,10,110.035808980611,4.39338896139196,0.523486323436309,0,101,10000,0,1
24,10,110.035808980611,4.39338896139196,0.523486323436309,1.56,0,0,57,0
24,10,110.035808980611,4.39338896139196,0.523486323436309,10.7,0,0,43,0
24,10,110.035808980611,4.39338896139196,0.523486323436309,15.51,0,0,82,0
24,10,110.035808980611,4.39338896139196,0.523486323436309,20.81,0,0,38,0
25,10,49.7186574027709,4.90056508413239,1.26339378899381,0,101,10000,0,1
25,10,49.7186574027709,4.90056508413239,1.26339378899381,3.1,0,0,109,0
25,10,49.7186574027709,4.90056508413239,1.26339378899381,3.84,0,0,175,0
25,10,49.7186574027709,4.90056508413239,1.26339378899381,8.16,0,0,110,0
25,10,49.7186574027709,4.90056508413239,1.26339378899381,11.13,0,0,63,0
26,10,46.8204100642274,4.22080316038267,1.46154198651591,0,101,10000,0,1
26,10,46.8204100642274,4.22080316038267,1.46154198651591,2.63,0,0,192,0
26,10,46.8204100642274,4.22080316038267,1.46154198651591,8.71,0,0,89,0
26,10,46.8204100642274,4.22080316038267,1.46154198651591,19.61,0,0,49,0
26,10,46.8204100642274,4.22080316038267,1.46154198651591,23.51,0,0,23,0
27,10,58.1042827763376,4.48951158127278,0.89229469479479,0,101,10000,0,1
27,10,58.1042827763376,4.48951158127278,0.89229469479479,10.11,0,0,95,0
27,10,58.1042827763376,4.48951158127278,0.89229469479479,17.03,0,0,55,0
27,10,58.1042827763376,4.48951158127278,0.89229469479479,17.3,0,0,41,0
27,10,58.1042827763376,4.48951158127278,0.89229469479479,17.81,0,0,44,0
28,10,62.3641354033658,4.1029712023576,1.20312229790858,0,101,10000,0,1
28,10,62.3641354033658,4.1029712023576,1.20312229790858,2.97,0,0,137,0
28,10,62.3641354033658,4.1029712023576,1.20312229790858,3.66,0,0,155,0
28,10,62.3641354033658,4.1029712023576,1.20312229790858,12.45,0,0,91,0
28,10,62.3641354033658,4.1029712023576,1.20312229790858,17.92,0,0,70,0
29,10,69.7001462602763,4.41901864645327,0.688605861697163,0,101,10000,0,1
29,10,69.7001462602763,4.41901864645327,0.688605861697163,4.21,0,0,105,0
29,10,69.7001462602763,4.41901864645327,0.688605861697163,8.01,0,0,109,0
29,10,69.7001462602763,4.41901864645327,0.688605861697163,12.81,0,0,81,0
29,10,69.7001462602763,4.41901864645327,0.688605861697163,13.31,0,0,88,0
30,10,112.895371199679,3.47701796612858,0.725751492397728,0,101,10000,0,1
30,10,112.895371199679,3.47701796612858,0.725751492397728,5.33,0,0,85,0
30,10,112.895371199679,3.47701796612858,0.725751492397728,6.3,0,0,110,0
30,10,112.895371199679,3.47701796612858,0.725751492397728,6.31,0,0,87,0
30,10,112.895371199679,3.47701796612858,0.725751492397728,10.71,0,0,62,0
31,30,77.1285616905567,5.04236726888637,0.83109862166396,0,101,30000,0,1
31,30,77.1285616905567,5.04236726888637,0.83109862166396,4.99,0,0,404,0
31,30,77.1285616905567,5.04236726888637,0.83109862166396,8.44,0,0,335,0
31,30,77.1285616905567,5.04236726888637,0.83109862166396,18.96,0,0,96,0
31,30,77.1285616905567,5.04236726888637,0.83109862166396,19.59,0,0,139,0
32,30,132.98846371312,5.57259288321955,0.782603693636844,0,101,30000,0,1
32,30,132.98846371312,5.57259288321955,0.782603693636844,3.05,0,0,200,0
32,30,132.98846371312,5.57259288321955,0.782603693636844,6.77,0,0,185,0
32,30,132.98846371312,5.57259288321955,0.782603693636844,16.23,0,0,116,0
32,30,132.98846371312,5.57259288321955,0.782603693636844,18.12,0,0,83,0
33,30,40.6947238816975,3.53344917341706,0.640500149263532,0,101,30000,0,1
33,30,40.6947238816975,3.53344917341706,0.640500149263532,4.42,0,0,799,0
33,30,40.6947238816975,3.53344917341706,0.640500149263532,4.94,0,0,534,0
33,30,40.6947238816975,3.53344917341706,0.640500149263532,7.73,0,0,469,0
33,30,40.6947238816975,3.53344917341706,0.640500149263532,18.22,0,0,170,0
34,30,79.8827988428385,3.7270357090167,0.825079791849186,0,101,30000,0,1
34,30,79.8827988428385,3.7270357090167,0.825079791849186,5.51,0,0,263,0
34,30,79.8827988428385,3.7270357090167,0.825079791849186,10,0,0,262,0
34,30,79.8827988428385,3.7270357090167,0.825079791849186,15.63,0,0,250,0
34,30,79.8827988428385,3.7270357090167,0.825079791849186,16.68,0,0,147,0
35,30,78.6884758748119,4.01280540175788,1.74287140622887,0,101,30000,0,1
35,30,78.6884758748119,4.01280540175788,1.74287140622887,0.51,0,0,241,0
35,30,78.6884758748119,4.01280540175788,1.74287140622887,3.98,0,0,370,0
35,30,78.6884758748119,4.01280540175788,1.74287140622887,16.84,0,0,111,0
35,30,78.6884758748119,4.01280540175788,1.74287140622887,17.9,0,0,184,0
36,30,68.0648578109931,4.38932301330909,0.739985342079349,0,101,30000,0,1
36,30,68.0648578109931,4.38932301330909,0.739985342079349,1.73,0,0,237,0
36,30,68.0648578109931,4.38932301330909,0.739985342079349,8.08,0,0,200,0
36,30,68.0648578109931,4.38932301330909,0.739985342079349,22.39,0,0,117,0
36,30,68.0648578109931,4.38932301330909,0.739985342079349,22.63,0,0,94,0
37,30,108.871810666572,4.8459271877944,1.01865595680822,0,101,30000,0,1
37,30,108.871810666572,4.8459271877944,1.01865595680822,7.27,0,0,148,0
37,30,108.871810666572,4.8459271877944,1.01865595680822,17.87,0,0,100,0
37,30,108.871810666572,4.8459271877944,1.01865595680822,18.73,0,0,80,0
37,30,108.871810666572,4.8459271877944,1.01865595680822,19.25,0,0,112,0
38,30,58.9386820999053,3.99942903865009,1.21424736804968,0,101,30000,0,1
38,30,58.9386820999053,3.99942903865009,1.21424736804968,4.27,0,0,362,0
38,30,58.9386820999053,3.99942903865009,1.21424736804968,7.64,0,0,406,0
38,30,58.9386820999053,3.99942903865009,1.21424736804968,13.28,0,0,206,0
38,30,58.9386820999053,3.99942903865009,1.21424736804968,16.34,0,0,176,0
39,30,60.0263617968545,3.36973403988367,1.13909337270761,0,101,30000,0,1
39,30,60.0263617968545,3.36973403988367,1.13909337270761,4.81,0,0,357,0
39,30,60.0263617968545,3.36973403988367,1.13909337270761,13.48,0,0,232,0
39,30,60.0263617968545,3.36973403988367,1.13909337270761,14.15,0,0,240,0
39,30,60.0263617968545,3.36973403988367,1.13909337270761,22.31,0,0,164,0
40,30,66.3977495422819,4.15190306474472,0.726500343627153,0,101,30000,0,1
40,30,66.3977495422819,4.15190306474472,0.726500343627153,14.23,0,0,289,0
40,30,66.3977495422819,4.15190306474472,0.726500343627153,14.38,0,0,274,0
40,30,66.3977495422819,4.15190306474472,0.726500343627153,15.89,0,0,204,0
40,30,66.3977495422819,4.15190306474472,0.726500343627153,23.8,0,0,145,0
41,30,74.5207192239684,4.4528452638659,0.832472359648825,0,101,30000,0,1
41,30,74.5207192239684,4.4528452638659,0.832472359648825,4.72,0,0,345,0
41,30,74.5207192239684,4.4528452638659,0.832472359648825,10.18,0,0,223,0
41,30,74.5207192239684,4.4528452638659,0.832472359648825,10.19,0,0,164,0
41,30,74.5207192239684,4.4528452638659,0.832472359648825,11.27,0,0,198,0
42,30,42.8774724535778,1.81987089214177,1.23040158613109,0,101,30000,0,1
42,30,42.8774724535778,1.81987089214177,1.23040158613109,7,0,0,446,0
42,30,42.8774724535778,1.81987089214177,1.23040158613109,8.71,0,0,585,0
42,30,42.8774724535778,1.81987089214177,1.23040158613109,11.62,0,0,365,0
42,30,42.8774724535778,1.81987089214177,1.23040158613109,12.26,0,0,423,0
43,30,78.1977133721965,3.52095161661877,1.3397952286139,0,101,30000,0,1
43,30,78.1977133721965,3.52095161661877,1.3397952286139,2.29,0,0,373,0
43,30,78.1977133721965,3.52095161661877,1.3397952286139,12.73,0,0,241,0
43,30,78.1977133721965,3.52095161661877,1.3397952286139,14.72,0,0,139,0
43,30,78.1977133721965,3.52095161661877,1.3397952286139,14.97,0,0,208,0
44,30,72.1173629038947,3.89718470816179,1.02238532396178,0,101,30000,0,1
44,30,72.1173629038947,3.89718470816179,1.02238532396178,0.75,0,0,199,0
44,30,72.1173629038947,3.89718470816179,1.02238532396178,3.49,0,0,296,0
44,30,72.1173629038947,3.89718470816179,1.02238532396178,10.04,0,0,301,0
44,30,72.1173629038947,3.89718470816179,1.02238532396178,20.86,0,0,201,0
45,30,125.255256718742,3.77192051173651,1.13802635448058,0,101,30000,0,1
45,30,125.255256718742,3.77192051173651,1.13802635448058,1.08,0,0,155,0
45,30,125.255256718742,3.77192051173651,1.13802635448058,4.23,0,0,190,0
45,30,125.255256718742,3.77192051173651,1.13802635448058,5.44,0,0,193,0
45,30,125.255256718742,3.77192051173651,1.13802635448058,12.43,0,0,192,0
46,30,56.1210345688457,5.28287123999236,1.35273401644238,0,101,30000,0,1
46,30,56.1210345688457,5.28287123999236,1.35273401644238,7.5,0,0,408,0
46,30,56.1210345688457,5.28287123999236,1.35273401644238,17.12,0,0,139,0
46,30,56.1210345688457,5.28287123999236,1.35273401644238,22.51,0,0,96,0
46,30,56.1210345688457,5.28287123999236,1.35273401644238,22.91,0,0,59,0
47,30,85.065736588488,3.8596356838317,1.04703390709149,0,101,30000,0,1
47,30,85.065736588488,3.8596356838317,1.04703390709149,16.96,0,0,206,0
47,30,85.065736588488,3.8596356838317,1.04703390709149,20.87,0,0,86,0
47,30,85.065736588488,3.8596356838317,1.04703390709149,21.82,0,0,143,0
47,30,85.065736588488,3.8596356838317,1.04703390709149,23.14,0,0,118,0
48,30,48.3001082217895,2.44882436866354,0.940083777911149,0,101,30000,0,1
48,30,48.3001082217895,2.44882436866354,0.940083777911149,1.5,0,0,480,0
48,30,48.3001082217895,2.44882436866354,0.940083777911149,9.73,0,0,379,0
48,30,48.3001082217895,2.44882436866354,0.940083777911149,19.21,0,0,211,0
48,30,48.3001082217895,2.44882436866354,0.940083777911149,22.2,0,0,255,0
49,30,87.9979869383519,5.00175186125425,1.74148397800257,0,101,30000,0,1
49,30,87.9979869383519,5.00175186125425,1.74148397800257,1.81,0,0,301,0
49,30,87.9979869383519,5.00175186125425,1.74148397800257,11,0,0,160,0
49,30,87.9979869383519,5.00175186125425,1.74148397800257,20.3,0,0,86,0
49,30,87.9979869383519,5.00175186125425,1.74148397800257,21.7,0,0,104,0
50,30,59.992899835815,5.6974606400553,0.485849216969442,0,101,30000,0,1
50,30,59.992899835815,5.6974606400553,0.485849216969442,5.93,0,0,235,0
50,30,59.992899835815,5.6974606400553,0.485849216969442,6.69,0,0,323,0
50,30,59.992899835815,5.6974606400553,0.485849216969442,6.84,0,0,418,0
50,30,59.992899835815,5.6974606400553,0.485849216969442,8.78,0,0,303,0
51,30,42.8833955389678,5.06972163271054,1.72542780850864,0,101,30000,0,1
51,30,42.8833955389678,5.06972163271054,1.72542780850864,2.02,0,0,498,0
51,30,42.8833955389678,5.06972163271054,1.72542780850864,2.33,0,0,586,0
51,30,42.8833955389678,5.06972163271054,1.72542780850864,23.88,0,0,40,0
51,30,42.8833955389678,5.06972163271054,1.72542780850864,23.89,0,0,47,0
52,30,54.2933844262233,7.83606799022783,0.84384156455024,0,101,30000,0,1
52,30,54.2933844262233,7.83606799022783,0.84384156455024,1.66,0,0,540,0
52,30,54.2933844262233,7.83606799022783,0.84384156455024,8.25,0,0,194,0
52,30,54.2933844262233,7.83606799022783,0.84384156455024,12.94,0,0,137,0
52,30,54.2933844262233,7.83606799022783,0.84384156455024,23.6,0,0,16,0
53,30,86.2038761493068,3.72845710191165,1.1519235070197,0,101,30000,0,1
53,30,86.2038761493068,3.72845710191165,1.1519235070197,1.75,0,0,354,0
53,30,86.2038761493068,3.72845710191165,1.1519235070197,4.8,0,0,270,0
53,30,86.2038761493068,3.72845710191165,1.1519235070197,13.85,0,0,205,0
53,30,86.2038761493068,3.72845710191165,1.1519235070197,21.15,0,0,141,0
54,30,65.9776523745485,3.04275102298657,1.21590691757591,0,101,30000,0,1
54,30,65.9776523745485,3.04275102298657,1.21590691757591,2.16,0,0,391,0
54,30,65.9776523745485,3.04275102298657,1.21590691757591,2.5,0,0,480,0
54,30,65.9776523745485,3.04275102298657,1.21590691757591,5.54,0,0,330,0
54,30,65.9776523745485,3.04275102298657,1.21590691757591,12.84,0,0,460,0
55,30,80.3345129277976,3.64615561649031,0.738132093661197,0,101,30000,0,1
55,30,80.3345129277976,3.64615561649031,0.738132093661197,8.92,0,0,265,0
55,30,80.3345129277976,3.64615561649031,0.738132093661197,9.57,0,0,361,0
55,30,80.3345129277976,3.64615561649031,0.738132093661197,16.29,0,0,179,0
55,30,80.3345129277976,3.64615561649031,0.738132093661197,17.85,0,0,175,0
56,30,57.5406511375233,3.15745604979142,1.30431906465159,0,101,30000,0,1
56,30,57.5406511375233,3.15745604979142,1.30431906465159,6.38,0,0,366,0
56,30,57.5406511375233,3.15745604979142,1.30431906465159,13.8,0,0,309,0
56,30,57.5406511375233,3.15745604979142,1.30431906465159,17.86,0,0,240,0
56,30,57.5406511375233,3.15745604979142,1.30431906465159,23.27,0,0,128,0
57,30,84.2871574747664,2.82646535061999,0.811362425244697,0,101,30000,0,1
57,30,84.2871574747664,2.82646535061999,0.811362425244697,13,0,0,257,0
57,30,84.2871574747664,2.82646535061999,0.811362425244697,17.87,0,0,181,0
57,30,84.2871574747664,2.82646535061999,0.811362425244697,18.6,0,0,147,0
57,30,84.2871574747664,2.82646535061999,0.811362425244697,20.81,0,0,183,0
58,30,84.1173646003995,4.5209518560947,1.75047640748686,0,101,30000,0,1
58,30,84.1173646003995,4.5209518560947,1.75047640748686,4.59,0,0,279,0
58,30,84.1173646003995,4.5209518560947,1.75047640748686,8.48,0,0,224,0
58,30,84.1173646003995,4.5209518560947,1.75047640748686,8.63,0,0,252,0
58,30,84.1173646003995,4.5209518560947,1.75047640748686,9,0,0,252,0
59,30,68.8010329527258,3.40271091233794,1.65758734016587,0,101,30000,0,1
59,30,68.8010329527258,3.40271091233794,1.65758734016587,2.14,0,0,354,0
59,30,68.8010329527258,3.40271091233794,1.65758734016587,8.07,0,0,260,0
59,30,68.8010329527258,3.40271091233794,1.65758734016587,15.98,0,0,174,0
59,30,68.8010329527258,3.40271091233794,1.65758734016587,20.48,0,0,149,0
60,30,59.992899835815,5.6974606400553,0.485849216969442,0,101,30000,0,1
60,30,59.992899835815,5.6974606400553,0.485849216969442,5.93,0,0,235,0
60,30,59.992899835815,5.6974606400553,0.485849216969442,6.69,0,0,323,0
60,30,59.992899835815,5.6974606400553,0.485849216969442,6.84,0,0,418,0
60,30,59.992899835815,5.6974606400553,0.485849216969442,8.78,0,0,303,0
61,60,90.072316038039,3.98384135525135,0.92700800951804,0,101,60000,0,1
61,60,90.072316038039,3.98384135525135,0.92700800951804,2.82,0,0,636,0
61,60,90.072316038039,3.98384135525135,0.92700800951804,18.45,0,0,337,0
61,60,90.072316038039,3.98384135525135,0.92700800951804,19.37,0,0,381,0
61,60,90.072316038039,3.98384135525135,0.92700800951804,21.21,0,0,407,0
62,60,45.0253062141515,2.69116875444429,1.15578650806203,0,101,60000,0,1
62,60,45.0253062141515,2.69116875444429,1.15578650806203,1.82,0,0,1290,0
62,60,45.0253062141515,2.69116875444429,1.15578650806203,6.84,0,0,766,0
62,60,45.0253062141515,2.69116875444429,1.15578650806203,11.09,0,0,593,0
62,60,45.0253062141515,2.69116875444429,1.15578650806203,18.36,0,0,496,0
63,60,115.89884663195,4.59463816801978,1.35575008436909,0,101,60000,0,1
63,60,115.89884663195,4.59463816801978,1.35575008436909,3.35,0,0,437,0
63,60,115.89884663195,4.59463816801978,1.35575008436909,17,0,0,285,0
63,60,115.89884663195,4.59463816801978,1.35575008436909,21.02,0,0,308,0
63,60,115.89884663195,4.59463816801978,1.35575008436909,21.25,0,0,184,0
64,60,82.0894434061512,3.34590071347393,0.840869700830982,0,101,60000,0,1
64,60,82.0894434061512,3.34590071347393,0.840869700830982,5.97,0,0,575,0
64,60,82.0894434061512,3.34590071347393,0.840869700830982,15.46,0,0,477,0
64,60,82.0894434061512,3.34590071347393,0.840869700830982,16.39,0,0,371,0
64,60,82.0894434061512,3.34590071347393,0.840869700830982,19.14,0,0,344,0
65,60,59.6581101442208,4.66272514385439,0.82514095045788,0,101,60000,0,1
65,60,59.6581101442208,4.66272514385439,0.82514095045788,4.73,0,0,911,0
65,60,59.6581101442208,4.66272514385439,0.82514095045788,16.46,0,0,297,0
65,60,59.6581101442208,4.66272514385439,0.82514095045788,18.9,0,0,312,0
65,60,59.6581101442208,4.66272514385439,0.82514095045788,21.8,0,0,174,0
66,60,34.7324566448403,4.10766929209392,0.682951261975485,0,101,60000,0,1
66,60,34.7324566448403,4.10766929209392,0.682951261975485,10.14,0,0,584,0
66,60,34.7324566448403,4.10766929209392,0.682951261975485,18.45,0,0,189,0
66,60,34.7324566448403,4.10766929209392,0.682951261975485,23.22,0,0,101,0
66,60,34.7324566448403,4.10766929209392,0.682951261975485,23.83,0,0,135,0
67,60,94.8745488008543,3.94032307692622,0.936878791800553,0,101,60000,0,1
67,60,94.8745488008543,3.94032307692622,0.936878791800553,4.15,0,0,784,0
67,60,94.8745488008543,3.94032307692622,0.936878791800553,8.61,0,0,520,0
67,60,94.8745488008543,3.94032307692622,0.936878791800553,10.22,0,0,508,0
67,60,94.8745488008543,3.94032307692622,0.936878791800553,19.66,0,0,324,0
68,60,37.2971797287607,3.84341690364531,0.941183992618358,0,101,60000,0,1
68,60,37.2971797287607,3.84341690364531,0.941183992618358,0.9,0,0,756,0
68,60,37.2971797287607,3.84341690364531,0.941183992618358,5.28,0,0,1250,0
68,60,37.2971797287607,3.84341690364531,0.941183992618358,6.23,0,0,1084,0
68,60,37.2971797287607,3.84341690364531,0.941183992618358,19.61,0,0,261,0
69,60,64.8120962868675,4.06484006750944,0.714810047168919,0,101,60000,0,1
69,60,64.8120962868675,4.06484006750944,0.714810047168919,0.83,0,0,499,0
69,60,64.8120962868675,4.06484006750944,0.714810047168919,2.2,0,0,440,0
69,60,64.8120962868675,4.06484006750944,0.714810047168919,3.64,0,0,718,0
69,60,64.8120962868675,4.06484006750944,0.714810047168919,23.19,0,0,163,0
70,60,50.1810196221977,2.94432166247107,1.06691907264473,0,101,60000,0,1
70,60,50.1810196221977,2.94432166247107,1.06691907264473,11.23,0,0,631,0
70,60,50.1810196221977,2.94432166247107,1.06691907264473,16.21,0,0,358,0
70,60,50.1810196221977,2.94432166247107,1.06691907264473,19.9,0,0,426,0
70,60,50.1810196221977,2.94432166247107,1.06691907264473,21.94,0,0,379,0
71,60,65.1656610328265,4.19530683213942,1.12260649568868,0,101,60000,0,1
71,60,65.1656610328265,4.19530683213942,1.12260649568868,5.18,0,0,652,0
71,60,65.1656610328265,4.19530683213942,1.12260649568868,14.11,0,0,332,0
71,60,65.1656610328265,4.19530683213942,1.12260649568868,20.35,0,0,266,0
71,60,65.1656610328265,4.19530683213942,1.12260649568868,20.42,0,0,347,0
72,60,71.6391468620194,4.71792984771019,1.1936799539143,0,101,60000,0,1
72,60,71.6391468620194,4.71792984771019,1.1936799539143,2.35,0,0,550,0
72,60,71.6391468620194,4.71792984771019,1.1936799539143,14.83,0,0,384,0
72,60,71.6391468620194,4.71792984771019,1.1936799539143,20.66,0,0,218,0
72,60,71.6391468620194,4.71792984771019,1.1936799539143,21.9,0,0,170,0
73,60,105.669481149985,2.77553680687809,1.45156684960801,0,101,60000,0,1
73,60,105.669481149985,2.77553680687809,1.45156684960801,7.43,0,0,483,0
73,60,105.669481149985,2.77553680687809,1.45156684960801,11.31,0,0,478,0
73,60,105.669481149985,2.77553680687809,1.45156684960801,19.44,0,0,356,0
73,60,105.669481149985,2.77553680687809,1.45156684960801,22.26,0,0,413,0
74,60,91.5155702542921,2.46480395763395,0.85107689873685,0,101,60000,0,1
74,60,91.5155702542921,2.46480395763395,0.85107689873685,4.14,0,0,562,0
74,60,91.5155702542921,2.46480395763395,0.85107689873685,5.22,0,0,662,0
74,60,91.5155702542921,2.46480395763395,0.85107689873685,16.82,0,0,311,0
74,60,91.5155702542921,2.46480395763395,0.85107689873685,21.69,0,0,349,0
75,60,78.1913538914058,3.27107695611546,0.753377523241618,0,101,60000,0,1
75,60,78.1913538914058,3.27107695611546,0.753377523241618,2.75,0,0,739,0
75,60,78.1913538914058,3.27107695611546,0.753377523241618,9.47,0,0,559,0
75,60,78.1913538914058,3.27107695611546,0.753377523241618,10.96,0,0,661,0
75,60,78.1913538914058,3.27107695611546,0.753377523241618,23.8,0,0,206,0
76,60,111.379065380519,4.04127023028349,0.732763590938079,0,101,60000,0,1
76,60,111.379065380519,4.04127023028349,0.732763590938079,1.42,0,0,276,0
76,60,111.379065380519,4.04127023028349,0.732763590938079,3.17,0,0,510,0
76,60,111.379065380519,4.04127023028349,0.732763590938079,4.12,0,0,397,0
76,60,111.379065380519,4.04127023028349,0.732763590938079,5.24,0,0,374,0
77,60,58.1426489522685,2.65338052251915,0.4226150770119,0,101,60000,0,1
77,60,58.1426489522685,2.65338052251915,0.4226150770119,1.51,0,0,400,0
77,60,58.1426489522685,2.65338052251915,0.4226150770119,13.05,0,0,633,0
77,60,58.1426489522685,2.65338052251915,0.4226150770119,18.19,0,0,382,0
77,60,58.1426489522685,2.65338052251915,0.4226150770119,19.82,0,0,583,0
78,60,73.0731539689893,3.94782608251845,1.51110830669943,0,101,60000,0,1
78,60,73.0731539689893,3.94782608251845,1.51110830669943,0.83,0,0,610,0
78,60,73.0731539689893,3.94782608251845,1.51110830669943,10.98,0,0,447,0
78,60,73.0731539689893,3.94782608251845,1.51110830669943,12.8,0,0,444,0
78,60,73.0731539689893,3.94782608251845,1.51110830669943,18.52,0,0,253,0
79,60,82.6187382560947,3.50901117521677,0.72406403628244,0,101,60000,0,1
79,60,82.6187382560947,3.50901117521677,0.72406403628244,1.33,0,0,364,0
79,60,82.6187382560947,3.50901117521677,0.72406403628244,3.96,0,0,625,0
79,60,82.6187382560947,3.50901117521677,0.72406403628244,8.3,0,0,548,0
79,60,82.6187382560947,3.50901117521677,0.72406403628244,9.87,0,0,445,0
80,60,68.739850047297,3.12123513274655,1.02184510618815,0,101,60000,0,1
80,60,68.739850047297,3.12123513274655,1.02184510618815,5.13,0,0,640,0
80,60,68.739850047297,3.12123513274655,1.02184510618815,8.37,0,0,856,0
80,60,68.739850047297,3.12123513274655,1.02184510618815,15.1,0,0,477,0
80,60,68.739850047297,3.12123513274655,1.02184510618815,18.72,0,0,578,0
81,60,77.2064737620351,4.83544405979952,0.961155809453503,0,101,60000,0,1
81,60,77.2064737620351,4.83544405979952,0.961155809453503,0.13,0,0,133,0
81,60,77.2064737620351,4.83544405979952,0.961155809453503,9.83,0,0,472,0
81,60,77.2064737620351,4.83544405979952,0.961155809453503,16.27,0,0,438,0
81,60,77.2064737620351,4.83544405979952,0.961155809453503,16.97,0,0,300,0
82,60,112.290090561041,6.59170414754058,0.98977965730465,0,101,60000,0,1
82,60,112.290090561041,6.59170414754058,0.98977965730465,4.92,0,0,352,0
82,60,112.290090561041,6.59170414754058,0.98977965730465,9.52,0,0,425,0
82,60,112.290090561041,6.59170414754058,0.98977965730465,11.23,0,0,212,0
82,60,112.290090561041,6.59170414754058,0.98977965730465,19.4,0,0,220,0
83,60,100.424659122231,2.96983600760767,0.794544865957834,0,101,60000,0,1
83,60,100.424659122231,2.96983600760767,0.794544865957834,0.56,0,0,214,0
83,60,100.424659122231,2.96983600760767,0.794544865957834,9.64,0,0,473,0
83,60,100.424659122231,2.96983600760767,0.794544865957834,10.49,0,0,389,0
83,60,100.424659122231,2.96983600760767,0.794544865957834,12.34,0,0,611,0
84,60,77.0618423706471,3.80954969115834,1.19302814390051,0,101,60000,0,1
84,60,77.0618423706471,3.80954969115834,1.19302814390051,4.99,0,0,509,0
84,60,77.0618423706471,3.80954969115834,1.19302814390051,14.45,0,0,576,0
84,60,77.0618423706471,3.80954969115834,1.19302814390051,14.69,0,0,388,0
84,60,77.0618423706471,3.80954969115834,1.19302814390051,17.27,0,0,354,0
85,60,72.6324601420597,6.69374661421943,1.06066229822368,0,101,60000,0,1
85,60,72.6324601420597,6.69374661421943,1.06066229822368,9.05,0,0,381,0
85,60,72.6324601420597,6.69374661421943,1.06066229822368,10.49,0,0,428,0
85,60,72.6324601420597,6.69374661421943,1.06066229822368,13.37,0,0,201,0
85,60,72.6324601420597,6.69374661421943,1.06066229822368,16.12,0,0,191,0
86,60,66.5500953034345,4.15978344892672,0.82131451124912,0,101,60000,0,1
86,60,66.5500953034345,4.15978344892672,0.82131451124912,6.26,0,0,915,0
86,60,66.5500953034345,4.15978344892672,0.82131451124912,8.66,0,0,432,0
86,60,66.5500953034345,4.15978344892672,0.82131451124912,14.11,0,0,439,0
86,60,66.5500953034345,4.15978344892672,0.82131451124912,19.8,0,0,372,0
87,60,68.8427367167295,4.06097557828847,0.906082334647024,0,101,60000,0,1
87,60,68.8427367167295,4.06097557828847,0.906082334647024,14.02,0,0,350,0
87,60,68.8427367167295,4.06097557828847,0.906082334647024,14.75,0,0,530,0
87,60,68.8427367167295,4.06097557828847,0.906082334647024,18.61,0,0,348,0
87,60,68.8427367167295,4.06097557828847,0.906082334647024,18.67,0,0,297,0
88,60,48.4734374465731,4.75707269351948,0.923997033959711,0,101,60000,0,1
88,60,48.4734374465731,4.75707269351948,0.923997033959711,4.67,0,0,697,0
88,60,48.4734374465731,4.75707269351948,0.923997033959711,14.34,0,0,329,0
88,60,48.4734374465731,4.75707269351948,0.923997033959711,17.45,0,0,292,0
88,60,48.4734374465731,4.75707269351948,0.923997033959711,20.76,0,0,205,0
89,60,96.8541813765441,4.39691188021202,1.00850241010024,0,101,60000,0,1
89,60,96.8541813765441,4.39691188021202,1.00850241010024,1.32,0,0,469,0
89,60,96.8541813765441,4.39691188021202,1.00850241010024,3.76,0,0,659,0
89,60,96.8541813765441,4.39691188021202,1.00850241010024,11.99,0,0,384,0
89,60,96.8541813765441,4.39691188021202,1.00850241010024,18.22,0,0,281,0
90,60,106.024697065577,3.02454735084686,1.03104645459981,0,101,60000,0,1
90,60,106.024697065577,3.02454735084686,1.03104645459981,1.02,0,0,364,0
90,60,106.024697065577,3.02454735084686,1.03104645459981,8.97,0,0,471,0
90,60,106.024697065577,3.02454735084686,1.03104645459981,10.25,0,0,356,0
90,60,106.024697065577,3.02454735084686,1.03104645459981,22.82,0,0,382,0
91,120,51.2264021757086,2.40253279533769,1.12492616691302,0,101,120000,0,1
91,120,51.2264021757086,2.40253279533769,1.12492616691302,2.44,0,0,1990,0
91,120,51.2264021757086,2.40253279533769,1.12492616691302,6.12,0,0,1325,0
91,120,51.2264021757086,2.40253279533769,1.12492616691302,7.77,0,0,1947,0
91,120,51.2264021757086,2.40253279533769,1.12492616691302,22.53,0,0,548,0
92,120,51.5858253260037,4.90978206469412,1.16258499041692,0,101,120000,0,1
92,120,51.5858253260037,4.90978206469412,1.16258499041692,12.52,0,0,1034,0
92,120,51.5858253260037,4.90978206469412,1.16258499041692,13.75,0,0,684,0
92,120,51.5858253260037,4.90978206469412,1.16258499041692,14.19,0,0,485,0
92,120,51.5858253260037,4.90978206469412,1.16258499041692,21.98,0,0,350,0
93,120,49.9767504463821,2.58566991654836,0.760363125549023,0,101,120000,0,1
93,120,49.9767504463821,2.58566991654836,0.760363125549023,5.71,0,0,1989,0
93,120,49.9767504463821,2.58566991654836,0.760363125549023,7.15,0,0,2010,0
93,120,49.9767504463821,2.58566991654836,0.760363125549023,22.58,0,0,1154,0
93,120,49.9767504463821,2.58566991654836,0.760363125549023,23.68,0,0,635,0
94,120,52.9573274888867,4.55117267642292,1.25623281935769,0,101,120000,0,1
94,120,52.9573274888867,4.55117267642292,1.25623281935769,3.18,0,0,2168,0
94,120,52.9573274888867,4.55117267642292,1.25623281935769,9.53,0,0,966,0
94,120,52.9573274888867,4.55117267642292,1.25623281935769,14.38,0,0,973,0
94,120,52.9573274888867,4.55117267642292,1.25623281935769,21.5,0,0,495,0
95,120,63.7277571824481,3.91770432248877,0.914482085061371,0,101,120000,0,1
95,120,63.7277571824481,3.91770432248877,0.914482085061371,2.03,0,0,1545,0
95,120,63.7277571824481,3.91770432248877,0.914482085061371,2.09,0,0,1063,0
95,120,63.7277571824481,3.91770432248877,0.914482085061371,10.79,0,0,1273,0
95,120,63.7277571824481,3.91770432248877,0.914482085061371,12.23,0,0,1220,0
96,120,79.3858301846021,6.50991050504501,1.04868576853087,0,101,120000,0,1
96,120,79.3858301846021,6.50991050504501,1.04868576853087,1.12,0,0,906,0
96,120,79.3858301846021,6.50991050504501,1.04868576853087,5.39,0,0,869,0
96,120,79.3858301846021,6.50991050504501,1.04868576853087,23.56,0,0,249,0
96,120,79.3858301846021,6.50991050504501,1.04868576853087,23.71,0,0,254,0
97,120,76.5463068090922,5.46094459753328,0.786081610618881,0,101,120000,0,1
97,120,76.5463068090922,5.46094459753328,0.786081610618881,13.41,0,0,533,0
97,120,76.5463068090922,5.46094459753328,0.786081610618881,13.72,0,0,588,0
97,120,76.5463068090922,5.46094459753328,0.786081610618881,14.08,0,0,409,0
97,120,76.5463068090922,5.46094459753328,0.786081610618881,23.77,0,0,344,0
98,120,63.1260384684871,2.98950810623517,1.10050289475137,0,101,120000,0,1
98,120,63.1260384684871,2.98950810623517,1.10050289475137,4.48,0,0,1779,0
98,120,63.1260384684871,2.98950810623517,1.10050289475137,17.89,0,0,1521,0
98,120,63.1260384684871,2.98950810623517,1.10050289475137,18.06,0,0,618,0
98,120,63.1260384684871,2.98950810623517,1.10050289475137,21.49,0,0,783,0
99,120,37.0799759252321,3.1487550518353,0.879701607260474,0,101,120000,0,1
99,120,37.0799759252321,3.1487550518353,0.879701607260474,2.47,0,0,2323,0
99,120,37.0799759252321,3.1487550518353,0.879701607260474,3.98,0,0,2920,0
99,120,37.0799759252321,3.1487550518353,0.879701607260474,4.45,0,0,2051,0
99,120,37.0799759252321,3.1487550518353,0.879701607260474,16.57,0,0,1119,0
100,120,73.8519399388385,4.03049568076337,1.6616960805404,0,101,120000,0,1
100,120,73.8519399388385,4.03049568076337,1.6616960805404,0.78,0,0,1292,0
100,120,73.8519399388385,4.03049568076337,1.6616960805404,11.09,0,0,928,0
100,120,73.8519399388385,4.03049568076337,1.6616960805404,12.23,0,0,692,0
100,120,73.8519399388385,4.03049568076337,1.6616960805404,16.86,0,0,659,0
101,120,57.8739300641986,4.79820680264143,0.943994125939563,0,101,120000,0,1
101,120,57.8739300641986,4.79820680264143,0.943994125939563,3.66,0,0,1114,0
101,120,57.8739300641986,4.79820680264143,0.943994125939563,5.08,0,0,2284,0
101,120,57.8739300641986,4.79820680264143,0.943994125939563,7.9,0,0,1227,0
101,120,57.8739300641986,4.79820680264143,0.943994125939563,17.82,0,0,557,0
102,120,57.335705908549,3.70442866419601,1.02147312672449,0,101,120000,0,1
102,120,57.335705908549,3.70442866419601,1.02147312672449,2.53,0,0,1919,0
102,120,57.335705908549,3.70442866419601,1.02147312672449,6.65,0,0,1356,0
102,120,57.335705908549,3.70442866419601,1.02147312672449,6.93,0,0,1015,0
102,120,57.335705908549,3.70442866419601,1.02147312672449,19.49,0,0,565,0
103,120,70.1323949540972,2.58110980297249,1.46079713476435,0,101,120000,0,1
103,120,70.1323949540972,2.58110980297249,1.46079713476435,2.36,0,0,1818,0
103,120,70.1323949540972,2.58110980297249,1.46079713476435,7.09,0,0,1367,0
103,120,70.1323949540972,2.58110980297249,1.46079713476435,14.22,0,0,1042,0
103,120,70.1323949540972,2.58110980297249,1.46079713476435,22.99,0,0,768,0
104,120,101.244995140609,4.45779915969503,1.23697447233124,0,101,120000,0,1
104,120,101.244995140609,4.45779915969503,1.23697447233124,13.65,0,0,814,0
104,120,101.244995140609,4.45779915969503,1.23697447233124,19.94,0,0,639,0
104,120,101.244995140609,4.45779915969503,1.23697447233124,21.19,0,0,538,0
104,120,101.244995140609,4.45779915969503,1.23697447233124,23.02,0,0,571,0
105,120,70.4493942219603,6.40576544138038,0.775856511211395,0,101,120000,0,1
105,120,70.4493942219603,6.40576544138038,0.775856511211395,6.74,0,0,1125,0
105,120,70.4493942219603,6.40576544138038,0.775856511211395,9.96,0,0,537,0
105,120,70.4493942219603,6.40576544138038,0.775856511211395,13.83,0,0,673,0
105,120,70.4493942219603,6.40576544138038,0.775856511211395,17.07,0,0,587,0
106,120,70.6146771190383,5.16456742614262,0.910990211257469,0,101,120000,0,1
106,120,70.6146771190383,5.16456742614262,0.910990211257469,14.05,0,0,608,0
106,120,70.6146771190383,5.16456742614262,0.910990211257469,16.05,0,0,605,0
106,120,70.6146771190383,5.16456742614262,0.910990211257469,16.11,0,0,593,0
106,120,70.6146771190383,5.16456742614262,0.910990211257469,22.39,0,0,414,0
107,120,68.8455401668927,4.07543736293039,1.07215983274429,0,101,120000,0,1
107,120,68.8455401668927,4.07543736293039,1.07215983274429,0.1,0,0,168,0
107,120,68.8455401668927,4.07543736293039,1.07215983274429,4.74,0,0,1947,0
107,120,68.8455401668927,4.07543736293039,1.07215983274429,8.89,0,0,970,0
107,120,68.8455401668927,4.07543736293039,1.07215983274429,13.67,0,0,805,0
108,120,69.9927099629118,4.02526347053466,1.00959617378415,0,101,120000,0,1
108,120,69.9927099629118,4.02526347053466,1.00959617378415,0.65,0,0,704,0
108,120,69.9927099629118,4.02526347053466,1.00959617378415,16.96,0,0,670,0
108,120,69.9927099629118,4.02526347053466,1.00959617378415,21.98,0,0,548,0
108,120,69.9927099629118,4.02526347053466,1.00959617378415,22.86,0,0,365,0
109,120,74.8583762812273,6.46900652917345,1.19782743049493,0,101,120000,0,1
109,120,74.8583762812273,6.46900652917345,1.19782743049493,2.04,0,0,1190,0
109,120,74.8583762812273,6.46900652917345,1.19782743049493,5.55,0,0,1068,0
109,120,74.8583762812273,6.46900652917345,1.19782743049493,17.92,0,0,296,0
109,120,74.8583762812273,6.46900652917345,1.19782743049493,21.88,0,0,220,0
110,120,72.9621203020472,2.75656250952476,1.39887617923653,0,101,120000,0,1
110,120,72.9621203020472,2.75656250952476,1.39887617923653,0.85,0,0,1233,0
110,120,72.9621203020472,2.75656250952476,1.39887617923653,4.45,0,0,1231,0
110,120,72.9621203020472,2.75656250952476,1.39887617923653,6.71,0,0,1213,0
110,120,72.9621203020472,2.75656250952476,1.39887617923653,7.1,0,0,780,0
111,120,113.007561139645,5.08411753469486,0.705544792657597,0,101,120000,0,1
111,120,113.007561139645,5.08411753469486,0.705544792657597,11.22,0,0,476,0
111,120,113.007561139645,5.08411753469486,0.705544792657597,11.56,0,0,652,0
111,120,113.007561139645,5.08411753469486,0.705544792657597,16.48,0,0,559,0
111,120,113.007561139645,5.08411753469486,0.705544792657597,17.53,0,0,528,0
112,120,91.1428867212481,3.60792831972109,1.12416148536651,0,101,120000,0,1
112,120,91.1428867212481,3.60792831972109,1.12416148536651,1.8,0,0,981,0
112,120,91.1428867212481,3.60792831972109,1.12416148536651,14.85,0,0,827,0
112,120,91.1428867212481,3.60792831972109,1.12416148536651,17.36,0,0,659,0
112,120,91.1428867212481,3.60792831972109,1.12416148536651,19.26,0,0,494,0
113,120,61.2602912008009,6.87474165082783,1.00395439369252,0,101,120000,0,1
113,120,61.2602912008009,6.87474165082783,1.00395439369252,0.16,0,0,377,0
113,120,61.2602912008009,6.87474165082783,1.00395439369252,5.29,0,0,1482,0
113,120,61.2602912008009,6.87474165082783,1.00395439369252,18.42,0,0,248,0
113,120,61.2602912008009,6.87474165082783,1.00395439369252,20.45,0,0,356,0
114,120,107.902142480395,6.30748831371451,1.00494864235597,0,101,120000,0,1
114,120,107.902142480395,6.30748831371451,1.00494864235597,11.07,0,0,731,0
114,120,107.902142480395,6.30748831371451,1.00494864235597,16.44,0,0,364,0
114,120,107.902142480395,6.30748831371451,1.00494864235597,18.99,0,0,379,0
114,120,107.902142480395,6.30748831371451,1.00494864235597,19.89,0,0,366,0
115,120,68.9396839578809,4.76210786922376,0.935099173285896,0,101,120000,0,1
115,120,68.9396839578809,4.76210786922376,0.935099173285896,7.74,0,0,1201,0
115,120,68.9396839578809,4.76210786922376,0.935099173285896,15.43,0,0,538,0
115,120,68.9396839578809,4.76210786922376,0.935099173285896,17.25,0,0,559,0
115,120,68.9396839578809,4.76210786922376,0.935099173285896,19.96,0,0,508,0
116,120,55.3534636887221,4.074872373777,0.993334718612786,0,101,120000,0,1
116,120,55.3534636887221,4.074872373777,0.993334718612786,8.57,0,0,1091,0
116,120,55.3534636887221,4.074872373777,0.993334718612786,11.54,0,0,891,0
116,120,55.3534636887221,4.074872373777,0.993334718612786,15.33,0,0,1040,0
116,120,55.3534636887221,4.074872373777,0.993334718612786,22.87,0,0,482,0
117,120,60.3933804675636,2.54547266572664,0.727009048247362,0,101,120000,0,1
117,120,60.3933804675636,2.54547266572664,0.727009048247362,9.98,0,0,1409,0
117,120,60.3933804675636,2.54547266572664,0.727009048247362,15.87,0,0,2028,0
117,120,60.3933804675636,2.54547266572664,0.727009048247362,15.93,0,0,787,0
117,120,60.3933804675636,2.54547266572664,0.727009048247362,18.52,0,0,861,0
118,120,45.7563647960794,3.70593457134074,1.49480146542244,0,101,120000,0,1
118,120,45.7563647960794,3.70593457134074,1.49480146542244,6.93,0,0,1447,0
118,120,45.7563647960794,3.70593457134074,1.49480146542244,9.73,0,0,1066,0
118,120,45.7563647960794,3.70593457134074,1.49480146542244,9.77,0,0,905,0
118,120,45.7563647960794,3.70593457134074,1.49480146542244,23,0,0,464,0
119,120,62.0475049384631,2.97185494299311,1.04046398525404,0,101,120000,0,1
119,120,62.0475049384631,2.97185494299311,1.04046398525404,1.76,0,0,1700,0
119,120,62.0475049384631,2.97185494299311,1.04046398525404,14.41,0,0,1133,0
119,120,62.0475049384631,2.97185494299311,1.04046398525404,15.56,0,0,1169,0
119,120,62.0475049384631,2.97185494299311,1.04046398525404,18.38,0,0,1162,0
120,120,68.5767028843468,3.47170094307229,0.863876608082216,0,101,120000,0,1
120,120,68.5767028843468,3.47170094307229,0.863876608082216,2.25,0,0,785,0
120,120,68.5767028843468,3.47170094307229,0.863876608082216,3.51,0,0,1933,0
120,120,68.5767028843468,3.47170094307229,0.863876608082216,21.17,0,0,829,0
120,120,68.5767028843468,3.47170094307229,0.863876608082216,22.76,0,0,562,0
