ID,DOSE,V,CL,KA,TIME,EVID,AMT,DV,EVIDNM
1,10,83.5286393572686,3.57867702955929,1.14280092241453,0,101,10000,0,1
1,10,83.5286393572686,3.57867702955929,1.14280092241453,12.21,0,0,63,0
1,10,83.5286393572686,3.57867702955929,1.14280092241453,13.12,0,0,138,0
1,10,83.5286393572686,3.57867702955929,1.14280092241453,18.42,0,0,44,0
1,10,83.5286393572686,3.57867702955929,1.14280092241453,20.36,0,0,63,0
2,10,123.189321536068,6.54137325405219,0.764308335399247,0,101,10000,0,1
2,10,123.189321536068,6.54137325405219,0.764308335399247,0.32,0,0,17,0
2,10,123.189321536068,6.54137325405219,0.764308335399247,5.45,0,0,61,0
2,10,123.189321536068,6.54137325405219,0.764308335399247,5.93,0,0,55,0
2,10,123.189321536068,6.54137325405219,0.764308335399247,8.18,0,0,46,0
3,10,79.4487029773557,5.02749848718439,0.784937464429496,0,101,10000,0,1
3,10,79.4487029773557,5.02749848718439,0.784937464429496,6.64,0,0,126,0
3,10,79.4487029773557,5.02749848718439,0.784937464429496,11.53,0,0,79,0
3,10,79.4487029773557,5.02749848718439,0.784937464429496,18.94,0,0,45,0
3,10,79.4487029773557,5.02749848718439,0.784937464429496,21.73,0,0,48,0
4,10,70.2924362054138,3.02005978098378,1.18822383227321,0,101,10000,0,1
4,10,70.2924362054138,3.02005978098378,1.18822383227321,11.22,0,0,88,0
4,10,70.2924362054138,3.02005978098378,1.18822383227321,15.13,0,0,77,0
4,10,70.2924362054138,3.02005978098378,1.18822383227321,20.4,0,0,64,0
5,10,66.5518715308264,4.60116358441742,0.779367386301298,0,101,10000,0,1
5,10,66.5518715308264,4.60116358441742,0.779367386301298,0.84,0,0,53,0
5,10,66.5518715308264,4.60116358441742,0.779367386301298,10.44,0,0,97,0
5,10,66.5518715308264,4.60116358441742,0.779367386301298,13.94,0,0,75,0
5,10,66.5518715308264,4.60116358441742,0.779367386301298,23.9,0,0,43,0
6,10,104.577986072261,5.37698577742949,0.787148903747868,0,101,10000,0,1
6,10,104.577986072261,5.37698577742949,0.787148903747868,14.28,0,0,41,0
6,10,104.577986072261,5.37698577742949,0.787148903747868,18.83,0,0,41,0
6,10,104.577986072261,5.37698577742949,0.787148903747868,20.43,0,0,41,0
6,10,104.577986072261,5.37698577742949,0.787148903747868,23.82,0,0,33,0
7,10,74.2647784844235,2.34443740487994,1.20698539206721,0,101,10000,0,1
7,10,74.2647784844235,2.34443740487994,1.20698539206721,1.45,0,0,129,0
7,10,74.2647784844235,2.34443740487994,1.20698539206721,11.53,0,0,130,0
7,10,74.2647784844235,2.34443740487994,1.20698539206721,15.61,0,0,94,0
7,10,74.2647784844235,2.34443740487994,1.20698539206721,23.99,0,0,43,0
8,10,75.2120429926666,3.86759252567691,1.30141933857509,0,101,10000,0,1
8,10,75.2120429926666,3.86759252567691,1.30141933857509,0.11,0,0,19,0
8,10,75.2120429926666,3.86759252567691,1.30141933857509,14.74,0,0,66,0
8,10,75.2120429926666,3.86759252567691,1.30141933857509,15.74,0,0,63,0
8,10,75.2120429926666,3.86759252567691,1.30141933857509,17.16,0,0,62,0
9,10,72.3779990146723,4.29279238342155,1.22826327684844,0,101,10000,0,1
9,10,72.3779990146723,4.29279238342155,1.22826327684844,3.31,0,0,84,0
9,10,72.3779990146723,4.29279238342155,1.22826327684844,8.81,0,0,99,0
9,10,72.3779990146723,4.29279238342155,1.22826327684844,20.46,0,0,30,0
9,10,72.3779990146723,4.29279238342155,1.22826327684844,20.48,0,0,39,0
10,10,53.843969048041,3.32680688398572,0.815079864109586,0,101,10000,0,1
10,10,53.843969048041,3.32680688398572,0.815079864109586,7.56,0,0,133,0
10,10,53.843969048041,3.32680688398572,0.815079864109586,8.57,0,0,143,0
10,10,53.843969048041,3.32680688398572,0.815079864109586,13.24,0,0,91,0
10,10,53.843969048041,3.32680688398572,0.815079864109586,22.36,0,0,58,0
11,10,74.6194368182796,3.20033160354835,1.32776489077969,0,101,10000,0,1
11,10,74.6194368182796,3.20033160354835,1.32776489077969,10.77,0,0,78,0
11,10,74.6194368182796,3.20033160354835,1.32776489077969,11.18,0,0,78,0
11,10,74.6194368182796,3.20033160354835,1.32776489077969,15.05,0,0,53,0
11,10,74.6194368182796,3.20033160354835,1.32776489077969,20.34,0,0,46,0
12,10,64.2874445464609,2.73170333160347,0.881938236971857,0,101,10000,0,1
12,10,64.2874445464609,2.73170333160347,0.881938236971857,6.96,0,0,104,0
12,10,64.2874445464609,2.73170333160347,0.881938236971857,9.03,0,0,86,0
12,10,64.2874445464609,2.73170333160347,0.881938236971857,12.98,0,0,112,0
12,10,64.2874445464609,2.73170333160347,0.881938236971857,20.27,0,0,71,0
13,10,62.9765487580183,3.49080704741358,0.771334298800385,0,101,10000,0,1
13,10,62.9765487580183,3.49080704741358,0.771334298800385,2.11,0,0,120,0
13,10,62.9765487580183,3.49080704741358,0.771334298800385,2.71,0,0,81,0
13,10,62.9765487580183,3.49080704741358,0.771334298800385,11.03,0,0,113,0
13,10,62.9765487580183,3.49080704741358,0.771334298800385,22.72,0,0,56,0
14,10,57.5516944394252,10.7722451957123,2.00134933466536,0,101,10000,0,1
14,10,57.5516944394252,10.7722451957123,2.00134933466536,9.39,0,0,47,0
14,10,57.5516944394252,10.7722451957123,2.00134933466536,13.12,0,0,12,0
14,10,57.5516944394252,10.7722451957123,2.00134933466536,17.61,0,0,6,0
14,10,57.5516944394252,10.7722451957123,2.00134933466536,21.5,0,0,3,0
15,10,56.7097901619627,2.67899633610609,1.37399560727909,0,101,10000,0,1
15,10,56.7097901619627,2.67899633610609,1.37399560727909,7.03,0,0,131,0
15,10,56.7097901619627,2.67899633610609,1.37399560727909,11.24,0,0,146,0
15,10,56.7097901619627,2.67899633610609,1.37399560727909,21.93,0,0,62,0
15,10,56.7097901619627,2.67899633610609,1.37399560727909,23.78,0,0,62,0
16,10,66.5439422057664,4.94094742445651,1.35770660453528,0,101,10000,0,1
16,10,66.5439422057664,4.94094742445651,1.35770660453528,2.63,0,0,108,0
16,10,66.5439422057664,4.94094742445651,1.35770660453528,16.02,0,0,42,0
16,10,66.5439422057664,4.94094742445651,1.35770660453528,19.79,0,0,33,0
16,10,66.5439422057664,4.94094742445651,1.35770660453528,23.83,0,0,34,0
17,10,94.647150204571,2.77968778592609,0.607924637415573,0,101,10000,0,1
17,10,94.647150204571,2.77968778592609,0.607924637415573,8.5,0,0,88,0
17,10,94.647150204571,2.77968778592609,0.607924637415573,14.48,0,0,55,0
17,10,94.647150204571,2.77968778592609,0.607924637415573,14.9,0,0,52,0
17,10,94.647150204571,2.77968778592609,0.607924637415573,17.39,0,0,92,0
18,10,88.4452951166805,4.30165983368657,1.40624669841963,0,101,10000,0,1
18,10,88.4452951166805,4.30165983368657,1.40624669841963,0.46,0,0,58,0
18,10,88.4452951166805,4.30165983368657,1.40624669841963,14.02,0,0,54,0
18,10,88.4452951166805,4.30165983368657,1.40624669841963,14.69,0,0,46,0
18,10,88.4452951166805,4.30165983368657,1.40624669841963,18.21,0,0,59,0
19,10,106.251999654994,3.69777122806777,0.886447335980269,0,101,10000,0,1
19,10,106.251999654994,3.69777122806777,0.886447335980269,2.06,0,0,79,0
19,10,106.251999654994,3.69777122806777,0.886447335980269,3.87,0,0,58,0
19,10,106.251999654994,3.69777122806777,0.886447335980269,9.69,0,0,42,0
19,10,106.251999654994,3.69777122806777,0.886447335980269,12.41,0,0,45,0
20,10,74.5737653458451,3.95672817359332,0.894742654583125,0,101,10000,0,1
20,10,74.5737653458451,3.95672817359332,0.894742654583125,11.03,0,0,102,0
20,10,74.5737653458451,3.95672817359332,0.894742654583125,12.02,0,0,54,0
20,10,74.5737653458451,3.95672817359332,0.894742654583125,13.4,0,0,98,0
20,10,74.5737653458451,3.95672817359332,0.894742654583125,17.84,0,0,45,0
21,10,90.4166864210431,3.08455879569144,1.7520606248734,0,101,10000,0,1
21,10,90.4166864210431,3.08455879569144,1.7520606248734,4.26,0,0,62,0
21,10,90.4166864210431,3.08455879569144,1.7520606248734,16.05,0,0,58,0
21,10,90.4166864210431,3.08455879569144,1.7520606248734,18.27,0,0,62,0
21,10,90.4166864210431,3.08455879569144,1.7520606248734,19.57,0,0,71,0
22,10,51.1917268237073,5.31484170519912,0.93457971998457,0,101,10000,0,1
22,10,51.1917268237073,5.31484170519912,0.93457971998457,2.29,0,0,113,0
22,10,51.1917268237073,5.31484170519912,0.93457971998457,11.68,0,0,56,0
22,10,51.1917268237073,5.31484170519912,0.93457971998457,16,0,0,32,0
22,10,51.1917268237073,5.31484170519912,0.93457971998457,19.48,0,0,20,0
23,10,79.6895750702544,4.3038725854922,0.631912811714885,0,101,10000,0,1
23,10,79.6895750702544,4.3038725854922,0.631912811714885,4.04,0,0,156,0
23,10,79.6895750702544,4.3038725854922,0.631912811714885,12.06,0,0,60,0
23,10,79.6895750702544,4.3038725854922,0.631912811714885,13.81,0,0,73,0
23,10,79.6895750702544,4.3038725854922,0.631912811714885,17.89,0,0,55,0
24,10,55.8264722803875,3.98610892100143,1.33640588772163,0,101,10000,0,1
24,10,55.8264722803875,3.98610892100143,1.33640588772163,8.57,0,0,106,0
24,10,55.8264722803875,3.98610892100143,1.33640588772163,11.17,0,0,95,0
24,10,55.8264722803875,3.98610892100143,1.33640588772163,12.66,0,0,75,0
24,10,55.8264722803875,3.98610892100143,1.33640588772163,13.94,0,0,62,0
25,10,75.2546402536977,3.03421794859255,1.83248761531474,0,101,10000,0,1
25,10,75.2546402536977,3.03421794859255,1.83248761531474,1.58,0,0,94,0
25,10,75.2546402536977,3.03421794859255,1.83248761531474,5.61,0,0,94,0
25,10,75.2546402536977,3.03421794859255,1.83248761531474,21.67,0,0,57,0
25,10,75.2546402536977,3.03421794859255,1.83248761531474,22.57,0,0,61,0
26,10,61.164841745368,3.57561566340352,1.73110591712477,0,101,10000,0,1
26,10,61.164841745368,3.57561566340352,1.73110591712477,3.85,0,0,124,0
26,10,61.164841745368,3.57561566340352,1.73110591712477,5.58,0,0,89,0
26,10,61.164841745368,3.57561566340352,1.73110591712477,9.75,0,0,84,0
26,10,61.164841745368,3.57561566340352,1.73110591712477,15.67,0,0,85,0
27,10,66.8215419054139,2.64531978139341,1.13210561874481,0,101,10000,0,1
27,10,66.8215419054139,2.64531978139341,1.13210561874481,9.61,0,0,120,0
27,10,66.8215419054139,2.64531978139341,1.13210561874481,17.26,0,0,68,0
27,10,66.8215419054139,2.64531978139341,1.13210561874481,17.28,0,0,82,0
27,10,66.8215419054139,2.64531978139341,1.13210561874481,20.96,0,0,86,0
28,10,83.3886340595027,3.38523739786996,0.66591248724775,0,101,10000,0,1
28,10,83.3886340595027,3.38523739786996,0.66591248724775,3.64,0,0,138,0
28,10,83.3886340595027,3.38523739786996,0.66591248724775,9.04,0,0,82,0
28,10,83.3886340595027,3.38523739786996,0.66591248724775,12.62,0,0,83,0
28,10,83.3886340595027,3.38523739786996,0.66591248724775,20.56,0,0,54,0
29,10,60.3125218219465,3.88471240380108,1.50030738774951,0,101,10000,0,1
29,10,60.3125218219465,3.88471240380108,1.50030738774951,1.05,0,0,103,0
29,10,60.3125218219465,3.88471240380108,1.50030738774951,4.59,0,0,109,0
29,10,60.3125218219465,3.88471240380108,1.50030738774951,14.54,0,0,61,0
29,10,60.3125218219465,3.88471240380108,1.50030738774951,19.78,0,0,41,0
30,10,135.239693313062,4.5604032007751,1.050107116033,0,101,10000,0,1
30,10,135.239693313062,4.5604032007751,1.050107116033,8.5,0,0,56,0
30,10,135.239693313062,4.5604032007751,1.050107116033,8.69,0,0,73,0
30,10,135.239693313062,4.5604032007751,1.050107116033,10.62,0,0,71,0
30,10,135.239693313062,4.5604032007751,1.050107116033,20.68,0,0,29,0
31,30,86.7277764143618,2.17005786993366,0.919968773676755,0,101,30000,0,1
31,30,86.7277764143618,2.17005786993366,0.919968773676755,5.55,0,0,444,0
31,30,86.7277764143618,2.17005786993366,0.919968773676755,6.46,0,0,309,0
31,30,86.7277764143618,2.17005786993366,0.919968773676755,18.4,0,0,270,0
31,30,86.7277764143618,2.17005786993366,0.919968773676755,18.66,0,0,206,0
32,30,78.0482586529457,3.7570189245993,1.34698901376637,0,101,30000,0,1
32,30,78.0482586529457,3.7570189245993,1.34698901376637,0.73,0,0,278,0
32,30,78.0482586529457,3.7570189245993,1.34698901376637,3.2,0,0,327,0
32,30,78.0482586529457,3.7570189245993,1.34698901376637,7.77,0,0,246,0
32,30,78.0482586529457,3.7570189245993,1.34698901376637,15.28,0,0,215,0
33,30,70.9716620728186,4.69668260064112,0.788900726840034,0,101,30000,0,1
33,30,70.9716620728186,4.69668260064112,0.788900726840034,2.96,0,0,242,0
33,30,70.9716620728186,4.69668260064112,0.788900726840034,8.88,0,0,267,0
33,30,70.9716620728186,4.69668260064112,0.788900726840034,9.5,0,0,217,0
33,30,70.9716620728186,4.69668260064112,0.788900726840034,22.11,0,0,109,0
34,30,56.136954337236,4.39920047284564,0.611283435039422,0,101,30000,0,1
34,30,56.136954337236,4.39920047284564,0.611283435039422,6.66,0,0,330,0
34,30,56.136954337236,4.39920047284564,0.611283435039422,12.58,0,0,168,0
34,30,56.136954337236,4.39920047284564,0.611283435039422,16.44,0,0,168,0
34,30,56.136954337236,4.39920047284564,0.611283435039422,20.61,0,0,119,0
35,30,61.3348597048901,4.51093154350686,0.782005807515211,0,101,30000,0,1
35,30,61.3348597048901,4.51093154350686,0.782005807515211,1.18,0,0,345,0
35,30,61.3348597048901,4.51093154350686,0.782005807515211,5.05,0,0,320,0
35,30,61.3348597048901,4.51093154350686,0.782005807515211,11.62,0,0,281,0
35,30,61.3348597048901,4.51093154350686,0.782005807515211,15.13,0,0,137,0
36,30,49.9538558936745,4.31435189776265,1.31454492003591,0,101,30000,0,1
36,30,49.9538558936745,4.31435189776265,1.31454492003591,4.07,0,0,404,0
36,30,49.9538558936745,4.31435189776265,1.31454492003591,6.11,0,0,601,0
36,30,49.9538558936745,4.31435189776265,1.31454492003591,7.01,0,0,303,0
36,30,49.9538558936745,4.31435189776265,1.31454492003591,23.01,0,0,95,0
37,30,129.508374913735,3.64436927650515,2.07290101085961,0,101,30000,0,1
37,30,129.508374913735,3.64436927650515,2.07290101085961,10.96,0,0,125,0
37,30,129.508374913735,3.64436927650515,2.07290101085961,11.84,0,0,178,0
37,30,129.508374913735,3.64436927650515,2.07290101085961,17.12,0,0,137,0
37,30,129.508374913735,3.64436927650515,2.07290101085961,17.8,0,0,141,0
38,30,38.0779737296813,3.39502485555024,1.16572996459746,0,101,30000,0,1
38,30,38.0779737296813,3.39502485555024,1.16572996459746,8.5,0,0,287,0
38,30,38.0779737296813,3.39502485555024,1.16572996459746,10.82,0,0,355,0
38,30,38.0779737296813,3.39502485555024,1.16572996459746,16,0,0,163,0
38,30,38.0779737296813,3.39502485555024,1.16572996459746,18.65,0,0,199,0
39,30,70.7047983102288,4.05091077471881,0.858852913558011,0,101,30000,0,1
39,30,70.7047983102288,4.05091077471881,0.858852913558011,9.62,0,0,283,0
39,30,70.7047983102288,4.05091077471881,0.858852913558011,10.97,0,0,182,0
39,30,70.7047983102288,4.05091077471881,0.858852913558011,15.59,0,0,220,0
39,30,70.7047983102288,4.05091077471881,0.858852913558011,23.79,0,0,145,0
40,30,67.3061040026543,2.51461773760305,0.958873223914654,0,101,30000,0,1
40,30,67.3061040026543,2.51461773760305,0.958873223914654,4.55,0,0,401,0
40,30,67.3061040026543,2.51461773760305,0.958873223914654,9.84,0,0,373,0
40,30,67.3061040026543,2.51461773760305,0.958873223914654,11.4,0,0,297,0
40,30,67.3061040026543,2.51461773760305,0.958873223914654,17.2,0,0,280,0
41,30,84.7739254687967,3.79344541846661,0.580168353962778,0,101,30000,0,1
41,30,84.7739254687967,3.79344541846661,0.580168353962778,7.96,0,0,199,0
41,30,84.7739254687967,3.79344541846661,0.580168353962778,8.72,0,0,221,0
41,30,84.7739254687967,3.79344541846661,0.580168353962778,15.2,0,0,193,0
41,30,84.7739254687967,3.79344541846661,0.580168353962778,18.74,0,0,162,0
42,30,63.1581527453002,5.27168906161926,0.956673017066844,0,101,30000,0,1
42,30,63.1581527453002,5.27168906161926,0.956673017066844,0.58,0,0,187,0
42,30,63.1581527453002,5.27168906161926,0.956673017066844,3.47,0,0,262,0
42,30,63.1581527453002,5.27168906161926,0.956673017066844,7.31,0,0,238,0
42,30,63.1581527453002,5.27168906161926,0.956673017066844,17.36,0,0,119,0
43,30,91.6065733803966,3.95415232820334,0.737275187229492,0,101,30000,0,1
43,30,91.6065733803966,3.95415232820334,0.737275187229492,3.58,0,0,321,0
43,30,91.6065733803966,3.95415232820334,0.737275187229492,4.17,0,0,308,0
43,30,91.6065733803966,3.95415232820334,0.737275187229492,18.96,0,0,186,0
43,30,91.6065733803966,3.95415232820334,0.737275187229492,20.29,0,0,119,0
44,30,49.2263400216635,5.22779639995108,0.875828491990728,0,101,30000,0,1
44,30,49.2263400216635,5.22779639995108,0.875828491990728,11.57,0,0,242,0
44,30,49.2263400216635,5.22779639995108,0.875828491990728,11.77,0,0,182,0
44,30,49.2263400216635,5.22779639995108,0.875828491990728,15.89,0,0,161,0
44,30,49.2263400216635,5.22779639995108,0.875828491990728,17.52,0,0,95,0
45,30,55.4722028175993,7.34272629820251,1.45711990800284,0,101,30000,0,1
45,30,55.4722028175993,7.34272629820251,1.45711990800284,8.32,0,0,223,0
45,30,55.4722028175993,7.34272629820251,1.45711990800284,11.96,0,0,117,0
45,30,55.4722028175993,7.34272629820251,1.45711990800284,13.04,0,0,111,0
45,30,55.4722028175993,7.34272629820251,1.45711990800284,21.22,0,0,35,0
46,30,56.6256801424403,3.84089517154986,1.7501464913581,0,101,30000,0,1
46,30,56.6256801424403,3.84089517154986,1.7501464913581,10.79,0,0,199,0
46,30,56.6256801424403,3.84089517154986,1.7501464913581,13.56,0,0,216,0
46,30,56.6256801424403,3.84089517154986,1.7501464913581,18.6,0,0,114,0
46,30,56.6256801424403,3.84089517154986,1.7501464913581,23.07,0,0,118,0
47,30,77.1640454664066,8.10240827033679,0.953133051857777,0,101,30000,0,1
47,30,77.1640454664066,8.10240827033679,0.953133051857777,5.31,0,0,310,0
47,30,77.1640454664066,8.10240827033679,0.953133051857777,21.64,0,0,47,0
47,30,77.1640454664066,8.10240827033679,0.953133051857777,21.68,0,0,42,0
47,30,77.1640454664066,8.10240827033679,0.953133051857777,23.04,0,0,34,0
48,30,51.8605838667393,4.28544242886746,0.996399133362968,0,101,30000,0,1
48,30,51.8605838667393,4.28544242886746,0.996399133362968,0.17,0,0,91,0
48,30,51.8605838667393,4.28544242886746,0.996399133362968,0.35,0,0,154,0
48,30,51.8605838667393,4.28544242886746,0.996399133362968,15.55,0,0,175,0
48,30,51.8605838667393,4.28544242886746,0.996399133362968,19.81,0,0,127,0
49,30,62.7601136906583,3.21532681862126,0.942891253546935,0,101,30000,0,1
49,30,62.7601136906583,3.21532681862126,0.942891253546935,4.99,0,0,557,0
49,30,62.7601136906583,3.21532681862126,0.942891253546935,7.27,0,0,405,0
49,30,62.7601136906583,3.21532681862126,0.942891253546935,10.86,0,0,296,0
49,30,62.7601136906583,3.21532681862126,0.942891253546935,22.08,0,0,153,0
50,30,40.6019760930696,4.02177377292873,1.30523311685098,0,101,30000,0,1
50,30,40.6019760930696,4.02177377292873,1.30523311685098,7.2,0,0,438,0
50,30,40.6019760930696,4.02177377292873,1.30523311685098,8.15,0,0,274,0
50,30,40.6019760930696,4.02177377292873,1.30523311685098,11.14,0,0,306,0
50,30,40.6019760930696,4.02177377292873,1.30523311685098,16.34,0,0,225,0
51,30,49.2955869404558,3.36898037803873,1.4814598743653,0,101,30000,0,1
51,30,49.2955869404558,3.36898037803873,1.4814598743653,3.31,0,0,691,0
51,30,49.2955869404558,3.36898037803873,1.4814598743653,3.44,0,0,668,0
51,30,49.2955869404558,3.36898037803873,1.4814598743653,7.38,0,0,334,0
51,30,49.2955869404558,3.36898037803873,1.4814598743653,11.6,0,0,320,0
52,30,70.5736280789613,4.03226611498376,0.836485123408172,0,101,30000,0,1
52,30,70.5736280789613,4.03226611498376,0.836485123408172,18.35,0,0,142,0
52,30,70.5736280789613,4.03226611498376,0.836485123408172,19.98,0,0,141,0
52,30,70.5736280789613,4.03226611498376,0.836485123408172,20.17,0,0,115,0
52,30,70.5736280789613,4.03226611498376,0.836485123408172,20.87,0,0,192,0
53,30,71.5089830896244,3.3734031148259,1.21031253773034,0,101,30000,0,1
53,30,71.5089830896244,3.3734031148259,1.21031253773034,6.25,0,0,343,0
53,30,71.5089830896244,3.3734031148259,1.21031253773034,7.21,0,0,449,0
53,30,71.5089830896244,3.3734031148259,1.21031253773034,10.15,0,0,248,0
53,30,71.5089830896244,3.3734031148259,1.21031253773034,14.6,0,0,233,0
54,30,91.8037552997694,5.17456943909339,1.47133588709399,0,101,30000,0,1
54,30,91.8037552997694,5.17456943909339,1.47133588709399,2.9,0,0,245,0
54,30,91.8037552997694,5.17456943909339,1.47133588709399,12.26,0,0,184,0
54,30,91.8037552997694,5.17456943909339,1.47133588709399,15.33,0,0,147,0
54,30,91.8037552997694,5.17456943909339,1.47133588709399,20.92,0,0,73,0
55,30,86.7277764143618,2.17005786993366,0.919968773676755,0,101,30000,0,1
55,30,86.7277764143618,2.17005786993366,0.919968773676755,5.55,0,0,444,0
55,30,86.7277764143618,2.17005786993366,0.919968773676755,6.46,0,0,309,0
55,30,86.7277764143618,2.17005786993366,0.919968773676755,18.4,0,0,270,0
55,30,86.7277764143618,2.17005786993366,0.919968773676755,18.66,0,0,206,0
56,30,53.6405534826308,2.58840929498472,1.04641550517346,0,101,30000,0,1
56,30,53.6405534826308,2.58840929498472,1.04641550517346,7.75,0,0,409,0
56,30,53.6405534826308,2.58840929498472,1.04641550517346,9.7,0,0,373,0
56,30,53.6405534826308,2.58840929498472,1.04641550517346,14.56,0,0,437,0
56,30,53.6405534826308,2.58840929498472,1.04641550517346,20.36,0,0,241,0
57,30,61.6204376884236,5.5547311178526,0.923047792624928,0,101,30000,0,1
57,30,61.6204376884236,5.5547311178526,0.923047792624928,2.51,0,0,476,0
57,30,61.6204376884236,5.5547311178526,0.923047792624928,2.84,0,0,240,0
57,30,61.6204376884236,5.5547311178526,0.923047792624928,3.1,0,0,497,0
57,30,61.6204376884236,5.5547311178526,0.923047792624928,5.38,0,0,271,0
58,30,81.2183046184375,4.15664170186407,1.1140684223084,0,101,30000,0,1
58,30,81.2183046184375,4.15664170186407,1.1140684223084,11.48,0,0,229,0
58,30,81.2183046184375,4.15664170186407,1.1140684223084,17.27,0,0,193,0
58,30,81.2183046184375,4.15664170186407,1.1140684223084,17.85,0,0,201,0
58,30,81.2183046184375,4.15664170186407,1.1140684223084,21.05,0,0,136,0
59,30,76.2094940544009,4.10806490363961,0.821559311585877,0,101,30000,0,1
59,30,76.2094940544009,4.10806490363961,0.821559311585877,3.04,0,0,329,0
59,30,76.2094940544009,4.10806490363961,0.821559311585877,8.74,0,0,348,0
59,30,76.2094940544009,4.10806490363961,0.821559311585877,11.59,0,0,174,0
59,30,76.2094940544009,4.10806490363961,0.821559311585877,15.04,0,0,247,0
60,30,104.700604546831,4.8302601665734,1.03166800838004,0,101,30000,0,1
60,30,104.700604546831,4.8302601665734,1.03166800838004,10.64,0,0,122,0
60,30,104.700604546831,4.8302601665734,1.03166800838004,16.15,0,0,105,0
60,30,104.700604546831,4.8302601665734,1.03166800838004,18.73,0,0,149,0
60,30,104.700604546831,4.8302601665734,1.03166800838004,22.72,0,0,85,0
61,60,69.5179783044682,3.39008934098086,0.90355751586285,0,101,60000,0,1
61,60,69.5179783044682,3.39008934098086,0.90355751586285,0.96,0,0,583,0
61,60,69.5179783044682,3.39008934098086,0.90355751586285,5.77,0,0,877,0
61,60,69.5179783044682,3.39008934098086,0.90355751586285,9.07,0,0,431,0
61,60,69.5179783044682,3.39008934098086,0.90355751586285,21.12,0,0,445,0
62,60,56.3553465674893,3.80214000573621,1.05148302240301,0,101,60000,0,1
62,60,56.3553465674893,3.80214000573621,1.05148302240301,7.39,0,0,686,0
62,60,56.3553465674893,3.80214000573621,1.05148302240301,10.85,0,0,798,0
62,60,56.3553465674893,3.80214000573621,1.05148302240301,21.9,0,0,201,0
62,60,56.3553465674893,3.80214000573621,1.05148302240301,22.19,0,0,262,0
63,60,61.4223827437764,6.30769304462052,1.00610980674553,0,101,60000,0,1
63,60,61.4223827437764,6.30769304462052,1.00610980674553,3.21,0,0,909,0
63,60,61.4223827437764,6.30769304462052,1.00610980674553,8.21,0,0,426,0
63,60,61.4223827437764,6.30769304462052,1.00610980674553,11.43,0,0,433,0
63,60,61.4223827437764,6.30769304462052,1.00610980674553,22.11,0,0,148,0
64,60,134.564249393447,3.98383940060088,0.77785532177485,0,101,60000,0,1
64,60,134.564249393447,3.98383940060088,0.77785532177485,0.84,0,0,194,0
64,60,134.564249393447,3.98383940060088,0.77785532177485,3.15,0,0,608,0
64,60,134.564249393447,3.98383940060088,0.77785532177485,13.6,0,0,312,0
64,60,134.564249393447,3.98383940060088,0.77785532177485,20.72,0,0,278,0
65,60,48.4011540757575,3.13921510440115,1.14098991046705,0,101,60000,0,1
65,60,48.4011540757575,3.13921510440115,1.14098991046705,0.26,0,0,285,0
65,60,48.4011540757575,3.13921510440115,1.14098991046705,4.57,0,0,806,0
65,60,48.4011540757575,3.13921510440115,1.14098991046705,12.03,0,0,987,0
65,60,48.4011540757575,3.13921510440115,1.14098991046705,21.03,0,0,324,0
66,60,69.6050775081575,2.30906878812035,0.882946857470223,0,101,60000,0,1
66,60,69.6050775081575,2.30906878812035,0.882946857470223,7.26,0,0,653,0
66,60,69.6050775081575,2.30906878812035,0.882946857470223,10.62,0,0,569,0
66,60,69.6050775081575,2.30906878812035,0.882946857470223,11.93,0,0,573,0
66,60,69.6050775081575,2.30906878812035,0.882946857470223,14.35,0,0,537,0
67,60,69.559493774002,3.50040008763056,0.781247888324519,0,101,60000,0,1
67,60,69.559493774002,3.50040008763056,0.781247888324519,1.32,0,0,414,0
67,60,69.559493774002,3.50040008763056,0.781247888324519,14.73,0,0,495,0
67,60,69.559493774002,3.50040008763056,0.781247888324519,15.37,0,0,412,0
67,60,69.559493774002,3.50040008763056,0.781247888324519,16,0,0,335,0
68,60,84.9603531716575,2.27006573359764,0.996835759509675,0,101,60000,0,1
68,60,84.9603531716575,2.27006573359764,0.996835759509675,3.83,0,0,779,0
68,60,84.9603531716575,2.27006573359764,0.996835759509675,18.97,0,0,541,0
68,60,84.9603531716575,2.27006573359764,0.996835759509675,21.52,0,0,363,0
68,60,84.9603531716575,2.27006573359764,0.996835759509675,23.76,0,0,296,0
69,60,43.2286325522679,3.36948949653938,0.57462413181541,0,101,60000,0,1
69,60,43.2286325522679,3.36948949653938,0.57462413181541,8.27,0,0,1064,0
69,60,43.2286325522679,3.36948949653938,0.57462413181541,11.51,0,0,632,0
69,60,43.2286325522679,3.36948949653938,0.57462413181541,22.71,0,0,203,0
69,60,43.2286325522679,3.36948949653938,0.57462413181541,23.79,0,0,279,0
70,60,53.5348016238223,4.67179553140404,0.954703963562598,0,101,60000,0,1
70,60,53.5348016238223,4.67179553140404,0.954703963562598,0.67,0,0,548,0
70,60,53.5348016238223,4.67179553140404,0.954703963562598,1.21,0,0,785,0
70,60,53.5348016238223,4.67179553140404,0.954703963562598,10.9,0,0,472,0
70,60,53.5348016238223,4.67179553140404,0.954703963562598,16.04,0,0,259,0
71,60,50.3311953261687,3.825247780076,1.4300191578557,0,101,60000,0,1
71,60,50.3311953261687,3.825247780076,1.4300191578557,7,0,0,590,0
71,60,50.3311953261687,3.825247780076,1.4300191578557,8.48,0,0,670,0
71,60,50.3311953261687,3.825247780076,1.4300191578557,11.61,0,0,553,0
71,60,50.3311953261687,3.825247780076,1.4300191578557,22.7,0,0,118,0
72,60,89.9891573611338,5.76080162812388,0.828969611012587,0,101,60000,0,1
72,60,89.9891573611338,5.76080162812388,0.828969611012587,8.95,0,0,424,0
72,60,89.9891573611338,5.76080162812388,0.828969611012587,13.16,0,0,257,0
72,60,89.9891573611338,5.76080162812388,0.828969611012587,16.1,0,0,265,0
72,60,89.9891573611338,5.76080162812388,0.828969611012587,20.88,0,0,172,0
73,60,81.9665082322857,4.438851121395,0.871408274338594,0,101,60000,0,1
73,60,81.9665082322857,4.438851121395,0.871408274338594,7.52,0,0,651,0
73,60,81.9665082322857,4.438851121395,0.871408274338594,7.53,0,0,498,0
73,60,81.9665082322857,4.438851121395,0.871408274338594,8.18,0,0,651,0
73,60,81.9665082322857,4.438851121395,0.871408274338594,18.04,0,0,185,0
74,60,60.412554142413,2.39691276796939,0.940597471849409,0,101,60000,0,1
74,60,60.412554142413,2.39691276796939,0.940597471849409,7.25,0,0,760,0
74,60,60.412554142413,2.39691276796939,0.940597471849409,11.87,0,0,583,0
74,60,60.412554142413,2.39691276796939,0.940597471849409,19.44,0,0,442,0
74,60,60.412554142413,2.39691276796939,0.940597471849409,21.16,0,0,359,0
75,60,151.788028777947,3.53429523660323,0.622029162723403,0,101,60000,0,1
75,60,151.788028777947,3.53429523660323,0.622029162723403,0.07,0,0,19,0
75,60,151.788028777947,3.53429523660323,0.622029162723403,1.07,0,0,167,0
75,60,151.788028777947,3.53429523660323,0.622029162723403,3.03,0,0,357,0
75,60,151.788028777947,3.53429523660323,0.622029162723403,4.75,0,0,356,0
76,60,70.2323132862343,4.61996056205196,0.946389165419619,0,101,60000,0,1
76,60,70.2323132862343,4.61996056205196,0.946389165419619,0.2,0,0,142,0
76,60,70.2323132862343,4.61996056205196,0.946389165419619,2.99,0,0,604,0
76,60,70.2323132862343,4.61996056205196,0.946389165419619,7.71,0,0,316,0
76,60,70.2323132862343,4.61996056205196,0.946389165419619,22.84,0,0,194,0
77,60,90.6385619378042,4.83618209934766,0.563602794825746,0,101,60000,0,1
77,60,90.6385619378042,4.83618209934766,0.563602794825746,12.34,0,0,334,0
77,60,90.6385619378042,4.83618209934766,0.563602794825746,13.84,0,0,336,0
77,60,90.6385619378042,4.83618209934766,0.563602794825746,15.27,0,0,399,0
77,60,90.6385619378042,4.83618209934766,0.563602794825746,17.56,0,0,218,0
78,60,53.2614993274696,3.03603416738363,1.25750187074733,0,101,60000,0,1
78,60,53.2614993274696,3.03603416738363,1.25750187074733,0.62,0,0,572,0
78,60,53.2614993274696,3.03603416738363,1.25750187074733,9.46,0,0,651,0
78,60,53.2614993274696,3.03603416738363,1.25750187074733,11.13,0,0,661,0
78,60,53.2614993274696,3.03603416738363,1.25750187074733,15.43,0,0,397,0
79,60,100.223858292875,3.32110534926372,0.75609099002308,0,101,60000,0,1
79,60,100.223858292875,3.32110534926372,0.75609099002308,0.87,0,0,259,0
79,60,100.223858292875,3.32110534926372,0.75609099002308,12.13,0,0,410,0
79,60,100.223858292875,3.32110534926372,0.75609099002308,19.71,0,0,349,0
79,60,100.223858292875,3.32110534926372,0.75609099002308,21.94,0,0,293,0
80,60,45.1017919012459,5.38556513058254,1.86876016970449,0,101,60000,0,1
80,60,45.1017919012459,5.38556513058254,1.86876016970449,5.99,0,0,690,0
80,60,45.1017919012459,5.38556513058254,1.86876016970449,21.29,0,0,113,0
80,60,45.1017919012459,5.38556513058254,1.86876016970449,22.95,0,0,107,0
80,60,45.1017919012459,5.38556513058254,1.86876016970449,23.42,0,0,141,0
81,60,49.3243597459457,4.52660946777739,1.95354171687319,0,101,60000,0,1
81,60,49.3243597459457,4.52660946777739,1.95354171687319,2.88,0,0,819,0
81,60,49.3243597459457,4.52660946777739,1.95354171687319,7.2,0,0,474,0
81,60,49.3243597459457,4.52660946777739,1.95354171687319,12.27,0,0,390,0
81,60,49.3243597459457,4.52660946777739,1.95354171687319,13.69,0,0,296,0
82,60,72.6420060604161,4.70344822823468,0.869760512450457,0,101,60000,0,1
82,60,72.6420060604161,4.70344822823468,0.869760512450457,12.19,0,0,458,0
82,60,72.6420060604161,4.70344822823468,0.869760512450457,14.72,0,0,240,0
82,60,72.6420060604161,4.70344822823468,0.869760512450457,15.54,0,0,308,0
82,60,72.6420060604161,4.70344822823468,0.869760512450457,17.77,0,0,392,0
83,60,66.3450340944264,2.77349283453277,0.869000647883408,0,101,60000,0,1
83,60,66.3450340944264,2.77349283453277,0.869000647883408,3.44,0,0,686,0
83,60,66.3450340944264,2.77349283453277,0.869000647883408,6.36,0,0,990,0
83,60,66.3450340944264,2.77349283453277,0.869000647883408,19.92,0,0,531,0
83,60,66.3450340944264,2.77349283453277,0.869000647883408,20.4,0,0,331,0
84,60,62.8493309250089,3.20012322920116,0.79855563064101,0,101,60000,0,1
84,60,62.8493309250089,3.20012322920116,0.79855563064101,0.15,0,0,118,0
84,60,62.8493309250089,3.20012322920116,0.79855563064101,16.37,0,0,390,0
84,60,62.8493309250089,3.20012322920116,0.79855563064101,17.96,0,0,283,0
84,60,62.8493309250089,3.20012322920116,0.79855563064101,22.5,0,0,298,0
85,60,53.7429476396895,3.94926597261061,0.711434647625339,0,101,60000,0,1
85,60,53.7429476396895,3.94926597261061,0.711434647625339,5,0,0,706,0
85,60,53.7429476396895,3.94926597261061,0.711434647625339,5.18,0,0,1003,0
85,60,53.7429476396895,3.94926597261061,0.711434647625339,18.02,0,0,411,0
85,60,53.7429476396895,3.94926597261061,0.711434647625339,21.02,0,0,370,0
86,60,118.080778911037,4.10817538136759,1.06804901680167,0,101,60000,0,1
86,60,118.080778911037,4.10817538136759,1.06804901680167,1.34,0,0,387,0
86,60,118.080778911037,4.10817538136759,1.06804901680167,4.61,0,0,293,0
86,60,118.080778911037,4.10817538136759,1.06804901680167,16.42,0,0,286,0
86,60,118.080778911037,4.10817538136759,1.06804901680167,22.63,0,0,251,0
87,60,50.3124057679536,5.6128613093276,0.937487987620084,0,101,60000,0,1
87,60,50.3124057679536,5.6128613093276,0.937487987620084,3.28,0,0,775,0
87,60,50.3124057679536,5.6128613093276,0.937487987620084,14.42,0,0,308,0
87,60,50.3124057679536,5.6128613093276,0.937487987620084,17.34,0,0,232,0
87,60,50.3124057679536,5.6128613093276,0.937487987620084,23.49,0,0,106,0
88,60,46.8720958454731,5.07243467609956,1.08754710815868,0,101,60000,0,1
88,60,46.8720958454731,5.07243467609956,1.08754710815868,7.35,0,0,772,0
88,60,46.8720958454731,5.07243467609956,1.08754710815868,16.03,0,0,206,0
88,60,46.8720958454731,5.07243467609956,1.08754710815868,17.91,0,0,228,0
88,60,46.8720958454731,5.07243467609956,1.08754710815868,22.52,0,0,137,0
89,60,58.0462873918655,3.62325024432809,0.866429438294283,0,101,60000,0,1
89,60,58.0462873918655,3.62325024432809,0.866429438294283,4.37,0,0,617,0
89,60,58.0462873918655,3.62325024432809,0.866429438294283,8.8,0,0,465,0
89,60,58.0462873918655,3.62325024432809,0.866429438294283,9.89,0,0,506,0
89,60,58.0462873918655,3.62325024432809,0.866429438294283,16.37,0,0,443,0
90,60,72.8352720326127,6.47011783929793,1.1696552029647,0,101,60000,0,1
90,60,72.8352720326127,6.47011783929793,1.1696552029647,7.99,0,0,393,0
90,60,72.8352720326127,6.47011783929793,1.1696552029647,8.08,0,0,303,0
90,60,72.8352720326127,6.47011783929793,1.1696552029647,12.16,0,0,344,0
90,60,72.8352720326127,6.47011783929793,1.1696552029647,12.25,0,0,223,0
91,120,84.7389034549046,3.83647768489048,0.935151150455013,0,101,120000,0,1
91,120,84.7389034549046,3.83647768489048,0.935151150455013,13.02,0,0,713,0
91,120,84.7389034549046,3.83647768489048,0.935151150455013,14.13,0,0,978,0
91,120,84.7389034549046,3.83647768489048,0.935151150455013,18.23,0,0,607,0
91,120,84.7389034549046,3.83647768489048,0.935151150455013,19.17,0,0,794,0
92,120,57.8004362581173,4.53798307511476,0.819801284572633,0,101,120000,0,1
92,120,57.8004362581173,4.53798307511476,0.819801284572633,2.59,0,0,1227,0
92,120,57.8004362581173,4.53798307511476,0.819801284572633,6.75,0,0,1363,0
92,120,57.8004362581173,4.53798307511476,0.819801284572633,11.98,0,0,724,0
92,120,57.8004362581173,4.53798307511476,0.819801284572633,15.03,0,0,887,0
93,120,95.219086288297,3.12909094508704,1.27056272313286,0,101,120000,0,1
93,120,95.219086288297,3.12909094508704,1.27056272313286,8.57,0,0,784,0
93,120,95.219086288297,3.12909094508704,1.27056272313286,15.62,0,0,990,0
93,120,95.219086288297,3.12909094508704,1.27056272313286,16.04,0,0,764,0
93,120,95.219086288297,3.12909094508704,1.27056272313286,22.45,0,0,710,0
94,120,42.1240306905382,8.23353015845935,1.24603078311049,0,101,120000,0,1
94,120,42.1240306905382,8.23353015845935,1.24603078311049,5.23,0,0,1213,0
94,120,42.1240306905382,8.23353015845935,1.24603078311049,5.92,0,0,1105,0
94,120,42.1240306905382,8.23353015845935,1.24603078311049,5.98,0,0,987,0
94,120,42.1240306905382,8.23353015845935,1.24603078311049,21.65,0,0,59,0
95,120,67.3985897483589,4.96442101527048,0.657130686319166,0,101,120000,0,1
95,120,67.3985897483589,4.96442101527048,0.657130686319166,0.07,0,0,97,0
95,120,67.3985897483589,4.96442101527048,0.657130686319166,2.46,0,0,913,0
95,120,67.3985897483589,4.96442101527048,0.657130686319166,6.57,0,0,1438,0
95,120,67.3985897483589,4.96442101527048,0.657130686319166,15.44,0,0,654,0
96,120,42.2707405383625,5.12650485467643,0.910675287260337,0,101,120000,0,1
96,120,42.2707405383625,5.12650485467643,0.910675287260337,6.6,0,0,1924,0
96,120,42.2707405383625,5.12650485467643,0.910675287260337,11.55,0,0,556,0
96,120,42.2707405383625,5.12650485467643,0.910675287260337,12.62,0,0,462,0
96,120,42.2707405383625,5.12650485467643,0.910675287260337,20.86,0,0,150,0
97,120,50.1917932985316,4.09851760505346,1.21422543923627,0,101,120000,0,1
97,120,50.1917932985316,4.09851760505346,1.21422543923627,2.44,0,0,2147,0
97,120,50.1917932985316,4.09851760505346,1.21422543923627,2.91,0,0,1619,0
97,120,50.1917932985316,4.09851760505346,1.21422543923627,5.37,0,0,1761,0
97,120,50.1917932985316,4.09851760505346,1.21422543923627,15.72,0,0,547,0
98,120,64.6637265218115,3.51621949920144,0.680790036295062,0,101,120000,0,1
98,120,64.6637265218115,3.51621949920144,0.680790036295062,3.32,0,0,1682,0
98,120,64.6637265218115,3.51621949920144,0.680790036295062,5.97,0,0,1776,0
98,120,64.6637265218115,3.51621949920144,0.680790036295062,13.68,0,0,844,0
98,120,64.6637265218115,3.51621949920144,0.680790036295062,17.82,0,0,676,0
99,120,46.2058212891279,5.1208728612806,1.09310052530694,0,101,120000,0,1
99,120,46.2058212891279,5.1208728612806,1.09310052530694,6.16,0,0,1670,0
99,120,46.2058212891279,5.1208728612806,1.09310052530694,12.72,0,0,630,0
99,120,46.2058212891279,5.1208728612806,1.09310052530694,17.59,0,0,509,0
99,120,46.2058212891279,5.1208728612806,1.09310052530694,22.76,0,0,194,0
100,120,77.1088982065047,5.9572631673981,1.65582772505338,0,101,120000,0,1
100,120,77.1088982065047,5.9572631673981,1.65582772505338,7.47,0,0,582,0
100,120,77.1088982065047,5.9572631673981,1.65582772505338,8.89,0,0,1042,0
100,120,77.1088982065047,5.9572631673981,1.65582772505338,17.04,0,0,432,0
100,120,77.1088982065047,5.9572631673981,1.65582772505338,18.33,0,0,357,0
101,120,36.7247724587141,3.83454128623694,0.967057251176164,0,101,120000,0,1
101,120,36.7247724587141,3.83454128623694,0.967057251176164,1.05,0,0,2106,0
101,120,36.7247724587141,3.83454128623694,0.967057251176164,10.19,0,0,1547,0
101,120,36.7247724587141,3.83454128623694,0.967057251176164,13.76,0,0,795,0
101,120,36.7247724587141,3.83454128623694,0.967057251176164,20.61,0,0,442,0
102,120,62.6058504752748,4.12805373053941,0.516539909705637,0,101,120000,0,1
102,120,62.6058504752748,4.12805373053941,0.516539909705637,1.27,0,0,893,0
102,120,62.6058504752748,4.12805373053941,0.516539909705637,6.96,0,0,1334,0
102,120,62.6058504752748,4.12805373053941,0.516539909705637,12.78,0,0,654,0
102,120,62.6058504752748,4.12805373053941,0.516539909705637,22.12,0,0,284,0
103,120,96.1791917657939,4.52725136426242,0.8926580617237,0,101,120000,0,1
103,120,96.1791917657939,4.52725136426242,0.8926580617237,14.53,0,0,582,0
103,120,96.1791917657939,4.52725136426242,0.8926580617237,18.29,0,0,400,0
103,120,96.1791917657939,4.52725136426242,0.8926580617237,21.16,0,0,420,0
103,120,96.1791917657939,4.52725136426242,0.8926580617237,22.16,0,0,395,0
104,120,67.5843911325359,4.3438404553064,1.11970109360262,0,101,120000,0,1
104,120,67.5843911325359,4.3438404553064,1.11970109360262,6.33,0,0,973,0
104,120,67.5843911325359,4.3438404553064,1.11970109360262,9.35,0,0,1185,0
104,120,67.5843911325359,4.3438404553064,1.11970109360262,15.59,0,0,758,0
104,120,67.5843911325359,4.3438404553064,1.11970109360262,22.37,0,0,625,0
105,120,74.355374616799,3.25958741464227,1.36400700334505,0,101,120000,0,1
105,120,74.355374616799,3.25958741464227,1.36400700334505,4.31,0,0,1289,0
105,120,74.355374616799,3.25958741464227,1.36400700334505,7.37,0,0,1189,0
105,120,74.355374616799,3.25958741464227,1.36400700334505,12.04,0,0,895,0
105,120,74.355374616799,3.25958741464227,1.36400700334505,16.8,0,0,786,0
106,120,79.7923021445874,4.82560311639212,1.34263955459806,0,101,120000,0,1
106,120,79.7923021445874,4.82560311639212,1.34263955459806,5.07,0,0,1058,0
106,120,79.7923021445874,4.82560311639212,1.34263955459806,6.28,0,0,843,0
106,120,79.7923021445874,4.82560311639212,1.34263955459806,8.77,0,0,1021,0
106,120,79.7923021445874,4.82560311639212,1.34263955459806,21.91,0,0,643,0
107,120,56.7774419204734,5.25218110571269,0.967070119201439,0,101,120000,0,1
107,120,56.7774419204734,5.25218110571269,0.967070119201439,0.88,0,0,1737,0
107,120,56.7774419204734,5.25218110571269,0.967070119201439,12.68,0,0,654,0
107,120,56.7774419204734,5.25218110571269,0.967070119201439,20.25,0,0,321,0
107,120,56.7774419204734,5.25218110571269,0.967070119201439,22.49,0,0,284,0
108,120,79.4722780917856,7.75215127190116,1.21405128106335,0,101,120000,0,1
108,120,79.4722780917856,7.75215127190116,1.21405128106335,5.94,0,0,791,0
108,120,79.4722780917856,7.75215127190116,1.21405128106335,11.61,0,0,683,0
108,120,79.4722780917856,7.75215127190116,1.21405128106335,16.88,0,0,266,0
108,120,79.4722780917856,7.75215127190116,1.21405128106335,21.03,0,0,233,0
109,120,89.9509012242766,3.15116850653624,0.510972209894868,0,101,120000,0,1
109,120,89.9509012242766,3.15116850653624,0.510972209894868,9.44,0,0,1028,0
109,120,89.9509012242766,3.15116850653624,0.510972209894868,10.19,0,0,915,0
109,120,89.9509012242766,3.15116850653624,0.510972209894868,10.85,0,0,944,0
109,120,89.9509012242766,3.15116850653624,0.510972209894868,22.12,0,0,488,0
110,120,23.371141770823,3.21307377978872,0.766642728177072,0,101,120000,0,1
110,120,23.371141770823,3.21307377978872,0.766642728177072,2.6,0,0,4095,0
110,120,23.371141770823,3.21307377978872,0.766642728177072,10.93,0,0,1319,0
110,120,23.371141770823,3.21307377978872,0.766642728177072,16.42,0,0,557,0
110,120,23.371141770823,3.21307377978872,0.766642728177072,17.34,0,0,654,0
111,120,42.1125975851291,3.61880047531465,0.730564389755606,0,101,120000,0,1
111,120,42.1125975851291,3.61880047531465,0.730564389755606,3.43,0,0,2487,0
111,120,42.1125975851291,3.61880047531465,0.730564389755606,10.38,0,0,1370,0
111,120,42.1125975851291,3.61880047531465,0.730564389755606,12.73,0,0,980,0
111,120,42.1125975851291,3.61880047531465,0.730564389755606,17.05,0,0,903,0
112,120,46.8821580072291,6.28135456560101,1.02893835438984,0,101,120000,0,1
112,120,46.8821580072291,6.28135456560101,1.02893835438984,0.67,0,0,999,0
112,120,46.8821580072291,6.28135456560101,1.02893835438984,9.86,0,0,944,0
112,120,46.8821580072291,6.28135456560101,1.02893835438984,16.78,0,0,321,0
112,120,46.8821580072291,6.28135456560101,1.02893835438984,23.86,0,0,122,0
113,120,65.8691604878579,4.38960599082337,0.880010983187025,0,101,120000,0,1
113,120,65.8691604878579,4.38960599082337,0.880010983187025,2.76,0,0,964,0
113,120,65.8691604878579,4.38960599082337,0.880010983187025,6.45,0,0,1172,0
113,120,65.8691604878579,4.38960599082337,0.880010983187025,16.63,0,0,528,0
113,120,65.8691604878579,4.38960599082337,0.880010983187025,19.05,0,0,517,0
114,120,60.1559238409063,3.60281638506748,0.645286078669605,0,101,120000,0,1
114,120,60.1559238409063,3.60281638506748,0.645286078669605,5.1,0,0,1221,0
114,120,60.1559238409063,3.60281638506748,0.645286078669605,8.96,0,0,1260,0
114,120,60.1559238409063,3.60281638506748,0.645286078669605,18.32,0,0,736,0
114,120,60.1559238409063,3.60281638506748,0.645286078669605,22.63,0,0,518,0
115,120,83.9128048892113,2.69105893391588,1.5408019844324,0,101,120000,0,1
115,120,83.9128048892113,2.69105893391588,1.5408019844324,1.98,0,0,1494,0
115,120,83.9128048892113,2.69105893391588,1.5408019844324,2.14,0,0,1219,0
115,120,83.9128048892113,2.69105893391588,1.5408019844324,21.08,0,0,740,0
115,120,83.9128048892113,2.69105893391588,1.5408019844324,22.83,0,0,968,0
116,120,70.8698612938872,6.28029100284928,0.626254935452077,0,101,120000,0,1
116,120,70.8698612938872,6.28029100284928,0.626254935452077,12.42,0,0,539,0
116,120,70.8698612938872,6.28029100284928,0.626254935452077,16.75,0,0,370,0
116,120,70.8698612938872,6.28029100284928,0.626254935452077,18.4,0,0,407,0
116,120,70.8698612938872,6.28029100284928,0.626254935452077,22.81,0,0,358,0
117,120,72.0040555915342,1.78067945014959,1.18955619046856,0,101,120000,0,1
117,120,72.0040555915342,1.78067945014959,1.18955619046856,14.52,0,0,1073,0
117,120,72.0040555915342,1.78067945014959,1.18955619046856,14.62,0,0,1105,0
117,120,72.0040555915342,1.78067945014959,1.18955619046856,17.06,0,0,836,0
117,120,72.0040555915342,1.78067945014959,1.18955619046856,23.45,0,0,1042,0
118,120,51.7939191947953,6.61473502996095,1.26322526739145,0,101,120000,0,1
118,120,51.7939191947953,6.61473502996095,1.26322526739145,4.35,0,0,1395,0
118,120,51.7939191947953,6.61473502996095,1.26322526739145,16.79,0,0,296,0
118,120,51.7939191947953,6.61473502996095,1.26322526739145,21.13,0,0,172,0
118,120,51.7939191947953,6.61473502996095,1.26322526739145,21.21,0,0,235,0
119,120,56.738921725715,4.8768761501139,0.766971757444033,0,101,120000,0,1
119,120,56.738921725715,4.8768761501139,0.766971757444033,3.51,0,0,2078,0
119,120,56.738921725715,4.8768761501139,0.766971757444033,8.77,0,0,1192,0
119,120,56.738921725715,4.8768761501139,0.766971757444033,11.61,0,0,718,0
119,120,56.738921725715,4.8768761501139,0.766971757444033,14.48,0,0,487,0
120,120,59.4008538377795,3.10751917137596,1.01704026739347,0,101,120000,0,1
120,120,59.4008538377795,3.10751917137596,1.01704026739347,1.87,0,0,1854,0
120,120,59.4008538377795,3.10751917137596,1.01704026739347,18.62,0,0,766,0
120,120,59.4008538377795,3.10751917137596,1.01704026739347,18.88,0,0,577,0
120,120,59.4008538377795,3.10751917137596,1.01704026739347,19.81,0,0,1043,0
