ID,DOSE,V,CL,KA,TIME,EVID,AMT,DV,EVIDNM
1,10,65.3561851459628,2.59554752651075,0.527735426702489,0,101,10000,0,1
1,10,65.3561851459628,2.59554752651075,0.527735426702489,2.05,0,0,92,0
1,10,65.3561851459628,2.59554752651075,0.527735426702489,12.9,0,0,123,0
1,10,65.3561851459628,2.59554752651075,0.527735426702489,14.38,0,0,119,0
1,10,65.3561851459628,2.59554752651075,0.527735426702489,21.07,0,0,87,0
2,10,60.3384410798861,4.12990875869115,1.14629711733194,0,101,10000,0,1
2,10,60.3384410798861,4.12990875869115,1.14629711733194,5.02,0,0,101,0
2,10,60.3384410798861,4.12990875869115,1.14629711733194,15.6,0,0,62,0
2,10,60.3384410798861,4.12990875869115,1.14629711733194,21.88,0,0,39,0
2,10,60.3384410798861,4.12990875869115,1.14629711733194,23.25,0,0,39,0
3,10,90.0442807683106,3.09291900965288,0.871708607910454,0,101,10000,0,1
3,10,90.0442807683106,3.09291900965288,0.871708607910454,6.66,0,0,66,0
3,10,90.0442807683106,3.09291900965288,0.871708607910454,17.82,0,0,72,0
3,10,90.0442807683106,3.09291900965288,0.871708607910454,18.49,0,0,84,0
3,10,90.0442807683106,3.09291900965288,0.871708607910454,18.85,0,0,55,0
4,10,63.31904846287,3.3982592786331,1.07777778384607,0,101,10000,0,1
4,10,63.31904846287,3.3982592786331,1.07777778384607,8.92,0,0,82,0
4,10,63.31904846287,3.3982592786331,1.07777778384607,9.7,0,0,89,0
4,10,63.31904846287,3.3982592786331,1.07777778384607,20.63,0,0,59,0
4,10,63.31904846287,3.3982592786331,1.07777778384607,21.34,0,0,65,0
5,10,71.9642148316347,2.69116052100923,2.0424434731915,0,101,10000,0,1
5,10,71.9642148316347,2.69116052100923,2.0424434731915,3.26,0,0,134,0
5,10,71.9642148316347,2.69116052100923,2.0424434731915,5.35,0,0,126,0
5,10,71.9642148316347,2.69116052100923,2.0424434731915,8.3,0,0,122,0
5,10,71.9642148316347,2.69116052100923,2.0424434731915,19.92,0,0,55,0
6,10,38.2367859253996,6.09372138450415,1.39445094613558,0,101,10000,0,1
6,10,38.2367859253996,6.09372138450415,1.39445094613558,17.68,0,0,15,0
6,10,38.2367859253996,6.09372138450415,1.39445094613558,18.77,0,0,9,0
6,10,38.2367859253996,6.09372138450415,1.39445094613558,21.49,0,0,10,0
6,10,38.2367859253996,6.09372138450415,1.39445094613558,22.85,0,0,6,0
7,10,79.703489280855,4.12764132355503,1.13412222451474,0,101,10000,0,1
7,10,79.703489280855,4.12764132355503,1.13412222451474,9.47,0,0,125,0
7,10,79.703489280855,4.12764132355503,1.13412222451474,12.23,0,0,62,0
7,10,79.703489280855,4.12764132355503,1.13412222451474,18.91,0,0,77,0
7,10,79.703489280855,4.12764132355503,1.13412222451474,19.91,0,0,50,0
8,10,35.2106444943805,6.00177235548455,0.460770236117535,0,101,10000,0,1
8,10,35.2106444943805,6.00177235548455,0.460770236117535,0.6,0,0,73,0
8,10,35.2106444943805,6.00177235548455,0.460770236117535,7.59,0,0,100,0
8,10,35.2106444943805,6.00177235548455,0.460770236117535,13.33,0,0,45,0
8,10,35.2106444943805,6.00177235548455,0.460770236117535,17.2,0,0,25,0
9,10,114.65141084198,2.27135386111821,0.752539067718533,0,101,10000,0,1
9,10,114.65141084198,2.27135386111821,0.752539067718533,1.19,0,0,55,0
9,10,114.65141084198,2.27135386111821,0.752539067718533,15.8,0,0,67,0
9,10,114.65141084198,2.27135386111821,0.752539067718533,17.85,0,0,56,0
9,10,114.65141084198,2.27135386111821,0.752539067718533,18.58,0,0,72,0
10,10,103.480309285938,2.68290716218835,0.649334091938081,0,101,10000,0,1
10,10,103.480309285938,2.68290716218835,0.649334091938081,0.11,0,0,9,0
10,10,103.480309285938,2.68290716218835,0.649334091938081,1.72,0,0,54,0
10,10,103.480309285938,2.68290716218835,0.649334091938081,2.56,0,0,57,0
10,10,103.480309285938,2.68290716218835,0.649334091938081,12.83,0,0,61,0
11,10,65.4776755308883,4.52865120856081,0.82679716404393,0,101,10000,0,1
11,10,65.4776755308883,4.52865120856081,0.82679716404393,2.64,0,0,114,0
11,10,65.4776755308883,4.52865120856081,0.82679716404393,4.39,0,0,113,0
11,10,65.4776755308883,4.52865120856081,0.82679716404393,4.87,0,0,174,0
11,10,65.4776755308883,4.52865120856081,0.82679716404393,12.67,0,0,76,0
12,10,61.1209221049558,4.09744158076303,1.13220259051764,0,101,10000,0,1
12,10,61.1209221049558,4.09744158076303,1.13220259051764,6.67,0,0,106,0
12,10,61.1209221049558,4.09744158076303,1.13220259051764,10.7,0,0,111,0
12,10,61.1209221049558,4.09744158076303,1.13220259051764,17.74,0,0,56,0
12,10,61.1209221049558,4.09744158076303,1.13220259051764,17.92,0,0,42,0
13,10,57.1434073315944,4.11939617004717,0.637608678061978,0,101,10000,0,1
13,10,57.1434073315944,4.11939617004717,0.637608678061978,1.46,0,0,122,0
13,10,57.1434073315944,4.11939617004717,0.637608678061978,1.9,0,0,121,0
13,10,57.1434073315944,4.11939617004717,0.637608678061978,15.01,0,0,55,0
13,10,57.1434073315944,4.11939617004717,0.637608678061978,18.57,0,0,40,0
14,10,78.4562911034732,3.73453034035969,0.659188565870491,0,101,10000,0,1
14,10,78.4562911034732,3.73453034035969,0.659188565870491,14.13,0,0,67,0
14,10,78.4562911034732,3.73453034035969,0.659188565870491,14.76,0,0,71,0
14,10,78.4562911034732,3.73453034035969,0.659188565870491,15.23,0,0,55,0
14,10,78.4562911034732,3.73453034035969,0.659188565870491,19.81,0,0,79,0
15,10,59.7918774282916,3.28137328808495,1.49367993559002,0,101,10000,0,1
15,10,59.7918774282916,3.28137328808495,1.49367993559002,3.57,0,0,149,0
15,10,59.7918774282916,3.28137328808495,1.49367993559002,4.93,0,0,141,0
15,10,59.7918774282916,3.28137328808495,1.49367993559002,12.21,0,0,78,0
15,10,59.7918774282916,3.28137328808495,1.49367993559002,13.78,0,0,89,0
16,10,47.9263044025055,4.27124275525575,1.33531757358339,0,101,10000,0,1
16,10,47.9263044025055,4.27124275525575,1.33531757358339,1.83,0,0,178,0
16,10,47.9263044025055,4.27124275525575,1.33531757358339,7.95,0,0,144,0
16,10,47.9263044025055,4.27124275525575,1.33531757358339,12.64,0,0,58,0
16,10,47.9263044025055,4.27124275525575,1.33531757358339,14.96,0,0,55,0
17,10,72.3634429331523,2.9148426856757,1.81154536274031,0,101,10000,0,1
17,10,72.3634429331523,2.9148426856757,1.81154536274031,3.93,0,0,127,0
17,10,72.3634429331523,2.9148426856757,1.81154536274031,5.12,0,0,113,0
17,10,72.3634429331523,2.9148426856757,1.81154536274031,12.42,0,0,115,0
17,10,72.3634429331523,2.9148426856757,1.81154536274031,19.11,0,0,47,0
18,10,64.1714430727864,3.4185940725359,1.76870887453482,0,101,10000,0,1
18,10,64.1714430727864,3.4185940725359,1.76870887453482,10.44,0,0,138,0
18,10,64.1714430727864,3.4185940725359,1.76870887453482,10.52,0,0,87,0
18,10,64.1714430727864,3.4185940725359,1.76870887453482,13.13,0,0,67,0
18,10,64.1714430727864,3.4185940725359,1.76870887453482,13.55,0,0,57,0
19,10,49.1134067103891,3.02308659059987,1.35996643557168,0,101,10000,0,1
19,10,49.1134067103891,3.02308659059987,1.35996643557168,1.94,0,0,153,0
19,10,49.1134067103891,3.02308659059987,1.35996643557168,2.46,0,0,222,0
19,10,49.1134067103891,3.02308659059987,1.35996643557168,4.69,0,0,173,0
19,10,49.1134067103891,3.02308659059987,1.35996643557168,15.53,0,0,93,0
20,10,128.629035073601,5.22066764866144,0.785738108817623,0,101,10000,0,1
20,10,128.629035073601,5.22066764866144,0.785738108817623,0.39,0,0,24,0
20,10,128.629035073601,5.22066764866144,0.785738108817623,12.44,0,0,72,0
20,10,128.629035073601,5.22066764866144,0.785738108817623,13.51,0,0,41,0
20,10,128.629035073601,5.22066764866144,0.785738108817623,23.57,0,0,21,0
21,10,93.3596853656461,3.0584876745683,0.882717710911501,0,101,10000,0,1
21,10,93.3596853656461,3.0584876745683,0.882717710911501,0.38,0,0,32,0
21,10,93.3596853656461,3.0584876745683,0.882717710911501,1.42,0,0,89,0
21,10,93.3596853656461,3.0584876745683,0.882717710911501,2.47,0,0,115,0
21,10,93.3596853656461,3.0584876745683,0.882717710911501,13.23,0,0,60,0
22,10,77.0401633249142,5.12525360313125,1.03258395457494,0,101,10000,0,1
22,10,77.0401633249142,5.12525360313125,1.03258395457494,11.07,0,0,81,0
22,10,77.0401633249142,5.12525360313125,1.03258395457494,15.17,0,0,54,0
22,10,77.0401633249142,5.12525360313125,1.03258395457494,18.57,0,0,45,0
22,10,77.0401633249142,5.12525360313125,1.03258395457494,20.53,0,0,36,0
23,10,57.0003350175382,4.1646954821497,1.02102126455896,0,101,10000,0,1
23,10,57.0003350175382,4.1646954821497,1.02102126455896,18.17,0,0,45,0
23,10,57.0003350175382,4.1646954821497,1.02102126455896,18.8,0,0,47,0
23,10,57.0003350175382,4.1646954821497,1.02102126455896,23.49,0,0,32,0
23,10,57.0003350175382,4.1646954821497,1.02102126455896,23.9,0,0,36,0
24,10,61.935485502249,3.15013871206449,0.912269311096117,0,101,10000,0,1
24,10,61.935485502249,3.15013871206449,0.912269311096117,7.31,0,0,108,0
24,10,61.935485502249,3.15013871206449,0.912269311096117,11.46,0,0,118,0
24,10,61.935485502249,3.15013871206449,0.912269311096117,13.27,0,0,75,0
24,10,61.935485502249,3.15013871206449,0.912269311096117,19.46,0,0,82,0
25,10,66.747685686344,3.84955939542371,1.16850310591378,0,101,10000,0,1
25,10,66.747685686344,3.84955939542371,1.16850310591378,1.87,0,0,136,0
25,10,66.747685686344,3.84955939542371,1.16850310591378,13.94,0,0,57,0
25,10,66.747685686344,3.84955939542371,1.16850310591378,18.62,0,0,75,0
25,10,66.747685686344,3.84955939542371,1.16850310591378,20.47,0,0,47,0
26,10,117.538249012019,1.79862511774685,0.955680205048655,0,101,10000,0,1
26,10,117.538249012019,1.79862511774685,0.955680205048655,7.84,0,0,61,0
26,10,117.538249012019,1.79862511774685,0.955680205048655,12.83,0,0,70,0
26,10,117.538249012019,1.79862511774685,0.955680205048655,13.76,0,0,98,0
26,10,117.538249012019,1.79862511774685,0.955680205048655,18.43,0,0,52,0
27,10,71.3478497193233,6.75855588809908,0.825853530789914,0,101,10000,0,1
27,10,71.3478497193233,6.75855588809908,0.825853530789914,0.44,0,0,46,0
27,10,71.3478497193233,6.75855588809908,0.825853530789914,1.16,0,0,75,0
27,10,71.3478497193233,6.75855588809908,0.825853530789914,2.95,0,0,102,0
27,10,71.3478497193233,6.75855588809908,0.825853530789914,17.01,0,0,32,0
28,10,45.9463008288963,4.93052700095749,1.28222204553853,0,101,10000,0,1
28,10,45.9463008288963,4.93052700095749,1.28222204553853,1.93,0,0,185,0
28,10,45.9463008288963,4.93052700095749,1.28222204553853,4.35,0,0,167,0
28,10,45.9463008288963,4.93052700095749,1.28222204553853,14.18,0,0,54,0
28,10,45.9463008288963,4.93052700095749,1.28222204553853,19.02,0,0,25,0
29,10,67.8464191104486,3.49590640293585,0.802017291538824,0,101,10000,0,1
29,10,67.8464191104486,3.49590640293585,0.802017291538824,2.49,0,0,99,0
29,10,67.8464191104486,3.49590640293585,0.802017291538824,5.41,0,0,97,0
29,10,67.8464191104486,3.49590640293585,0.802017291538824,14.4,0,0,72,0
29,10,67.8464191104486,3.49590640293585,0.802017291538824,15.03,0,0,74,0
30,10,60.7414475348132,5.86990238216612,0.801745358469768,0,101,10000,0,1
30,10,60.7414475348132,5.86990238216612,0.801745358469768,2.33,0,0,147,0
30,10,60.7414475348132,5.86990238216612,0.801745358469768,10.39,0,0,78,0
30,10,60.7414475348132,5.86990238216612,0.801745358469768,14.45,0,0,49,0
30,10,60.7414475348132,5.86990238216612,0.801745358469768,21.16,0,0,25,0
31,30,56.0773690357404,4.1485100714102,0.957457161873688,0,101,30000,0,1
31,30,56.0773690357404,4.1485100714102,0.957457161873688,3.97,0,0,302,0
31,30,56.0773690357404,4.1485100714102,0.957457161873688,6.65,0,0,468,0
31,30,56.0773690357404,4.1485100714102,0.957457161873688,14.12,0,0,268,0
31,30,56.0773690357404,4.1485100714102,0.957457161873688,14.57,0,0,206,0
32,30,121.552084837369,3.54181171178508,0.973549959375055,0,101,30000,0,1
32,30,121.552084837369,3.54181171178508,0.973549959375055,6,0,0,207,0
32,30,121.552084837369,3.54181171178508,0.973549959375055,15.12,0,0,220,0
32,30,121.552084837369,3.54181171178508,0.973549959375055,18.56,0,0,134,0
32,30,121.552084837369,3.54181171178508,0.973549959375055,21.57,0,0,120,0
33,30,53.6405534826308,2.58840929498472,1.04641550517346,0,101,30000,0,1
33,30,53.6405534826308,2.58840929498472,1.04641550517346,7.75,0,0,409,0
33,30,53.6405534826308,2.58840929498472,1.04641550517346,9.7,0,0,373,0
33,30,53.6405534826308,2.58840929498472,1.04641550517346,14.56,0,0,437,0
33,30,53.6405534826308,2.58840929498472,1.04641550517346,20.36,0,0,241,0
34,30,91.9858327783677,4.37961449698875,0.983594173168473,0,101,30000,0,1
34,30,91.9858327783677,4.37961449698875,0.983594173168473,2.22,0,0,277,0
34,30,91.9858327783677,4.37961449698875,0.983594173168473,2.86,0,0,310,0
34,30,91.9858327783677,4.37961449698875,0.983594173168473,8.91,0,0,301,0
34,30,91.9858327783677,4.37961449698875,0.983594173168473,19.1,0,0,125,0
35,30,41.7348078048079,3.75540554142485,1.00834634273647,0,101,30000,0,1
35,30,41.7348078048079,3.75540554142485,1.00834634273647,2.29,0,0,510,0
35,30,41.7348078048079,3.75540554142485,1.00834634273647,2.73,0,0,627,0
35,30,41.7348078048079,3.75540554142485,1.00834634273647,20.5,0,0,96,0
35,30,41.7348078048079,3.75540554142485,1.00834634273647,21.67,0,0,116,0
36,30,78.1363269127385,5.2261282186295,1.06353481876824,0,101,30000,0,1
36,30,78.1363269127385,5.2261282186295,1.06353481876824,0.84,0,0,202,0
36,30,78.1363269127385,5.2261282186295,1.06353481876824,8.5,0,0,256,0
36,30,78.1363269127385,5.2261282186295,1.06353481876824,10.6,0,0,223,0
36,30,78.1363269127385,5.2261282186295,1.06353481876824,13.28,0,0,172,0
37,30,80.9757884272118,2.73847051069582,1.15895587604441,0,101,30000,0,1
37,30,80.9757884272118,2.73847051069582,1.15895587604441,0.72,0,0,186,0
37,30,80.9757884272118,2.73847051069582,1.15895587604441,9.56,0,0,306,0
37,30,80.9757884272118,2.73847051069582,1.15895587604441,12.52,0,0,240,0
37,30,80.9757884272118,2.73847051069582,1.15895587604441,21.66,0,0,176,0
38,30,117.017440197814,3.24209759281492,1.04515799787654,0,101,30000,0,1
38,30,117.017440197814,3.24209759281492,1.04515799787654,5.43,0,0,316,0
38,30,117.017440197814,3.24209759281492,1.04515799787654,12.43,0,0,173,0
38,30,117.017440197814,3.24209759281492,1.04515799787654,13.42,0,0,176,0
38,30,117.017440197814,3.24209759281492,1.04515799787654,22.26,0,0,183,0
39,30,83.5839438631969,2.80071536170478,0.802723538676728,0,101,30000,0,1
39,30,83.5839438631969,2.80071536170478,0.802723538676728,7.8,0,0,302,0
39,30,83.5839438631969,2.80071536170478,0.802723538676728,17.77,0,0,165,0
39,30,83.5839438631969,2.80071536170478,0.802723538676728,19.92,0,0,273,0
39,30,83.5839438631969,2.80071536170478,0.802723538676728,20.59,0,0,156,0
40,30,56.136954337236,4.39920047284564,0.611283435039422,0,101,30000,0,1
40,30,56.136954337236,4.39920047284564,0.611283435039422,6.66,0,0,330,0
40,30,56.136954337236,4.39920047284564,0.611283435039422,12.58,0,0,168,0
40,30,56.136954337236,4.39920047284564,0.611283435039422,16.44,0,0,168,0
40,30,56.136954337236,4.39920047284564,0.611283435039422,20.61,0,0,119,0
41,30,61.9586616584777,3.84037616345968,1.32669168212026,0,101,30000,0,1
41,30,61.9586616584777,3.84037616345968,1.32669168212026,1.61,0,0,538,0
41,30,61.9586616584777,3.84037616345968,1.32669168212026,11.5,0,0,421,0
41,30,61.9586616584777,3.84037616345968,1.32669168212026,19.93,0,0,119,0
41,30,61.9586616584777,3.84037616345968,1.32669168212026,20.74,0,0,116,0
42,30,78.2001460989866,8.04506595270507,1.19489301255116,0,101,30000,0,1
42,30,78.2001460989866,8.04506595270507,1.19489301255116,0.47,0,0,157,0
42,30,78.2001460989866,8.04506595270507,1.19489301255116,13.56,0,0,90,0
42,30,78.2001460989866,8.04506595270507,1.19489301255116,19.2,0,0,61,0
42,30,78.2001460989866,8.04506595270507,1.19489301255116,22.79,0,0,49,0
43,30,76.1581712954021,3.80784257264995,0.744553573319402,0,101,30000,0,1
43,30,76.1581712954021,3.80784257264995,0.744553573319402,4.02,0,0,315,0
43,30,76.1581712954021,3.80784257264995,0.744553573319402,15.93,0,0,276,0
43,30,76.1581712954021,3.80784257264995,0.744553573319402,18.3,0,0,150,0
43,30,76.1581712954021,3.80784257264995,0.744553573319402,23.24,0,0,88,0
44,30,75.8226765573888,3.30966951289128,0.710175840198002,0,101,30000,0,1
44,30,75.8226765573888,3.30966951289128,0.710175840198002,2.76,0,0,348,0
44,30,75.8226765573888,3.30966951289128,0.710175840198002,5.54,0,0,354,0
44,30,75.8226765573888,3.30966951289128,0.710175840198002,14.45,0,0,285,0
44,30,75.8226765573888,3.30966951289128,0.710175840198002,23.83,0,0,157,0
45,30,64.2212148489599,4.34302514628718,1.06425746306348,0,101,30000,0,1
45,30,64.2212148489599,4.34302514628718,1.06425746306348,3.29,0,0,415,0
45,30,64.2212148489599,4.34302514628718,1.06425746306348,5.15,0,0,363,0
45,30,64.2212148489599,4.34302514628718,1.06425746306348,15.22,0,0,237,0
45,30,64.2212148489599,4.34302514628718,1.06425746306348,17.65,0,0,180,0
46,30,77.9682853224852,2.20629353098789,1.42563605943091,0,101,30000,0,1
46,30,77.9682853224852,2.20629353098789,1.42563605943091,1.75,0,0,356,0
46,30,77.9682853224852,2.20629353098789,1.42563605943091,2.36,0,0,275,0
46,30,77.9682853224852,2.20629353098789,1.42563605943091,21.61,0,0,143,0
46,30,77.9682853224852,2.20629353098789,1.42563605943091,22.33,0,0,316,0
47,30,66.8716496356506,5.23413798861649,1.19152264593696,0,101,30000,0,1
47,30,66.8716496356506,5.23413798861649,1.19152264593696,3.36,0,0,314,0
47,30,66.8716496356506,5.23413798861649,1.19152264593696,6.23,0,0,420,0
47,30,66.8716496356506,5.23413798861649,1.19152264593696,17.08,0,0,107,0
47,30,66.8716496356506,5.23413798861649,1.19152264593696,18.52,0,0,146,0
48,30,67.4350529218461,3.94877043792864,0.60581871619309,0,101,30000,0,1
48,30,67.4350529218461,3.94877043792864,0.60581871619309,2.37,0,0,265,0
48,30,67.4350529218461,3.94877043792864,0.60581871619309,4.25,0,0,387,0
48,30,67.4350529218461,3.94877043792864,0.60581871619309,14.66,0,0,127,0
48,30,67.4350529218461,3.94877043792864,0.60581871619309,20.17,0,0,145,0
49,30,109.695020074347,4.76179225672023,0.904085516285237,0,101,30000,0,1
49,30,109.695020074347,4.76179225672023,0.904085516285237,0.67,0,0,144,0
49,30,109.695020074347,4.76179225672023,0.904085516285237,12.69,0,0,123,0
49,30,109.695020074347,4.76179225672023,0.904085516285237,15.37,0,0,118,0
49,30,109.695020074347,4.76179225672023,0.904085516285237,20.28,0,0,148,0
50,30,83.5672082508487,4.95895950929417,0.918900201954586,0,101,30000,0,1
50,30,83.5672082508487,4.95895950929417,0.918900201954586,1.56,0,0,329,0
50,30,83.5672082508487,4.95895950929417,0.918900201954586,5.55,0,0,230,0
50,30,83.5672082508487,4.95895950929417,0.918900201954586,7.65,0,0,236,0
50,30,83.5672082508487,4.95895950929417,0.918900201954586,15.51,0,0,155,0
51,30,60.9445596989357,2.70842966610555,0.574307425831549,0,101,30000,0,1
51,30,60.9445596989357,2.70842966610555,0.574307425831549,2.1,0,0,323,0
51,30,60.9445596989357,2.70842966610555,0.574307425831549,5.21,0,0,378,0
51,30,60.9445596989357,2.70842966610555,0.574307425831549,9.05,0,0,254,0
51,30,60.9445596989357,2.70842966610555,0.574307425831549,16.23,0,0,309,0
52,30,45.0706325311228,5.54327944281487,0.498251078251407,0,101,30000,0,1
52,30,45.0706325311228,5.54327944281487,0.498251078251407,5.21,0,0,339,0
52,30,45.0706325311228,5.54327944281487,0.498251078251407,11.01,0,0,162,0
52,30,45.0706325311228,5.54327944281487,0.498251078251407,22.28,0,0,51,0
52,30,45.0706325311228,5.54327944281487,0.498251078251407,22.29,0,0,66,0
53,30,62.7681533995763,3.59873423323752,0.762902984461844,0,101,30000,0,1
53,30,62.7681533995763,3.59873423323752,0.762902984461844,2.42,0,0,266,0
53,30,62.7681533995763,3.59873423323752,0.762902984461844,6.66,0,0,422,0
53,30,62.7681533995763,3.59873423323752,0.762902984461844,14.37,0,0,189,0
53,30,62.7681533995763,3.59873423323752,0.762902984461844,22.53,0,0,144,0
54,30,61.5822134952764,2.25798421599802,1.2648839098462,0,101,30000,0,1
54,30,61.5822134952764,2.25798421599802,1.2648839098462,7.44,0,0,294,0
54,30,61.5822134952764,2.25798421599802,1.2648839098462,8.98,0,0,399,0
54,30,61.5822134952764,2.25798421599802,1.2648839098462,15.06,0,0,219,0
54,30,61.5822134952764,2.25798421599802,1.2648839098462,21.5,0,0,226,0
55,30,72.1800565220642,3.64044915728434,1.33555347900476,0,101,30000,0,1
55,30,72.1800565220642,3.64044915728434,1.33555347900476,1.69,0,0,393,0
55,30,72.1800565220642,3.64044915728434,1.33555347900476,2.31,0,0,384,0
55,30,72.1800565220642,3.64044915728434,1.33555347900476,6.22,0,0,450,0
55,30,72.1800565220642,3.64044915728434,1.33555347900476,18.83,0,0,160,0
56,30,79.5008504602982,4.0936827947201,0.521700057485541,0,101,30000,0,1
56,30,79.5008504602982,4.0936827947201,0.521700057485541,14.81,0,0,220,0
56,30,79.5008504602982,4.0936827947201,0.521700057485541,21.08,0,0,139,0
56,30,79.5008504602982,4.0936827947201,0.521700057485541,21.11,0,0,191,0
56,30,79.5008504602982,4.0936827947201,0.521700057485541,23.4,0,0,109,0
57,30,55.8288502576862,3.17379491579955,0.900032842734501,0,101,30000,0,1
57,30,55.8288502576862,3.17379491579955,0.900032842734501,0.45,0,0,288,0
57,30,55.8288502576862,3.17379491579955,0.900032842734501,5.09,0,0,481,0
57,30,55.8288502576862,3.17379491579955,0.900032842734501,7.47,0,0,465,0
57,30,55.8288502576862,3.17379491579955,0.900032842734501,18.09,0,0,215,0
58,30,74.0029913406259,2.75977330367399,1.21935014195783,0,101,30000,0,1
58,30,74.0029913406259,2.75977330367399,1.21935014195783,0.95,0,0,276,0
58,30,74.0029913406259,2.75977330367399,1.21935014195783,9.99,0,0,222,0
58,30,74.0029913406259,2.75977330367399,1.21935014195783,12.66,0,0,233,0
58,30,74.0029913406259,2.75977330367399,1.21935014195783,18.58,0,0,187,0
59,30,49.8963997281023,4.67502392766417,0.91485775898682,0,101,30000,0,1
59,30,49.8963997281023,4.67502392766417,0.91485775898682,2.83,0,0,531,0
59,30,49.8963997281023,4.67502392766417,0.91485775898682,5.21,0,0,314,0
59,30,49.8963997281023,4.67502392766417,0.91485775898682,19.99,0,0,94,0
59,30,49.8963997281023,4.67502392766417,0.91485775898682,21.79,0,0,95,0
60,30,115.263207961649,3.88886619155373,1.18105730411347,0,101,30000,0,1
60,30,115.263207961649,3.88886619155373,1.18105730411347,7.36,0,0,174,0
60,30,115.263207961649,3.88886619155373,1.18105730411347,9.92,0,0,166,0
60,30,115.263207961649,3.88886619155373,1.18105730411347,10.18,0,0,171,0
60,30,115.263207961649,3.88886619155373,1.18105730411347,20.3,0,0,131,0
61,60,53.9884614545905,7.25012146610946,1.02200716535483,0,101,60000,0,1
61,60,53.9884614545905,7.25012146610946,1.02200716535483,4.22,0,0,711,0
61,60,53.9884614545905,7.25012146610946,1.02200716535483,6.51,0,0,505,0
61,60,53.9884614545905,7.25012146610946,1.02200716535483,14,0,0,267,0
61,60,53.9884614545905,7.25012146610946,1.02200716535483,22.38,0,0,70,0
62,60,65.4501268658345,3.29708177726802,1.00404561610843,0,101,60000,0,1
62,60,65.4501268658345,3.29708177726802,1.00404561610843,2.73,0,0,692,0
62,60,65.4501268658345,3.29708177726802,1.00404561610843,3.15,0,0,789,0
62,60,65.4501268658345,3.29708177726802,1.00404561610843,20.05,0,0,411,0
62,60,65.4501268658345,3.29708177726802,1.00404561610843,23.61,0,0,238,0
63,60,53.8675234249996,3.60978156780903,1.12295710620379,0,101,60000,0,1
63,60,53.8675234249996,3.60978156780903,1.12295710620379,1.59,0,0,642,0
63,60,53.8675234249996,3.60978156780903,1.12295710620379,4.58,0,0,841,0
63,60,53.8675234249996,3.60978156780903,1.12295710620379,12.44,0,0,518,0
63,60,53.8675234249996,3.60978156780903,1.12295710620379,17.62,0,0,309,0
64,60,52.3684743760261,4.71535126752726,1.37789318626067,0,101,60000,0,1
64,60,52.3684743760261,4.71535126752726,1.37789318626067,1.48,0,0,887,0
64,60,52.3684743760261,4.71535126752726,1.37789318626067,3.27,0,0,869,0
64,60,52.3684743760261,4.71535126752726,1.37789318626067,9.13,0,0,560,0
64,60,52.3684743760261,4.71535126752726,1.37789318626067,21.87,0,0,168,0
65,60,80.7251551487886,3.18129726739234,0.784333889747216,0,101,60000,0,1
65,60,80.7251551487886,3.18129726739234,0.784333889747216,0.91,0,0,346,0
65,60,80.7251551487886,3.18129726739234,0.784333889747216,5.24,0,0,845,0
65,60,80.7251551487886,3.18129726739234,0.784333889747216,11.35,0,0,519,0
65,60,80.7251551487886,3.18129726739234,0.784333889747216,18.88,0,0,406,0
66,60,85.0933413500636,3.15060412271088,1.21213664133322,0,101,60000,0,1
66,60,85.0933413500636,3.15060412271088,1.21213664133322,4.47,0,0,372,0
66,60,85.0933413500636,3.15060412271088,1.21213664133322,7.49,0,0,336,0
66,60,85.0933413500636,3.15060412271088,1.21213664133322,15.59,0,0,470,0
66,60,85.0933413500636,3.15060412271088,1.21213664133322,19.51,0,0,431,0
67,60,52.6289845681447,7.11111748915396,1.70100092330953,0,101,60000,0,1
67,60,52.6289845681447,7.11111748915396,1.70100092330953,1,0,0,891,0
67,60,52.6289845681447,7.11111748915396,1.70100092330953,13.58,0,0,180,0
67,60,52.6289845681447,7.11111748915396,1.70100092330953,17.72,0,0,130,0
67,60,52.6289845681447,7.11111748915396,1.70100092330953,22.43,0,0,67,0
68,60,77.2202236780232,3.52976340580022,0.98877496188233,0,101,60000,0,1
68,60,77.2202236780232,3.52976340580022,0.98877496188233,1.12,0,0,403,0
68,60,77.2202236780232,3.52976340580022,0.98877496188233,6.29,0,0,587,0
68,60,77.2202236780232,3.52976340580022,0.98877496188233,21.83,0,0,228,0
68,60,77.2202236780232,3.52976340580022,0.98877496188233,23,0,0,412,0
69,60,73.6599369926214,3.97382976754531,0.615088742623859,0,101,60000,0,1
69,60,73.6599369926214,3.97382976754531,0.615088742623859,8.44,0,0,537,0
69,60,73.6599369926214,3.97382976754531,0.615088742623859,10.46,0,0,715,0
69,60,73.6599369926214,3.97382976754531,0.615088742623859,15.19,0,0,423,0
69,60,73.6599369926214,3.97382976754531,0.615088742623859,19.06,0,0,443,0
70,60,116.276313934458,3.5519107312688,0.70271452173054,0,101,60000,0,1
70,60,116.276313934458,3.5519107312688,0.70271452173054,8.03,0,0,682,0
70,60,116.276313934458,3.5519107312688,0.70271452173054,14.97,0,0,410,0
70,60,116.276313934458,3.5519107312688,0.70271452173054,19.36,0,0,306,0
70,60,116.276313934458,3.5519107312688,0.70271452173054,23.92,0,0,227,0
71,60,92.6426109618357,3.71296730371711,1.10835325230961,0,101,60000,0,1
71,60,92.6426109618357,3.71296730371711,1.10835325230961,2.85,0,0,692,0
71,60,92.6426109618357,3.71296730371711,1.10835325230961,8.4,0,0,517,0
71,60,92.6426109618357,3.71296730371711,1.10835325230961,21.29,0,0,327,0
71,60,92.6426109618357,3.71296730371711,1.10835325230961,21.78,0,0,322,0
72,60,79.5704821466847,6.52603757545228,1.12388983427819,0,101,60000,0,1
72,60,79.5704821466847,6.52603757545228,1.12388983427819,1,0,0,577,0
72,60,79.5704821466847,6.52603757545228,1.12388983427819,3.72,0,0,698,0
72,60,79.5704821466847,6.52603757545228,1.12388983427819,12.2,0,0,168,0
72,60,79.5704821466847,6.52603757545228,1.12388983427819,15.21,0,0,329,0
73,60,45.1017919012459,5.38556513058254,1.86876016970449,0,101,60000,0,1
73,60,45.1017919012459,5.38556513058254,1.86876016970449,5.99,0,0,690,0
73,60,45.1017919012459,5.38556513058254,1.86876016970449,21.29,0,0,113,0
73,60,45.1017919012459,5.38556513058254,1.86876016970449,22.95,0,0,107,0
73,60,45.1017919012459,5.38556513058254,1.86876016970449,23.42,0,0,141,0
74,60,56.5891745158328,4.06230144722151,0.958220912814514,0,101,60000,0,1
74,60,56.5891745158328,4.06230144722151,0.958220912814514,2.02,0,0,654,0
74,60,56.5891745158328,4.06230144722151,0.958220912814514,5.14,0,0,991,0
74,60,56.5891745158328,4.06230144722151,0.958220912814514,20.38,0,0,295,0
74,60,56.5891745158328,4.06230144722151,0.958220912814514,22.17,0,0,301,0
75,60,86.1584493364134,6.84521101335788,0.621942714234542,0,101,60000,0,1
75,60,86.1584493364134,6.84521101335788,0.621942714234542,0.72,0,0,254,0
75,60,86.1584493364134,6.84521101335788,0.621942714234542,7.43,0,0,322,0
75,60,86.1584493364134,6.84521101335788,0.621942714234542,16.28,0,0,254,0
75,60,86.1584493364134,6.84521101335788,0.621942714234542,23.22,0,0,101,0
76,60,73.1632709735968,2.60572516961438,1.69568848715642,0,101,60000,0,1
76,60,73.1632709735968,2.60572516961438,1.69568848715642,1.49,0,0,601,0
76,60,73.1632709735968,2.60572516961438,1.69568848715642,12.49,0,0,405,0
76,60,73.1632709735968,2.60572516961438,1.69568848715642,16.13,0,0,440,0
76,60,73.1632709735968,2.60572516961438,1.69568848715642,19.24,0,0,650,0
77,60,83.2861101686313,3.48812128992706,0.953812127688336,0,101,60000,0,1
77,60,83.2861101686313,3.48812128992706,0.953812127688336,11.94,0,0,359,0
77,60,83.2861101686313,3.48812128992706,0.953812127688336,16.09,0,0,563,0
77,60,83.2861101686313,3.48812128992706,0.953812127688336,17.15,0,0,554,0
77,60,83.2861101686313,3.48812128992706,0.953812127688336,18.54,0,0,505,0
78,60,70.9361773748626,3.8087989606726,0.773624866165777,0,101,60000,0,1
78,60,70.9361773748626,3.8087989606726,0.773624866165777,5.88,0,0,442,0
78,60,70.9361773748626,3.8087989606726,0.773624866165777,13.4,0,0,520,0
78,60,70.9361773748626,3.8087989606726,0.773624866165777,14.81,0,0,322,0
78,60,70.9361773748626,3.8087989606726,0.773624866165777,16.41,0,0,341,0
79,60,65.7291519321288,3.13861323059792,0.646241773441409,0,101,60000,0,1
79,60,65.7291519321288,3.13861323059792,0.646241773441409,8.23,0,0,849,0
79,60,65.7291519321288,3.13861323059792,0.646241773441409,9.16,0,0,531,0
79,60,65.7291519321288,3.13861323059792,0.646241773441409,9.72,0,0,440,0
79,60,65.7291519321288,3.13861323059792,0.646241773441409,14.71,0,0,442,0
80,60,113.353386769877,5.39040210118512,0.63948910261461,0,101,60000,0,1
80,60,113.353386769877,5.39040210118512,0.63948910261461,2.57,0,0,589,0
80,60,113.353386769877,5.39040210118512,0.63948910261461,15.78,0,0,259,0
80,60,113.353386769877,5.39040210118512,0.63948910261461,17.09,0,0,227,0
80,60,113.353386769877,5.39040210118512,0.63948910261461,18.83,0,0,195,0
81,60,141.579212200139,3.49990131772204,1.39511405912375,0,101,60000,0,1
81,60,141.579212200139,3.49990131772204,1.39511405912375,0.98,0,0,315,0
81,60,141.579212200139,3.49990131772204,1.39511405912375,7.33,0,0,409,0
81,60,141.579212200139,3.49990131772204,1.39511405912375,9,0,0,352,0
81,60,141.579212200139,3.49990131772204,1.39511405912375,16.29,0,0,274,0
82,60,73.1754310068104,4.47980433661052,1.17920877907744,0,101,60000,0,1
82,60,73.1754310068104,4.47980433661052,1.17920877907744,0.68,0,0,464,0
82,60,73.1754310068104,4.47980433661052,1.17920877907744,1.88,0,0,666,0
82,60,73.1754310068104,4.47980433661052,1.17920877907744,3.88,0,0,575,0
82,60,73.1754310068104,4.47980433661052,1.17920877907744,6.09,0,0,642,0
83,60,73.0568249781971,3.45521175260257,0.99688556076576,0,101,60000,0,1
83,60,73.0568249781971,3.45521175260257,0.99688556076576,6.44,0,0,623,0
83,60,73.0568249781971,3.45521175260257,0.99688556076576,15.37,0,0,549,0
83,60,73.0568249781971,3.45521175260257,0.99688556076576,20.02,0,0,224,0
83,60,73.0568249781971,3.45521175260257,0.99688556076576,21.05,0,0,357,0
84,60,67.6545411322739,5.18682260012555,1.0971711685751,0,101,60000,0,1
84,60,67.6545411322739,5.18682260012555,1.0971711685751,4.51,0,0,534,0
84,60,67.6545411322739,5.18682260012555,1.0971711685751,9.73,0,0,472,0
84,60,67.6545411322739,5.18682260012555,1.0971711685751,14.41,0,0,285,0
84,60,67.6545411322739,5.18682260012555,1.0971711685751,22.42,0,0,144,0
85,60,64.5788402894313,3.66987115460772,1.28242231651733,0,101,60000,0,1
85,60,64.5788402894313,3.66987115460772,1.28242231651733,6.73,0,0,875,0
85,60,64.5788402894313,3.66987115460772,1.28242231651733,10.87,0,0,687,0
85,60,64.5788402894313,3.66987115460772,1.28242231651733,20.86,0,0,229,0
85,60,64.5788402894313,3.66987115460772,1.28242231651733,21.77,0,0,263,0
86,60,68.2798708331183,3.40680361014299,0.628251499688155,0,101,60000,0,1
86,60,68.2798708331183,3.40680361014299,0.628251499688155,6.41,0,0,764,0
86,60,68.2798708331183,3.40680361014299,0.628251499688155,8.62,0,0,542,0
86,60,68.2798708331183,3.40680361014299,0.628251499688155,9.03,0,0,695,0
86,60,68.2798708331183,3.40680361014299,0.628251499688155,17.42,0,0,490,0
87,60,53.4070408431654,4.73783356338757,1.67153109317186,0,101,60000,0,1
87,60,53.4070408431654,4.73783356338757,1.67153109317186,8.04,0,0,484,0
87,60,53.4070408431654,4.73783356338757,1.67153109317186,9.86,0,0,773,0
87,60,53.4070408431654,4.73783356338757,1.67153109317186,12.38,0,0,496,0
87,60,53.4070408431654,4.73783356338757,1.67153109317186,16.41,0,0,316,0
88,60,72.9193270807801,2.90096390314945,1.19132214002409,0,101,60000,0,1
88,60,72.9193270807801,2.90096390314945,1.19132214002409,2.16,0,0,572,0
88,60,72.9193270807801,2.90096390314945,1.19132214002409,7.78,0,0,634,0
88,60,72.9193270807801,2.90096390314945,1.19132214002409,9.36,0,0,483,0
88,60,72.9193270807801,2.90096390314945,1.19132214002409,12.46,0,0,565,0
89,60,58.307867160444,2.715973899073,1.01569065009846,0,101,60000,0,1
89,60,58.307867160444,2.715973899073,1.01569065009846,1.08,0,0,628,0
89,60,58.307867160444,2.715973899073,1.01569065009846,11.58,0,0,577,0
89,60,58.307867160444,2.715973899073,1.01569065009846,17.75,0,0,500,0
89,60,58.307867160444,2.715973899073,1.01569065009846,19.17,0,0,567,0
90,60,68.739850047297,3.12123513274655,1.02184510618815,0,101,60000,0,1
90,60,68.739850047297,3.12123513274655,1.02184510618815,5.13,0,0,640,0
90,60,68.739850047297,3.12123513274655,1.02184510618815,8.37,0,0,856,0
90,60,68.739850047297,3.12123513274655,1.02184510618815,15.1,0,0,477,0
90,60,68.739850047297,3.12123513274655,1.02184510618815,18.72,0,0,578,0
91,120,60.075234861415,4.22240086683347,1.02501067895228,0,101,120000,0,1
91,120,60.075234861415,4.22240086683347,1.02501067895228,4.51,0,0,1698,0
91,120,60.075234861415,4.22240086683347,1.02501067895228,7,0,0,1415,0
91,120,60.075234861415,4.22240086683347,1.02501067895228,12.61,0,0,1054,0
91,120,60.075234861415,4.22240086683347,1.02501067895228,17.11,0,0,541,0
92,120,104.901434475391,3.2512704557185,1.24435277097857,0,101,120000,0,1
92,120,104.901434475391,3.2512704557185,1.24435277097857,5.02,0,0,888,0
92,120,104.901434475391,3.2512704557185,1.24435277097857,5.51,0,0,1087,0
92,120,104.901434475391,3.2512704557185,1.24435277097857,10.57,0,0,1269,0
92,120,104.901434475391,3.2512704557185,1.24435277097857,14.96,0,0,618,0
93,120,70.8509862110361,3.33262767273242,1.50249999603114,0,101,120000,0,1
93,120,70.8509862110361,3.33262767273242,1.50249999603114,0.67,0,0,1017,0
93,120,70.8509862110361,3.33262767273242,1.50249999603114,10.86,0,0,895,0
93,120,70.8509862110361,3.33262767273242,1.50249999603114,14.65,0,0,873,0
93,120,70.8509862110361,3.33262767273242,1.50249999603114,23.2,0,0,371,0
94,120,60.6318357270869,3.39445537202138,0.813688804150692,0,101,120000,0,1
94,120,60.6318357270869,3.39445537202138,0.813688804150692,2.85,0,0,1556,0
94,120,60.6318357270869,3.39445537202138,0.813688804150692,3.33,0,0,2319,0
94,120,60.6318357270869,3.39445537202138,0.813688804150692,6.5,0,0,1052,0
94,120,60.6318357270869,3.39445537202138,0.813688804150692,8.18,0,0,1271,0
95,120,136.417258769434,4.46661094027503,0.80204660236779,0,101,120000,0,1
95,120,136.417258769434,4.46661094027503,0.80204660236779,2.86,0,0,703,0
95,120,136.417258769434,4.46661094027503,0.80204660236779,16.77,0,0,552,0
95,120,136.417258769434,4.46661094027503,0.80204660236779,17.77,0,0,615,0
95,120,136.417258769434,4.46661094027503,0.80204660236779,20.13,0,0,420,0
96,120,83.0461263941653,4.8632823661079,0.88050942251732,0,101,120000,0,1
96,120,83.0461263941653,4.8632823661079,0.88050942251732,0.07,0,0,88,0
96,120,83.0461263941653,4.8632823661079,0.88050942251732,6.34,0,0,1205,0
96,120,83.0461263941653,4.8632823661079,0.88050942251732,7,0,0,671,0
96,120,83.0461263941653,4.8632823661079,0.88050942251732,22.25,0,0,434,0
97,120,78.7579573695309,5.89202710839876,0.847846733016397,0,101,120000,0,1
97,120,78.7579573695309,5.89202710839876,0.847846733016397,1.83,0,0,1394,0
97,120,78.7579573695309,5.89202710839876,0.847846733016397,3.88,0,0,846,0
97,120,78.7579573695309,5.89202710839876,0.847846733016397,9.41,0,0,960,0
97,120,78.7579573695309,5.89202710839876,0.847846733016397,23.22,0,0,230,0
98,120,59.4008538377795,3.10751917137596,1.01704026739347,0,101,120000,0,1
98,120,59.4008538377795,3.10751917137596,1.01704026739347,1.87,0,0,1854,0
98,120,59.4008538377795,3.10751917137596,1.01704026739347,18.62,0,0,766,0
98,120,59.4008538377795,3.10751917137596,1.01704026739347,18.88,0,0,577,0
98,120,59.4008538377795,3.10751917137596,1.01704026739347,19.81,0,0,1043,0
99,120,86.6766587998586,3.27123008467402,1.12236404738175,0,101,120000,0,1
99,120,86.6766587998586,3.27123008467402,1.12236404738175,0.17,0,0,204,0
99,120,86.6766587998586,3.27123008467402,1.12236404738175,16.3,0,0,828,0
99,120,86.6766587998586,3.27123008467402,1.12236404738175,17.66,0,0,590,0
99,120,86.6766587998586,3.27123008467402,1.12236404738175,18.18,0,0,791,0
100,120,75.2670145515469,2.81169728727664,0.95560243975752,0,101,120000,0,1
100,120,75.2670145515469,2.81169728727664,0.95560243975752,20.15,0,0,1087,0
100,120,75.2670145515469,2.81169728727664,0.95560243975752,22.27,0,0,1178,0
100,120,75.2670145515469,2.81169728727664,0.95560243975752,23.33,0,0,768,0
100,120,75.2670145515469,2.81169728727664,0.95560243975752,23.46,0,0,1031,0
101,120,48.4436546248675,6.56128878914802,0.723253904954375,0,101,120000,0,1
101,120,48.4436546248675,6.56128878914802,0.723253904954375,8.21,0,0,1131,0
101,120,48.4436546248675,6.56128878914802,0.723253904954375,9.4,0,0,1025,0
101,120,48.4436546248675,6.56128878914802,0.723253904954375,10.57,0,0,581,0
101,120,48.4436546248675,6.56128878914802,0.723253904954375,10.76,0,0,848,0
102,120,72.8237494638255,3.00718553522606,1.20871329274431,0,101,120000,0,1
102,120,72.8237494638255,3.00718553522606,1.20871329274431,10.47,0,0,1044,0
102,120,72.8237494638255,3.00718553522606,1.20871329274431,12.57,0,0,1207,0
102,120,72.8237494638255,3.00718553522606,1.20871329274431,14.9,0,0,1243,0
102,120,72.8237494638255,3.00718553522606,1.20871329274431,15.53,0,0,604,0
103,120,124.240243996764,2.99551239606495,1.53237123627403,0,101,120000,0,1
103,120,124.240243996764,2.99551239606495,1.53237123627403,1.3,0,0,732,0
103,120,124.240243996764,2.99551239606495,1.53237123627403,4.63,0,0,931,0
103,120,124.240243996764,2.99551239606495,1.53237123627403,9.93,0,0,988,0
103,120,124.240243996764,2.99551239606495,1.53237123627403,13.41,0,0,746,0
104,120,67.4970074043696,2.6374088444002,0.892824521803642,0,101,120000,0,1
104,120,67.4970074043696,2.6374088444002,0.892824521803642,4.11,0,0,1393,0
104,120,67.4970074043696,2.6374088444002,0.892824521803642,8.71,0,0,1218,0
104,120,67.4970074043696,2.6374088444002,0.892824521803642,15.89,0,0,1104,0
104,120,67.4970074043696,2.6374088444002,0.892824521803642,22.04,0,0,837,0
105,120,59.8641062281641,3.87534634397907,0.767411512273529,0,101,120000,0,1
105,120,59.8641062281641,3.87534634397907,0.767411512273529,4.17,0,0,1522,0
105,120,59.8641062281641,3.87534634397907,0.767411512273529,9.17,0,0,1065,0
105,120,59.8641062281641,3.87534634397907,0.767411512273529,10.21,0,0,1155,0
105,120,59.8641062281641,3.87534634397907,0.767411512273529,19.11,0,0,552,0
106,120,67.2449638815739,5.1909564893508,0.913611633664889,0,101,120000,0,1
106,120,67.2449638815739,5.1909564893508,0.913611633664889,3.2,0,0,1136,0
106,120,67.2449638815739,5.1909564893508,0.913611633664889,14.68,0,0,563,0
106,120,67.2449638815739,5.1909564893508,0.913611633664889,21.5,0,0,374,0
106,120,67.2449638815739,5.1909564893508,0.913611633664889,21.56,0,0,425,0
107,120,56.3934506566976,3.78643582035419,0.741407950483132,0,101,120000,0,1
107,120,56.3934506566976,3.78643582035419,0.741407950483132,9.19,0,0,1852,0
107,120,56.3934506566976,3.78643582035419,0.741407950483132,16.64,0,0,801,0
107,120,56.3934506566976,3.78643582035419,0.741407950483132,21.45,0,0,560,0
107,120,56.3934506566976,3.78643582035419,0.741407950483132,22.14,0,0,371,0
108,120,57.8465927122901,3.7940383106898,1.24518719785496,0,101,120000,0,1
108,120,57.8465927122901,3.7940383106898,1.24518719785496,3.72,0,0,1343,0
108,120,57.8465927122901,3.7940383106898,1.24518719785496,16.7,0,0,804,0
108,120,57.8465927122901,3.7940383106898,1.24518719785496,21.9,0,0,756,0
108,120,57.8465927122901,3.7940383106898,1.24518719785496,22.53,0,0,494,0
109,120,64.1717045884461,6.15666400659087,1.89962220082573,0,101,120000,0,1
109,120,64.1717045884461,6.15666400659087,1.89962220082573,2.71,0,0,1649,0
109,120,64.1717045884461,6.15666400659087,1.89962220082573,9.45,0,0,687,0
109,120,64.1717045884461,6.15666400659087,1.89962220082573,22.31,0,0,235,0
109,120,64.1717045884461,6.15666400659087,1.89962220082573,23.62,0,0,275,0
110,120,63.2697645584597,3.38676743308946,1.39289681280862,0,101,120000,0,1
110,120,63.2697645584597,3.38676743308946,1.39289681280862,11.77,0,0,937,0
110,120,63.2697645584597,3.38676743308946,1.39289681280862,14.19,0,0,833,0
110,120,63.2697645584597,3.38676743308946,1.39289681280862,21.45,0,0,597,0
110,120,63.2697645584597,3.38676743308946,1.39289681280862,23.56,0,0,421,0
111,120,53.7857728505045,3.43726178238437,1.11385527460245,0,101,120000,0,1
111,120,53.7857728505045,3.43726178238437,1.11385527460245,4.71,0,0,2200,0
111,120,53.7857728505045,3.43726178238437,1.11385527460245,15.27,0,0,915,0
111,120,53.7857728505045,3.43726178238437,1.11385527460245,18.51,0,0,791,0
111,120,53.7857728505045,3.43726178238437,1.11385527460245,21.76,0,0,504,0
112,120,62.4912274013827,3.11754851358067,0.813555051561861,0,101,120000,0,1
112,120,62.4912274013827,3.11754851358067,0.813555051561861,6.69,0,0,1157,0
112,120,62.4912274013827,3.11754851358067,0.813555051561861,10.36,0,0,994,0
112,120,62.4912274013827,3.11754851358067,0.813555051561861,11.34,0,0,1323,0
112,120,62.4912274013827,3.11754851358067,0.813555051561861,14.94,0,0,1073,0
113,120,67.1387639426277,4.22903979419097,1.27831500427153,0,101,120000,0,1
113,120,67.1387639426277,4.22903979419097,1.27831500427153,0.23,0,0,446,0
113,120,67.1387639426277,4.22903979419097,1.27831500427153,11.04,0,0,917,0
113,120,67.1387639426277,4.22903979419097,1.27831500427153,12.89,0,0,742,0
113,120,67.1387639426277,4.22903979419097,1.27831500427153,18.1,0,0,688,0
114,120,98.7948382637183,4.3940195627933,1.44390353414032,0,101,120000,0,1
114,120,98.7948382637183,4.3940195627933,1.44390353414032,9.6,0,0,1011,0
114,120,98.7948382637183,4.3940195627933,1.44390353414032,13.56,0,0,782,0
114,120,98.7948382637183,4.3940195627933,1.44390353414032,18.66,0,0,566,0
114,120,98.7948382637183,4.3940195627933,1.44390353414032,21.45,0,0,493,0
115,120,35.3717227423165,3.93111482647647,1.18207300533192,0,101,120000,0,1
115,120,35.3717227423165,3.93111482647647,1.18207300533192,0.26,0,0,727,0
115,120,35.3717227423165,3.93111482647647,1.18207300533192,1.99,0,0,2841,0
115,120,35.3717227423165,3.93111482647647,1.18207300533192,4.3,0,0,1629,0
115,120,35.3717227423165,3.93111482647647,1.18207300533192,19.37,0,0,316,0
116,120,94.3616826150108,5.76452988312617,0.597097735792466,0,101,120000,0,1
116,120,94.3616826150108,5.76452988312617,0.597097735792466,1.82,0,0,804,0
116,120,94.3616826150108,5.76452988312617,0.597097735792466,1.98,0,0,788,0
116,120,94.3616826150108,5.76452988312617,0.597097735792466,7.86,0,0,755,0
116,120,94.3616826150108,5.76452988312617,0.597097735792466,8.43,0,0,988,0
117,120,58.6425739961005,6.78652570178417,1.06212411084723,0,101,120000,0,1
117,120,58.6425739961005,6.78652570178417,1.06212411084723,5.08,0,0,1376,0
117,120,58.6425739961005,6.78652570178417,1.06212411084723,6.21,0,0,924,0
117,120,58.6425739961005,6.78652570178417,1.06212411084723,11.96,0,0,584,0
117,120,58.6425739961005,6.78652570178417,1.06212411084723,21.71,0,0,165,0
118,120,86.8513329814972,4.02618762465246,1.51340062189653,0,101,120000,0,1
118,120,86.8513329814972,4.02618762465246,1.51340062189653,0.79,0,0,1068,0
118,120,86.8513329814972,4.02618762465246,1.51340062189653,9.94,0,0,1279,0
118,120,86.8513329814972,4.02618762465246,1.51340062189653,15.9,0,0,1049,0
118,120,86.8513329814972,4.02618762465246,1.51340062189653,20.07,0,0,761,0
119,120,81.1229209039644,4.61282030863748,1.77430559991678,0,101,120000,0,1
119,120,81.1229209039644,4.61282030863748,1.77430559991678,5.42,0,0,1027,0
119,120,81.1229209039644,4.61282030863748,1.77430559991678,6.19,0,0,1434,0
119,120,81.1229209039644,4.61282030863748,1.77430559991678,16.17,0,0,539,0
119,120,81.1229209039644,4.61282030863748,1.77430559991678,19.75,0,0,366,0
120,120,78.0719097836426,4.94542471859282,1.60056983061171,0,101,120000,0,1
120,120,78.0719097836426,4.94542471859282,1.60056983061171,3.56,0,0,1462,0
120,120,78.0719097836426,4.94542471859282,1.60056983061171,7.67,0,0,1227,0
120,120,78.0719097836426,4.94542471859282,1.60056983061171,15.58,0,0,478,0
120,120,78.0719097836426,4.94542471859282,1.60056983061171,20.76,0,0,401,0
