ID,DOSE,V,CL,KA,TIME,EVID,AMT,DV,EVIDNM
1,10,79.332530021676,8.87034217920243,0.493753854664929,0,101,10000,0,1
1,10,79.332530021676,8.87034217920243,0.493753854664929,9.47,0,0,57,0
1,10,79.332530021676,8.87034217920243,0.493753854664929,11.44,0,0,41,0
1,10,79.332530021676,8.87034217920243,0.493753854664929,13.53,0,0,33,0
1,10,79.332530021676,8.87034217920243,0.493753854664929,15.07,0,0,34,0
2,10,73.799304742878,5.60495649492921,1.08242793010538,0,101,10000,0,1
2,10,73.799304742878,5.60495649492921,1.08242793010538,7.19,0,0,85,0
2,10,73.799304742878,5.60495649492921,1.08242793010538,12.27,0,0,56,0
2,10,73.799304742878,5.60495649492921,1.08242793010538,15.3,0,0,44,0
2,10,73.799304742878,5.60495649492921,1.08242793010538,15.79,0,0,41,0
3,10,104.206148874,3.21239817691608,0.987988463353977,0,101,10000,0,1
3,10,104.206148874,3.21239817691608,0.987988463353977,3.67,0,0,72,0
3,10,104.206148874,3.21239817691608,0.987988463353977,5.52,0,0,107,0
3,10,104.206148874,3.21239817691608,0.987988463353977,12.55,0,0,71,0
3,10,104.206148874,3.21239817691608,0.987988463353977,17.86,0,0,63,0
4,10,48.9061992589688,2.6495650255992,0.649123183314912,0,101,10000,0,1
4,10,48.9061992589688,2.6495650255992,0.649123183314912,2.42,0,0,110,0
4,10,48.9061992589688,2.6495650255992,0.649123183314912,4.36,0,0,134,0
4,10,48.9061992589688,2.6495650255992,0.649123183314912,4.45,0,0,136,0
4,10,48.9061992589688,2.6495650255992,0.649123183314912,10.01,0,0,146,0
5,10,73.1716683364091,3.80929890781161,0.950947025080765,0,101,10000,0,1
5,10,73.1716683364091,3.80929890781161,0.950947025080765,2.08,0,0,193,0
5,10,73.1716683364091,3.80929890781161,0.950947025080765,16.7,0,0,72,0
5,10,73.1716683364091,3.80929890781161,0.950947025080765,18.69,0,0,61,0
5,10,73.1716683364091,3.80929890781161,0.950947025080765,23.01,0,0,40,0
6,10,77.9552087161518,4.04035021300131,1.06196162997518,0,101,10000,0,1
6,10,77.9552087161518,4.04035021300131,1.06196162997518,8.52,0,0,68,0
6,10,77.9552087161518,4.04035021300131,1.06196162997518,10.98,0,0,70,0
6,10,77.9552087161518,4.04035021300131,1.06196162997518,17.98,0,0,49,0
6,10,77.9552087161518,4.04035021300131,1.06196162997518,21.35,0,0,45,0
7,10,68.0271178809589,3.12268544580632,0.949121460923501,0,101,10000,0,1
7,10,68.0271178809589,3.12268544580632,0.949121460923501,9.03,0,0,100,0
7,10,68.0271178809589,3.12268544580632,0.949121460923501,13.01,0,0,83,0
7,10,68.0271178809589,3.12268544580632,0.949121460923501,15.97,0,0,85,0
7,10,68.0271178809589,3.12268544580632,0.949121460923501,19.46,0,0,66,0
8,10,67.9055548388256,3.23749987263233,1.42133207141904,0,101,10000,0,1
8,10,67.9055548388256,3.23749987263233,1.42133207141904,2.09,0,0,145,0
8,10,67.9055548388256,3.23749987263233,1.42133207141904,4.37,0,0,142,0
8,10,67.9055548388256,3.23749987263233,1.42133207141904,13.3,0,0,74,0
8,10,67.9055548388256,3.23749987263233,1.42133207141904,17.58,0,0,59,0
9,10,64.9964693649196,5.95654090942622,1.20386981805352,0,101,10000,0,1
9,10,64.9964693649196,5.95654090942622,1.20386981805352,3.7,0,0,137,0
9,10,64.9964693649196,5.95654090942622,1.20386981805352,8.48,0,0,62,0
9,10,64.9964693649196,5.95654090942622,1.20386981805352,16.68,0,0,48,0
9,10,64.9964693649196,5.95654090942622,1.20386981805352,19.81,0,0,33,0
10,10,66.3351521317521,3.31931529869526,1.24958445174015,0,101,10000,0,1
10,10,66.3351521317521,3.31931529869526,1.24958445174015,4.69,0,0,144,0
10,10,66.3351521317521,3.31931529869526,1.24958445174015,9.64,0,0,86,0
10,10,66.3351521317521,3.31931529869526,1.24958445174015,12.88,0,0,136,0
10,10,66.3351521317521,3.31931529869526,1.24958445174015,14.36,0,0,51,0
11,10,93.1444456598495,3.33070827518548,1.00631558764605,0,101,10000,0,1
11,10,93.1444456598495,3.33070827518548,1.00631558764605,2.74,0,0,79,0
11,10,93.1444456598495,3.33070827518548,1.00631558764605,9.21,0,0,79,0
11,10,93.1444456598495,3.33070827518548,1.00631558764605,10.81,0,0,117,0
11,10,93.1444456598495,3.33070827518548,1.00631558764605,15.32,0,0,49,0
12,10,68.3912942873396,6.74302391916399,0.948615081799711,0,101,10000,0,1
12,10,68.3912942873396,6.74302391916399,0.948615081799711,14.17,0,0,37,0
12,10,68.3912942873396,6.74302391916399,0.948615081799711,14.59,0,0,46,0
12,10,68.3912942873396,6.74302391916399,0.948615081799711,15.31,0,0,39,0
12,10,68.3912942873396,6.74302391916399,0.948615081799711,22.23,0,0,15,0
13,10,99.3217907941166,3.85720202863545,1.45268982274037,0,101,10000,0,1
13,10,99.3217907941166,3.85720202863545,1.45268982274037,3.89,0,0,109,0
13,10,99.3217907941166,3.85720202863545,1.45268982274037,9.41,0,0,92,0
13,10,99.3217907941166,3.85720202863545,1.45268982274037,18.08,0,0,53,0
13,10,99.3217907941166,3.85720202863545,1.45268982274037,18.46,0,0,62,0
14,10,48.175399995374,3.03166416351558,0.947420146844411,0,101,10000,0,1
14,10,48.175399995374,3.03166416351558,0.947420146844411,8.31,0,0,114,0
14,10,48.175399995374,3.03166416351558,0.947420146844411,16.77,0,0,87,0
14,10,48.175399995374,3.03166416351558,0.947420146844411,19.03,0,0,44,0
14,10,48.175399995374,3.03166416351558,0.947420146844411,21.22,0,0,62,0
15,10,80.0898704661873,3.30706647799958,1.59269536725123,0,101,10000,0,1
15,10,80.0898704661873,3.30706647799958,1.59269536725123,10.13,0,0,129,0
15,10,80.0898704661873,3.30706647799958,1.59269536725123,12.72,0,0,85,0
15,10,80.0898704661873,3.30706647799958,1.59269536725123,15.46,0,0,85,0
15,10,80.0898704661873,3.30706647799958,1.59269536725123,22.88,0,0,72,0
16,10,79.7120287411374,2.86224611330361,1.33469745198765,0,101,10000,0,1
16,10,79.7120287411374,2.86224611330361,1.33469745198765,1.99,0,0,82,0
16,10,79.7120287411374,2.86224611330361,1.33469745198765,2.29,0,0,79,0
16,10,79.7120287411374,2.86224611330361,1.33469745198765,6.46,0,0,106,0
16,10,79.7120287411374,2.86224611330361,1.33469745198765,20.52,0,0,58,0
17,10,51.3847944612993,2.39309530909807,0.915912286321097,0,101,10000,0,1
17,10,51.3847944612993,2.39309530909807,0.915912286321097,9.34,0,0,147,0
17,10,51.3847944612993,2.39309530909807,0.915912286321097,12.3,0,0,127,0
17,10,51.3847944612993,2.39309530909807,0.915912286321097,14.45,0,0,178,0
17,10,51.3847944612993,2.39309530909807,0.915912286321097,18.89,0,0,68,0
18,10,69.5408478079673,6.39780734404663,0.831067707984184,0,101,10000,0,1
18,10,69.5408478079673,6.39780734404663,0.831067707984184,4.61,0,0,98,0
18,10,69.5408478079673,6.39780734404663,0.831067707984184,5.57,0,0,117,0
18,10,69.5408478079673,6.39780734404663,0.831067707984184,15.63,0,0,33,0
18,10,69.5408478079673,6.39780734404663,0.831067707984184,17.92,0,0,34,0
19,10,48.2211853083714,4.25995497790697,0.621875719036562,0,101,10000,0,1
19,10,48.2211853083714,4.25995497790697,0.621875719036562,3.41,0,0,168,0
19,10,48.2211853083714,4.25995497790697,0.621875719036562,13.22,0,0,57,0
19,10,48.2211853083714,4.25995497790697,0.621875719036562,19.32,0,0,53,0
19,10,48.2211853083714,4.25995497790697,0.621875719036562,23.05,0,0,38,0
20,10,48.3914582452724,3.220953765155,0.789019305699919,0,101,10000,0,1
20,10,48.3914582452724,3.220953765155,0.789019305699919,1.37,0,0,116,0
20,10,48.3914582452724,3.220953765155,0.789019305699919,6.99,0,0,225,0
20,10,48.3914582452724,3.220953765155,0.789019305699919,16.33,0,0,91,0
20,10,48.3914582452724,3.220953765155,0.789019305699919,22.97,0,0,64,0
21,10,58.3300131820951,4.38183368096619,1.10329749369402,0,101,10000,0,1
21,10,58.3300131820951,4.38183368096619,1.10329749369402,0.53,0,0,108,0
21,10,58.3300131820951,4.38183368096619,1.10329749369402,6.74,0,0,98,0
21,10,58.3300131820951,4.38183368096619,1.10329749369402,7.62,0,0,92,0
21,10,58.3300131820951,4.38183368096619,1.10329749369402,10.76,0,0,69,0
22,10,89.1324576600071,7.57333079675891,0.946873110494151,0,101,10000,0,1
22,10,89.1324576600071,7.57333079675891,0.946873110494151,0.12,0,0,10,0
22,10,89.1324576600071,7.57333079675891,0.946873110494151,7.57,0,0,57,0
22,10,89.1324576600071,7.57333079675891,0.946873110494151,8.23,0,0,53,0
22,10,89.1324576600071,7.57333079675891,0.946873110494151,9.05,0,0,55,0
23,10,111.980653929869,2.63708907855886,0.622396259316174,0,101,10000,0,1
23,10,111.980653929869,2.63708907855886,0.622396259316174,8.5,0,0,80,0
23,10,111.980653929869,2.63708907855886,0.622396259316174,14.94,0,0,54,0
23,10,111.980653929869,2.63708907855886,0.622396259316174,16.28,0,0,47,0
23,10,111.980653929869,2.63708907855886,0.622396259316174,18.05,0,0,46,0
24,10,75.1724994001679,2.21726348716108,0.598101543977274,0,101,10000,0,1
24,10,75.1724994001679,2.21726348716108,0.598101543977274,0.76,0,0,44,0
24,10,75.1724994001679,2.21726348716108,0.598101543977274,2.85,0,0,154,0
24,10,75.1724994001679,2.21726348716108,0.598101543977274,14.41,0,0,63,0
24,10,75.1724994001679,2.21726348716108,0.598101543977274,19.43,0,0,77,0
25,10,97.5795016247572,3.80297172088291,0.967195116436857,0,101,10000,0,1
25,10,97.5795016247572,3.80297172088291,0.967195116436857,1.86,0,0,57,0
25,10,97.5795016247572,3.80297172088291,0.967195116436857,7.35,0,0,105,0
25,10,97.5795016247572,3.80297172088291,0.967195116436857,10.66,0,0,75,0
25,10,97.5795016247572,3.80297172088291,0.967195116436857,15.29,0,0,35,0
26,10,65.8796246498863,5.23061551421223,0.890004845525771,0,101,10000,0,1
26,10,65.8796246498863,5.23061551421223,0.890004845525771,6.05,0,0,70,0
26,10,65.8796246498863,5.23061551421223,0.890004845525771,8.17,0,0,66,0
26,10,65.8796246498863,5.23061551421223,0.890004845525771,14.67,0,0,55,0
26,10,65.8796246498863,5.23061551421223,0.890004845525771,16.67,0,0,36,0
27,10,67.8464191104486,3.49590640293585,0.802017291538824,0,101,10000,0,1
27,10,67.8464191104486,3.49590640293585,0.802017291538824,2.49,0,0,99,0
27,10,67.8464191104486,3.49590640293585,0.802017291538824,5.41,0,0,97,0
27,10,67.8464191104486,3.49590640293585,0.802017291538824,14.4,0,0,72,0
27,10,67.8464191104486,3.49590640293585,0.802017291538824,15.03,0,0,74,0
28,10,63.1161633083535,5.66263076814822,0.561066528727177,0,101,10000,0,1
28,10,63.1161633083535,5.66263076814822,0.561066528727177,1.84,0,0,87,0
28,10,63.1161633083535,5.66263076814822,0.561066528727177,10.95,0,0,59,0
28,10,63.1161633083535,5.66263076814822,0.561066528727177,22.62,0,0,24,0
28,10,63.1161633083535,5.66263076814822,0.561066528727177,23.99,0,0,24,0
29,10,125.937625573103,3.11478575077802,0.845089541287315,0,101,10000,0,1
29,10,125.937625573103,3.11478575077802,0.845089541287315,7.92,0,0,83,0
29,10,125.937625573103,3.11478575077802,0.845089541287315,13.36,0,0,91,0
29,10,125.937625573103,3.11478575077802,0.845089541287315,19.11,0,0,42,0
29,10,125.937625573103,3.11478575077802,0.845089541287315,23.2,0,0,40,0
30,10,48.7421645560167,3.96436745137556,1.38187547737504,0,101,10000,0,1
30,10,48.7421645560167,3.96436745137556,1.38187547737504,0.46,0,0,73,0
30,10,48.7421645560167,3.96436745137556,1.38187547737504,3.08,0,0,156,0
30,10,48.7421645560167,3.96436745137556,1.38187547737504,16.61,0,0,81,0
30,10,48.7421645560167,3.96436745137556,1.38187547737504,17.14,0,0,67,0
31,30,87.8493101195298,3.51242662218738,0.733405743863825,0,101,30000,0,1
31,30,87.8493101195298,3.51242662218738,0.733405743863825,1.06,0,0,130,0
31,30,87.8493101195298,3.51242662218738,0.733405743863825,4,0,0,273,0
31,30,87.8493101195298,3.51242662218738,0.733405743863825,11.49,0,0,246,0
31,30,87.8493101195298,3.51242662218738,0.733405743863825,16.33,0,0,165,0
32,30,85.1050479195103,3.98073387902845,0.513073370349094,0,101,30000,0,1
32,30,85.1050479195103,3.98073387902845,0.513073370349094,0.62,0,0,88,0
32,30,85.1050479195103,3.98073387902845,0.513073370349094,4.38,0,0,329,0
32,30,85.1050479195103,3.98073387902845,0.513073370349094,6.83,0,0,343,0
32,30,85.1050479195103,3.98073387902845,0.513073370349094,8.21,0,0,292,0
33,30,57.03653511419,3.52208131102563,0.731344515016818,0,101,30000,0,1
33,30,57.03653511419,3.52208131102563,0.731344515016818,1.94,0,0,421,0
33,30,57.03653511419,3.52208131102563,0.731344515016818,2.73,0,0,615,0
33,30,57.03653511419,3.52208131102563,0.731344515016818,11.04,0,0,362,0
33,30,57.03653511419,3.52208131102563,0.731344515016818,17.47,0,0,201,0
34,30,36.009623974281,3.71417725898982,1.15046351423372,0,101,30000,0,1
34,30,36.009623974281,3.71417725898982,1.15046351423372,6.7,0,0,460,0
34,30,36.009623974281,3.71417725898982,1.15046351423372,7.04,0,0,444,0
34,30,36.009623974281,3.71417725898982,1.15046351423372,11.05,0,0,353,0
34,30,36.009623974281,3.71417725898982,1.15046351423372,19.97,0,0,77,0
35,30,126.653837647927,3.01445257220773,1.17443360321682,0,101,30000,0,1
35,30,126.653837647927,3.01445257220773,1.17443360321682,3.4,0,0,258,0
35,30,126.653837647927,3.01445257220773,1.17443360321682,7.08,0,0,202,0
35,30,126.653837647927,3.01445257220773,1.17443360321682,12.61,0,0,361,0
35,30,126.653837647927,3.01445257220773,1.17443360321682,13.36,0,0,240,0
36,30,95.0132326214031,4.74718817425084,0.960142149367687,0,101,30000,0,1
36,30,95.0132326214031,4.74718817425084,0.960142149367687,10.74,0,0,218,0
36,30,95.0132326214031,4.74718817425084,0.960142149367687,15.08,0,0,119,0
36,30,95.0132326214031,4.74718817425084,0.960142149367687,21.21,0,0,77,0
36,30,95.0132326214031,4.74718817425084,0.960142149367687,21.81,0,0,176,0
37,30,83.8332295127369,4.44199526502481,1.03335295491636,0,101,30000,0,1
37,30,83.8332295127369,4.44199526502481,1.03335295491636,2.11,0,0,208,0
37,30,83.8332295127369,4.44199526502481,1.03335295491636,11.05,0,0,176,0
37,30,83.8332295127369,4.44199526502481,1.03335295491636,13.55,0,0,178,0
37,30,83.8332295127369,4.44199526502481,1.03335295491636,13.97,0,0,153,0
38,30,85.5368681683554,4.1671433709171,0.783845816875204,0,101,30000,0,1
38,30,85.5368681683554,4.1671433709171,0.783845816875204,2.37,0,0,400,0
38,30,85.5368681683554,4.1671433709171,0.783845816875204,13.76,0,0,330,0
38,30,85.5368681683554,4.1671433709171,0.783845816875204,13.83,0,0,174,0
38,30,85.5368681683554,4.1671433709171,0.783845816875204,21.78,0,0,124,0
39,30,85.2452175482524,4.4657932519903,0.715405187133635,0,101,30000,0,1
39,30,85.2452175482524,4.4657932519903,0.715405187133635,3.04,0,0,297,0
39,30,85.2452175482524,4.4657932519903,0.715405187133635,3.79,0,0,250,0
39,30,85.2452175482524,4.4657932519903,0.715405187133635,8.27,0,0,229,0
39,30,85.2452175482524,4.4657932519903,0.715405187133635,12.39,0,0,194,0
40,30,108.54880365869,7.47199762813574,1.62944923313177,0,101,30000,0,1
40,30,108.54880365869,7.47199762813574,1.62944923313177,3.29,0,0,205,0
40,30,108.54880365869,7.47199762813574,1.62944923313177,11.08,0,0,145,0
40,30,108.54880365869,7.47199762813574,1.62944923313177,13.03,0,0,110,0
40,30,108.54880365869,7.47199762813574,1.62944923313177,18.8,0,0,80,0
41,30,67.9864584275319,2.93605832779105,1.49115951885775,0,101,30000,0,1
41,30,67.9864584275319,2.93605832779105,1.49115951885775,0.14,0,0,71,0
41,30,67.9864584275319,2.93605832779105,1.49115951885775,16.48,0,0,232,0
41,30,67.9864584275319,2.93605832779105,1.49115951885775,19.65,0,0,145,0
41,30,67.9864584275319,2.93605832779105,1.49115951885775,21.84,0,0,188,0
42,30,45.710249156308,4.052521307748,1.51095612496874,0,101,30000,0,1
42,30,45.710249156308,4.052521307748,1.51095612496874,5.17,0,0,440,0
42,30,45.710249156308,4.052521307748,1.51095612496874,8.59,0,0,361,0
42,30,45.710249156308,4.052521307748,1.51095612496874,17.58,0,0,92,0
42,30,45.710249156308,4.052521307748,1.51095612496874,20.63,0,0,88,0
43,30,58.1287592387908,4.15353528807733,1.0673894838712,0,101,30000,0,1
43,30,58.1287592387908,4.15353528807733,1.0673894838712,0.88,0,0,273,0
43,30,58.1287592387908,4.15353528807733,1.0673894838712,6.26,0,0,386,0
43,30,58.1287592387908,4.15353528807733,1.0673894838712,11.66,0,0,187,0
43,30,58.1287592387908,4.15353528807733,1.0673894838712,13.15,0,0,180,0
44,30,54.9191656906261,4.90993097535638,0.850650105444478,0,101,30000,0,1
44,30,54.9191656906261,4.90993097535638,0.850650105444478,1.64,0,0,369,0
44,30,54.9191656906261,4.90993097535638,0.850650105444478,7.43,0,0,347,0
44,30,54.9191656906261,4.90993097535638,0.850650105444478,10.99,0,0,226,0
44,30,54.9191656906261,4.90993097535638,0.850650105444478,13.83,0,0,183,0
45,30,41.3123214927886,2.09481275510054,0.749192564296024,0,101,30000,0,1
45,30,41.3123214927886,2.09481275510054,0.749192564296024,13.26,0,0,584,0
45,30,41.3123214927886,2.09481275510054,0.749192564296024,15.89,0,0,559,0
45,30,41.3123214927886,2.09481275510054,0.749192564296024,17.77,0,0,276,0
45,30,41.3123214927886,2.09481275510054,0.749192564296024,19.35,0,0,220,0
46,30,84.1455565318426,2.64851374905599,1.1287901280424,0,101,30000,0,1
46,30,84.1455565318426,2.64851374905599,1.1287901280424,2.75,0,0,311,0
46,30,84.1455565318426,2.64851374905599,1.1287901280424,9.05,0,0,290,0
46,30,84.1455565318426,2.64851374905599,1.1287901280424,11.73,0,0,293,0
46,30,84.1455565318426,2.64851374905599,1.1287901280424,12.18,0,0,214,0
47,30,87.2609151400543,3.74116661755568,1.03203527176848,0,101,30000,0,1
47,30,87.2609151400543,3.74116661755568,1.03203527176848,5.87,0,0,388,0
47,30,87.2609151400543,3.74116661755568,1.03203527176848,17.03,0,0,195,0
47,30,87.2609151400543,3.74116661755568,1.03203527176848,19.91,0,0,152,0
47,30,87.2609151400543,3.74116661755568,1.03203527176848,20.81,0,0,106,0
48,30,38.0779737296813,3.39502485555024,1.16572996459746,0,101,30000,0,1
48,30,38.0779737296813,3.39502485555024,1.16572996459746,8.5,0,0,287,0
48,30,38.0779737296813,3.39502485555024,1.16572996459746,10.82,0,0,355,0
48,30,38.0779737296813,3.39502485555024,1.16572996459746,16,0,0,163,0
48,30,38.0779737296813,3.39502485555024,1.16572996459746,18.65,0,0,199,0
49,30,64.7977958835126,4.24695392707946,1.28259846326534,0,101,30000,0,1
49,30,64.7977958835126,4.24695392707946,1.28259846326534,0.44,0,0,235,0
49,30,64.7977958835126,4.24695392707946,1.28259846326534,0.75,0,0,484,0
49,30,64.7977958835126,4.24695392707946,1.28259846326534,2.64,0,0,261,0
49,30,64.7977958835126,4.24695392707946,1.28259846326534,6.66,0,0,329,0
50,30,123.2211534163,3.88728509032992,0.720228798578698,0,101,30000,0,1
50,30,123.2211534163,3.88728509032992,0.720228798578698,2.06,0,0,322,0
50,30,123.2211534163,3.88728509032992,0.720228798578698,4.22,0,0,247,0
50,30,123.2211534163,3.88728509032992,0.720228798578698,4.64,0,0,199,0
50,30,123.2211534163,3.88728509032992,0.720228798578698,21.65,0,0,123,0
51,30,96.2565015326753,3.98130882339958,0.89960728873003,0,101,30000,0,1
51,30,96.2565015326753,3.98130882339958,0.89960728873003,1.56,0,0,264,0
51,30,96.2565015326753,3.98130882339958,0.89960728873003,5.61,0,0,230,0
51,30,96.2565015326753,3.98130882339958,0.89960728873003,13.58,0,0,264,0
51,30,96.2565015326753,3.98130882339958,0.89960728873003,14.72,0,0,181,0
52,30,84.016109796224,5.43551428450343,1.40290186179637,0,101,30000,0,1
52,30,84.016109796224,5.43551428450343,1.40290186179637,9.45,0,0,163,0
52,30,84.016109796224,5.43551428450343,1.40290186179637,17.23,0,0,131,0
52,30,84.016109796224,5.43551428450343,1.40290186179637,20.15,0,0,121,0
52,30,84.016109796224,5.43551428450343,1.40290186179637,21.77,0,0,77,0
53,30,82.4899186511504,4.24578701370028,1.04949040389385,0,101,30000,0,1
53,30,82.4899186511504,4.24578701370028,1.04949040389385,3.21,0,0,375,0
53,30,82.4899186511504,4.24578701370028,1.04949040389385,4.08,0,0,381,0
53,30,82.4899186511504,4.24578701370028,1.04949040389385,10.01,0,0,160,0
53,30,82.4899186511504,4.24578701370028,1.04949040389385,11.39,0,0,228,0
54,30,90.8561612760712,3.87980678575005,0.632155296565672,0,101,30000,0,1
54,30,90.8561612760712,3.87980678575005,0.632155296565672,12.89,0,0,190,0
54,30,90.8561612760712,3.87980678575005,0.632155296565672,19.42,0,0,141,0
54,30,90.8561612760712,3.87980678575005,0.632155296565672,23.15,0,0,140,0
54,30,90.8561612760712,3.87980678575005,0.632155296565672,23.91,0,0,103,0
55,30,96.4519808123993,5.57595823104748,1.44472416963405,0,101,30000,0,1
55,30,96.4519808123993,5.57595823104748,1.44472416963405,2.42,0,0,240,0
55,30,96.4519808123993,5.57595823104748,1.44472416963405,6.64,0,0,244,0
55,30,96.4519808123993,5.57595823104748,1.44472416963405,7.23,0,0,141,0
55,30,96.4519808123993,5.57595823104748,1.44472416963405,16.99,0,0,119,0
56,30,79.5872243712317,3.80505619993894,1.19631005680411,0,101,30000,0,1
56,30,79.5872243712317,3.80505619993894,1.19631005680411,2.75,0,0,303,0
56,30,79.5872243712317,3.80505619993894,1.19631005680411,9.59,0,0,194,0
56,30,79.5872243712317,3.80505619993894,1.19631005680411,18.24,0,0,234,0
56,30,79.5872243712317,3.80505619993894,1.19631005680411,20.06,0,0,117,0
57,30,44.2122953434842,4.60693385962314,0.777367504430711,0,101,30000,0,1
57,30,44.2122953434842,4.60693385962314,0.777367504430711,3.92,0,0,549,0
57,30,44.2122953434842,4.60693385962314,0.777367504430711,9.59,0,0,311,0
57,30,44.2122953434842,4.60693385962314,0.777367504430711,11.13,0,0,274,0
57,30,44.2122953434842,4.60693385962314,0.777367504430711,17.99,0,0,101,0
58,30,78.3554905949208,5.96186729536848,0.757019707102898,0,101,30000,0,1
58,30,78.3554905949208,5.96186729536848,0.757019707102898,0.16,0,0,32,0
58,30,78.3554905949208,5.96186729536848,0.757019707102898,0.53,0,0,111,0
58,30,78.3554905949208,5.96186729536848,0.757019707102898,15.22,0,0,132,0
58,30,78.3554905949208,5.96186729536848,0.757019707102898,21.72,0,0,89,0
59,30,58.5338810501215,2.66529653218341,1.35866643601961,0,101,30000,0,1
59,30,58.5338810501215,2.66529653218341,1.35866643601961,0.83,0,0,336,0
59,30,58.5338810501215,2.66529653218341,1.35866643601961,7.04,0,0,375,0
59,30,58.5338810501215,2.66529653218341,1.35866643601961,12.23,0,0,293,0
59,30,58.5338810501215,2.66529653218341,1.35866643601961,18.34,0,0,189,0
60,30,59.3493134709663,4.31353558974063,0.589064881731426,0,101,30000,0,1
60,30,59.3493134709663,4.31353558974063,0.589064881731426,0.07,0,0,14,0
60,30,59.3493134709663,4.31353558974063,0.589064881731426,14.25,0,0,186,0
60,30,59.3493134709663,4.31353558974063,0.589064881731426,14.36,0,0,196,0
60,30,59.3493134709663,4.31353558974063,0.589064881731426,20.4,0,0,174,0
61,60,46.616457282233,3.79940389785044,0.818498785617745,0,101,60000,0,1
61,60,46.616457282233,3.79940389785044,0.818498785617745,3.39,0,0,1201,0
61,60,46.616457282233,3.79940389785044,0.818498785617745,9.72,0,0,662,0
61,60,46.616457282233,3.79940389785044,0.818498785617745,19.25,0,0,355,0
61,60,46.616457282233,3.79940389785044,0.818498785617745,23.43,0,0,255,0
62,60,116.97012762607,5.59547304257077,0.971248090143816,0,101,60000,0,1
62,60,116.97012762607,5.59547304257077,0.971248090143816,10.29,0,0,377,0
62,60,116.97012762607,5.59547304257077,0.971248090143816,14.39,0,0,335,0
62,60,116.97012762607,5.59547304257077,0.971248090143816,16.01,0,0,189,0
62,60,116.97012762607,5.59547304257077,0.971248090143816,17.52,0,0,223,0
63,60,56.1517673277898,3.04724565352823,1.2360490738089,0,101,60000,0,1
63,60,56.1517673277898,3.04724565352823,1.2360490738089,3.73,0,0,904,0
63,60,56.1517673277898,3.04724565352823,1.2360490738089,6.69,0,0,1367,0
63,60,56.1517673277898,3.04724565352823,1.2360490738089,13.05,0,0,572,0
63,60,56.1517673277898,3.04724565352823,1.2360490738089,21.64,0,0,304,0
64,60,86.1640372990652,5.19927188151831,0.971360534382599,0,101,60000,0,1
64,60,86.1640372990652,5.19927188151831,0.971360534382599,4.76,0,0,714,0
64,60,86.1640372990652,5.19927188151831,0.971360534382599,15.12,0,0,279,0
64,60,86.1640372990652,5.19927188151831,0.971360534382599,19.94,0,0,268,0
64,60,86.1640372990652,5.19927188151831,0.971360534382599,20.2,0,0,198,0
65,60,56.6808385565083,3.26162281970029,0.74088749252023,0,101,60000,0,1
65,60,56.6808385565083,3.26162281970029,0.74088749252023,2.51,0,0,948,0
65,60,56.6808385565083,3.26162281970029,0.74088749252023,5.02,0,0,841,0
65,60,56.6808385565083,3.26162281970029,0.74088749252023,11.12,0,0,538,0
65,60,56.6808385565083,3.26162281970029,0.74088749252023,21.66,0,0,375,0
66,60,46.681962197228,3.68619610320146,0.804228114550872,0,101,60000,0,1
66,60,46.681962197228,3.68619610320146,0.804228114550872,4.92,0,0,954,0
66,60,46.681962197228,3.68619610320146,0.804228114550872,5.35,0,0,928,0
66,60,46.681962197228,3.68619610320146,0.804228114550872,6.54,0,0,641,0
66,60,46.681962197228,3.68619610320146,0.804228114550872,23.67,0,0,246,0
67,60,79.2535489778788,4.49491569433111,1.40508532480162,0,101,60000,0,1
67,60,79.2535489778788,4.49491569433111,1.40508532480162,4.46,0,0,519,0
67,60,79.2535489778788,4.49491569433111,1.40508532480162,12.74,0,0,220,0
67,60,79.2535489778788,4.49491569433111,1.40508532480162,17.25,0,0,332,0
67,60,79.2535489778788,4.49491569433111,1.40508532480162,21.74,0,0,214,0
68,60,82.5074584975646,3.54337022313415,0.829075257169718,0,101,60000,0,1
68,60,82.5074584975646,3.54337022313415,0.829075257169718,13.58,0,0,392,0
68,60,82.5074584975646,3.54337022313415,0.829075257169718,17.49,0,0,347,0
68,60,82.5074584975646,3.54337022313415,0.829075257169718,17.65,0,0,319,0
68,60,82.5074584975646,3.54337022313415,0.829075257169718,23.02,0,0,242,0
69,60,132.938247611808,3.23701148133654,1.22194939911265,0,101,60000,0,1
69,60,132.938247611808,3.23701148133654,1.22194939911265,1.08,0,0,264,0
69,60,132.938247611808,3.23701148133654,1.22194939911265,3,0,0,418,0
69,60,132.938247611808,3.23701148133654,1.22194939911265,10.05,0,0,363,0
69,60,132.938247611808,3.23701148133654,1.22194939911265,12.56,0,0,454,0
70,60,57.419949467795,5.17963400261466,1.16371384931652,0,101,60000,0,1
70,60,57.419949467795,5.17963400261466,1.16371384931652,8.55,0,0,692,0
70,60,57.419949467795,5.17963400261466,1.16371384931652,11.2,0,0,418,0
70,60,57.419949467795,5.17963400261466,1.16371384931652,11.63,0,0,393,0
70,60,57.419949467795,5.17963400261466,1.16371384931652,23.63,0,0,163,0
71,60,81.592150864341,3.81246293920072,1.29979165038808,0,101,60000,0,1
71,60,81.592150864341,3.81246293920072,1.29979165038808,1.7,0,0,566,0
71,60,81.592150864341,3.81246293920072,1.29979165038808,6.63,0,0,599,0
71,60,81.592150864341,3.81246293920072,1.29979165038808,19.14,0,0,349,0
71,60,81.592150864341,3.81246293920072,1.29979165038808,23.7,0,0,216,0
72,60,71.6438351258298,2.53526131310967,1.18191961987489,0,101,60000,0,1
72,60,71.6438351258298,2.53526131310967,1.18191961987489,4.31,0,0,682,0
72,60,71.6438351258298,2.53526131310967,1.18191961987489,4.8,0,0,895,0
72,60,71.6438351258298,2.53526131310967,1.18191961987489,9.46,0,0,691,0
72,60,71.6438351258298,2.53526131310967,1.18191961987489,18.38,0,0,583,0
73,60,85.742305903016,2.62116367642776,2.28685371088063,0,101,60000,0,1
73,60,85.742305903016,2.62116367642776,2.28685371088063,1.8,0,0,637,0
73,60,85.742305903016,2.62116367642776,2.28685371088063,13.11,0,0,546,0
73,60,85.742305903016,2.62116367642776,2.28685371088063,17.93,0,0,602,0
73,60,85.742305903016,2.62116367642776,2.28685371088063,21.15,0,0,372,0
74,60,56.5716379399855,3.82113795441439,0.727115284161275,0,101,60000,0,1
74,60,56.5716379399855,3.82113795441439,0.727115284161275,0.35,0,0,205,0
74,60,56.5716379399855,3.82113795441439,0.727115284161275,12.64,0,0,436,0
74,60,56.5716379399855,3.82113795441439,0.727115284161275,20.91,0,0,242,0
74,60,56.5716379399855,3.82113795441439,0.727115284161275,23.39,0,0,194,0
75,60,152.06637056478,3.41104318288909,1.00721311093639,0,101,60000,0,1
75,60,152.06637056478,3.41104318288909,1.00721311093639,2.27,0,0,323,0
75,60,152.06637056478,3.41104318288909,1.00721311093639,10.52,0,0,365,0
75,60,152.06637056478,3.41104318288909,1.00721311093639,12.69,0,0,254,0
75,60,152.06637056478,3.41104318288909,1.00721311093639,16.87,0,0,267,0
76,60,259.214820277577,5.75503288279873,0.698992257113059,0,101,60000,0,1
76,60,259.214820277577,5.75503288279873,0.698992257113059,0.73,0,0,126,0
76,60,259.214820277577,5.75503288279873,0.698992257113059,1.5,0,0,79,0
76,60,259.214820277577,5.75503288279873,0.698992257113059,6.79,0,0,172,0
76,60,259.214820277577,5.75503288279873,0.698992257113059,12.59,0,0,245,0
77,60,50.509864529357,4.83387246862423,1.40954287431114,0,101,60000,0,1
77,60,50.509864529357,4.83387246862423,1.40954287431114,0.15,0,0,233,0
77,60,50.509864529357,4.83387246862423,1.40954287431114,1.63,0,0,999,0
77,60,50.509864529357,4.83387246862423,1.40954287431114,4.66,0,0,789,0
77,60,50.509864529357,4.83387246862423,1.40954287431114,23.56,0,0,96,0
78,60,95.2051117729387,2.5316561642276,1.29556747978452,0,101,60000,0,1
78,60,95.2051117729387,2.5316561642276,1.29556747978452,0.82,0,0,369,0
78,60,95.2051117729387,2.5316561642276,1.29556747978452,4.63,0,0,470,0
78,60,95.2051117729387,2.5316561642276,1.29556747978452,6.62,0,0,621,0
78,60,95.2051117729387,2.5316561642276,1.29556747978452,15.73,0,0,357,0
79,60,102.245020873115,3.1413021528215,0.937591198394239,0,101,60000,0,1
79,60,102.245020873115,3.1413021528215,0.937591198394239,3.34,0,0,661,0
79,60,102.245020873115,3.1413021528215,0.937591198394239,11.77,0,0,693,0
79,60,102.245020873115,3.1413021528215,0.937591198394239,13.91,0,0,312,0
79,60,102.245020873115,3.1413021528215,0.937591198394239,23.87,0,0,314,0
80,60,71.6048084544193,6.25447906004233,0.955914710505112,0,101,60000,0,1
80,60,71.6048084544193,6.25447906004233,0.955914710505112,0.38,0,0,211,0
80,60,71.6048084544193,6.25447906004233,0.955914710505112,4.75,0,0,667,0
80,60,71.6048084544193,6.25447906004233,0.955914710505112,7.63,0,0,557,0
80,60,71.6048084544193,6.25447906004233,0.955914710505112,14.35,0,0,289,0
81,60,55.9280847117456,4.39757804093236,1.6397901608173,0,101,60000,0,1
81,60,55.9280847117456,4.39757804093236,1.6397901608173,1.04,0,0,635,0
81,60,55.9280847117456,4.39757804093236,1.6397901608173,1.67,0,0,1065,0
81,60,55.9280847117456,4.39757804093236,1.6397901608173,6.87,0,0,697,0
81,60,55.9280847117456,4.39757804093236,1.6397901608173,11.15,0,0,461,0
82,60,84.5925921131476,4.05592643768563,0.964975854317276,0,101,60000,0,1
82,60,84.5925921131476,4.05592643768563,0.964975854317276,6.93,0,0,654,0
82,60,84.5925921131476,4.05592643768563,0.964975854317276,8.44,0,0,541,0
82,60,84.5925921131476,4.05592643768563,0.964975854317276,12.17,0,0,476,0
82,60,84.5925921131476,4.05592643768563,0.964975854317276,19.44,0,0,289,0
83,60,65.4284082040305,4.41123248739279,1.58620224895561,0,101,60000,0,1
83,60,65.4284082040305,4.41123248739279,1.58620224895561,0.55,0,0,742,0
83,60,65.4284082040305,4.41123248739279,1.58620224895561,5.34,0,0,814,0
83,60,65.4284082040305,4.41123248739279,1.58620224895561,17.85,0,0,257,0
83,60,65.4284082040305,4.41123248739279,1.58620224895561,22.17,0,0,239,0
84,60,24.0847033613405,3.55919837205524,1.08043140848139,0,101,60000,0,1
84,60,24.0847033613405,3.55919837205524,1.08043140848139,0.71,0,0,1228,0
84,60,24.0847033613405,3.55919837205524,1.08043140848139,10.11,0,0,722,0
84,60,24.0847033613405,3.55919837205524,1.08043140848139,16.03,0,0,326,0
84,60,24.0847033613405,3.55919837205524,1.08043140848139,17.34,0,0,198,0
85,60,118.342054475111,6.00836474242635,1.06509268774868,0,101,60000,0,1
85,60,118.342054475111,6.00836474242635,1.06509268774868,5.34,0,0,338,0
85,60,118.342054475111,6.00836474242635,1.06509268774868,13.35,0,0,262,0
85,60,118.342054475111,6.00836474242635,1.06509268774868,19.14,0,0,232,0
85,60,118.342054475111,6.00836474242635,1.06509268774868,21.52,0,0,235,0
86,60,61.7160030795517,2.97645019638606,1.04723674628226,0,101,60000,0,1
86,60,61.7160030795517,2.97645019638606,1.04723674628226,3.31,0,0,751,0
86,60,61.7160030795517,2.97645019638606,1.04723674628226,7.67,0,0,794,0
86,60,61.7160030795517,2.97645019638606,1.04723674628226,12.43,0,0,470,0
86,60,61.7160030795517,2.97645019638606,1.04723674628226,15.23,0,0,457,0
87,60,74.7015461471425,6.73501974218573,1.08347711003931,0,101,60000,0,1
87,60,74.7015461471425,6.73501974218573,1.08347711003931,3.63,0,0,571,0
87,60,74.7015461471425,6.73501974218573,1.08347711003931,4.14,0,0,733,0
87,60,74.7015461471425,6.73501974218573,1.08347711003931,9.75,0,0,332,0
87,60,74.7015461471425,6.73501974218573,1.08347711003931,9.89,0,0,271,0
88,60,74.9448107635146,4.33785117451461,0.937867236450188,0,101,60000,0,1
88,60,74.9448107635146,4.33785117451461,0.937867236450188,2.96,0,0,901,0
88,60,74.9448107635146,4.33785117451461,0.937867236450188,10.51,0,0,493,0
88,60,74.9448107635146,4.33785117451461,0.937867236450188,14.06,0,0,431,0
88,60,74.9448107635146,4.33785117451461,0.937867236450188,21.88,0,0,253,0
89,60,116.276313934458,3.5519107312688,0.70271452173054,0,101,60000,0,1
89,60,116.276313934458,3.5519107312688,0.70271452173054,8.03,0,0,682,0
89,60,116.276313934458,3.5519107312688,0.70271452173054,14.97,0,0,410,0
89,60,116.276313934458,3.5519107312688,0.70271452173054,19.36,0,0,306,0
89,60,116.276313934458,3.5519107312688,0.70271452173054,23.92,0,0,227,0
90,60,60.7293272910185,5.15053214983177,0.824673681308355,0,101,60000,0,1
90,60,60.7293272910185,5.15053214983177,0.824673681308355,6.79,0,0,624,0
90,60,60.7293272910185,5.15053214983177,0.824673681308355,9.88,0,0,596,0
90,60,60.7293272910185,5.15053214983177,0.824673681308355,13.05,0,0,456,0
90,60,60.7293272910185,5.15053214983177,0.824673681308355,14.04,0,0,387,0
91,120,99.5384571863374,3.03813061877057,1.76035054090367,0,101,120000,0,1
91,120,99.5384571863374,3.03813061877057,1.76035054090367,5.02,0,0,1118,0
91,120,99.5384571863374,3.03813061877057,1.76035054090367,16.93,0,0,720,0
91,120,99.5384571863374,3.03813061877057,1.76035054090367,21.46,0,0,529,0
91,120,99.5384571863374,3.03813061877057,1.76035054090367,22.54,0,0,751,0
92,120,62.2383313140134,3.8858663467185,0.878699884648951,0,101,120000,0,1
92,120,62.2383313140134,3.8858663467185,0.878699884648951,2.75,0,0,1552,0
92,120,62.2383313140134,3.8858663467185,0.878699884648951,4.26,0,0,1760,0
92,120,62.2383313140134,3.8858663467185,0.878699884648951,14.06,0,0,949,0
92,120,62.2383313140134,3.8858663467185,0.878699884648951,15.09,0,0,516,0
93,120,55.371860497064,5.22245462537726,1.52217109486201,0,101,120000,0,1
93,120,55.371860497064,5.22245462537726,1.52217109486201,17.38,0,0,388,0
93,120,55.371860497064,5.22245462537726,1.52217109486201,17.92,0,0,488,0
93,120,55.371860497064,5.22245462537726,1.52217109486201,21.29,0,0,310,0
93,120,55.371860497064,5.22245462537726,1.52217109486201,23.65,0,0,320,0
94,120,95.4612966797361,6.83717612913272,1.19972826694602,0,101,120000,0,1
94,120,95.4612966797361,6.83717612913272,1.19972826694602,2.83,0,0,1136,0
94,120,95.4612966797361,6.83717612913272,1.19972826694602,7.11,0,0,990,0
94,120,95.4612966797361,6.83717612913272,1.19972826694602,16.04,0,0,422,0
94,120,95.4612966797361,6.83717612913272,1.19972826694602,21.18,0,0,358,0
95,120,51.9266881294637,5.70674062522557,0.758563628958813,0,101,120000,0,1
95,120,51.9266881294637,5.70674062522557,0.758563628958813,2.16,0,0,1809,0
95,120,51.9266881294637,5.70674062522557,0.758563628958813,4.54,0,0,1534,0
95,120,51.9266881294637,5.70674062522557,0.758563628958813,9.1,0,0,785,0
95,120,51.9266881294637,5.70674062522557,0.758563628958813,9.35,0,0,913,0
96,120,40.2951274897465,5.58558910594522,0.800235686904888,0,101,120000,0,1
96,120,40.2951274897465,5.58558910594522,0.800235686904888,2.92,0,0,2026,0
96,120,40.2951274897465,5.58558910594522,0.800235686904888,4.14,0,0,1407,0
96,120,40.2951274897465,5.58558910594522,0.800235686904888,13.79,0,0,629,0
96,120,40.2951274897465,5.58558910594522,0.800235686904888,17.05,0,0,276,0
97,120,57.4218710230802,4.22469987070817,1.23246498454527,0,101,120000,0,1
97,120,57.4218710230802,4.22469987070817,1.23246498454527,4.06,0,0,1958,0
97,120,57.4218710230802,4.22469987070817,1.23246498454527,6.65,0,0,1286,0
97,120,57.4218710230802,4.22469987070817,1.23246498454527,17.81,0,0,605,0
97,120,57.4218710230802,4.22469987070817,1.23246498454527,18.72,0,0,658,0
98,120,59.4632502918322,3.94462913952225,1.00047512015265,0,101,120000,0,1
98,120,59.4632502918322,3.94462913952225,1.00047512015265,4.38,0,0,1378,0
98,120,59.4632502918322,3.94462913952225,1.00047512015265,8.78,0,0,1158,0
98,120,59.4632502918322,3.94462913952225,1.00047512015265,10.4,0,0,1129,0
98,120,59.4632502918322,3.94462913952225,1.00047512015265,11.82,0,0,962,0
99,120,82.4368587881103,8.29539450793501,1.01359713234724,0,101,120000,0,1
99,120,82.4368587881103,8.29539450793501,1.01359713234724,3.06,0,0,1435,0
99,120,82.4368587881103,8.29539450793501,1.01359713234724,4.42,0,0,1071,0
99,120,82.4368587881103,8.29539450793501,1.01359713234724,8.58,0,0,816,0
99,120,82.4368587881103,8.29539450793501,1.01359713234724,22.33,0,0,225,0
100,120,70.0352073572556,4.56857202915105,0.992878311193744,0,101,120000,0,1
100,120,70.0352073572556,4.56857202915105,0.992878311193744,0.15,0,0,260,0
100,120,70.0352073572556,4.56857202915105,0.992878311193744,1.92,0,0,2096,0
100,120,70.0352073572556,4.56857202915105,0.992878311193744,2.9,0,0,1492,0
100,120,70.0352073572556,4.56857202915105,0.992878311193744,6.72,0,0,1101,0
101,120,97.5686174589316,4.92088780909044,0.833628889191518,0,101,120000,0,1
101,120,97.5686174589316,4.92088780909044,0.833628889191518,3.09,0,0,965,0
101,120,97.5686174589316,4.92088780909044,0.833628889191518,6.7,0,0,647,0
101,120,97.5686174589316,4.92088780909044,0.833628889191518,12.23,0,0,661,0
101,120,97.5686174589316,4.92088780909044,0.833628889191518,22.21,0,0,650,0
102,120,83.1014002936085,2.21516278125165,1.18697116384453,0,101,120000,0,1
102,120,83.1014002936085,2.21516278125165,1.18697116384453,5.03,0,0,1226,0
102,120,83.1014002936085,2.21516278125165,1.18697116384453,9.13,0,0,1462,0
102,120,83.1014002936085,2.21516278125165,1.18697116384453,20.7,0,0,1000,0
102,120,83.1014002936085,2.21516278125165,1.18697116384453,23.93,0,0,510,0
103,120,37.6689873523962,3.08080207186561,0.968492101023099,0,101,120000,0,1
103,120,37.6689873523962,3.08080207186561,0.968492101023099,8.42,0,0,2166,0
103,120,37.6689873523962,3.08080207186561,0.968492101023099,9.73,0,0,1332,0
103,120,37.6689873523962,3.08080207186561,0.968492101023099,13.09,0,0,1171,0
103,120,37.6689873523962,3.08080207186561,0.968492101023099,13.62,0,0,743,0
104,120,50.9020436252823,4.15106876801181,1.19013083119548,0,101,120000,0,1
104,120,50.9020436252823,4.15106876801181,1.19013083119548,8.52,0,0,1169,0
104,120,50.9020436252823,4.15106876801181,1.19013083119548,17.32,0,0,535,0
104,120,50.9020436252823,4.15106876801181,1.19013083119548,22.09,0,0,358,0
104,120,50.9020436252823,4.15106876801181,1.19013083119548,22.92,0,0,314,0
105,120,89.0985372284581,8.08713695265263,0.950551351820033,0,101,120000,0,1
105,120,89.0985372284581,8.08713695265263,0.950551351820033,4.09,0,0,834,0
105,120,89.0985372284581,8.08713695265263,0.950551351820033,9.48,0,0,581,0
105,120,89.0985372284581,8.08713695265263,0.950551351820033,16.22,0,0,377,0
105,120,89.0985372284581,8.08713695265263,0.950551351820033,23.19,0,0,139,0
106,120,35.8128207457553,2.79891468340886,1.52270187582996,0,101,120000,0,1
106,120,35.8128207457553,2.79891468340886,1.52270187582996,3.42,0,0,2712,0
106,120,35.8128207457553,2.79891468340886,1.52270187582996,14.4,0,0,1020,0
106,120,35.8128207457553,2.79891468340886,1.52270187582996,15.05,0,0,1655,0
106,120,35.8128207457553,2.79891468340886,1.52270187582996,17.36,0,0,1267,0
107,120,108.635341142314,2.3921108277922,0.808068371757666,0,101,120000,0,1
107,120,108.635341142314,2.3921108277922,0.808068371757666,3.08,0,0,929,0
107,120,108.635341142314,2.3921108277922,0.808068371757666,15.95,0,0,668,0
107,120,108.635341142314,2.3921108277922,0.808068371757666,17.73,0,0,584,0
107,120,108.635341142314,2.3921108277922,0.808068371757666,19.45,0,0,791,0
108,120,50.2302074105084,6.23884911324223,0.67429810037577,0,101,120000,0,1
108,120,50.2302074105084,6.23884911324223,0.67429810037577,2.82,0,0,1689,0
108,120,50.2302074105084,6.23884911324223,0.67429810037577,11.64,0,0,681,0
108,120,50.2302074105084,6.23884911324223,0.67429810037577,14.17,0,0,415,0
108,120,50.2302074105084,6.23884911324223,0.67429810037577,22.2,0,0,193,0
109,120,70.0809654427948,5.6241318592187,1.39745768439547,0,101,120000,0,1
109,120,70.0809654427948,5.6241318592187,1.39745768439547,0.49,0,0,505,0
109,120,70.0809654427948,5.6241318592187,1.39745768439547,3.24,0,0,1408,0
109,120,70.0809654427948,5.6241318592187,1.39745768439547,20.51,0,0,392,0
109,120,70.0809654427948,5.6241318592187,1.39745768439547,22.29,0,0,386,0
110,120,50.9020436252823,4.15106876801181,1.19013083119548,0,101,120000,0,1
110,120,50.9020436252823,4.15106876801181,1.19013083119548,8.52,0,0,1169,0
110,120,50.9020436252823,4.15106876801181,1.19013083119548,17.32,0,0,535,0
110,120,50.9020436252823,4.15106876801181,1.19013083119548,22.09,0,0,358,0
110,120,50.9020436252823,4.15106876801181,1.19013083119548,22.92,0,0,314,0
111,120,53.2289691817408,4.58730143089055,0.925786763225122,0,101,120000,0,1
111,120,53.2289691817408,4.58730143089055,0.925786763225122,0.52,0,0,830,0
111,120,53.2289691817408,4.58730143089055,0.925786763225122,7.83,0,0,1085,0
111,120,53.2289691817408,4.58730143089055,0.925786763225122,12.08,0,0,607,0
111,120,53.2289691817408,4.58730143089055,0.925786763225122,12.62,0,0,949,0
112,120,63.3060172894981,3.56644902635136,1.69718621911156,0,101,120000,0,1
112,120,63.3060172894981,3.56644902635136,1.69718621911156,3.3,0,0,1502,0
112,120,63.3060172894981,3.56644902635136,1.69718621911156,11.1,0,0,949,0
112,120,63.3060172894981,3.56644902635136,1.69718621911156,13.05,0,0,1237,0
112,120,63.3060172894981,3.56644902635136,1.69718621911156,18.71,0,0,805,0
113,120,47.8382170055268,3.00896027414421,0.827224883452432,0,101,120000,0,1
113,120,47.8382170055268,3.00896027414421,0.827224883452432,1.21,0,0,1494,0
113,120,47.8382170055268,3.00896027414421,0.827224883452432,1.65,0,0,1777,0
113,120,47.8382170055268,3.00896027414421,0.827224883452432,2.05,0,0,1927,0
113,120,47.8382170055268,3.00896027414421,0.827224883452432,12.46,0,0,941,0
114,120,55.9996547643806,5.08450503223861,1.26339973622994,0,101,120000,0,1
114,120,55.9996547643806,5.08450503223861,1.26339973622994,2.01,0,0,2112,0
114,120,55.9996547643806,5.08450503223861,1.26339973622994,6.52,0,0,842,0
114,120,55.9996547643806,5.08450503223861,1.26339973622994,10.59,0,0,1084,0
114,120,55.9996547643806,5.08450503223861,1.26339973622994,12.89,0,0,622,0
115,120,133.78715339146,3.20096161394993,0.823922411230505,0,101,120000,0,1
115,120,133.78715339146,3.20096161394993,0.823922411230505,1.63,0,0,548,0
115,120,133.78715339146,3.20096161394993,0.823922411230505,5.71,0,0,1110,0
115,120,133.78715339146,3.20096161394993,0.823922411230505,11.84,0,0,719,0
115,120,133.78715339146,3.20096161394993,0.823922411230505,17.21,0,0,612,0
116,120,51.4583541665417,4.40356992758136,0.977496803605025,0,101,120000,0,1
116,120,51.4583541665417,4.40356992758136,0.977496803605025,2.14,0,0,1650,0
116,120,51.4583541665417,4.40356992758136,0.977496803605025,5.55,0,0,1181,0
116,120,51.4583541665417,4.40356992758136,0.977496803605025,10.75,0,0,939,0
116,120,51.4583541665417,4.40356992758136,0.977496803605025,15.65,0,0,534,0
117,120,38.4769043283188,4.26183895247805,2.1752253559226,0,101,120000,0,1
117,120,38.4769043283188,4.26183895247805,2.1752253559226,3.45,0,0,2257,0
117,120,38.4769043283188,4.26183895247805,2.1752253559226,4.47,0,0,1608,0
117,120,38.4769043283188,4.26183895247805,2.1752253559226,12.43,0,0,543,0
117,120,38.4769043283188,4.26183895247805,2.1752253559226,21.61,0,0,300,0
118,120,53.3664188145621,4.67579104184791,0.848773429120592,0,101,120000,0,1
118,120,53.3664188145621,4.67579104184791,0.848773429120592,0.04,0,0,78,0
118,120,53.3664188145621,4.67579104184791,0.848773429120592,0.39,0,0,368,0
118,120,53.3664188145621,4.67579104184791,0.848773429120592,1.3,0,0,1185,0
118,120,53.3664188145621,4.67579104184791,0.848773429120592,14.11,0,0,1097,0
119,120,65.7665794992381,4.23445493771623,1.50031073236758,0,101,120000,0,1
119,120,65.7665794992381,4.23445493771623,1.50031073236758,7.69,0,0,1132,0
119,120,65.7665794992381,4.23445493771623,1.50031073236758,7.98,0,0,1258,0
119,120,65.7665794992381,4.23445493771623,1.50031073236758,9.99,0,0,879,0
119,120,65.7665794992381,4.23445493771623,1.50031073236758,17.96,0,0,530,0
120,120,59.7476368280265,3.86989142454673,1.70598827733886,0,101,120000,0,1
120,120,59.7476368280265,3.86989142454673,1.70598827733886,10.04,0,0,1110,0
120,120,59.7476368280265,3.86989142454673,1.70598827733886,20.98,0,0,608,0
120,120,59.7476368280265,3.86989142454673,1.70598827733886,23.46,0,0,478,0
120,120,59.7476368280265,3.86989142454673,1.70598827733886,23.64,0,0,296,0
