ID,DOSE,V,CL,KA,TIME,EVID,AMT,DV,EVIDNM
1,10,90.2549429407144,8.61459606008159,1.40881564397123,0,101,10000,0,1
1,10,90.2549429407144,8.61459606008159,1.40881564397123,3.7,0,0,56,0
1,10,90.2549429407144,8.61459606008159,1.40881564397123,17.14,0,0,26,0
1,10,90.2549429407144,8.61459606008159,1.40881564397123,19.17,0,0,26,0
1,10,90.2549429407144,8.61459606008159,1.40881564397123,23.15,0,0,14,0
2,10,77.9627115062693,2.59052722596174,0.921047524720875,0,101,10000,0,1
2,10,77.9627115062693,2.59052722596174,0.921047524720875,4.07,0,0,89,0
2,10,77.9627115062693,2.59052722596174,0.921047524720875,14.43,0,0,79,0
2,10,77.9627115062693,2.59052722596174,0.921047524720875,15.39,0,0,71,0
2,10,77.9627115062693,2.59052722596174,0.921047524720875,21.24,0,0,57,0
3,10,79.8971451603447,3.28941704108871,0.598195728418541,0,101,10000,0,1
3,10,79.8971451603447,3.28941704108871,0.598195728418541,0.33,0,0,13,0
3,10,79.8971451603447,3.28941704108871,0.598195728418541,13.02,0,0,87,0
3,10,79.8971451603447,3.28941704108871,0.598195728418541,14.55,0,0,66,0
3,10,79.8971451603447,3.28941704108871,0.598195728418541,22.96,0,0,45,0
4,10,70.6257368746646,3.69179101882523,1.66809561011943,0,101,10000,0,1
4,10,70.6257368746646,3.69179101882523,1.66809561011943,1.13,0,0,130,0
4,10,70.6257368746646,3.69179101882523,1.66809561011943,14.89,0,0,98,0
4,10,70.6257368746646,3.69179101882523,1.66809561011943,16.96,0,0,48,0
4,10,70.6257368746646,3.69179101882523,1.66809561011943,19.52,0,0,56,0
5,10,72.337398100334,3.37952529255825,0.853130974813019,0,101,10000,0,1
5,10,72.337398100334,3.37952529255825,0.853130974813019,0.52,0,0,51,0
5,10,72.337398100334,3.37952529255825,0.853130974813019,12.02,0,0,102,0
5,10,72.337398100334,3.37952529255825,0.853130974813019,16.56,0,0,57,0
5,10,72.337398100334,3.37952529255825,0.853130974813019,20.91,0,0,56,0
6,10,72.6042089841193,2.90020204262812,0.830460163921236,0,101,10000,0,1
6,10,72.6042089841193,2.90020204262812,0.830460163921236,4.03,0,0,110,0
6,10,72.6042089841193,2.90020204262812,0.830460163921236,5.43,0,0,102,0
6,10,72.6042089841193,2.90020204262812,0.830460163921236,8.21,0,0,120,0
6,10,72.6042089841193,2.90020204262812,0.830460163921236,23.54,0,0,63,0
7,10,39.5816644928632,4.29529041572402,2.13775984230601,0,101,10000,0,1
7,10,39.5816644928632,4.29529041572402,2.13775984230601,1.61,0,0,249,0
7,10,39.5816644928632,4.29529041572402,2.13775984230601,4.98,0,0,103,0
7,10,39.5816644928632,4.29529041572402,2.13775984230601,6.78,0,0,144,0
7,10,39.5816644928632,4.29529041572402,2.13775984230601,9.27,0,0,92,0
8,10,44.9236086090485,3.08990531751355,0.876006050151373,0,101,10000,0,1
8,10,44.9236086090485,3.08990531751355,0.876006050151373,6.38,0,0,154,0
8,10,44.9236086090485,3.08990531751355,0.876006050151373,9.15,0,0,145,0
8,10,44.9236086090485,3.08990531751355,0.876006050151373,13.08,0,0,75,0
8,10,44.9236086090485,3.08990531751355,0.876006050151373,13.7,0,0,76,0
9,10,52.308566558062,3.56196216263389,1.15832895699128,0,101,10000,0,1
9,10,52.308566558062,3.56196216263389,1.15832895699128,3.73,0,0,172,0
9,10,52.308566558062,3.56196216263389,1.15832895699128,7.99,0,0,103,0
9,10,52.308566558062,3.56196216263389,1.15832895699128,12.43,0,0,111,0
9,10,52.308566558062,3.56196216263389,1.15832895699128,18.18,0,0,54,0
10,10,50.0914021513095,3.41644555467318,0.708843679766686,0,101,10000,0,1
10,10,50.0914021513095,3.41644555467318,0.708843679766686,7.59,0,0,169,0
10,10,50.0914021513095,3.41644555467318,0.708843679766686,14.58,0,0,92,0
10,10,50.0914021513095,3.41644555467318,0.708843679766686,17.11,0,0,63,0
10,10,50.0914021513095,3.41644555467318,0.708843679766686,22.51,0,0,47,0
11,10,72.0360041821843,2.84584240432655,0.986225706380246,0,101,10000,0,1
11,10,72.0360041821843,2.84584240432655,0.986225706380246,0.45,0,0,42,0
11,10,72.0360041821843,2.84584240432655,0.986225706380246,5.31,0,0,110,0
11,10,72.0360041821843,2.84584240432655,0.986225706380246,11.07,0,0,89,0
11,10,72.0360041821843,2.84584240432655,0.986225706380246,22.02,0,0,54,0
12,10,55.9111929349236,4.34358964620262,1.30686377187539,0,101,10000,0,1
12,10,55.9111929349236,4.34358964620262,1.30686377187539,2.17,0,0,157,0
12,10,55.9111929349236,4.34358964620262,1.30686377187539,13.46,0,0,59,0
12,10,55.9111929349236,4.34358964620262,1.30686377187539,18.33,0,0,50,0
12,10,55.9111929349236,4.34358964620262,1.30686377187539,21.68,0,0,40,0
13,10,63.7528467348485,4.21967521536684,1.55808234993411,0,101,10000,0,1
13,10,63.7528467348485,4.21967521536684,1.55808234993411,0.19,0,0,38,0
13,10,63.7528467348485,4.21967521536684,1.55808234993411,7.1,0,0,91,0
13,10,63.7528467348485,4.21967521536684,1.55808234993411,11.79,0,0,50,0
13,10,63.7528467348485,4.21967521536684,1.55808234993411,15.03,0,0,55,0
14,10,27.76762174038,4.26472092072679,0.659412958575986,0,101,10000,0,1
14,10,27.76762174038,4.26472092072679,0.659412958575986,0.86,0,0,128,0
14,10,27.76762174038,4.26472092072679,0.659412958575986,2.73,0,0,195,0
14,10,27.76762174038,4.26472092072679,0.659412958575986,11.05,0,0,98,0
14,10,27.76762174038,4.26472092072679,0.659412958575986,17.34,0,0,29,0
15,10,55.9569965610514,3.96030621399776,0.944343265943254,0,101,10000,0,1
15,10,55.9569965610514,3.96030621399776,0.944343265943254,6.94,0,0,115,0
15,10,55.9569965610514,3.96030621399776,0.944343265943254,11.41,0,0,96,0
15,10,55.9569965610514,3.96030621399776,0.944343265943254,14.12,0,0,77,0
15,10,55.9569965610514,3.96030621399776,0.944343265943254,23.04,0,0,37,0
16,10,56.5380008705555,3.25017688720793,0.846012697919231,0,101,10000,0,1
16,10,56.5380008705555,3.25017688720793,0.846012697919231,2.68,0,0,117,0
16,10,56.5380008705555,3.25017688720793,0.846012697919231,7.56,0,0,88,0
16,10,56.5380008705555,3.25017688720793,0.846012697919231,15.56,0,0,83,0
16,10,56.5380008705555,3.25017688720793,0.846012697919231,17.36,0,0,74,0
17,10,88.4950250147739,3.629835283918,0.868407582885141,0,101,10000,0,1
17,10,88.4950250147739,3.629835283918,0.868407582885141,0.24,0,0,15,0
17,10,88.4950250147739,3.629835283918,0.868407582885141,9.71,0,0,67,0
17,10,88.4950250147739,3.629835283918,0.868407582885141,18.64,0,0,59,0
17,10,88.4950250147739,3.629835283918,0.868407582885141,19.22,0,0,63,0
18,10,56.7112642474593,2.59259482976232,0.762742850245112,0,101,10000,0,1
18,10,56.7112642474593,2.59259482976232,0.762742850245112,2.49,0,0,210,0
18,10,56.7112642474593,2.59259482976232,0.762742850245112,8.65,0,0,182,0
18,10,56.7112642474593,2.59259482976232,0.762742850245112,16.68,0,0,83,0
18,10,56.7112642474593,2.59259482976232,0.762742850245112,20.72,0,0,71,0
19,10,44.8498598031313,3.63643233512107,1.15819790216676,0,101,10000,0,1
19,10,44.8498598031313,3.63643233512107,1.15819790216676,4.65,0,0,96,0
19,10,44.8498598031313,3.63643233512107,1.15819790216676,9.12,0,0,154,0
19,10,44.8498598031313,3.63643233512107,1.15819790216676,9.58,0,0,87,0
19,10,44.8498598031313,3.63643233512107,1.15819790216676,14.09,0,0,60,0
20,10,94.4367260126777,5.88987883886698,0.91111858877322,0,101,10000,0,1
20,10,94.4367260126777,5.88987883886698,0.91111858877322,15.5,0,0,33,0
20,10,94.4367260126777,5.88987883886698,0.91111858877322,17.9,0,0,38,0
20,10,94.4367260126777,5.88987883886698,0.91111858877322,18.6,0,0,32,0
20,10,94.4367260126777,5.88987883886698,0.91111858877322,21.13,0,0,27,0
21,10,84.6379729312665,3.53973244215999,0.854426378394013,0,101,10000,0,1
21,10,84.6379729312665,3.53973244215999,0.854426378394013,6.07,0,0,117,0
21,10,84.6379729312665,3.53973244215999,0.854426378394013,7.9,0,0,102,0
21,10,84.6379729312665,3.53973244215999,0.854426378394013,20.07,0,0,67,0
21,10,84.6379729312665,3.53973244215999,0.854426378394013,22.25,0,0,49,0
22,10,47.1834974880516,6.72836836724909,1.27647134303498,0,101,10000,0,1
22,10,47.1834974880516,6.72836836724909,1.27647134303498,0.26,0,0,69,0
22,10,47.1834974880516,6.72836836724909,1.27647134303498,0.7,0,0,143,0
22,10,47.1834974880516,6.72836836724909,1.27647134303498,5.44,0,0,137,0
22,10,47.1834974880516,6.72836836724909,1.27647134303498,7.84,0,0,67,0
23,10,133.40963191789,6.58152056214211,0.971284596562219,0,101,10000,0,1
23,10,133.40963191789,6.58152056214211,0.971284596562219,3.49,0,0,65,0
23,10,133.40963191789,6.58152056214211,0.971284596562219,4.65,0,0,87,0
23,10,133.40963191789,6.58152056214211,0.971284596562219,4.87,0,0,52,0
23,10,133.40963191789,6.58152056214211,0.971284596562219,15.42,0,0,39,0
24,10,45.2196290453221,3.26240236422866,1.0628391299043,0,101,10000,0,1
24,10,45.2196290453221,3.26240236422866,1.0628391299043,1.88,0,0,136,0
24,10,45.2196290453221,3.26240236422866,1.0628391299043,3.54,0,0,184,0
24,10,45.2196290453221,3.26240236422866,1.0628391299043,13.04,0,0,92,0
24,10,45.2196290453221,3.26240236422866,1.0628391299043,21.46,0,0,64,0
25,10,71.8390126805279,3.45062558097588,0.771844811364541,0,101,10000,0,1
25,10,71.8390126805279,3.45062558097588,0.771844811364541,0.72,0,0,60,0
25,10,71.8390126805279,3.45062558097588,0.771844811364541,12.43,0,0,87,0
25,10,71.8390126805279,3.45062558097588,0.771844811364541,13.08,0,0,74,0
25,10,71.8390126805279,3.45062558097588,0.771844811364541,20.56,0,0,70,0
26,10,49.3026196290301,3.71331912695323,0.77928440355155,0,101,10000,0,1
26,10,49.3026196290301,3.71331912695323,0.77928440355155,4.54,0,0,169,0
26,10,49.3026196290301,3.71331912695323,0.77928440355155,6.16,0,0,115,0
26,10,49.3026196290301,3.71331912695323,0.77928440355155,9.02,0,0,129,0
26,10,49.3026196290301,3.71331912695323,0.77928440355155,21.46,0,0,45,0
27,10,65.3630344872931,3.13453040774039,0.942892552216616,0,101,10000,0,1
27,10,65.3630344872931,3.13453040774039,0.942892552216616,7.14,0,0,155,0
27,10,65.3630344872931,3.13453040774039,0.942892552216616,8.39,0,0,128,0
27,10,65.3630344872931,3.13453040774039,0.942892552216616,11.6,0,0,80,0
27,10,65.3630344872931,3.13453040774039,0.942892552216616,14.63,0,0,53,0
28,10,92.3944282908939,4.75006643730258,0.708111766260608,0,101,10000,0,1
28,10,92.3944282908939,4.75006643730258,0.708111766260608,3.52,0,0,78,0
28,10,92.3944282908939,4.75006643730258,0.708111766260608,3.82,0,0,79,0
28,10,92.3944282908939,4.75006643730258,0.708111766260608,4.12,0,0,91,0
28,10,92.3944282908939,4.75006643730258,0.708111766260608,16.88,0,0,38,0
29,10,103.831001707962,4.78933703044979,1.10507675196378,0,101,10000,0,1
29,10,103.831001707962,4.78933703044979,1.10507675196378,5.39,0,0,82,0
29,10,103.831001707962,4.78933703044979,1.10507675196378,11.6,0,0,82,0
29,10,103.831001707962,4.78933703044979,1.10507675196378,16.77,0,0,56,0
29,10,103.831001707962,4.78933703044979,1.10507675196378,19.78,0,0,43,0
30,10,93.9480182796023,4.41898722202099,0.742069436646803,0,101,10000,0,1
30,10,93.9480182796023,4.41898722202099,0.742069436646803,4.75,0,0,80,0
30,10,93.9480182796023,4.41898722202099,0.742069436646803,6.08,0,0,94,0
30,10,93.9480182796023,4.41898722202099,0.742069436646803,10.45,0,0,67,0
30,10,93.9480182796023,4.41898722202099,0.742069436646803,15.88,0,0,52,0
31,30,60.5237415416726,3.54946392125346,0.81081977174106,0,101,30000,0,1
31,30,60.5237415416726,3.54946392125346,0.81081977174106,6.57,0,0,388,0
31,30,60.5237415416726,3.54946392125346,0.81081977174106,15.92,0,0,135,0
31,30,60.5237415416726,3.54946392125346,0.81081977174106,22.44,0,0,151,0
31,30,60.5237415416726,3.54946392125346,0.81081977174106,22.7,0,0,145,0
32,30,66.5131059169292,5.48025171066787,1.28514161995268,0,101,30000,0,1
32,30,66.5131059169292,5.48025171066787,1.28514161995268,8.78,0,0,284,0
32,30,66.5131059169292,5.48025171066787,1.28514161995268,10.15,0,0,245,0
32,30,66.5131059169292,5.48025171066787,1.28514161995268,14.6,0,0,91,0
32,30,66.5131059169292,5.48025171066787,1.28514161995268,20.84,0,0,94,0
33,30,85.1050479195103,3.98073387902845,0.513073370349094,0,101,30000,0,1
33,30,85.1050479195103,3.98073387902845,0.513073370349094,0.62,0,0,88,0
33,30,85.1050479195103,3.98073387902845,0.513073370349094,4.38,0,0,329,0
33,30,85.1050479195103,3.98073387902845,0.513073370349094,6.83,0,0,343,0
33,30,85.1050479195103,3.98073387902845,0.513073370349094,8.21,0,0,292,0
34,30,76.7147415684272,2.17525370734682,0.736354107133287,0,101,30000,0,1
34,30,76.7147415684272,2.17525370734682,0.736354107133287,1.25,0,0,140,0
34,30,76.7147415684272,2.17525370734682,0.736354107133287,9.44,0,0,285,0
34,30,76.7147415684272,2.17525370734682,0.736354107133287,15.42,0,0,220,0
34,30,76.7147415684272,2.17525370734682,0.736354107133287,17.3,0,0,272,0
35,30,71.8763193946038,3.98226696021743,0.783958028903878,0,101,30000,0,1
35,30,71.8763193946038,3.98226696021743,0.783958028903878,4.89,0,0,350,0
35,30,71.8763193946038,3.98226696021743,0.783958028903878,9.56,0,0,229,0
35,30,71.8763193946038,3.98226696021743,0.783958028903878,10.54,0,0,250,0
35,30,71.8763193946038,3.98226696021743,0.783958028903878,21.17,0,0,143,0
36,30,80.3691103460265,5.04352507593035,0.416382269950291,0,101,30000,0,1
36,30,80.3691103460265,5.04352507593035,0.416382269950291,4.99,0,0,333,0
36,30,80.3691103460265,5.04352507593035,0.416382269950291,12.98,0,0,192,0
36,30,80.3691103460265,5.04352507593035,0.416382269950291,13.19,0,0,191,0
36,30,80.3691103460265,5.04352507593035,0.416382269950291,22.59,0,0,103,0
37,30,66.6436720525709,3.4446036014945,0.861471113649509,0,101,30000,0,1
37,30,66.6436720525709,3.4446036014945,0.861471113649509,1.32,0,0,235,0
37,30,66.6436720525709,3.4446036014945,0.861471113649509,7.46,0,0,278,0
37,30,66.6436720525709,3.4446036014945,0.861471113649509,17.48,0,0,187,0
37,30,66.6436720525709,3.4446036014945,0.861471113649509,22.02,0,0,213,0
38,30,48.6873988415797,6.15389094778979,1.14593571108275,0,101,30000,0,1
38,30,48.6873988415797,6.15389094778979,1.14593571108275,2.84,0,0,554,0
38,30,48.6873988415797,6.15389094778979,1.14593571108275,13.68,0,0,113,0
38,30,48.6873988415797,6.15389094778979,1.14593571108275,14.69,0,0,96,0
38,30,48.6873988415797,6.15389094778979,1.14593571108275,15.32,0,0,91,0
39,30,77.656364677337,2.88247432809932,0.700478528926065,0,101,30000,0,1
39,30,77.656364677337,2.88247432809932,0.700478528926065,7.94,0,0,386,0
39,30,77.656364677337,2.88247432809932,0.700478528926065,9.56,0,0,264,0
39,30,77.656364677337,2.88247432809932,0.700478528926065,13.99,0,0,244,0
39,30,77.656364677337,2.88247432809932,0.700478528926065,22.26,0,0,203,0
40,30,73.7543840266172,4.71707851290973,1.3426350467833,0,101,30000,0,1
40,30,73.7543840266172,4.71707851290973,1.3426350467833,1.72,0,0,261,0
40,30,73.7543840266172,4.71707851290973,1.3426350467833,7.2,0,0,296,0
40,30,73.7543840266172,4.71707851290973,1.3426350467833,11.63,0,0,177,0
40,30,73.7543840266172,4.71707851290973,1.3426350467833,20.88,0,0,112,0
41,30,79.0701161014509,2.77445167775137,0.872042823478669,0,101,30000,0,1
41,30,79.0701161014509,2.77445167775137,0.872042823478669,4.03,0,0,284,0
41,30,79.0701161014509,2.77445167775137,0.872042823478669,8.05,0,0,343,0
41,30,79.0701161014509,2.77445167775137,0.872042823478669,10.96,0,0,319,0
41,30,79.0701161014509,2.77445167775137,0.872042823478669,16.38,0,0,192,0
42,30,51.8605838667393,4.28544242886746,0.996399133362968,0,101,30000,0,1
42,30,51.8605838667393,4.28544242886746,0.996399133362968,0.17,0,0,91,0
42,30,51.8605838667393,4.28544242886746,0.996399133362968,0.35,0,0,154,0
42,30,51.8605838667393,4.28544242886746,0.996399133362968,15.55,0,0,175,0
42,30,51.8605838667393,4.28544242886746,0.996399133362968,19.81,0,0,127,0
43,30,69.8244461655758,5.87703030035279,0.907088446717957,0,101,30000,0,1
43,30,69.8244461655758,5.87703030035279,0.907088446717957,13.52,0,0,167,0
43,30,69.8244461655758,5.87703030035279,0.907088446717957,14.19,0,0,147,0
43,30,69.8244461655758,5.87703030035279,0.907088446717957,17.48,0,0,80,0
43,30,69.8244461655758,5.87703030035279,0.907088446717957,21.09,0,0,76,0
44,30,47.3878873684213,3.52287093985676,1.04072484866562,0,101,30000,0,1
44,30,47.3878873684213,3.52287093985676,1.04072484866562,2.43,0,0,627,0
44,30,47.3878873684213,3.52287093985676,1.04072484866562,17.18,0,0,163,0
44,30,47.3878873684213,3.52287093985676,1.04072484866562,18.07,0,0,184,0
44,30,47.3878873684213,3.52287093985676,1.04072484866562,23.69,0,0,134,0
45,30,47.9803022598771,8.20722292145576,0.636723935676316,0,101,30000,0,1
45,30,47.9803022598771,8.20722292145576,0.636723935676316,12.6,0,0,107,0
45,30,47.9803022598771,8.20722292145576,0.636723935676316,14.24,0,0,100,0
45,30,47.9803022598771,8.20722292145576,0.636723935676316,22.92,0,0,16,0
45,30,47.9803022598771,8.20722292145576,0.636723935676316,23.83,0,0,12,0
46,30,83.1538455852927,2.43375002115136,1.384104656959,0,101,30000,0,1
46,30,83.1538455852927,2.43375002115136,1.384104656959,10.16,0,0,268,0
46,30,83.1538455852927,2.43375002115136,1.384104656959,16.26,0,0,293,0
46,30,83.1538455852927,2.43375002115136,1.384104656959,16.64,0,0,344,0
46,30,83.1538455852927,2.43375002115136,1.384104656959,18.58,0,0,123,0
47,30,75.5777615964532,3.91412490399026,0.9270794538248,0,101,30000,0,1
47,30,75.5777615964532,3.91412490399026,0.9270794538248,4.9,0,0,346,0
47,30,75.5777615964532,3.91412490399026,0.9270794538248,5.64,0,0,302,0
47,30,75.5777615964532,3.91412490399026,0.9270794538248,16.51,0,0,177,0
47,30,75.5777615964532,3.91412490399026,0.9270794538248,22.15,0,0,122,0
48,30,79.809157993563,3.69285735376723,1.73838807931446,0,101,30000,0,1
48,30,79.809157993563,3.69285735376723,1.73838807931446,0.09,0,0,65,0
48,30,79.809157993563,3.69285735376723,1.73838807931446,8.02,0,0,224,0
48,30,79.809157993563,3.69285735376723,1.73838807931446,16.39,0,0,160,0
48,30,79.809157993563,3.69285735376723,1.73838807931446,17.73,0,0,150,0
49,30,60.1046932311098,5.44571092773555,1.22989063793959,0,101,30000,0,1
49,30,60.1046932311098,5.44571092773555,1.22989063793959,6.43,0,0,216,0
49,30,60.1046932311098,5.44571092773555,1.22989063793959,7.26,0,0,346,0
49,30,60.1046932311098,5.44571092773555,1.22989063793959,11.58,0,0,170,0
49,30,60.1046932311098,5.44571092773555,1.22989063793959,15.3,0,0,127,0
50,30,52.5528106599301,3.75124743897969,1.20494881742879,0,101,30000,0,1
50,30,52.5528106599301,3.75124743897969,1.20494881742879,3.51,0,0,492,0
50,30,52.5528106599301,3.75124743897969,1.20494881742879,3.92,0,0,467,0
50,30,52.5528106599301,3.75124743897969,1.20494881742879,7.99,0,0,322,0
50,30,52.5528106599301,3.75124743897969,1.20494881742879,14.67,0,0,230,0
51,30,73.7138557129655,4.03934699083276,0.828646432682141,0,101,30000,0,1
51,30,73.7138557129655,4.03934699083276,0.828646432682141,8.22,0,0,252,0
51,30,73.7138557129655,4.03934699083276,0.828646432682141,12.34,0,0,158,0
51,30,73.7138557129655,4.03934699083276,0.828646432682141,15.86,0,0,155,0
51,30,73.7138557129655,4.03934699083276,0.828646432682141,23.57,0,0,100,0
52,30,80.9779821292154,4.53131408725858,0.849712688720481,0,101,30000,0,1
52,30,80.9779821292154,4.53131408725858,0.849712688720481,2.43,0,0,316,0
52,30,80.9779821292154,4.53131408725858,0.849712688720481,14.12,0,0,178,0
52,30,80.9779821292154,4.53131408725858,0.849712688720481,17.76,0,0,210,0
52,30,80.9779821292154,4.53131408725858,0.849712688720481,20.98,0,0,90,0
53,30,85.065736588488,3.8596356838317,1.04703390709149,0,101,30000,0,1
53,30,85.065736588488,3.8596356838317,1.04703390709149,16.96,0,0,206,0
53,30,85.065736588488,3.8596356838317,1.04703390709149,20.87,0,0,86,0
53,30,85.065736588488,3.8596356838317,1.04703390709149,21.82,0,0,143,0
53,30,85.065736588488,3.8596356838317,1.04703390709149,23.14,0,0,118,0
54,30,39.7968375190231,4.23337140181399,0.86002644447387,0,101,30000,0,1
54,30,39.7968375190231,4.23337140181399,0.86002644447387,10.22,0,0,370,0
54,30,39.7968375190231,4.23337140181399,0.86002644447387,11.64,0,0,222,0
54,30,39.7968375190231,4.23337140181399,0.86002644447387,16.46,0,0,150,0
54,30,39.7968375190231,4.23337140181399,0.86002644447387,22.23,0,0,106,0
55,30,47.1005212207864,2.69700034681431,1.7187644569366,0,101,30000,0,1
55,30,47.1005212207864,2.69700034681431,1.7187644569366,2.35,0,0,437,0
55,30,47.1005212207864,2.69700034681431,1.7187644569366,4.31,0,0,513,0
55,30,47.1005212207864,2.69700034681431,1.7187644569366,17.15,0,0,377,0
55,30,47.1005212207864,2.69700034681431,1.7187644569366,22.13,0,0,234,0
56,30,66.9185460762113,5.80230079387425,1.87935833316911,0,101,30000,0,1
56,30,66.9185460762113,5.80230079387425,1.87935833316911,7.61,0,0,272,0
56,30,66.9185460762113,5.80230079387425,1.87935833316911,7.77,0,0,299,0
56,30,66.9185460762113,5.80230079387425,1.87935833316911,14.98,0,0,94,0
56,30,66.9185460762113,5.80230079387425,1.87935833316911,21.56,0,0,80,0
57,30,60.4563642920774,4.66985170907774,0.699115962028049,0,101,30000,0,1
57,30,60.4563642920774,4.66985170907774,0.699115962028049,1.7,0,0,272,0
57,30,60.4563642920774,4.66985170907774,0.699115962028049,5.21,0,0,347,0
57,30,60.4563642920774,4.66985170907774,0.699115962028049,20.05,0,0,107,0
57,30,60.4563642920774,4.66985170907774,0.699115962028049,22.45,0,0,105,0
58,30,60.527943821193,4.58830180483128,0.684126033737487,0,101,30000,0,1
58,30,60.527943821193,4.58830180483128,0.684126033737487,0.67,0,0,230,0
58,30,60.527943821193,4.58830180483128,0.684126033737487,1.27,0,0,261,0
58,30,60.527943821193,4.58830180483128,0.684126033737487,4.33,0,0,321,0
58,30,60.527943821193,4.58830180483128,0.684126033737487,16.69,0,0,176,0
59,30,89.7654599230317,3.19613211760019,1.46921347312029,0,101,30000,0,1
59,30,89.7654599230317,3.19613211760019,1.46921347312029,3.24,0,0,386,0
59,30,89.7654599230317,3.19613211760019,1.46921347312029,4.57,0,0,200,0
59,30,89.7654599230317,3.19613211760019,1.46921347312029,14.95,0,0,178,0
59,30,89.7654599230317,3.19613211760019,1.46921347312029,16.05,0,0,185,0
60,30,91.4578311104598,5.12570658203883,0.912308797208783,0,101,30000,0,1
60,30,91.4578311104598,5.12570658203883,0.912308797208783,10.11,0,0,225,0
60,30,91.4578311104598,5.12570658203883,0.912308797208783,11.52,0,0,172,0
60,30,91.4578311104598,5.12570658203883,0.912308797208783,18.21,0,0,98,0
60,30,91.4578311104598,5.12570658203883,0.912308797208783,19.47,0,0,109,0
61,60,68.8353845774558,3.3229098749865,0.914862893340519,0,101,60000,0,1
61,60,68.8353845774558,3.3229098749865,0.914862893340519,12.55,0,0,493,0
61,60,68.8353845774558,3.3229098749865,0.914862893340519,14.11,0,0,544,0
61,60,68.8353845774558,3.3229098749865,0.914862893340519,19.18,0,0,293,0
61,60,68.8353845774558,3.3229098749865,0.914862893340519,21.39,0,0,301,0
62,60,54.5182139248907,4.93619043388118,0.635713798226861,0,101,60000,0,1
62,60,54.5182139248907,4.93619043388118,0.635713798226861,4.47,0,0,874,0
62,60,54.5182139248907,4.93619043388118,0.635713798226861,6.02,0,0,1074,0
62,60,54.5182139248907,4.93619043388118,0.635713798226861,15.06,0,0,313,0
62,60,54.5182139248907,4.93619043388118,0.635713798226861,18.11,0,0,262,0
63,60,44.4485862638419,4.90460279651394,1.33902692742057,0,101,60000,0,1
63,60,44.4485862638419,4.90460279651394,1.33902692742057,3.83,0,0,1105,0
63,60,44.4485862638419,4.90460279651394,1.33902692742057,12.42,0,0,470,0
63,60,44.4485862638419,4.90460279651394,1.33902692742057,20.19,0,0,189,0
63,60,44.4485862638419,4.90460279651394,1.33902692742057,23.61,0,0,97,0
64,60,92.716327959619,3.80520077379475,0.726460195917123,0,101,60000,0,1
64,60,92.716327959619,3.80520077379475,0.726460195917123,3.8,0,0,732,0
64,60,92.716327959619,3.80520077379475,0.726460195917123,9.5,0,0,475,0
64,60,92.716327959619,3.80520077379475,0.726460195917123,10.42,0,0,646,0
64,60,92.716327959619,3.80520077379475,0.726460195917123,19.74,0,0,433,0
65,60,118.467244763279,2.97770544505275,0.960050405840435,0,101,60000,0,1
65,60,118.467244763279,2.97770544505275,0.960050405840435,6.84,0,0,474,0
65,60,118.467244763279,2.97770544505275,0.960050405840435,8.61,0,0,416,0
65,60,118.467244763279,2.97770544505275,0.960050405840435,9.74,0,0,465,0
65,60,118.467244763279,2.97770544505275,0.960050405840435,12.73,0,0,465,0
66,60,52.2078707193801,3.37413281805911,0.953360238094908,0,101,60000,0,1
66,60,52.2078707193801,3.37413281805911,0.953360238094908,6.52,0,0,713,0
66,60,52.2078707193801,3.37413281805911,0.953360238094908,14.6,0,0,439,0
66,60,52.2078707193801,3.37413281805911,0.953360238094908,16,0,0,621,0
66,60,52.2078707193801,3.37413281805911,0.953360238094908,16.52,0,0,330,0
67,60,78.0794899210521,3.29715317691233,1.64989217581984,0,101,60000,0,1
67,60,78.0794899210521,3.29715317691233,1.64989217581984,3.59,0,0,740,0
67,60,78.0794899210521,3.29715317691233,1.64989217581984,18.63,0,0,378,0
67,60,78.0794899210521,3.29715317691233,1.64989217581984,21.04,0,0,234,0
67,60,78.0794899210521,3.29715317691233,1.64989217581984,21.34,0,0,285,0
68,60,55.4455559260323,3.25902752835195,0.799644240828445,0,101,60000,0,1
68,60,55.4455559260323,3.25902752835195,0.799644240828445,9.47,0,0,552,0
68,60,55.4455559260323,3.25902752835195,0.799644240828445,21.64,0,0,406,0
68,60,55.4455559260323,3.25902752835195,0.799644240828445,22.39,0,0,353,0
68,60,55.4455559260323,3.25902752835195,0.799644240828445,22.78,0,0,312,0
69,60,78.3393755584114,4.10528902658942,0.981489150073243,0,101,60000,0,1
69,60,78.3393755584114,4.10528902658942,0.981489150073243,6.27,0,0,583,0
69,60,78.3393755584114,4.10528902658942,0.981489150073243,7.03,0,0,391,0
69,60,78.3393755584114,4.10528902658942,0.981489150073243,12.03,0,0,287,0
69,60,78.3393755584114,4.10528902658942,0.981489150073243,21.25,0,0,240,0
70,60,112.35410612313,6.48142609980453,0.728482187777664,0,101,60000,0,1
70,60,112.35410612313,6.48142609980453,0.728482187777664,5.24,0,0,367,0
70,60,112.35410612313,6.48142609980453,0.728482187777664,14.1,0,0,158,0
70,60,112.35410612313,6.48142609980453,0.728482187777664,14.12,0,0,377,0
70,60,112.35410612313,6.48142609980453,0.728482187777664,19.44,0,0,187,0
71,60,74.9211731945476,2.93566500060974,1.46043099286078,0,101,60000,0,1
71,60,74.9211731945476,2.93566500060974,1.46043099286078,6.73,0,0,503,0
71,60,74.9211731945476,2.93566500060974,1.46043099286078,12.14,0,0,417,0
71,60,74.9211731945476,2.93566500060974,1.46043099286078,15.28,0,0,435,0
71,60,74.9211731945476,2.93566500060974,1.46043099286078,19.57,0,0,460,0
72,60,60.4777497466568,5.13909150595532,0.741835663669124,0,101,60000,0,1
72,60,60.4777497466568,5.13909150595532,0.741835663669124,5.5,0,0,637,0
72,60,60.4777497466568,5.13909150595532,0.741835663669124,22.72,0,0,147,0
72,60,60.4777497466568,5.13909150595532,0.741835663669124,23.74,0,0,197,0
72,60,60.4777497466568,5.13909150595532,0.741835663669124,23.99,0,0,153,0
73,60,58.6045625735244,5.36389003233121,1.38177473107701,0,101,60000,0,1
73,60,58.6045625735244,5.36389003233121,1.38177473107701,5.41,0,0,724,0
73,60,58.6045625735244,5.36389003233121,1.38177473107701,9.14,0,0,545,0
73,60,58.6045625735244,5.36389003233121,1.38177473107701,11.6,0,0,310,0
73,60,58.6045625735244,5.36389003233121,1.38177473107701,19.21,0,0,171,0
74,60,91.7130965336979,4.10896133075121,0.800777378545719,0,101,60000,0,1
74,60,91.7130965336979,4.10896133075121,0.800777378545719,13.64,0,0,306,0
74,60,91.7130965336979,4.10896133075121,0.800777378545719,20.93,0,0,204,0
74,60,91.7130965336979,4.10896133075121,0.800777378545719,21.08,0,0,231,0
74,60,91.7130965336979,4.10896133075121,0.800777378545719,23.37,0,0,222,0
75,60,78.3403513843571,4.38225775300229,1.27031237598673,0,101,60000,0,1
75,60,78.3403513843571,4.38225775300229,1.27031237598673,1.92,0,0,571,0
75,60,78.3403513843571,4.38225775300229,1.27031237598673,7.44,0,0,638,0
75,60,78.3403513843571,4.38225775300229,1.27031237598673,8.7,0,0,494,0
75,60,78.3403513843571,4.38225775300229,1.27031237598673,12.41,0,0,531,0
76,60,63.6954866893428,6.99660660492154,1.71672684389768,0,101,60000,0,1
76,60,63.6954866893428,6.99660660492154,1.71672684389768,3.36,0,0,819,0
76,60,63.6954866893428,6.99660660492154,1.71672684389768,5.31,0,0,522,0
76,60,63.6954866893428,6.99660660492154,1.71672684389768,8.22,0,0,369,0
76,60,63.6954866893428,6.99660660492154,1.71672684389768,22.05,0,0,85,0
77,60,29.2714900579873,3.81955428822197,0.922994711155418,0,101,60000,0,1
77,60,29.2714900579873,3.81955428822197,0.922994711155418,1.18,0,0,1373,0
77,60,29.2714900579873,3.81955428822197,0.922994711155418,19.35,0,0,218,0
77,60,29.2714900579873,3.81955428822197,0.922994711155418,19.96,0,0,157,0
77,60,29.2714900579873,3.81955428822197,0.922994711155418,20.92,0,0,221,0
78,60,46.0996147575446,5.78405086556901,1.05674323619465,0,101,60000,0,1
78,60,46.0996147575446,5.78405086556901,1.05674323619465,14.31,0,0,244,0
78,60,46.0996147575446,5.78405086556901,1.05674323619465,16.58,0,0,212,0
78,60,46.0996147575446,5.78405086556901,1.05674323619465,17.41,0,0,123,0
78,60,46.0996147575446,5.78405086556901,1.05674323619465,20.87,0,0,112,0
79,60,57.5673235597656,3.86467379899881,1.22947237999155,0,101,60000,0,1
79,60,57.5673235597656,3.86467379899881,1.22947237999155,1.85,0,0,1326,0
79,60,57.5673235597656,3.86467379899881,1.22947237999155,1.94,0,0,1077,0
79,60,57.5673235597656,3.86467379899881,1.22947237999155,12.69,0,0,445,0
79,60,57.5673235597656,3.86467379899881,1.22947237999155,23.74,0,0,159,0
80,60,91.9146551905366,3.20502611106439,0.931273491888501,0,101,60000,0,1
80,60,91.9146551905366,3.20502611106439,0.931273491888501,7.76,0,0,520,0
80,60,91.9146551905366,3.20502611106439,0.931273491888501,11.21,0,0,477,0
80,60,91.9146551905366,3.20502611106439,0.931273491888501,11.82,0,0,643,0
80,60,91.9146551905366,3.20502611106439,0.931273491888501,22.3,0,0,334,0
81,60,79.5704821466847,6.52603757545228,1.12388983427819,0,101,60000,0,1
81,60,79.5704821466847,6.52603757545228,1.12388983427819,1,0,0,577,0
81,60,79.5704821466847,6.52603757545228,1.12388983427819,3.72,0,0,698,0
81,60,79.5704821466847,6.52603757545228,1.12388983427819,12.2,0,0,168,0
81,60,79.5704821466847,6.52603757545228,1.12388983427819,15.21,0,0,329,0
82,60,59.967262166138,4.61120980800351,0.827920508738757,0,101,60000,0,1
82,60,59.967262166138,4.61120980800351,0.827920508738757,3.46,0,0,718,0
82,60,59.967262166138,4.61120980800351,0.827920508738757,4.46,0,0,862,0
82,60,59.967262166138,4.61120980800351,0.827920508738757,11.31,0,0,489,0
82,60,59.967262166138,4.61120980800351,0.827920508738757,17.04,0,0,244,0
83,60,91.7130965336979,4.10896133075121,0.800777378545719,0,101,60000,0,1
83,60,91.7130965336979,4.10896133075121,0.800777378545719,13.64,0,0,306,0
83,60,91.7130965336979,4.10896133075121,0.800777378545719,20.93,0,0,204,0
83,60,91.7130965336979,4.10896133075121,0.800777378545719,21.08,0,0,231,0
83,60,91.7130965336979,4.10896133075121,0.800777378545719,23.37,0,0,222,0
84,60,57.1170465870829,3.81229542677951,0.93464797529458,0,101,60000,0,1
84,60,57.1170465870829,3.81229542677951,0.93464797529458,6.85,0,0,597,0
84,60,57.1170465870829,3.81229542677951,0.93464797529458,9.63,0,0,444,0
84,60,57.1170465870829,3.81229542677951,0.93464797529458,17.72,0,0,321,0
84,60,57.1170465870829,3.81229542677951,0.93464797529458,22.59,0,0,321,0
85,60,99.274197772947,4.21486495295362,1.14955543990348,0,101,60000,0,1
85,60,99.274197772947,4.21486495295362,1.14955543990348,0.47,0,0,276,0
85,60,99.274197772947,4.21486495295362,1.14955543990348,2.43,0,0,428,0
85,60,99.274197772947,4.21486495295362,1.14955543990348,3.75,0,0,469,0
85,60,99.274197772947,4.21486495295362,1.14955543990348,14.57,0,0,293,0
86,60,76.3217174090081,5.92360820033212,1.62794787133746,0,101,60000,0,1
86,60,76.3217174090081,5.92360820033212,1.62794787133746,1.68,0,0,582,0
86,60,76.3217174090081,5.92360820033212,1.62794787133746,19.81,0,0,236,0
86,60,76.3217174090081,5.92360820033212,1.62794787133746,23.03,0,0,141,0
86,60,76.3217174090081,5.92360820033212,1.62794787133746,23.57,0,0,137,0
87,60,73.4381294013676,4.13978902665362,0.709457770771428,0,101,60000,0,1
87,60,73.4381294013676,4.13978902665362,0.709457770771428,6.16,0,0,459,0
87,60,73.4381294013676,4.13978902665362,0.709457770771428,6.93,0,0,604,0
87,60,73.4381294013676,4.13978902665362,0.709457770771428,13.51,0,0,322,0
87,60,73.4381294013676,4.13978902665362,0.709457770771428,23.09,0,0,197,0
88,60,58.8662324070566,4.97497678967215,1.28392551948664,0,101,60000,0,1
88,60,58.8662324070566,4.97497678967215,1.28392551948664,1.37,0,0,976,0
88,60,58.8662324070566,4.97497678967215,1.28392551948664,7.79,0,0,833,0
88,60,58.8662324070566,4.97497678967215,1.28392551948664,15.28,0,0,183,0
88,60,58.8662324070566,4.97497678967215,1.28392551948664,23.03,0,0,102,0
89,60,71.5589027359013,4.40769348137292,0.528443785873097,0,101,60000,0,1
89,60,71.5589027359013,4.40769348137292,0.528443785873097,10.07,0,0,809,0
89,60,71.5589027359013,4.40769348137292,0.528443785873097,11.49,0,0,494,0
89,60,71.5589027359013,4.40769348137292,0.528443785873097,19.13,0,0,278,0
89,60,71.5589027359013,4.40769348137292,0.528443785873097,20.94,0,0,301,0
90,60,92.3854172213732,3.07433667354851,1.34702469495078,0,101,60000,0,1
90,60,92.3854172213732,3.07433667354851,1.34702469495078,4.8,0,0,685,0
90,60,92.3854172213732,3.07433667354851,1.34702469495078,6.37,0,0,459,0
90,60,92.3854172213732,3.07433667354851,1.34702469495078,7.1,0,0,635,0
90,60,92.3854172213732,3.07433667354851,1.34702469495078,23.63,0,0,273,0
91,120,59.6108171836916,3.3652089681029,1.02713724781561,0,101,120000,0,1
91,120,59.6108171836916,3.3652089681029,1.02713724781561,8.76,0,0,1578,0
91,120,59.6108171836916,3.3652089681029,1.02713724781561,15.52,0,0,904,0
91,120,59.6108171836916,3.3652089681029,1.02713724781561,19.72,0,0,667,0
91,120,59.6108171836916,3.3652089681029,1.02713724781561,20.05,0,0,556,0
92,120,78.7805225109514,3.01266832176636,1.31254228998915,0,101,120000,0,1
92,120,78.7805225109514,3.01266832176636,1.31254228998915,8.69,0,0,1020,0
92,120,78.7805225109514,3.01266832176636,1.31254228998915,14.45,0,0,821,0
92,120,78.7805225109514,3.01266832176636,1.31254228998915,16.99,0,0,602,0
92,120,78.7805225109514,3.01266832176636,1.31254228998915,18.65,0,0,790,0
93,120,86.5392347897352,4.3162479729041,1.23295684429144,0,101,120000,0,1
93,120,86.5392347897352,4.3162479729041,1.23295684429144,7.4,0,0,1176,0
93,120,86.5392347897352,4.3162479729041,1.23295684429144,12.7,0,0,766,0
93,120,86.5392347897352,4.3162479729041,1.23295684429144,16.78,0,0,585,0
93,120,86.5392347897352,4.3162479729041,1.23295684429144,18.18,0,0,719,0
94,120,79.9394945537775,6.05009893544857,1.01913572994327,0,101,120000,0,1
94,120,79.9394945537775,6.05009893544857,1.01913572994327,7.53,0,0,884,0
94,120,79.9394945537775,6.05009893544857,1.01913572994327,8.45,0,0,790,0
94,120,79.9394945537775,6.05009893544857,1.01913572994327,12.57,0,0,575,0
94,120,79.9394945537775,6.05009893544857,1.01913572994327,19.14,0,0,440,0
95,120,71.9015347761965,2.47500152990297,1.44486022163787,0,101,120000,0,1
95,120,71.9015347761965,2.47500152990297,1.44486022163787,0.13,0,0,286,0
95,120,71.9015347761965,2.47500152990297,1.44486022163787,0.27,0,0,505,0
95,120,71.9015347761965,2.47500152990297,1.44486022163787,11.07,0,0,1248,0
95,120,71.9015347761965,2.47500152990297,1.44486022163787,22.67,0,0,951,0
96,120,107.902142480395,6.30748831371451,1.00494864235597,0,101,120000,0,1
96,120,107.902142480395,6.30748831371451,1.00494864235597,11.07,0,0,731,0
96,120,107.902142480395,6.30748831371451,1.00494864235597,16.44,0,0,364,0
96,120,107.902142480395,6.30748831371451,1.00494864235597,18.99,0,0,379,0
96,120,107.902142480395,6.30748831371451,1.00494864235597,19.89,0,0,366,0
97,120,83.79346929481,3.3943796099662,1.203335845999,0,101,120000,0,1
97,120,83.79346929481,3.3943796099662,1.203335845999,4.5,0,0,1650,0
97,120,83.79346929481,3.3943796099662,1.203335845999,10.58,0,0,871,0
97,120,83.79346929481,3.3943796099662,1.203335845999,15.93,0,0,730,0
97,120,83.79346929481,3.3943796099662,1.203335845999,19.11,0,0,539,0
98,120,54.6936547239908,3.80091521742579,0.897893449221174,0,101,120000,0,1
98,120,54.6936547239908,3.80091521742579,0.897893449221174,0.12,0,0,205,0
98,120,54.6936547239908,3.80091521742579,0.897893449221174,3.14,0,0,1975,0
98,120,54.6936547239908,3.80091521742579,0.897893449221174,6.48,0,0,1358,0
98,120,54.6936547239908,3.80091521742579,0.897893449221174,11,0,0,1540,0
99,120,60.9793690707824,3.53998582080125,0.558436113642633,0,101,120000,0,1
99,120,60.9793690707824,3.53998582080125,0.558436113642633,2.91,0,0,1319,0
99,120,60.9793690707824,3.53998582080125,0.558436113642633,4.59,0,0,1316,0
99,120,60.9793690707824,3.53998582080125,0.558436113642633,11.02,0,0,1215,0
99,120,60.9793690707824,3.53998582080125,0.558436113642633,22.72,0,0,491,0
100,120,65.1641001970841,3.90988402716209,1.23129514009705,0,101,120000,0,1
100,120,65.1641001970841,3.90988402716209,1.23129514009705,6.44,0,0,1049,0
100,120,65.1641001970841,3.90988402716209,1.23129514009705,9.23,0,0,1363,0
100,120,65.1641001970841,3.90988402716209,1.23129514009705,21.98,0,0,506,0
100,120,65.1641001970841,3.90988402716209,1.23129514009705,22.24,0,0,374,0
101,120,91.9516507338152,3.95258211448794,1.05915725514717,0,101,120000,0,1
101,120,91.9516507338152,3.95258211448794,1.05915725514717,1.54,0,0,987,0
101,120,91.9516507338152,3.95258211448794,1.05915725514717,4.62,0,0,863,0
101,120,91.9516507338152,3.95258211448794,1.05915725514717,5.84,0,0,963,0
101,120,91.9516507338152,3.95258211448794,1.05915725514717,12.08,0,0,738,0
102,120,104.2117298776,2.39577609116943,1.18247469332169,0,101,120000,0,1
102,120,104.2117298776,2.39577609116943,1.18247469332169,3.16,0,0,1058,0
102,120,104.2117298776,2.39577609116943,1.18247469332169,9.3,0,0,1017,0
102,120,104.2117298776,2.39577609116943,1.18247469332169,17.75,0,0,525,0
102,120,104.2117298776,2.39577609116943,1.18247469332169,21.91,0,0,1062,0
103,120,49.0229965752793,4.17869799638988,0.787132003746219,0,101,120000,0,1
103,120,49.0229965752793,4.17869799638988,0.787132003746219,1.68,0,0,1876,0
103,120,49.0229965752793,4.17869799638988,0.787132003746219,6.67,0,0,1634,0
103,120,49.0229965752793,4.17869799638988,0.787132003746219,8.36,0,0,2154,0
103,120,49.0229965752793,4.17869799638988,0.787132003746219,10.84,0,0,1203,0
104,120,64.8754591876982,2.74968337355835,0.979177307459881,0,101,120000,0,1
104,120,64.8754591876982,2.74968337355835,0.979177307459881,5.07,0,0,1396,0
104,120,64.8754591876982,2.74968337355835,0.979177307459881,10.1,0,0,1177,0
104,120,64.8754591876982,2.74968337355835,0.979177307459881,21.86,0,0,556,0
104,120,64.8754591876982,2.74968337355835,0.979177307459881,22.04,0,0,962,0
105,120,65.7571397283758,4.28300980029795,0.862606076986042,0,101,120000,0,1
105,120,65.7571397283758,4.28300980029795,0.862606076986042,7.47,0,0,1116,0
105,120,65.7571397283758,4.28300980029795,0.862606076986042,8.5,0,0,1577,0
105,120,65.7571397283758,4.28300980029795,0.862606076986042,10.15,0,0,974,0
105,120,65.7571397283758,4.28300980029795,0.862606076986042,12.14,0,0,779,0
106,120,56.9130536506154,4.27719429535284,1.46185868255877,0,101,120000,0,1
106,120,56.9130536506154,4.27719429535284,1.46185868255877,3.69,0,0,1826,0
106,120,56.9130536506154,4.27719429535284,1.46185868255877,7.08,0,0,1199,0
106,120,56.9130536506154,4.27719429535284,1.46185868255877,9.31,0,0,747,0
106,120,56.9130536506154,4.27719429535284,1.46185868255877,12.3,0,0,759,0
107,120,64.6091923316704,4.47877928599751,0.826587487839915,0,101,120000,0,1
107,120,64.6091923316704,4.47877928599751,0.826587487839915,7.97,0,0,860,0
107,120,64.6091923316704,4.47877928599751,0.826587487839915,11.77,0,0,1064,0
107,120,64.6091923316704,4.47877928599751,0.826587487839915,20.76,0,0,575,0
107,120,64.6091923316704,4.47877928599751,0.826587487839915,23.03,0,0,443,0
108,120,64.0464932419571,3.73485430029553,1.36857733140357,0,101,120000,0,1
108,120,64.0464932419571,3.73485430029553,1.36857733140357,5.25,0,0,984,0
108,120,64.0464932419571,3.73485430029553,1.36857733140357,9.21,0,0,1254,0
108,120,64.0464932419571,3.73485430029553,1.36857733140357,12.7,0,0,853,0
108,120,64.0464932419571,3.73485430029553,1.36857733140357,18.89,0,0,684,0
109,120,115.174743252693,5.03923143581153,1.58821090417325,0,101,120000,0,1
109,120,115.174743252693,5.03923143581153,1.58821090417325,4.42,0,0,717,0
109,120,115.174743252693,5.03923143581153,1.58821090417325,11.06,0,0,494,0
109,120,115.174743252693,5.03923143581153,1.58821090417325,17.54,0,0,565,0
109,120,115.174743252693,5.03923143581153,1.58821090417325,18.81,0,0,418,0
110,120,59.5554481261453,2.81266785358776,1.21108843239886,0,101,120000,0,1
110,120,59.5554481261453,2.81266785358776,1.21108843239886,5.97,0,0,1256,0
110,120,59.5554481261453,2.81266785358776,1.21108843239886,12.7,0,0,1215,0
110,120,59.5554481261453,2.81266785358776,1.21108843239886,20.47,0,0,612,0
110,120,59.5554481261453,2.81266785358776,1.21108843239886,23.93,0,0,486,0
111,120,74.0768360808554,4.88623010257504,1.19011354056158,0,101,120000,0,1
111,120,74.0768360808554,4.88623010257504,1.19011354056158,6.99,0,0,938,0
111,120,74.0768360808554,4.88623010257504,1.19011354056158,13.43,0,0,732,0
111,120,74.0768360808554,4.88623010257504,1.19011354056158,14.94,0,0,565,0
111,120,74.0768360808554,4.88623010257504,1.19011354056158,15.06,0,0,569,0
112,120,120.392904338442,4.26715968390193,0.837450126340398,0,101,120000,0,1
112,120,120.392904338442,4.26715968390193,0.837450126340398,18.26,0,0,423,0
112,120,120.392904338442,4.26715968390193,0.837450126340398,20.38,0,0,478,0
112,120,120.392904338442,4.26715968390193,0.837450126340398,21.46,0,0,439,0
112,120,120.392904338442,4.26715968390193,0.837450126340398,21.51,0,0,441,0
113,120,93.5257975084208,1.41594150880066,0.6214860576433,0,101,120000,0,1
113,120,93.5257975084208,1.41594150880066,0.6214860576433,6.54,0,0,1517,0
113,120,93.5257975084208,1.41594150880066,0.6214860576433,10.23,0,0,1491,0
113,120,93.5257975084208,1.41594150880066,0.6214860576433,10.79,0,0,1278,0
113,120,93.5257975084208,1.41594150880066,0.6214860576433,21.46,0,0,1040,0
114,120,78.8938179458534,3.88265124302889,1.16281010583434,0,101,120000,0,1
114,120,78.8938179458534,3.88265124302889,1.16281010583434,14.31,0,0,581,0
114,120,78.8938179458534,3.88265124302889,1.16281010583434,16.65,0,0,536,0
114,120,78.8938179458534,3.88265124302889,1.16281010583434,21.43,0,0,648,0
114,120,78.8938179458534,3.88265124302889,1.16281010583434,21.7,0,0,560,0
115,120,36.055337710894,3.24980523456278,0.996853571855545,0,101,120000,0,1
115,120,36.055337710894,3.24980523456278,0.996853571855545,5.34,0,0,2434,0
115,120,36.055337710894,3.24980523456278,0.996853571855545,7.1,0,0,2639,0
115,120,36.055337710894,3.24980523456278,0.996853571855545,14.87,0,0,910,0
115,120,36.055337710894,3.24980523456278,0.996853571855545,15.1,0,0,1112,0
116,120,59.8518392261478,1.75912371304737,0.952696512148147,0,101,120000,0,1
116,120,59.8518392261478,1.75912371304737,0.952696512148147,5.25,0,0,2199,0
116,120,59.8518392261478,1.75912371304737,0.952696512148147,9.66,0,0,1920,0
116,120,59.8518392261478,1.75912371304737,0.952696512148147,12.01,0,0,1208,0
116,120,59.8518392261478,1.75912371304737,0.952696512148147,14.33,0,0,1148,0
117,120,154.925360480571,4.25669925200505,0.781749680415965,0,101,120000,0,1
117,120,154.925360480571,4.25669925200505,0.781749680415965,2.87,0,0,579,0
117,120,154.925360480571,4.25669925200505,0.781749680415965,5.54,0,0,630,0
117,120,154.925360480571,4.25669925200505,0.781749680415965,21.27,0,0,435,0
117,120,154.925360480571,4.25669925200505,0.781749680415965,23.74,0,0,336,0
118,120,83.79346929481,3.3943796099662,1.203335845999,0,101,120000,0,1
118,120,83.79346929481,3.3943796099662,1.203335845999,4.5,0,0,1650,0
118,120,83.79346929481,3.3943796099662,1.203335845999,10.58,0,0,871,0
118,120,83.79346929481,3.3943796099662,1.203335845999,15.93,0,0,730,0
118,120,83.79346929481,3.3943796099662,1.203335845999,19.11,0,0,539,0
119,120,81.7094317073166,1.87115500605756,0.737683994411068,0,101,120000,0,1
119,120,81.7094317073166,1.87115500605756,0.737683994411068,2.35,0,0,1088,0
119,120,81.7094317073166,1.87115500605756,0.737683994411068,3.61,0,0,996,0
119,120,81.7094317073166,1.87115500605756,0.737683994411068,17.35,0,0,929,0
119,120,81.7094317073166,1.87115500605756,0.737683994411068,18.36,0,0,1017,0
120,120,41.7611786779864,2.75655472675337,1.05087051455671,0,101,120000,0,1
120,120,41.7611786779864,2.75655472675337,1.05087051455671,5.53,0,0,1366,0
120,120,41.7611786779864,2.75655472675337,1.05087051455671,14.17,0,0,1078,0
120,120,41.7611786779864,2.75655472675337,1.05087051455671,14.44,0,0,1102,0
120,120,41.7611786779864,2.75655472675337,1.05087051455671,14.57,0,0,877,0
