ID,DOSE,V,CL,KA,TIME,EVID,AMT,DV,EVIDNM
1,10,59.8353485738044,4.07536879382645,0.377636701252861,0,101,10000,0,1
1,10,59.8353485738044,4.07536879382645,0.377636701252861,3.75,0,0,93,0
1,10,59.8353485738044,4.07536879382645,0.377636701252861,8.51,0,0,76,0
1,10,59.8353485738044,4.07536879382645,0.377636701252861,22.09,0,0,46,0
1,10,59.8353485738044,4.07536879382645,0.377636701252861,22.3,0,0,34,0
2,10,71.7445374629877,2.82382702958996,1.09184745880762,0,101,10000,0,1
2,10,71.7445374629877,2.82382702958996,1.09184745880762,7.85,0,0,119,0
2,10,71.7445374629877,2.82382702958996,1.09184745880762,13.15,0,0,72,0
2,10,71.7445374629877,2.82382702958996,1.09184745880762,17.88,0,0,108,0
2,10,71.7445374629877,2.82382702958996,1.09184745880762,23.72,0,0,47,0
3,10,86.6567566196189,5.25339101439946,0.718052104756262,0,101,10000,0,1
3,10,86.6567566196189,5.25339101439946,0.718052104756262,5.02,0,0,96,0
3,10,86.6567566196189,5.25339101439946,0.718052104756262,5.6,0,0,79,0
3,10,86.6567566196189,5.25339101439946,0.718052104756262,10,0,0,78,0
3,10,86.6567566196189,5.25339101439946,0.718052104756262,17.67,0,0,48,0
4,10,59.6608631599082,3.91410704494787,0.736058827480794,0,101,10000,0,1
4,10,59.6608631599082,3.91410704494787,0.736058827480794,1.51,0,0,124,0
4,10,59.6608631599082,3.91410704494787,0.736058827480794,6.87,0,0,112,0
4,10,59.6608631599082,3.91410704494787,0.736058827480794,15.27,0,0,43,0
4,10,59.6608631599082,3.91410704494787,0.736058827480794,15.34,0,0,63,0
5,10,73.4788416965708,4.35410524616149,0.982586397530002,0,101,10000,0,1
5,10,73.4788416965708,4.35410524616149,0.982586397530002,3.42,0,0,170,0
5,10,73.4788416965708,4.35410524616149,0.982586397530002,10.4,0,0,73,0
5,10,73.4788416965708,4.35410524616149,0.982586397530002,21.8,0,0,48,0
5,10,73.4788416965708,4.35410524616149,0.982586397530002,23.99,0,0,30,0
6,10,52.7432058103729,3.68281915899783,1.20540728398749,0,101,10000,0,1
6,10,52.7432058103729,3.68281915899783,1.20540728398749,12.84,0,0,100,0
6,10,52.7432058103729,3.68281915899783,1.20540728398749,14.5,0,0,58,0
6,10,52.7432058103729,3.68281915899783,1.20540728398749,19.63,0,0,49,0
6,10,52.7432058103729,3.68281915899783,1.20540728398749,19.63,0,0,70,0
7,10,68.4072229498436,3.04063964145966,0.87377466854874,0,101,10000,0,1
7,10,68.4072229498436,3.04063964145966,0.87377466854874,4.56,0,0,142,0
7,10,68.4072229498436,3.04063964145966,0.87377466854874,4.99,0,0,134,0
7,10,68.4072229498436,3.04063964145966,0.87377466854874,10.98,0,0,78,0
7,10,68.4072229498436,3.04063964145966,0.87377466854874,13.52,0,0,62,0
8,10,75.3979306556517,4.43150286580109,1.33540116339927,0,101,10000,0,1
8,10,75.3979306556517,4.43150286580109,1.33540116339927,1.11,0,0,91,0
8,10,75.3979306556517,4.43150286580109,1.33540116339927,5.63,0,0,101,0
8,10,75.3979306556517,4.43150286580109,1.33540116339927,10.6,0,0,99,0
8,10,75.3979306556517,4.43150286580109,1.33540116339927,13.22,0,0,53,0
9,10,93.1281912267934,5.76396457782115,1.48216051449888,0,101,10000,0,1
9,10,93.1281912267934,5.76396457782115,1.48216051449888,9.93,0,0,70,0
9,10,93.1281912267934,5.76396457782115,1.48216051449888,12.6,0,0,46,0
9,10,93.1281912267934,5.76396457782115,1.48216051449888,15.6,0,0,39,0
9,10,93.1281912267934,5.76396457782115,1.48216051449888,20.44,0,0,42,0
10,10,87.373499179637,1.5404948667437,0.875633074790336,0,101,10000,0,1
10,10,87.373499179637,1.5404948667437,0.875633074790336,0.5,0,0,46,0
10,10,87.373499179637,1.5404948667437,0.875633074790336,6.76,0,0,121,0
10,10,87.373499179637,1.5404948667437,0.875633074790336,9.12,0,0,83,0
10,10,87.373499179637,1.5404948667437,0.875633074790336,19.12,0,0,95,0
11,10,66.6625983618385,4.59212017997588,0.648520903322017,0,101,10000,0,1
11,10,66.6625983618385,4.59212017997588,0.648520903322017,0.14,0,0,13,0
11,10,66.6625983618385,4.59212017997588,0.648520903322017,11.52,0,0,96,0
11,10,66.6625983618385,4.59212017997588,0.648520903322017,13.95,0,0,60,0
11,10,66.6625983618385,4.59212017997588,0.648520903322017,22.85,0,0,42,0
12,10,58.7875234473432,3.5150211163454,0.568171922291496,0,101,10000,0,1
12,10,58.7875234473432,3.5150211163454,0.568171922291496,0.83,0,0,83,0
12,10,58.7875234473432,3.5150211163454,0.568171922291496,6.6,0,0,164,0
12,10,58.7875234473432,3.5150211163454,0.568171922291496,10.02,0,0,75,0
12,10,58.7875234473432,3.5150211163454,0.568171922291496,17.94,0,0,64,0
13,10,44.0680624963221,3.11318200327743,0.767503106702294,0,101,10000,0,1
13,10,44.0680624963221,3.11318200327743,0.767503106702294,5.68,0,0,133,0
13,10,44.0680624963221,3.11318200327743,0.767503106702294,6.14,0,0,146,0
13,10,44.0680624963221,3.11318200327743,0.767503106702294,7.9,0,0,104,0
13,10,44.0680624963221,3.11318200327743,0.767503106702294,15.9,0,0,68,0
14,10,55.3405276146575,3.06279136693638,1.24580379496054,0,101,10000,0,1
14,10,55.3405276146575,3.06279136693638,1.24580379496054,12.28,0,0,80,0
14,10,55.3405276146575,3.06279136693638,1.24580379496054,13.9,0,0,92,0
14,10,55.3405276146575,3.06279136693638,1.24580379496054,20.38,0,0,39,0
14,10,55.3405276146575,3.06279136693638,1.24580379496054,21.05,0,0,44,0
15,10,67.2635178748706,4.15588593712201,1.39301935180756,0,101,10000,0,1
15,10,67.2635178748706,4.15588593712201,1.39301935180756,0.85,0,0,89,0
15,10,67.2635178748706,4.15588593712201,1.39301935180756,5.78,0,0,102,0
15,10,67.2635178748706,4.15588593712201,1.39301935180756,9.65,0,0,96,0
15,10,67.2635178748706,4.15588593712201,1.39301935180756,19.61,0,0,43,0
16,10,55.8358302947965,4.95799224561954,0.818459036331651,0,101,10000,0,1
16,10,55.8358302947965,4.95799224561954,0.818459036331651,2.19,0,0,136,0
16,10,55.8358302947965,4.95799224561954,0.818459036331651,11.23,0,0,86,0
16,10,55.8358302947965,4.95799224561954,0.818459036331651,14.63,0,0,70,0
16,10,55.8358302947965,4.95799224561954,0.818459036331651,14.87,0,0,67,0
17,10,86.6796740835808,3.25654128068582,1.63379590440937,0,101,10000,0,1
17,10,86.6796740835808,3.25654128068582,1.63379590440937,2.03,0,0,116,0
17,10,86.6796740835808,3.25654128068582,1.63379590440937,10.13,0,0,70,0
17,10,86.6796740835808,3.25654128068582,1.63379590440937,15.61,0,0,43,0
17,10,86.6796740835808,3.25654128068582,1.63379590440937,23.26,0,0,44,0
18,10,80.8332559206442,5.09332499980924,0.939922926810358,0,101,10000,0,1
18,10,80.8332559206442,5.09332499980924,0.939922926810358,12.31,0,0,57,0
18,10,80.8332559206442,5.09332499980924,0.939922926810358,14.27,0,0,63,0
18,10,80.8332559206442,5.09332499980924,0.939922926810358,18.04,0,0,52,0
18,10,80.8332559206442,5.09332499980924,0.939922926810358,19.35,0,0,38,0
19,10,70.4640297472835,3.96920465101219,0.555575632313543,0,101,10000,0,1
19,10,70.4640297472835,3.96920465101219,0.555575632313543,12.57,0,0,75,0
19,10,70.4640297472835,3.96920465101219,0.555575632313543,13.95,0,0,77,0
19,10,70.4640297472835,3.96920465101219,0.555575632313543,16.34,0,0,63,0
19,10,70.4640297472835,3.96920465101219,0.555575632313543,20.65,0,0,58,0
20,10,93.2505511550226,5.02985535819884,0.726390165416407,0,101,10000,0,1
20,10,93.2505511550226,5.02985535819884,0.726390165416407,0.63,0,0,30,0
20,10,93.2505511550226,5.02985535819884,0.726390165416407,8.8,0,0,68,0
20,10,93.2505511550226,5.02985535819884,0.726390165416407,13.27,0,0,67,0
20,10,93.2505511550226,5.02985535819884,0.726390165416407,22.64,0,0,40,0
21,10,56.2055357826402,4.65260820840159,0.652762848333535,0,101,10000,0,1
21,10,56.2055357826402,4.65260820840159,0.652762848333535,5.99,0,0,117,0
21,10,56.2055357826402,4.65260820840159,0.652762848333535,8.03,0,0,156,0
21,10,56.2055357826402,4.65260820840159,0.652762848333535,14.63,0,0,73,0
21,10,56.2055357826402,4.65260820840159,0.652762848333535,23.67,0,0,33,0
22,10,65.4776755308883,4.52865120856081,0.82679716404393,0,101,10000,0,1
22,10,65.4776755308883,4.52865120856081,0.82679716404393,2.64,0,0,114,0
22,10,65.4776755308883,4.52865120856081,0.82679716404393,4.39,0,0,113,0
22,10,65.4776755308883,4.52865120856081,0.82679716404393,4.87,0,0,174,0
22,10,65.4776755308883,4.52865120856081,0.82679716404393,12.67,0,0,76,0
23,10,42.9057394100863,4.87147124744322,1.18123256889068,0,101,10000,0,1
23,10,42.9057394100863,4.87147124744322,1.18123256889068,0.71,0,0,128,0
23,10,42.9057394100863,4.87147124744322,1.18123256889068,3.37,0,0,219,0
23,10,42.9057394100863,4.87147124744322,1.18123256889068,9.11,0,0,113,0
23,10,42.9057394100863,4.87147124744322,1.18123256889068,22.19,0,0,20,0
24,10,44.177858610025,3.11537097353397,0.722568235336747,0,101,10000,0,1
24,10,44.177858610025,3.11537097353397,0.722568235336747,1.22,0,0,106,0
24,10,44.177858610025,3.11537097353397,0.722568235336747,2.86,0,0,131,0
24,10,44.177858610025,3.11537097353397,0.722568235336747,12.79,0,0,121,0
24,10,44.177858610025,3.11537097353397,0.722568235336747,17.79,0,0,78,0
25,10,73.9879010805139,4.58089010125367,0.541062578236415,0,101,10000,0,1
25,10,73.9879010805139,4.58089010125367,0.541062578236415,7.46,0,0,143,0
25,10,73.9879010805139,4.58089010125367,0.541062578236415,10,0,0,118,0
25,10,73.9879010805139,4.58089010125367,0.541062578236415,11.99,0,0,75,0
25,10,73.9879010805139,4.58089010125367,0.541062578236415,19.83,0,0,47,0
26,10,92.4321598721375,5.06142743609893,0.797362428894702,0,101,10000,0,1
26,10,92.4321598721375,5.06142743609893,0.797362428894702,5.16,0,0,54,0
26,10,92.4321598721375,5.06142743609893,0.797362428894702,9.02,0,0,49,0
26,10,92.4321598721375,5.06142743609893,0.797362428894702,13.61,0,0,47,0
26,10,92.4321598721375,5.06142743609893,0.797362428894702,20.66,0,0,31,0
27,10,67.2698088411704,3.94962437426759,1.02349759237999,0,101,10000,0,1
27,10,67.2698088411704,3.94962437426759,1.02349759237999,11.25,0,0,67,0
27,10,67.2698088411704,3.94962437426759,1.02349759237999,19.05,0,0,75,0
27,10,67.2698088411704,3.94962437426759,1.02349759237999,20.17,0,0,52,0
27,10,67.2698088411704,3.94962437426759,1.02349759237999,21.43,0,0,52,0
28,10,55.898982011622,2.15350092252437,1.55208680566026,0,101,10000,0,1
28,10,55.898982011622,2.15350092252437,1.55208680566026,5.43,0,0,126,0
28,10,55.898982011622,2.15350092252437,1.55208680566026,6.9,0,0,194,0
28,10,55.898982011622,2.15350092252437,1.55208680566026,11.85,0,0,143,0
28,10,55.898982011622,2.15350092252437,1.55208680566026,16.07,0,0,79,0
29,10,84.7790275947825,7.29844495743308,1.16491729097239,0,101,10000,0,1
29,10,84.7790275947825,7.29844495743308,1.16491729097239,12.23,0,0,32,0
29,10,84.7790275947825,7.29844495743308,1.16491729097239,15.14,0,0,23,0
29,10,84.7790275947825,7.29844495743308,1.16491729097239,17.13,0,0,28,0
29,10,84.7790275947825,7.29844495743308,1.16491729097239,22.54,0,0,21,0
30,10,67.3519048093001,3.64228444744875,0.675814353520816,0,101,10000,0,1
30,10,67.3519048093001,3.64228444744875,0.675814353520816,0.1,0,0,6,0
30,10,67.3519048093001,3.64228444744875,0.675814353520816,1.56,0,0,116,0
30,10,67.3519048093001,3.64228444744875,0.675814353520816,3.93,0,0,128,0
30,10,67.3519048093001,3.64228444744875,0.675814353520816,22.34,0,0,40,0
31,30,82.2828760994798,2.98950062011171,2.07075951102021,0,101,30000,0,1
31,30,82.2828760994798,2.98950062011171,2.07075951102021,9.15,0,0,250,0
31,30,82.2828760994798,2.98950062011171,2.07075951102021,11.96,0,0,240,0
31,30,82.2828760994798,2.98950062011171,2.07075951102021,22.44,0,0,170,0
31,30,82.2828760994798,2.98950062011171,2.07075951102021,23.73,0,0,202,0
32,30,81.27290908932,4.48243885197674,0.888645861376818,0,101,30000,0,1
32,30,81.27290908932,4.48243885197674,0.888645861376818,0.04,0,0,12,0
32,30,81.27290908932,4.48243885197674,0.888645861376818,0.43,0,0,109,0
32,30,81.27290908932,4.48243885197674,0.888645861376818,9.54,0,0,296,0
32,30,81.27290908932,4.48243885197674,0.888645861376818,15.71,0,0,185,0
33,30,101.072264103857,4.12452037100462,1.34922120880528,0,101,30000,0,1
33,30,101.072264103857,4.12452037100462,1.34922120880528,6.09,0,0,346,0
33,30,101.072264103857,4.12452037100462,1.34922120880528,10.24,0,0,250,0
33,30,101.072264103857,4.12452037100462,1.34922120880528,18.14,0,0,115,0
33,30,101.072264103857,4.12452037100462,1.34922120880528,22.58,0,0,133,0
34,30,117.017440197814,3.24209759281492,1.04515799787654,0,101,30000,0,1
34,30,117.017440197814,3.24209759281492,1.04515799787654,5.43,0,0,316,0
34,30,117.017440197814,3.24209759281492,1.04515799787654,12.43,0,0,173,0
34,30,117.017440197814,3.24209759281492,1.04515799787654,13.42,0,0,176,0
34,30,117.017440197814,3.24209759281492,1.04515799787654,22.26,0,0,183,0
35,30,49.673743483919,3.82483793057402,0.534873061169047,0,101,30000,0,1
35,30,49.673743483919,3.82483793057402,0.534873061169047,6.78,0,0,476,0
35,30,49.673743483919,3.82483793057402,0.534873061169047,11.91,0,0,236,0
35,30,49.673743483919,3.82483793057402,0.534873061169047,11.94,0,0,279,0
35,30,49.673743483919,3.82483793057402,0.534873061169047,19.38,0,0,152,0
36,30,80.5851336435186,4.26457845153882,0.876141126585899,0,101,30000,0,1
36,30,80.5851336435186,4.26457845153882,0.876141126585899,4.82,0,0,394,0
36,30,80.5851336435186,4.26457845153882,0.876141126585899,11.06,0,0,308,0
36,30,80.5851336435186,4.26457845153882,0.876141126585899,12.45,0,0,182,0
36,30,80.5851336435186,4.26457845153882,0.876141126585899,21.51,0,0,113,0
37,30,54.1622349900677,3.31040760988114,1.15712784197763,0,101,30000,0,1
37,30,54.1622349900677,3.31040760988114,1.15712784197763,4.23,0,0,525,0
37,30,54.1622349900677,3.31040760988114,1.15712784197763,9.23,0,0,272,0
37,30,54.1622349900677,3.31040760988114,1.15712784197763,14.95,0,0,200,0
37,30,54.1622349900677,3.31040760988114,1.15712784197763,20.42,0,0,140,0
38,30,42.8524818531457,4.12627223323961,1.84745949197992,0,101,30000,0,1
38,30,42.8524818531457,4.12627223323961,1.84745949197992,4.16,0,0,434,0
38,30,42.8524818531457,4.12627223323961,1.84745949197992,5.24,0,0,402,0
38,30,42.8524818531457,4.12627223323961,1.84745949197992,8.77,0,0,450,0
38,30,42.8524818531457,4.12627223323961,1.84745949197992,10.38,0,0,332,0
39,30,119.022355665599,1.69693810856994,1.52476741092046,0,101,30000,0,1
39,30,119.022355665599,1.69693810856994,1.52476741092046,4.11,0,0,328,0
39,30,119.022355665599,1.69693810856994,1.52476741092046,15.06,0,0,168,0
39,30,119.022355665599,1.69693810856994,1.52476741092046,15.3,0,0,295,0
39,30,119.022355665599,1.69693810856994,1.52476741092046,17.02,0,0,217,0
40,30,154.732799022342,4.59857860779295,1.36253922623376,0,101,30000,0,1
40,30,154.732799022342,4.59857860779295,1.36253922623376,5.1,0,0,162,0
40,30,154.732799022342,4.59857860779295,1.36253922623376,9.3,0,0,129,0
40,30,154.732799022342,4.59857860779295,1.36253922623376,14.58,0,0,116,0
40,30,154.732799022342,4.59857860779295,1.36253922623376,22.94,0,0,119,0
41,30,66.1262973685336,3.55439152394455,0.61290634031024,0,101,30000,0,1
41,30,66.1262973685336,3.55439152394455,0.61290634031024,1.23,0,0,164,0
41,30,66.1262973685336,3.55439152394455,0.61290634031024,1.57,0,0,226,0
41,30,66.1262973685336,3.55439152394455,0.61290634031024,4.56,0,0,469,0
41,30,66.1262973685336,3.55439152394455,0.61290634031024,12.39,0,0,187,0
42,30,81.4839335013046,5.15292787260323,1.10307953426429,0,101,30000,0,1
42,30,81.4839335013046,5.15292787260323,1.10307953426429,2.48,0,0,301,0
42,30,81.4839335013046,5.15292787260323,1.10307953426429,8.68,0,0,246,0
42,30,81.4839335013046,5.15292787260323,1.10307953426429,16.91,0,0,170,0
42,30,81.4839335013046,5.15292787260323,1.10307953426429,20.25,0,0,92,0
43,30,107.072554719722,3.11409420164779,1.22594837295139,0,101,30000,0,1
43,30,107.072554719722,3.11409420164779,1.22594837295139,9.47,0,0,223,0
43,30,107.072554719722,3.11409420164779,1.22594837295139,13.65,0,0,223,0
43,30,107.072554719722,3.11409420164779,1.22594837295139,15.71,0,0,279,0
43,30,107.072554719722,3.11409420164779,1.22594837295139,18.65,0,0,156,0
44,30,72.2213446387043,3.49540408526359,1.2567913677659,0,101,30000,0,1
44,30,72.2213446387043,3.49540408526359,1.2567913677659,0.1,0,0,29,0
44,30,72.2213446387043,3.49540408526359,1.2567913677659,10.76,0,0,316,0
44,30,72.2213446387043,3.49540408526359,1.2567913677659,15.04,0,0,175,0
44,30,72.2213446387043,3.49540408526359,1.2567913677659,20.25,0,0,219,0
45,30,65.4996495969647,5.29548268759665,1.0460549858286,0,101,30000,0,1
45,30,65.4996495969647,5.29548268759665,1.0460549858286,0.15,0,0,58,0
45,30,65.4996495969647,5.29548268759665,1.0460549858286,2.06,0,0,313,0
45,30,65.4996495969647,5.29548268759665,1.0460549858286,14.47,0,0,138,0
45,30,65.4996495969647,5.29548268759665,1.0460549858286,18.41,0,0,143,0
46,30,132.98846371312,5.57259288321955,0.782603693636844,0,101,30000,0,1
46,30,132.98846371312,5.57259288321955,0.782603693636844,3.05,0,0,200,0
46,30,132.98846371312,5.57259288321955,0.782603693636844,6.77,0,0,185,0
46,30,132.98846371312,5.57259288321955,0.782603693636844,16.23,0,0,116,0
46,30,132.98846371312,5.57259288321955,0.782603693636844,18.12,0,0,83,0
47,30,54.7408402325026,6.13612324353552,0.815503261906984,0,101,30000,0,1
47,30,54.7408402325026,6.13612324353552,0.815503261906984,2.42,0,0,419,0
47,30,54.7408402325026,6.13612324353552,0.815503261906984,17.85,0,0,118,0
47,30,54.7408402325026,6.13612324353552,0.815503261906984,20.26,0,0,46,0
47,30,54.7408402325026,6.13612324353552,0.815503261906984,20.98,0,0,65,0
48,30,63.9178137636779,2.23550221736978,0.835172353791278,0,101,30000,0,1
48,30,63.9178137636779,2.23550221736978,0.835172353791278,3.43,0,0,336,0
48,30,63.9178137636779,2.23550221736978,0.835172353791278,6.98,0,0,392,0
48,30,63.9178137636779,2.23550221736978,0.835172353791278,9.67,0,0,326,0
48,30,63.9178137636779,2.23550221736978,0.835172353791278,19.18,0,0,240,0
49,30,40.9080777371586,4.19878650479518,1.35000209849197,0,101,30000,0,1
49,30,40.9080777371586,4.19878650479518,1.35000209849197,3.28,0,0,548,0
49,30,40.9080777371586,4.19878650479518,1.35000209849197,22.19,0,0,84,0
49,30,40.9080777371586,4.19878650479518,1.35000209849197,22.67,0,0,77,0
49,30,40.9080777371586,4.19878650479518,1.35000209849197,23.46,0,0,81,0
50,30,81.8104837338337,5.64056359198282,0.926674905783499,0,101,30000,0,1
50,30,81.8104837338337,5.64056359198282,0.926674905783499,1,0,0,170,0
50,30,81.8104837338337,5.64056359198282,0.926674905783499,9.83,0,0,219,0
50,30,81.8104837338337,5.64056359198282,0.926674905783499,13.23,0,0,225,0
50,30,81.8104837338337,5.64056359198282,0.926674905783499,14.27,0,0,149,0
51,30,48.7412410500306,4.54304107197198,0.615755505558697,0,101,30000,0,1
51,30,48.7412410500306,4.54304107197198,0.615755505558697,7.73,0,0,369,0
51,30,48.7412410500306,4.54304107197198,0.615755505558697,15.82,0,0,130,0
51,30,48.7412410500306,4.54304107197198,0.615755505558697,15.87,0,0,173,0
51,30,48.7412410500306,4.54304107197198,0.615755505558697,20.23,0,0,83,0
52,30,75.2529904976853,6.89244973698164,1.6248010855947,0,101,30000,0,1
52,30,75.2529904976853,6.89244973698164,1.6248010855947,2.65,0,0,383,0
52,30,75.2529904976853,6.89244973698164,1.6248010855947,5.95,0,0,272,0
52,30,75.2529904976853,6.89244973698164,1.6248010855947,14.93,0,0,119,0
52,30,75.2529904976853,6.89244973698164,1.6248010855947,15.27,0,0,74,0
53,30,58.2248470927659,3.12046504540365,0.753228203791713,0,101,30000,0,1
53,30,58.2248470927659,3.12046504540365,0.753228203791713,4.83,0,0,460,0
53,30,58.2248470927659,3.12046504540365,0.753228203791713,5.61,0,0,472,0
53,30,58.2248470927659,3.12046504540365,0.753228203791713,15.22,0,0,165,0
53,30,58.2248470927659,3.12046504540365,0.753228203791713,16.84,0,0,197,0
54,30,84.8426119582036,2.7977196452563,0.670562692931303,0,101,30000,0,1
54,30,84.8426119582036,2.7977196452563,0.670562692931303,2,0,0,223,0
54,30,84.8426119582036,2.7977196452563,0.670562692931303,3.39,0,0,242,0
54,30,84.8426119582036,2.7977196452563,0.670562692931303,7.5,0,0,335,0
54,30,84.8426119582036,2.7977196452563,0.670562692931303,21.02,0,0,164,0
55,30,109.457527022369,3.60020184413915,0.961930421214736,0,101,30000,0,1
55,30,109.457527022369,3.60020184413915,0.961930421214736,7.93,0,0,170,0
55,30,109.457527022369,3.60020184413915,0.961930421214736,8.23,0,0,144,0
55,30,109.457527022369,3.60020184413915,0.961930421214736,11,0,0,147,0
55,30,109.457527022369,3.60020184413915,0.961930421214736,22.9,0,0,117,0
56,30,56.8915996607106,3.38334053904314,1.31079525966334,0,101,30000,0,1
56,30,56.8915996607106,3.38334053904314,1.31079525966334,5.39,0,0,446,0
56,30,56.8915996607106,3.38334053904314,1.31079525966334,8.64,0,0,347,0
56,30,56.8915996607106,3.38334053904314,1.31079525966334,9.17,0,0,370,0
56,30,56.8915996607106,3.38334053904314,1.31079525966334,18.52,0,0,167,0
57,30,90.8561612760712,3.87980678575005,0.632155296565672,0,101,30000,0,1
57,30,90.8561612760712,3.87980678575005,0.632155296565672,12.89,0,0,190,0
57,30,90.8561612760712,3.87980678575005,0.632155296565672,19.42,0,0,141,0
57,30,90.8561612760712,3.87980678575005,0.632155296565672,23.15,0,0,140,0
57,30,90.8561612760712,3.87980678575005,0.632155296565672,23.91,0,0,103,0
58,30,49.9121973112164,3.96319936033107,1.01799373654962,0,101,30000,0,1
58,30,49.9121973112164,3.96319936033107,1.01799373654962,12.63,0,0,312,0
58,30,49.9121973112164,3.96319936033107,1.01799373654962,17.44,0,0,196,0
58,30,49.9121973112164,3.96319936033107,1.01799373654962,18.03,0,0,115,0
58,30,49.9121973112164,3.96319936033107,1.01799373654962,22.6,0,0,101,0
59,30,66.0998825487023,2.9431682950242,0.866281410761648,0,101,30000,0,1
59,30,66.0998825487023,2.9431682950242,0.866281410761648,9.43,0,0,418,0
59,30,66.0998825487023,2.9431682950242,0.866281410761648,12.91,0,0,235,0
59,30,66.0998825487023,2.9431682950242,0.866281410761648,13.36,0,0,299,0
59,30,66.0998825487023,2.9431682950242,0.866281410761648,16.01,0,0,215,0
60,30,84.1795446235687,5.40408721298172,1.30438236605677,0,101,30000,0,1
60,30,84.1795446235687,5.40408721298172,1.30438236605677,1.69,0,0,274,0
60,30,84.1795446235687,5.40408721298172,1.30438236605677,8.37,0,0,231,0
60,30,84.1795446235687,5.40408721298172,1.30438236605677,14.57,0,0,134,0
60,30,84.1795446235687,5.40408721298172,1.30438236605677,15.81,0,0,103,0
61,60,69.6682115765554,2.6902819685962,1.76413869772599,0,101,60000,0,1
61,60,69.6682115765554,2.6902819685962,1.76413869772599,4.46,0,0,605,0
61,60,69.6682115765554,2.6902819685962,1.76413869772599,6.76,0,0,648,0
61,60,69.6682115765554,2.6902819685962,1.76413869772599,9.92,0,0,580,0
61,60,69.6682115765554,2.6902819685962,1.76413869772599,23.3,0,0,291,0
62,60,85.4348435815389,5.06986121430117,0.517142892260372,0,101,60000,0,1
62,60,85.4348435815389,5.06986121430117,0.517142892260372,7.32,0,0,404,0
62,60,85.4348435815389,5.06986121430117,0.517142892260372,8.28,0,0,509,0
62,60,85.4348435815389,5.06986121430117,0.517142892260372,14.16,0,0,279,0
62,60,85.4348435815389,5.06986121430117,0.517142892260372,17.42,0,0,217,0
63,60,48.6729990166072,3.97167142951889,1.09754241479791,0,101,60000,0,1
63,60,48.6729990166072,3.97167142951889,1.09754241479791,0.26,0,0,500,0
63,60,48.6729990166072,3.97167142951889,1.09754241479791,11.16,0,0,498,0
63,60,48.6729990166072,3.97167142951889,1.09754241479791,20.42,0,0,261,0
63,60,48.6729990166072,3.97167142951889,1.09754241479791,20.62,0,0,214,0
64,60,47.5089914048117,5.74020908514206,1.02585705551933,0,101,60000,0,1
64,60,47.5089914048117,5.74020908514206,1.02585705551933,0.6,0,0,579,0
64,60,47.5089914048117,5.74020908514206,1.02585705551933,12.25,0,0,210,0
64,60,47.5089914048117,5.74020908514206,1.02585705551933,14.73,0,0,270,0
64,60,47.5089914048117,5.74020908514206,1.02585705551933,18.54,0,0,106,0
65,60,111.136566861798,2.86835235033832,1.43943754104255,0,101,60000,0,1
65,60,111.136566861798,2.86835235033832,1.43943754104255,4.76,0,0,561,0
65,60,111.136566861798,2.86835235033832,1.43943754104255,13.9,0,0,338,0
65,60,111.136566861798,2.86835235033832,1.43943754104255,20.66,0,0,282,0
65,60,111.136566861798,2.86835235033832,1.43943754104255,23.15,0,0,205,0
66,60,63.1441613051226,2.7293312150775,0.786825449802937,0,101,60000,0,1
66,60,63.1441613051226,2.7293312150775,0.786825449802937,1.53,0,0,636,0
66,60,63.1441613051226,2.7293312150775,0.786825449802937,3.79,0,0,827,0
66,60,63.1441613051226,2.7293312150775,0.786825449802937,5.56,0,0,682,0
66,60,63.1441613051226,2.7293312150775,0.786825449802937,13.48,0,0,624,0
67,60,68.8114492650769,7.05286199355694,1.05363369533542,0,101,60000,0,1
67,60,68.8114492650769,7.05286199355694,1.05363369533542,3.82,0,0,558,0
67,60,68.8114492650769,7.05286199355694,1.05363369533542,19,0,0,115,0
67,60,68.8114492650769,7.05286199355694,1.05363369533542,19.04,0,0,153,0
67,60,68.8114492650769,7.05286199355694,1.05363369533542,22.32,0,0,87,0
68,60,62.730707672422,3.08985502541877,1.11595700252956,0,101,60000,0,1
68,60,62.730707672422,3.08985502541877,1.11595700252956,7.8,0,0,631,0
68,60,62.730707672422,3.08985502541877,1.11595700252956,7.89,0,0,548,0
68,60,62.730707672422,3.08985502541877,1.11595700252956,13.54,0,0,544,0
68,60,62.730707672422,3.08985502541877,1.11595700252956,23.33,0,0,287,0
69,60,57.4643239277126,6.25479609620825,1.15608714867613,0,101,60000,0,1
69,60,57.4643239277126,6.25479609620825,1.15608714867613,1.13,0,0,605,0
69,60,57.4643239277126,6.25479609620825,1.15608714867613,21.66,0,0,119,0
69,60,57.4643239277126,6.25479609620825,1.15608714867613,23.22,0,0,100,0
69,60,57.4643239277126,6.25479609620825,1.15608714867613,23.5,0,0,83,0
70,60,67.6545411322739,5.18682260012555,1.0971711685751,0,101,60000,0,1
70,60,67.6545411322739,5.18682260012555,1.0971711685751,4.51,0,0,534,0
70,60,67.6545411322739,5.18682260012555,1.0971711685751,9.73,0,0,472,0
70,60,67.6545411322739,5.18682260012555,1.0971711685751,14.41,0,0,285,0
70,60,67.6545411322739,5.18682260012555,1.0971711685751,22.42,0,0,144,0
71,60,56.5891745158328,4.06230144722151,0.958220912814514,0,101,60000,0,1
71,60,56.5891745158328,4.06230144722151,0.958220912814514,2.02,0,0,654,0
71,60,56.5891745158328,4.06230144722151,0.958220912814514,5.14,0,0,991,0
71,60,56.5891745158328,4.06230144722151,0.958220912814514,20.38,0,0,295,0
71,60,56.5891745158328,4.06230144722151,0.958220912814514,22.17,0,0,301,0
72,60,58.7615547249279,4.43504388968979,1.51460539201828,0,101,60000,0,1
72,60,58.7615547249279,4.43504388968979,1.51460539201828,4.43,0,0,798,0
72,60,58.7615547249279,4.43504388968979,1.51460539201828,19.46,0,0,234,0
72,60,58.7615547249279,4.43504388968979,1.51460539201828,19.83,0,0,221,0
72,60,58.7615547249279,4.43504388968979,1.51460539201828,22.2,0,0,309,0
73,60,61.7447406114123,2.57863771013009,1.09922461180594,0,101,60000,0,1
73,60,61.7447406114123,2.57863771013009,1.09922461180594,7.22,0,0,570,0
73,60,61.7447406114123,2.57863771013009,1.09922461180594,11.07,0,0,614,0
73,60,61.7447406114123,2.57863771013009,1.09922461180594,21.7,0,0,373,0
73,60,61.7447406114123,2.57863771013009,1.09922461180594,22.09,0,0,323,0
74,60,92.8257707078574,4.12696330851667,1.51307272866719,0,101,60000,0,1
74,60,92.8257707078574,4.12696330851667,1.51307272866719,11.66,0,0,525,0
74,60,92.8257707078574,4.12696330851667,1.51307272866719,15.12,0,0,340,0
74,60,92.8257707078574,4.12696330851667,1.51307272866719,16.34,0,0,311,0
74,60,92.8257707078574,4.12696330851667,1.51307272866719,23.34,0,0,207,0
75,60,72.6420060604161,4.70344822823468,0.869760512450457,0,101,60000,0,1
75,60,72.6420060604161,4.70344822823468,0.869760512450457,12.19,0,0,458,0
75,60,72.6420060604161,4.70344822823468,0.869760512450457,14.72,0,0,240,0
75,60,72.6420060604161,4.70344822823468,0.869760512450457,15.54,0,0,308,0
75,60,72.6420060604161,4.70344822823468,0.869760512450457,17.77,0,0,392,0
76,60,72.9678081437557,4.6832782682449,0.67097052325255,0,101,60000,0,1
76,60,72.9678081437557,4.6832782682449,0.67097052325255,0.45,0,0,257,0
76,60,72.9678081437557,4.6832782682449,0.67097052325255,2.93,0,0,1008,0
76,60,72.9678081437557,4.6832782682449,0.67097052325255,6.16,0,0,660,0
76,60,72.9678081437557,4.6832782682449,0.67097052325255,19.93,0,0,327,0
77,60,47.6546155825759,3.74017447091142,1.1441235718083,0,101,60000,0,1
77,60,47.6546155825759,3.74017447091142,1.1441235718083,7.03,0,0,776,0
77,60,47.6546155825759,3.74017447091142,1.1441235718083,11.09,0,0,586,0
77,60,47.6546155825759,3.74017447091142,1.1441235718083,22.55,0,0,248,0
77,60,47.6546155825759,3.74017447091142,1.1441235718083,23.44,0,0,290,0
78,60,90.3911003183894,6.20939722958935,0.867934789874994,0,101,60000,0,1
78,60,90.3911003183894,6.20939722958935,0.867934789874994,2.7,0,0,499,0
78,60,90.3911003183894,6.20939722958935,0.867934789874994,3.94,0,0,506,0
78,60,90.3911003183894,6.20939722958935,0.867934789874994,14.51,0,0,186,0
78,60,90.3911003183894,6.20939722958935,0.867934789874994,19.84,0,0,146,0
79,60,69.6050775081575,2.30906878812035,0.882946857470223,0,101,60000,0,1
79,60,69.6050775081575,2.30906878812035,0.882946857470223,7.26,0,0,653,0
79,60,69.6050775081575,2.30906878812035,0.882946857470223,10.62,0,0,569,0
79,60,69.6050775081575,2.30906878812035,0.882946857470223,11.93,0,0,573,0
79,60,69.6050775081575,2.30906878812035,0.882946857470223,14.35,0,0,537,0
80,60,95.1876299689396,3.65233454505944,0.589443684322739,0,101,60000,0,1
80,60,95.1876299689396,3.65233454505944,0.589443684322739,0.53,0,0,181,0
80,60,95.1876299689396,3.65233454505944,0.589443684322739,2.61,0,0,594,0
80,60,95.1876299689396,3.65233454505944,0.589443684322739,16.84,0,0,380,0
80,60,95.1876299689396,3.65233454505944,0.589443684322739,23.74,0,0,240,0
81,60,57.7853442991492,5.01262129499869,0.69906033173645,0,101,60000,0,1
81,60,57.7853442991492,5.01262129499869,0.69906033173645,0.64,0,0,392,0
81,60,57.7853442991492,5.01262129499869,0.69906033173645,7.19,0,0,913,0
81,60,57.7853442991492,5.01262129499869,0.69906033173645,14.02,0,0,410,0
81,60,57.7853442991492,5.01262129499869,0.69906033173645,15.26,0,0,338,0
82,60,51.2357637570835,4.88853414756464,1.41511295079726,0,101,60000,0,1
82,60,51.2357637570835,4.88853414756464,1.41511295079726,7.69,0,0,481,0
82,60,51.2357637570835,4.88853414756464,1.41511295079726,8.76,0,0,549,0
82,60,51.2357637570835,4.88853414756464,1.41511295079726,14.44,0,0,365,0
82,60,51.2357637570835,4.88853414756464,1.41511295079726,23.08,0,0,146,0
83,60,49.0698647744298,8.40498503402988,1.60412084846263,0,101,60000,0,1
83,60,49.0698647744298,8.40498503402988,1.60412084846263,5.07,0,0,386,0
83,60,49.0698647744298,8.40498503402988,1.60412084846263,11.26,0,0,163,0
83,60,49.0698647744298,8.40498503402988,1.60412084846263,11.51,0,0,222,0
83,60,49.0698647744298,8.40498503402988,1.60412084846263,22.84,0,0,30,0
84,60,41.4566987699288,3.75910923143523,1.05817132822232,0,101,60000,0,1
84,60,41.4566987699288,3.75910923143523,1.05817132822232,7.58,0,0,793,0
84,60,41.4566987699288,3.75910923143523,1.05817132822232,10.99,0,0,644,0
84,60,41.4566987699288,3.75910923143523,1.05817132822232,17.66,0,0,412,0
84,60,41.4566987699288,3.75910923143523,1.05817132822232,18.06,0,0,354,0
85,60,43.2565164794118,2.57598396511877,1.0251637377631,0,101,60000,0,1
85,60,43.2565164794118,2.57598396511877,1.0251637377631,3.82,0,0,1186,0
85,60,43.2565164794118,2.57598396511877,1.0251637377631,9.41,0,0,836,0
85,60,43.2565164794118,2.57598396511877,1.0251637377631,12.32,0,0,732,0
85,60,43.2565164794118,2.57598396511877,1.0251637377631,18.63,0,0,359,0
86,60,51.8979410198838,4.07503210294427,1.25991857590752,0,101,60000,0,1
86,60,51.8979410198838,4.07503210294427,1.25991857590752,3.6,0,0,857,0
86,60,51.8979410198838,4.07503210294427,1.25991857590752,5.5,0,0,644,0
86,60,51.8979410198838,4.07503210294427,1.25991857590752,10.66,0,0,657,0
86,60,51.8979410198838,4.07503210294427,1.25991857590752,15.09,0,0,503,0
87,60,63.2853466718832,4.83856311961163,0.821296033447287,0,101,60000,0,1
87,60,63.2853466718832,4.83856311961163,0.821296033447287,3.31,0,0,697,0
87,60,63.2853466718832,4.83856311961163,0.821296033447287,6.43,0,0,630,0
87,60,63.2853466718832,4.83856311961163,0.821296033447287,17.94,0,0,253,0
87,60,63.2853466718832,4.83856311961163,0.821296033447287,18.42,0,0,193,0
88,60,77.9929729899286,2.84765560714973,1.28561763872637,0,101,60000,0,1
88,60,77.9929729899286,2.84765560714973,1.28561763872637,0.16,0,0,147,0
88,60,77.9929729899286,2.84765560714973,1.28561763872637,9.39,0,0,470,0
88,60,77.9929729899286,2.84765560714973,1.28561763872637,12.25,0,0,592,0
88,60,77.9929729899286,2.84765560714973,1.28561763872637,14.38,0,0,498,0
89,60,50.7362004511379,3.89688703667535,0.837476321886778,0,101,60000,0,1
89,60,50.7362004511379,3.89688703667535,0.837476321886778,4.88,0,0,775,0
89,60,50.7362004511379,3.89688703667535,0.837476321886778,13.96,0,0,337,0
89,60,50.7362004511379,3.89688703667535,0.837476321886778,15.8,0,0,444,0
89,60,50.7362004511379,3.89688703667535,0.837476321886778,17.57,0,0,439,0
90,60,77.2064737620351,4.83544405979952,0.961155809453503,0,101,60000,0,1
90,60,77.2064737620351,4.83544405979952,0.961155809453503,0.13,0,0,133,0
90,60,77.2064737620351,4.83544405979952,0.961155809453503,9.83,0,0,472,0
90,60,77.2064737620351,4.83544405979952,0.961155809453503,16.27,0,0,438,0
90,60,77.2064737620351,4.83544405979952,0.961155809453503,16.97,0,0,300,0
91,120,67.5843911325359,4.3438404553064,1.11970109360262,0,101,120000,0,1
91,120,67.5843911325359,4.3438404553064,1.11970109360262,6.33,0,0,973,0
91,120,67.5843911325359,4.3438404553064,1.11970109360262,9.35,0,0,1185,0
91,120,67.5843911325359,4.3438404553064,1.11970109360262,15.59,0,0,758,0
91,120,67.5843911325359,4.3438404553064,1.11970109360262,22.37,0,0,625,0
92,120,53.9574540548952,5.00877756964115,1.41696809489548,0,101,120000,0,1
92,120,53.9574540548952,5.00877756964115,1.41696809489548,2.69,0,0,1804,0
92,120,53.9574540548952,5.00877756964115,1.41696809489548,2.76,0,0,1942,0
92,120,53.9574540548952,5.00877756964115,1.41696809489548,3.83,0,0,1663,0
92,120,53.9574540548952,5.00877756964115,1.41696809489548,7.35,0,0,1284,0
93,120,78.191556656402,4.23328825916001,1.37886016247156,0,101,120000,0,1
93,120,78.191556656402,4.23328825916001,1.37886016247156,0.49,0,0,696,0
93,120,78.191556656402,4.23328825916001,1.37886016247156,4.85,0,0,1582,0
93,120,78.191556656402,4.23328825916001,1.37886016247156,20.95,0,0,414,0
93,120,78.191556656402,4.23328825916001,1.37886016247156,23.45,0,0,608,0
94,120,119.983091710795,2.71043399969452,1.43908732042122,0,101,120000,0,1
94,120,119.983091710795,2.71043399969452,1.43908732042122,3.06,0,0,858,0
94,120,119.983091710795,2.71043399969452,1.43908732042122,4.07,0,0,754,0
94,120,119.983091710795,2.71043399969452,1.43908732042122,9.64,0,0,769,0
94,120,119.983091710795,2.71043399969452,1.43908732042122,23.34,0,0,499,0
95,120,35.8128207457553,2.79891468340886,1.52270187582996,0,101,120000,0,1
95,120,35.8128207457553,2.79891468340886,1.52270187582996,3.42,0,0,2712,0
95,120,35.8128207457553,2.79891468340886,1.52270187582996,14.4,0,0,1020,0
95,120,35.8128207457553,2.79891468340886,1.52270187582996,15.05,0,0,1655,0
95,120,35.8128207457553,2.79891468340886,1.52270187582996,17.36,0,0,1267,0
96,120,56.7711669571714,5.05520888910536,1.49896575931989,0,101,120000,0,1
96,120,56.7711669571714,5.05520888910536,1.49896575931989,6.22,0,0,1476,0
96,120,56.7711669571714,5.05520888910536,1.49896575931989,10.49,0,0,953,0
96,120,56.7711669571714,5.05520888910536,1.49896575931989,20.54,0,0,310,0
96,120,56.7711669571714,5.05520888910536,1.49896575931989,23.14,0,0,342,0
97,120,140.854038082249,4.27901735502199,1.15751602978944,0,101,120000,0,1
97,120,140.854038082249,4.27901735502199,1.15751602978944,5.38,0,0,724,0
97,120,140.854038082249,4.27901735502199,1.15751602978944,9.51,0,0,793,0
97,120,140.854038082249,4.27901735502199,1.15751602978944,12.44,0,0,523,0
97,120,140.854038082249,4.27901735502199,1.15751602978944,18.41,0,0,535,0
98,120,60.8966377590657,3.66219881677798,1.09897311407999,0,101,120000,0,1
98,120,60.8966377590657,3.66219881677798,1.09897311407999,0.98,0,0,1702,0
98,120,60.8966377590657,3.66219881677798,1.09897311407999,4.51,0,0,2100,0
98,120,60.8966377590657,3.66219881677798,1.09897311407999,9.29,0,0,1082,0
98,120,60.8966377590657,3.66219881677798,1.09897311407999,20.25,0,0,533,0
99,120,89.5603155184559,3.07960149123236,1.29291214141117,0,101,120000,0,1
99,120,89.5603155184559,3.07960149123236,1.29291214141117,3.03,0,0,834,0
99,120,89.5603155184559,3.07960149123236,1.29291214141117,4.81,0,0,976,0
99,120,89.5603155184559,3.07960149123236,1.29291214141117,9.98,0,0,957,0
99,120,89.5603155184559,3.07960149123236,1.29291214141117,22.64,0,0,539,0
100,120,56.4356027580863,3.74356515723428,0.785897068238605,0,101,120000,0,1
100,120,56.4356027580863,3.74356515723428,0.785897068238605,0.72,0,0,783,0
100,120,56.4356027580863,3.74356515723428,0.785897068238605,3.54,0,0,1549,0
100,120,56.4356027580863,3.74356515723428,0.785897068238605,3.76,0,0,2540,0
100,120,56.4356027580863,3.74356515723428,0.785897068238605,15.13,0,0,1066,0
101,120,115.569694242014,2.6129509411122,1.380798417199,0,101,120000,0,1
101,120,115.569694242014,2.6129509411122,1.380798417199,2.56,0,0,1251,0
101,120,115.569694242014,2.6129509411122,1.380798417199,13.27,0,0,535,0
101,120,115.569694242014,2.6129509411122,1.380798417199,19.11,0,0,541,0
101,120,115.569694242014,2.6129509411122,1.380798417199,19.18,0,0,573,0
102,120,57.0596629917271,3.73053664746007,1.07567973783575,0,101,120000,0,1
102,120,57.0596629917271,3.73053664746007,1.07567973783575,3.24,0,0,1916,0
102,120,57.0596629917271,3.73053664746007,1.07567973783575,11.31,0,0,1070,0
102,120,57.0596629917271,3.73053664746007,1.07567973783575,11.32,0,0,1131,0
102,120,57.0596629917271,3.73053664746007,1.07567973783575,15.1,0,0,850,0
103,120,77.0250593235953,5.18582335214804,1.27122260911362,0,101,120000,0,1
103,120,77.0250593235953,5.18582335214804,1.27122260911362,2.32,0,0,1299,0
103,120,77.0250593235953,5.18582335214804,1.27122260911362,4.54,0,0,1250,0
103,120,77.0250593235953,5.18582335214804,1.27122260911362,5.22,0,0,1484,0
103,120,77.0250593235953,5.18582335214804,1.27122260911362,5.87,0,0,1316,0
104,120,55.9530699476986,2.34043725487915,0.993277196037726,0,101,120000,0,1
104,120,55.9530699476986,2.34043725487915,0.993277196037726,0.61,0,0,1268,0
104,120,55.9530699476986,2.34043725487915,0.993277196037726,8.14,0,0,1740,0
104,120,55.9530699476986,2.34043725487915,0.993277196037726,14.72,0,0,984,0
104,120,55.9530699476986,2.34043725487915,0.993277196037726,17.14,0,0,1274,0
105,120,53.3970106878606,4.90168185449254,1.20902207214219,0,101,120000,0,1
105,120,53.3970106878606,4.90168185449254,1.20902207214219,4.74,0,0,1480,0
105,120,53.3970106878606,4.90168185449254,1.20902207214219,11.79,0,0,657,0
105,120,53.3970106878606,4.90168185449254,1.20902207214219,15.35,0,0,606,0
105,120,53.3970106878606,4.90168185449254,1.20902207214219,17.72,0,0,436,0
106,120,69.8822691493835,4.37903788421827,0.837283699240582,0,101,120000,0,1
106,120,69.8822691493835,4.37903788421827,0.837283699240582,7.98,0,0,1024,0
106,120,69.8822691493835,4.37903788421827,0.837283699240582,11.29,0,0,828,0
106,120,69.8822691493835,4.37903788421827,0.837283699240582,13.27,0,0,781,0
106,120,69.8822691493835,4.37903788421827,0.837283699240582,23.12,0,0,416,0
107,120,77.2541352194301,3.53170743844011,0.703051158135511,0,101,120000,0,1
107,120,77.2541352194301,3.53170743844011,0.703051158135511,1.89,0,0,1099,0
107,120,77.2541352194301,3.53170743844011,0.703051158135511,8.21,0,0,974,0
107,120,77.2541352194301,3.53170743844011,0.703051158135511,16.1,0,0,1022,0
107,120,77.2541352194301,3.53170743844011,0.703051158135511,17.52,0,0,554,0
108,120,118.978455136692,4.22081018493929,1.32026673470887,0,101,120000,0,1
108,120,118.978455136692,4.22081018493929,1.32026673470887,3.39,0,0,1115,0
108,120,118.978455136692,4.22081018493929,1.32026673470887,6.9,0,0,857,0
108,120,118.978455136692,4.22081018493929,1.32026673470887,12.75,0,0,675,0
108,120,118.978455136692,4.22081018493929,1.32026673470887,20.83,0,0,623,0
109,120,125.539023298807,3.18921639275087,0.962955870413106,0,101,120000,0,1
109,120,125.539023298807,3.18921639275087,0.962955870413106,9.01,0,0,622,0
109,120,125.539023298807,3.18921639275087,0.962955870413106,13.16,0,0,612,0
109,120,125.539023298807,3.18921639275087,0.962955870413106,17.03,0,0,783,0
109,120,125.539023298807,3.18921639275087,0.962955870413106,21.71,0,0,389,0
110,120,58.4953144430406,5.62366748222297,0.546407059713889,0,101,120000,0,1
110,120,58.4953144430406,5.62366748222297,0.546407059713889,4.66,0,0,1288,0
110,120,58.4953144430406,5.62366748222297,0.546407059713889,8.63,0,0,922,0
110,120,58.4953144430406,5.62366748222297,0.546407059713889,23.17,0,0,209,0
110,120,58.4953144430406,5.62366748222297,0.546407059713889,23.43,0,0,231,0
111,120,59.639414534352,4.74630625184637,0.798767909479073,0,101,120000,0,1
111,120,59.639414534352,4.74630625184637,0.798767909479073,1.44,0,0,1488,0
111,120,59.639414534352,4.74630625184637,0.798767909479073,6.28,0,0,1107,0
111,120,59.639414534352,4.74630625184637,0.798767909479073,8.26,0,0,831,0
111,120,59.639414534352,4.74630625184637,0.798767909479073,8.47,0,0,935,0
112,120,46.1546596458157,2.35269294807413,0.510988101347383,0,101,120000,0,1
112,120,46.1546596458157,2.35269294807413,0.510988101347383,8.32,0,0,1513,0
112,120,46.1546596458157,2.35269294807413,0.510988101347383,9.22,0,0,2365,0
112,120,46.1546596458157,2.35269294807413,0.510988101347383,12.77,0,0,1560,0
112,120,46.1546596458157,2.35269294807413,0.510988101347383,16.87,0,0,1456,0
113,120,79.5347300479295,2.96369632813349,1.08101237832543,0,101,120000,0,1
113,120,79.5347300479295,2.96369632813349,1.08101237832543,1.08,0,0,804,0
113,120,79.5347300479295,2.96369632813349,1.08101237832543,7.44,0,0,1102,0
113,120,79.5347300479295,2.96369632813349,1.08101237832543,8.34,0,0,1550,0
113,120,79.5347300479295,2.96369632813349,1.08101237832543,15.1,0,0,780,0
114,120,54.5106241677251,2.70552118114107,0.776002789924871,0,101,120000,0,1
114,120,54.5106241677251,2.70552118114107,0.776002789924871,11.77,0,0,1021,0
114,120,54.5106241677251,2.70552118114107,0.776002789924871,17.38,0,0,789,0
114,120,54.5106241677251,2.70552118114107,0.776002789924871,17.49,0,0,1251,0
114,120,54.5106241677251,2.70552118114107,0.776002789924871,18.62,0,0,785,0
115,120,53.7999393284441,7.4171253559172,1.06007675650749,0,101,120000,0,1
115,120,53.7999393284441,7.4171253559172,1.06007675650749,1.93,0,0,2069,0
115,120,53.7999393284441,7.4171253559172,1.06007675650749,11.43,0,0,561,0
115,120,53.7999393284441,7.4171253559172,1.06007675650749,14.94,0,0,417,0
115,120,53.7999393284441,7.4171253559172,1.06007675650749,18.05,0,0,224,0
116,120,88.0537456455445,4.97802819034101,0.879252826043316,0,101,120000,0,1
116,120,88.0537456455445,4.97802819034101,0.879252826043316,3.6,0,0,1095,0
116,120,88.0537456455445,4.97802819034101,0.879252826043316,5.71,0,0,936,0
116,120,88.0537456455445,4.97802819034101,0.879252826043316,22.04,0,0,350,0
116,120,88.0537456455445,4.97802819034101,0.879252826043316,23.55,0,0,471,0
117,120,61.0911480337945,3.57109551778735,0.651092031983306,0,101,120000,0,1
117,120,61.0911480337945,3.57109551778735,0.651092031983306,3.8,0,0,1199,0
117,120,61.0911480337945,3.57109551778735,0.651092031983306,3.98,0,0,2128,0
117,120,61.0911480337945,3.57109551778735,0.651092031983306,21.18,0,0,524,0
117,120,61.0911480337945,3.57109551778735,0.651092031983306,21.75,0,0,400,0
118,120,56.9130536506154,4.27719429535284,1.46185868255877,0,101,120000,0,1
118,120,56.9130536506154,4.27719429535284,1.46185868255877,3.69,0,0,1826,0
118,120,56.9130536506154,4.27719429535284,1.46185868255877,7.08,0,0,1199,0
118,120,56.9130536506154,4.27719429535284,1.46185868255877,9.31,0,0,747,0
118,120,56.9130536506154,4.27719429535284,1.46185868255877,12.3,0,0,759,0
119,120,50.5604044800858,6.24214547823693,0.760755529827135,0,101,120000,0,1
119,120,50.5604044800858,6.24214547823693,0.760755529827135,7.73,0,0,831,0
119,120,50.5604044800858,6.24214547823693,0.760755529827135,16.45,0,0,651,0
119,120,50.5604044800858,6.24214547823693,0.760755529827135,19.91,0,0,282,0
119,120,50.5604044800858,6.24214547823693,0.760755529827135,21.81,0,0,186,0
120,120,121.614216813836,7.13382127090919,0.96596596544731,0,101,120000,0,1
120,120,121.614216813836,7.13382127090919,0.96596596544731,9.19,0,0,982,0
120,120,121.614216813836,7.13382127090919,0.96596596544731,11.23,0,0,498,0
120,120,121.614216813836,7.13382127090919,0.96596596544731,11.39,0,0,550,0
120,120,121.614216813836,7.13382127090919,0.96596596544731,12.66,0,0,452,0
