ID,DOSE,V,CL,KA,TIME,EVID,AMT,DV,EVIDNM
1,10,76.7672188701764,4.26468524892123,1.45952166574016,0,101,10000,0,1
1,10,76.7672188701764,4.26468524892123,1.45952166574016,7.5,0,0,101,0
1,10,76.7672188701764,4.26468524892123,1.45952166574016,9.68,0,0,109,0
1,10,76.7672188701764,4.26468524892123,1.45952166574016,13.56,0,0,81,0
1,10,76.7672188701764,4.26468524892123,1.45952166574016,23.08,0,0,47,0
2,10,82.3073468618995,4.27615260386856,1.40482839550529,0,101,10000,0,1
2,10,82.3073468618995,4.27615260386856,1.40482839550529,1.79,0,0,89,0
2,10,82.3073468618995,4.27615260386856,1.40482839550529,3.38,0,0,126,0
2,10,82.3073468618995,4.27615260386856,1.40482839550529,10.05,0,0,91,0
2,10,82.3073468618995,4.27615260386856,1.40482839550529,11.98,0,0,68,0
3,10,37.7240029789809,3.79530934159411,1.38114498517013,0,101,10000,0,1
3,10,37.7240029789809,3.79530934159411,1.38114498517013,7.5,0,0,109,0
3,10,37.7240029789809,3.79530934159411,1.38114498517013,11.38,0,0,125,0
3,10,37.7240029789809,3.79530934159411,1.38114498517013,15.18,0,0,89,0
3,10,37.7240029789809,3.79530934159411,1.38114498517013,23.56,0,0,26,0
4,10,57.8983745792762,7.19225403935815,1.01181979613015,0,101,10000,0,1
4,10,57.8983745792762,7.19225403935815,1.01181979613015,3.14,0,0,128,0
4,10,57.8983745792762,7.19225403935815,1.01181979613015,11.67,0,0,61,0
4,10,57.8983745792762,7.19225403935815,1.01181979613015,19.55,0,0,23,0
4,10,57.8983745792762,7.19225403935815,1.01181979613015,19.99,0,0,12,0
5,10,102.936089693908,6.43929215847348,0.704417553806,0,101,10000,0,1
5,10,102.936089693908,6.43929215847348,0.704417553806,12.63,0,0,60,0
5,10,102.936089693908,6.43929215847348,0.704417553806,13.53,0,0,51,0
5,10,102.936089693908,6.43929215847348,0.704417553806,16.39,0,0,30,0
5,10,102.936089693908,6.43929215847348,0.704417553806,19.49,0,0,30,0
6,10,75.636068464784,2.50285932409508,1.23729645566615,0,101,10000,0,1
6,10,75.636068464784,2.50285932409508,1.23729645566615,3.69,0,0,100,0
6,10,75.636068464784,2.50285932409508,1.23729645566615,7.46,0,0,110,0
6,10,75.636068464784,2.50285932409508,1.23729645566615,13.38,0,0,92,0
6,10,75.636068464784,2.50285932409508,1.23729645566615,19.99,0,0,72,0
7,10,60.9993894301815,3.95506573403979,0.708606967600673,0,101,10000,0,1
7,10,60.9993894301815,3.95506573403979,0.708606967600673,5.05,0,0,130,0
7,10,60.9993894301815,3.95506573403979,0.708606967600673,12.72,0,0,66,0
7,10,60.9993894301815,3.95506573403979,0.708606967600673,13.12,0,0,103,0
7,10,60.9993894301815,3.95506573403979,0.708606967600673,18.09,0,0,57,0
8,10,54.7795895927734,4.06594712702053,1.10057387680437,0,101,10000,0,1
8,10,54.7795895927734,4.06594712702053,1.10057387680437,2.71,0,0,160,0
8,10,54.7795895927734,4.06594712702053,1.10057387680437,6.42,0,0,144,0
8,10,54.7795895927734,4.06594712702053,1.10057387680437,11.44,0,0,92,0
8,10,54.7795895927734,4.06594712702053,1.10057387680437,23.64,0,0,28,0
9,10,85.2400377776083,3.85924813867261,0.984945944846353,0,101,10000,0,1
9,10,85.2400377776083,3.85924813867261,0.984945944846353,3.35,0,0,114,0
9,10,85.2400377776083,3.85924813867261,0.984945944846353,3.63,0,0,74,0
9,10,85.2400377776083,3.85924813867261,0.984945944846353,7.04,0,0,95,0
9,10,85.2400377776083,3.85924813867261,0.984945944846353,16.68,0,0,65,0
10,10,75.5846565218603,6.15577246518267,0.778086002911813,0,101,10000,0,1
10,10,75.5846565218603,6.15577246518267,0.778086002911813,0.82,0,0,54,0
10,10,75.5846565218603,6.15577246518267,0.778086002911813,2.11,0,0,83,0
10,10,75.5846565218603,6.15577246518267,0.778086002911813,5.91,0,0,70,0
10,10,75.5846565218603,6.15577246518267,0.778086002911813,16.89,0,0,33,0
11,10,91.1155265120279,3.454017377807,1.14117159618267,0,101,10000,0,1
11,10,91.1155265120279,3.454017377807,1.14117159618267,6.31,0,0,61,0
11,10,91.1155265120279,3.454017377807,1.14117159618267,7.32,0,0,88,0
11,10,91.1155265120279,3.454017377807,1.14117159618267,11.41,0,0,42,0
11,10,91.1155265120279,3.454017377807,1.14117159618267,19.28,0,0,43,0
12,10,42.5280359662457,2.15013845379702,0.581671681890023,0,101,10000,0,1
12,10,42.5280359662457,2.15013845379702,0.581671681890023,0.78,0,0,88,0
12,10,42.5280359662457,2.15013845379702,0.581671681890023,3.99,0,0,147,0
12,10,42.5280359662457,2.15013845379702,0.581671681890023,13.65,0,0,107,0
12,10,42.5280359662457,2.15013845379702,0.581671681890023,14.18,0,0,158,0
13,10,76.2597257950087,2.68315927372223,0.67580135526005,0,101,10000,0,1
13,10,76.2597257950087,2.68315927372223,0.67580135526005,5.55,0,0,120,0
13,10,76.2597257950087,2.68315927372223,0.67580135526005,13.73,0,0,116,0
13,10,76.2597257950087,2.68315927372223,0.67580135526005,20.44,0,0,62,0
13,10,76.2597257950087,2.68315927372223,0.67580135526005,23.43,0,0,64,0
14,10,93.8853869135849,3.8292118766001,0.884422319547224,0,101,10000,0,1
14,10,93.8853869135849,3.8292118766001,0.884422319547224,5.44,0,0,82,0
14,10,93.8853869135849,3.8292118766001,0.884422319547224,10.18,0,0,62,0
14,10,93.8853869135849,3.8292118766001,0.884422319547224,11.74,0,0,59,0
14,10,93.8853869135849,3.8292118766001,0.884422319547224,16.54,0,0,67,0
15,10,60.882846403541,4.19776228025544,0.843593784273357,0,101,10000,0,1
15,10,60.882846403541,4.19776228025544,0.843593784273357,0.13,0,0,29,0
15,10,60.882846403541,4.19776228025544,0.843593784273357,4.02,0,0,133,0
15,10,60.882846403541,4.19776228025544,0.843593784273357,6.01,0,0,211,0
15,10,60.882846403541,4.19776228025544,0.843593784273357,20.12,0,0,43,0
16,10,59.4806802795938,3.2611925889599,0.741323650722587,0,101,10000,0,1
16,10,59.4806802795938,3.2611925889599,0.741323650722587,7.2,0,0,119,0
16,10,59.4806802795938,3.2611925889599,0.741323650722587,15.36,0,0,77,0
16,10,59.4806802795938,3.2611925889599,0.741323650722587,17.07,0,0,70,0
16,10,59.4806802795938,3.2611925889599,0.741323650722587,19.99,0,0,69,0
17,10,87.373499179637,1.5404948667437,0.875633074790336,0,101,10000,0,1
17,10,87.373499179637,1.5404948667437,0.875633074790336,0.5,0,0,46,0
17,10,87.373499179637,1.5404948667437,0.875633074790336,6.76,0,0,121,0
17,10,87.373499179637,1.5404948667437,0.875633074790336,9.12,0,0,83,0
17,10,87.373499179637,1.5404948667437,0.875633074790336,19.12,0,0,95,0
18,10,44.2814460659433,4.04699901952866,1.42531763010027,0,101,10000,0,1
18,10,44.2814460659433,4.04699901952866,1.42531763010027,3.66,0,0,116,0
18,10,44.2814460659433,4.04699901952866,1.42531763010027,7,0,0,157,0
18,10,44.2814460659433,4.04699901952866,1.42531763010027,10.74,0,0,95,0
18,10,44.2814460659433,4.04699901952866,1.42531763010027,13.18,0,0,45,0
19,10,45.2432135837069,3.55773768707965,0.968873083117788,0,101,10000,0,1
19,10,45.2432135837069,3.55773768707965,0.968873083117788,5.59,0,0,151,0
19,10,45.2432135837069,3.55773768707965,0.968873083117788,9.41,0,0,109,0
19,10,45.2432135837069,3.55773768707965,0.968873083117788,15.96,0,0,102,0
19,10,45.2432135837069,3.55773768707965,0.968873083117788,17.54,0,0,74,0
20,10,66.4477006052633,4.71556092576704,1.19185102506963,0,101,10000,0,1
20,10,66.4477006052633,4.71556092576704,1.19185102506963,0.61,0,0,99,0
20,10,66.4477006052633,4.71556092576704,1.19185102506963,3.99,0,0,103,0
20,10,66.4477006052633,4.71556092576704,1.19185102506963,7.39,0,0,96,0
20,10,66.4477006052633,4.71556092576704,1.19185102506963,16.64,0,0,43,0
21,10,89.0800747091171,4.97728396760793,0.817839696909189,0,101,10000,0,1
21,10,89.0800747091171,4.97728396760793,0.817839696909189,1.73,0,0,92,0
21,10,89.0800747091171,4.97728396760793,0.817839696909189,4.26,0,0,104,0
21,10,89.0800747091171,4.97728396760793,0.817839696909189,19.38,0,0,40,0
21,10,89.0800747091171,4.97728396760793,0.817839696909189,19.66,0,0,30,0
22,10,121.86235901658,2.21746220370038,0.584363391278241,0,101,10000,0,1
22,10,121.86235901658,2.21746220370038,0.584363391278241,1.61,0,0,37,0
22,10,121.86235901658,2.21746220370038,0.584363391278241,10.69,0,0,70,0
22,10,121.86235901658,2.21746220370038,0.584363391278241,15.6,0,0,81,0
22,10,121.86235901658,2.21746220370038,0.584363391278241,21.02,0,0,61,0
23,10,49.488584313798,6.1580156594049,0.815976977891316,0,101,10000,0,1
23,10,49.488584313798,6.1580156594049,0.815976977891316,0.13,0,0,17,0
23,10,49.488584313798,6.1580156594049,0.815976977891316,3.49,0,0,129,0
23,10,49.488584313798,6.1580156594049,0.815976977891316,10.93,0,0,47,0
23,10,49.488584313798,6.1580156594049,0.815976977891316,19.72,0,0,16,0
24,10,80.8908734310833,4.73938575669419,1.10975050437241,0,101,10000,0,1
24,10,80.8908734310833,4.73938575669419,1.10975050437241,1.15,0,0,130,0
24,10,80.8908734310833,4.73938575669419,1.10975050437241,5.08,0,0,113,0
24,10,80.8908734310833,4.73938575669419,1.10975050437241,6.81,0,0,63,0
24,10,80.8908734310833,4.73938575669419,1.10975050437241,17.2,0,0,58,0
25,10,42.0599853026954,5.18766943841435,1.27092905896533,0,101,10000,0,1
25,10,42.0599853026954,5.18766943841435,1.27092905896533,3.32,0,0,199,0
25,10,42.0599853026954,5.18766943841435,1.27092905896533,3.99,0,0,146,0
25,10,42.0599853026954,5.18766943841435,1.27092905896533,6.88,0,0,123,0
25,10,42.0599853026954,5.18766943841435,1.27092905896533,7.01,0,0,117,0
26,10,42.8475376445736,7.25097978545815,1.18817579542843,0,101,10000,0,1
26,10,42.8475376445736,7.25097978545815,1.18817579542843,11.82,0,0,45,0
26,10,42.8475376445736,7.25097978545815,1.18817579542843,13.04,0,0,26,0
26,10,42.8475376445736,7.25097978545815,1.18817579542843,16.86,0,0,14,0
26,10,42.8475376445736,7.25097978545815,1.18817579542843,17.69,0,0,12,0
27,10,102.950705395227,2.73647850963433,1.33283288024514,0,101,10000,0,1
27,10,102.950705395227,2.73647850963433,1.33283288024514,15.79,0,0,70,0
27,10,102.950705395227,2.73647850963433,1.33283288024514,16.83,0,0,58,0
27,10,102.950705395227,2.73647850963433,1.33283288024514,20.98,0,0,58,0
27,10,102.950705395227,2.73647850963433,1.33283288024514,21.28,0,0,61,0
28,10,63.9128025167905,4.01318466906986,1.55776959360849,0,101,10000,0,1
28,10,63.9128025167905,4.01318466906986,1.55776959360849,1.06,0,0,127,0
28,10,63.9128025167905,4.01318466906986,1.55776959360849,1.42,0,0,157,0
28,10,63.9128025167905,4.01318466906986,1.55776959360849,8.73,0,0,107,0
28,10,63.9128025167905,4.01318466906986,1.55776959360849,21.58,0,0,50,0
29,10,60.3626738078865,3.78161426902424,0.961567016443277,0,101,10000,0,1
29,10,60.3626738078865,3.78161426902424,0.961567016443277,8.26,0,0,103,0
29,10,60.3626738078865,3.78161426902424,0.961567016443277,9.08,0,0,136,0
29,10,60.3626738078865,3.78161426902424,0.961567016443277,9.18,0,0,123,0
29,10,60.3626738078865,3.78161426902424,0.961567016443277,19.32,0,0,43,0
30,10,84.2873309905146,4.03910444076828,1.34483827965955,0,101,10000,0,1
30,10,84.2873309905146,4.03910444076828,1.34483827965955,0.19,0,0,25,0
30,10,84.2873309905146,4.03910444076828,1.34483827965955,4.01,0,0,149,0
30,10,84.2873309905146,4.03910444076828,1.34483827965955,15,0,0,67,0
30,10,84.2873309905146,4.03910444076828,1.34483827965955,19.01,0,0,42,0
31,30,53.0396777413357,3.76886297337195,0.880808844352158,0,101,30000,0,1
31,30,53.0396777413357,3.76886297337195,0.880808844352158,5.25,0,0,397,0
31,30,53.0396777413357,3.76886297337195,0.880808844352158,11.33,0,0,342,0
31,30,53.0396777413357,3.76886297337195,0.880808844352158,22.55,0,0,111,0
31,30,53.0396777413357,3.76886297337195,0.880808844352158,23.14,0,0,154,0
32,30,96.8044235060782,3.91408341776731,0.617460612678577,0,101,30000,0,1
32,30,96.8044235060782,3.91408341776731,0.617460612678577,7.44,0,0,284,0
32,30,96.8044235060782,3.91408341776731,0.617460612678577,7.88,0,0,195,0
32,30,96.8044235060782,3.91408341776731,0.617460612678577,8.53,0,0,243,0
32,30,96.8044235060782,3.91408341776731,0.617460612678577,9.99,0,0,218,0
33,30,45.1264377538156,3.48946618385368,1.54316356745588,0,101,30000,0,1
33,30,45.1264377538156,3.48946618385368,1.54316356745588,3.88,0,0,645,0
33,30,45.1264377538156,3.48946618385368,1.54316356745588,9.57,0,0,389,0
33,30,45.1264377538156,3.48946618385368,1.54316356745588,11.72,0,0,321,0
33,30,45.1264377538156,3.48946618385368,1.54316356745588,16.22,0,0,193,0
34,30,74.8737861043989,2.69017782045718,0.91561083774755,0,101,30000,0,1
34,30,74.8737861043989,2.69017782045718,0.91561083774755,6.02,0,0,287,0
34,30,74.8737861043989,2.69017782045718,0.91561083774755,6.7,0,0,384,0
34,30,74.8737861043989,2.69017782045718,0.91561083774755,7.15,0,0,342,0
34,30,74.8737861043989,2.69017782045718,0.91561083774755,13.07,0,0,191,0
35,30,81.1299255511824,5.88389740706388,0.642939744131136,0,101,30000,0,1
35,30,81.1299255511824,5.88389740706388,0.642939744131136,0.67,0,0,131,0
35,30,81.1299255511824,5.88389740706388,0.642939744131136,4.23,0,0,335,0
35,30,81.1299255511824,5.88389740706388,0.642939744131136,9.95,0,0,199,0
35,30,81.1299255511824,5.88389740706388,0.642939744131136,13.72,0,0,183,0
36,30,83.6367803508704,3.99561605897882,1.21548555934872,0,101,30000,0,1
36,30,83.6367803508704,3.99561605897882,1.21548555934872,3.37,0,0,278,0
36,30,83.6367803508704,3.99561605897882,1.21548555934872,10.28,0,0,397,0
36,30,83.6367803508704,3.99561605897882,1.21548555934872,10.84,0,0,185,0
36,30,83.6367803508704,3.99561605897882,1.21548555934872,15.23,0,0,174,0
37,30,96.0896252617364,4.7725699336639,1.73469430206549,0,101,30000,0,1
37,30,96.0896252617364,4.7725699336639,1.73469430206549,8.79,0,0,177,0
37,30,96.0896252617364,4.7725699336639,1.73469430206549,13.53,0,0,154,0
37,30,96.0896252617364,4.7725699336639,1.73469430206549,17.38,0,0,175,0
37,30,96.0896252617364,4.7725699336639,1.73469430206549,17.52,0,0,144,0
38,30,46.5907231204113,3.77741366664458,0.95803231838101,0,101,30000,0,1
38,30,46.5907231204113,3.77741366664458,0.95803231838101,0.26,0,0,168,0
38,30,46.5907231204113,3.77741366664458,0.95803231838101,10.13,0,0,277,0
38,30,46.5907231204113,3.77741366664458,0.95803231838101,10.76,0,0,346,0
38,30,46.5907231204113,3.77741366664458,0.95803231838101,23.02,0,0,128,0
39,30,63.1309075964686,5.19077873692738,0.867936486032882,0,101,30000,0,1
39,30,63.1309075964686,5.19077873692738,0.867936486032882,6.27,0,0,364,0
39,30,63.1309075964686,5.19077873692738,0.867936486032882,8.37,0,0,189,0
39,30,63.1309075964686,5.19077873692738,0.867936486032882,17.7,0,0,73,0
39,30,63.1309075964686,5.19077873692738,0.867936486032882,22.98,0,0,114,0
40,30,71.3886644617321,4.07450557384472,1.25482523907328,0,101,30000,0,1
40,30,71.3886644617321,4.07450557384472,1.25482523907328,4.1,0,0,255,0
40,30,71.3886644617321,4.07450557384472,1.25482523907328,10.19,0,0,292,0
40,30,71.3886644617321,4.07450557384472,1.25482523907328,13.78,0,0,184,0
40,30,71.3886644617321,4.07450557384472,1.25482523907328,20.45,0,0,120,0
41,30,87.3998288806464,7.66063863830983,0.812607779332493,0,101,30000,0,1
41,30,87.3998288806464,7.66063863830983,0.812607779332493,11.79,0,0,117,0
41,30,87.3998288806464,7.66063863830983,0.812607779332493,17.66,0,0,60,0
41,30,87.3998288806464,7.66063863830983,0.812607779332493,20.17,0,0,67,0
41,30,87.3998288806464,7.66063863830983,0.812607779332493,20.42,0,0,42,0
42,30,57.2155250777021,3.89998862664688,2.05626489794186,0,101,30000,0,1
42,30,57.2155250777021,3.89998862664688,2.05626489794186,4.76,0,0,366,0
42,30,57.2155250777021,3.89998862664688,2.05626489794186,6.24,0,0,338,0
42,30,57.2155250777021,3.89998862664688,2.05626489794186,20.56,0,0,170,0
42,30,57.2155250777021,3.89998862664688,2.05626489794186,23.68,0,0,101,0
43,30,95.3210150550213,5.63490521857557,0.746014068073461,0,101,30000,0,1
43,30,95.3210150550213,5.63490521857557,0.746014068073461,0.41,0,0,79,0
43,30,95.3210150550213,5.63490521857557,0.746014068073461,2.93,0,0,275,0
43,30,95.3210150550213,5.63490521857557,0.746014068073461,5.53,0,0,235,0
43,30,95.3210150550213,5.63490521857557,0.746014068073461,22.76,0,0,87,0
44,30,129.215329907064,4.40805663111566,1.59673259028339,0,101,30000,0,1
44,30,129.215329907064,4.40805663111566,1.59673259028339,3.38,0,0,178,0
44,30,129.215329907064,4.40805663111566,1.59673259028339,4.48,0,0,243,0
44,30,129.215329907064,4.40805663111566,1.59673259028339,15.41,0,0,142,0
44,30,129.215329907064,4.40805663111566,1.59673259028339,23.91,0,0,117,0
45,30,53.9806197501611,7.22640246523611,1.26569420707016,0,101,30000,0,1
45,30,53.9806197501611,7.22640246523611,1.26569420707016,1.06,0,0,358,0
45,30,53.9806197501611,7.22640246523611,1.26569420707016,3.34,0,0,432,0
45,30,53.9806197501611,7.22640246523611,1.26569420707016,7.29,0,0,239,0
45,30,53.9806197501611,7.22640246523611,1.26569420707016,11.94,0,0,108,0
46,30,54.2769592675071,4.5432541400613,1.20668544900614,0,101,30000,0,1
46,30,54.2769592675071,4.5432541400613,1.20668544900614,3.48,0,0,383,0
46,30,54.2769592675071,4.5432541400613,1.20668544900614,4.61,0,0,413,0
46,30,54.2769592675071,4.5432541400613,1.20668544900614,11.12,0,0,183,0
46,30,54.2769592675071,4.5432541400613,1.20668544900614,13.51,0,0,218,0
47,30,79.1370342233841,2.12044536631665,1.2224959459326,0,101,30000,0,1
47,30,79.1370342233841,2.12044536631665,1.2224959459326,5.54,0,0,342,0
47,30,79.1370342233841,2.12044536631665,1.2224959459326,13.95,0,0,306,0
47,30,79.1370342233841,2.12044536631665,1.2224959459326,17.78,0,0,318,0
47,30,79.1370342233841,2.12044536631665,1.2224959459326,23.15,0,0,207,0
48,30,47.435078758352,4.35879683180216,0.567168703572723,0,101,30000,0,1
48,30,47.435078758352,4.35879683180216,0.567168703572723,11.86,0,0,276,0
48,30,47.435078758352,4.35879683180216,0.567168703572723,12.54,0,0,317,0
48,30,47.435078758352,4.35879683180216,0.567168703572723,21.94,0,0,91,0
48,30,47.435078758352,4.35879683180216,0.567168703572723,22.01,0,0,117,0
49,30,56.35160315687,3.1736704829406,0.704040672616926,0,101,30000,0,1
49,30,56.35160315687,3.1736704829406,0.704040672616926,0.47,0,0,140,0
49,30,56.35160315687,3.1736704829406,0.704040672616926,12.87,0,0,287,0
49,30,56.35160315687,3.1736704829406,0.704040672616926,17.1,0,0,214,0
49,30,56.35160315687,3.1736704829406,0.704040672616926,19.43,0,0,228,0
50,30,57.5358327033922,2.73873874531521,0.738857592133492,0,101,30000,0,1
50,30,57.5358327033922,2.73873874531521,0.738857592133492,2.65,0,0,459,0
50,30,57.5358327033922,2.73873874531521,0.738857592133492,8.09,0,0,307,0
50,30,57.5358327033922,2.73873874531521,0.738857592133492,14.48,0,0,343,0
50,30,57.5358327033922,2.73873874531521,0.738857592133492,16.72,0,0,268,0
51,30,54.1622349900677,3.31040760988114,1.15712784197763,0,101,30000,0,1
51,30,54.1622349900677,3.31040760988114,1.15712784197763,4.23,0,0,525,0
51,30,54.1622349900677,3.31040760988114,1.15712784197763,9.23,0,0,272,0
51,30,54.1622349900677,3.31040760988114,1.15712784197763,14.95,0,0,200,0
51,30,54.1622349900677,3.31040760988114,1.15712784197763,20.42,0,0,140,0
52,30,54.6254995132256,3.75097250975164,1.22046076284382,0,101,30000,0,1
52,30,54.6254995132256,3.75097250975164,1.22046076284382,8.82,0,0,279,0
52,30,54.6254995132256,3.75097250975164,1.22046076284382,12.65,0,0,196,0
52,30,54.6254995132256,3.75097250975164,1.22046076284382,17.64,0,0,174,0
52,30,54.6254995132256,3.75097250975164,1.22046076284382,23.84,0,0,125,0
53,30,44.9637995731909,5.90244661273845,0.906225038795577,0,101,30000,0,1
53,30,44.9637995731909,5.90244661273845,0.906225038795577,4.56,0,0,509,0
53,30,44.9637995731909,5.90244661273845,0.906225038795577,12.83,0,0,116,0
53,30,44.9637995731909,5.90244661273845,0.906225038795577,18.74,0,0,53,0
53,30,44.9637995731909,5.90244661273845,0.906225038795577,23.5,0,0,33,0
54,30,59.5740271972973,3.15598415466551,1.59865228914633,0,101,30000,0,1
54,30,59.5740271972973,3.15598415466551,1.59865228914633,3.25,0,0,412,0
54,30,59.5740271972973,3.15598415466551,1.59865228914633,10.69,0,0,322,0
54,30,59.5740271972973,3.15598415466551,1.59865228914633,12.66,0,0,362,0
54,30,59.5740271972973,3.15598415466551,1.59865228914633,22.37,0,0,122,0
55,30,87.7942066533866,1.78002850829063,1.24687026584906,0,101,30000,0,1
55,30,87.7942066533866,1.78002850829063,1.24687026584906,2.92,0,0,277,0
55,30,87.7942066533866,1.78002850829063,1.24687026584906,5.89,0,0,316,0
55,30,87.7942066533866,1.78002850829063,1.24687026584906,10.18,0,0,347,0
55,30,87.7942066533866,1.78002850829063,1.24687026584906,15.15,0,0,308,0
56,30,78.8410441585668,3.65284084019051,1.14625324674369,0,101,30000,0,1
56,30,78.8410441585668,3.65284084019051,1.14625324674369,1.29,0,0,250,0
56,30,78.8410441585668,3.65284084019051,1.14625324674369,3.02,0,0,349,0
56,30,78.8410441585668,3.65284084019051,1.14625324674369,10.39,0,0,161,0
56,30,78.8410441585668,3.65284084019051,1.14625324674369,11.98,0,0,179,0
57,30,68.0151525317433,2.26799928580838,0.652566980183887,0,101,30000,0,1
57,30,68.0151525317433,2.26799928580838,0.652566980183887,4.84,0,0,375,0
57,30,68.0151525317433,2.26799928580838,0.652566980183887,14.33,0,0,330,0
57,30,68.0151525317433,2.26799928580838,0.652566980183887,21.25,0,0,247,0
57,30,68.0151525317433,2.26799928580838,0.652566980183887,23.42,0,0,193,0
58,30,56.2474958502055,5.69698018913153,1.36702731596474,0,101,30000,0,1
58,30,56.2474958502055,5.69698018913153,1.36702731596474,4.8,0,0,346,0
58,30,56.2474958502055,5.69698018913153,1.36702731596474,6.87,0,0,332,0
58,30,56.2474958502055,5.69698018913153,1.36702731596474,7.8,0,0,253,0
58,30,56.2474958502055,5.69698018913153,1.36702731596474,19.79,0,0,72,0
59,30,102.222445540042,6.01543918569603,0.894477164336966,0,101,30000,0,1
59,30,102.222445540042,6.01543918569603,0.894477164336966,2.3,0,0,283,0
59,30,102.222445540042,6.01543918569603,0.894477164336966,2.36,0,0,244,0
59,30,102.222445540042,6.01543918569603,0.894477164336966,4.47,0,0,277,0
59,30,102.222445540042,6.01543918569603,0.894477164336966,6.71,0,0,174,0
60,30,86.2922621779213,3.81491030386119,0.94802210716016,0,101,30000,0,1
60,30,86.2922621779213,3.81491030386119,0.94802210716016,2.72,0,0,227,0
60,30,86.2922621779213,3.81491030386119,0.94802210716016,10.29,0,0,235,0
60,30,86.2922621779213,3.81491030386119,0.94802210716016,10.8,0,0,215,0
60,30,86.2922621779213,3.81491030386119,0.94802210716016,20.97,0,0,185,0
61,60,79.916659448314,5.76083003468479,1.45038374965598,0,101,60000,0,1
61,60,79.916659448314,5.76083003468479,1.45038374965598,9.66,0,0,367,0
61,60,79.916659448314,5.76083003468479,1.45038374965598,13.24,0,0,272,0
61,60,79.916659448314,5.76083003468479,1.45038374965598,18.21,0,0,185,0
61,60,79.916659448314,5.76083003468479,1.45038374965598,23.94,0,0,164,0
62,60,68.4908655630932,4.48028674681178,1.14848863123109,0,101,60000,0,1
62,60,68.4908655630932,4.48028674681178,1.14848863123109,4.5,0,0,1063,0
62,60,68.4908655630932,4.48028674681178,1.14848863123109,10.31,0,0,549,0
62,60,68.4908655630932,4.48028674681178,1.14848863123109,11.17,0,0,364,0
62,60,68.4908655630932,4.48028674681178,1.14848863123109,18.38,0,0,310,0
63,60,81.6209918129574,6.48424737813511,1.09502069750934,0,101,60000,0,1
63,60,81.6209918129574,6.48424737813511,1.09502069750934,8.33,0,0,454,0
63,60,81.6209918129574,6.48424737813511,1.09502069750934,8.95,0,0,367,0
63,60,81.6209918129574,6.48424737813511,1.09502069750934,17.73,0,0,141,0
63,60,81.6209918129574,6.48424737813511,1.09502069750934,23.51,0,0,134,0
64,60,74.8447621033923,3.03986618484419,0.744024761503524,0,101,60000,0,1
64,60,74.8447621033923,3.03986618484419,0.744024761503524,3.4,0,0,664,0
64,60,74.8447621033923,3.03986618484419,0.744024761503524,10.44,0,0,610,0
64,60,74.8447621033923,3.03986618484419,0.744024761503524,10.87,0,0,586,0
64,60,74.8447621033923,3.03986618484419,0.744024761503524,22.45,0,0,383,0
65,60,71.8529825813117,4.81863298818382,1.06805359215341,0,101,60000,0,1
65,60,71.8529825813117,4.81863298818382,1.06805359215341,4.46,0,0,884,0
65,60,71.8529825813117,4.81863298818382,1.06805359215341,4.57,0,0,755,0
65,60,71.8529825813117,4.81863298818382,1.06805359215341,7.07,0,0,884,0
65,60,71.8529825813117,4.81863298818382,1.06805359215341,18.5,0,0,185,0
66,60,53.8971632774402,3.11543370618909,0.913470296429886,0,101,60000,0,1
66,60,53.8971632774402,3.11543370618909,0.913470296429886,1.19,0,0,438,0
66,60,53.8971632774402,3.11543370618909,0.913470296429886,4.92,0,0,873,0
66,60,53.8971632774402,3.11543370618909,0.913470296429886,5.32,0,0,791,0
66,60,53.8971632774402,3.11543370618909,0.913470296429886,5.88,0,0,696,0
67,60,125.340261832601,5.53212075336341,1.05756819071138,0,101,60000,0,1
67,60,125.340261832601,5.53212075336341,1.05756819071138,1.36,0,0,314,0
67,60,125.340261832601,5.53212075336341,1.05756819071138,10.79,0,0,246,0
67,60,125.340261832601,5.53212075336341,1.05756819071138,11.94,0,0,344,0
67,60,125.340261832601,5.53212075336341,1.05756819071138,21.65,0,0,117,0
68,60,76.0209920693989,3.35498304317328,0.451012514687417,0,101,60000,0,1
68,60,76.0209920693989,3.35498304317328,0.451012514687417,1.14,0,0,249,0
68,60,76.0209920693989,3.35498304317328,0.451012514687417,4.84,0,0,711,0
68,60,76.0209920693989,3.35498304317328,0.451012514687417,14.51,0,0,433,0
68,60,76.0209920693989,3.35498304317328,0.451012514687417,20.95,0,0,409,0
69,60,68.095337531877,3.45157024298413,0.730806037174115,0,101,60000,0,1
69,60,68.095337531877,3.45157024298413,0.730806037174115,0.96,0,0,405,0
69,60,68.095337531877,3.45157024298413,0.730806037174115,8.52,0,0,628,0
69,60,68.095337531877,3.45157024298413,0.730806037174115,8.63,0,0,690,0
69,60,68.095337531877,3.45157024298413,0.730806037174115,16.63,0,0,440,0
70,60,143.786232942427,4.42262418949953,0.982748782486353,0,101,60000,0,1
70,60,143.786232942427,4.42262418949953,0.982748782486353,13.51,0,0,218,0
70,60,143.786232942427,4.42262418949953,0.982748782486353,13.73,0,0,207,0
70,60,143.786232942427,4.42262418949953,0.982748782486353,15.99,0,0,250,0
70,60,143.786232942427,4.42262418949953,0.982748782486353,21.38,0,0,219,0
71,60,64.8473532517325,4.73765145015075,1.40659947007119,0,101,60000,0,1
71,60,64.8473532517325,4.73765145015075,1.40659947007119,11.03,0,0,358,0
71,60,64.8473532517325,4.73765145015075,1.40659947007119,11.07,0,0,387,0
71,60,64.8473532517325,4.73765145015075,1.40659947007119,14.24,0,0,401,0
71,60,64.8473532517325,4.73765145015075,1.40659947007119,16.33,0,0,247,0
72,60,72.3569855880483,3.96715661803759,1.26507203852548,0,101,60000,0,1
72,60,72.3569855880483,3.96715661803759,1.26507203852548,3.79,0,0,535,0
72,60,72.3569855880483,3.96715661803759,1.26507203852548,4.74,0,0,638,0
72,60,72.3569855880483,3.96715661803759,1.26507203852548,7.45,0,0,566,0
72,60,72.3569855880483,3.96715661803759,1.26507203852548,19.03,0,0,406,0
73,60,59.1856174899009,4.31164833587821,0.792130842322674,0,101,60000,0,1
73,60,59.1856174899009,4.31164833587821,0.792130842322674,8.54,0,0,569,0
73,60,59.1856174899009,4.31164833587821,0.792130842322674,12.13,0,0,640,0
73,60,59.1856174899009,4.31164833587821,0.792130842322674,15.25,0,0,292,0
73,60,59.1856174899009,4.31164833587821,0.792130842322674,16.3,0,0,278,0
74,60,78.7640666399556,3.17175592983767,0.612204146926989,0,101,60000,0,1
74,60,78.7640666399556,3.17175592983767,0.612204146926989,10.97,0,0,580,0
74,60,78.7640666399556,3.17175592983767,0.612204146926989,12.99,0,0,492,0
74,60,78.7640666399556,3.17175592983767,0.612204146926989,19.15,0,0,345,0
74,60,78.7640666399556,3.17175592983767,0.612204146926989,23.79,0,0,392,0
75,60,103.962480415725,2.92542829809228,1.28817140520837,0,101,60000,0,1
75,60,103.962480415725,2.92542829809228,1.28817140520837,13.67,0,0,223,0
75,60,103.962480415725,2.92542829809228,1.28817140520837,15.2,0,0,326,0
75,60,103.962480415725,2.92542829809228,1.28817140520837,16.32,0,0,387,0
75,60,103.962480415725,2.92542829809228,1.28817140520837,19.17,0,0,420,0
76,60,54.7280022799318,5.43560645706695,1.29453987901698,0,101,60000,0,1
76,60,54.7280022799318,5.43560645706695,1.29453987901698,2.18,0,0,835,0
76,60,54.7280022799318,5.43560645706695,1.29453987901698,2.88,0,0,869,0
76,60,54.7280022799318,5.43560645706695,1.29453987901698,4.33,0,0,975,0
76,60,54.7280022799318,5.43560645706695,1.29453987901698,7.49,0,0,507,0
77,60,38.6821523265049,5.27309908948243,1.22697055651529,0,101,60000,0,1
77,60,38.6821523265049,5.27309908948243,1.22697055651529,9.15,0,0,364,0
77,60,38.6821523265049,5.27309908948243,1.22697055651529,11.67,0,0,413,0
77,60,38.6821523265049,5.27309908948243,1.22697055651529,17.51,0,0,116,0
77,60,38.6821523265049,5.27309908948243,1.22697055651529,20.12,0,0,89,0
78,60,71.4146819705925,5.92348216937577,1.38981885529396,0,101,60000,0,1
78,60,71.4146819705925,5.92348216937577,1.38981885529396,8.77,0,0,431,0
78,60,71.4146819705925,5.92348216937577,1.38981885529396,10.16,0,0,425,0
78,60,71.4146819705925,5.92348216937577,1.38981885529396,13.99,0,0,313,0
78,60,71.4146819705925,5.92348216937577,1.38981885529396,15.23,0,0,206,0
79,60,80.3407609885275,2.86663324140648,0.727642912792659,0,101,60000,0,1
79,60,80.3407609885275,2.86663324140648,0.727642912792659,6.71,0,0,687,0
79,60,80.3407609885275,2.86663324140648,0.727642912792659,9.44,0,0,622,0
79,60,80.3407609885275,2.86663324140648,0.727642912792659,11.92,0,0,618,0
79,60,80.3407609885275,2.86663324140648,0.727642912792659,15.6,0,0,396,0
80,60,67.3024720114956,2.3968229536813,1.4294663473928,0,101,60000,0,1
80,60,67.3024720114956,2.3968229536813,1.4294663473928,1.09,0,0,702,0
80,60,67.3024720114956,2.3968229536813,1.4294663473928,14.26,0,0,491,0
80,60,67.3024720114956,2.3968229536813,1.4294663473928,15.66,0,0,439,0
80,60,67.3024720114956,2.3968229536813,1.4294663473928,21.81,0,0,526,0
81,60,65.1528991005815,4.52001876942869,1.11365287609487,0,101,60000,0,1
81,60,65.1528991005815,4.52001876942869,1.11365287609487,5.71,0,0,659,0
81,60,65.1528991005815,4.52001876942869,1.11365287609487,11.35,0,0,410,0
81,60,65.1528991005815,4.52001876942869,1.11365287609487,16.29,0,0,340,0
81,60,65.1528991005815,4.52001876942869,1.11365287609487,20.86,0,0,287,0
82,60,101.17910671782,4.98900630557153,1.13517641702219,0,101,60000,0,1
82,60,101.17910671782,4.98900630557153,1.13517641702219,6.73,0,0,274,0
82,60,101.17910671782,4.98900630557153,1.13517641702219,16.16,0,0,286,0
82,60,101.17910671782,4.98900630557153,1.13517641702219,20.42,0,0,293,0
82,60,101.17910671782,4.98900630557153,1.13517641702219,20.49,0,0,220,0
83,60,74.7573880953535,3.91806373025103,1.64582445232487,0,101,60000,0,1
83,60,74.7573880953535,3.91806373025103,1.64582445232487,2.26,0,0,870,0
83,60,74.7573880953535,3.91806373025103,1.64582445232487,6.25,0,0,551,0
83,60,74.7573880953535,3.91806373025103,1.64582445232487,18.09,0,0,418,0
83,60,74.7573880953535,3.91806373025103,1.64582445232487,22.34,0,0,314,0
84,60,88.5189958175062,5.18794664204067,1.03227921064371,0,101,60000,0,1
84,60,88.5189958175062,5.18794664204067,1.03227921064371,3.53,0,0,659,0
84,60,88.5189958175062,5.18794664204067,1.03227921064371,11.28,0,0,425,0
84,60,88.5189958175062,5.18794664204067,1.03227921064371,20.24,0,0,229,0
84,60,88.5189958175062,5.18794664204067,1.03227921064371,22.64,0,0,194,0
85,60,59.1152208357611,3.20371441922706,1.0946020376085,0,101,60000,0,1
85,60,59.1152208357611,3.20371441922706,1.0946020376085,9.8,0,0,579,0
85,60,59.1152208357611,3.20371441922706,1.0946020376085,11.73,0,0,511,0
85,60,59.1152208357611,3.20371441922706,1.0946020376085,17.41,0,0,435,0
85,60,59.1152208357611,3.20371441922706,1.0946020376085,23.8,0,0,273,0
86,60,84.4201549175679,7.56126413466252,1.31683144178633,0,101,60000,0,1
86,60,84.4201549175679,7.56126413466252,1.31683144178633,3.58,0,0,501,0
86,60,84.4201549175679,7.56126413466252,1.31683144178633,6.93,0,0,430,0
86,60,84.4201549175679,7.56126413466252,1.31683144178633,12.47,0,0,307,0
86,60,84.4201549175679,7.56126413466252,1.31683144178633,20.3,0,0,81,0
87,60,72.6225332326119,3.65836046667626,1.44113871402874,0,101,60000,0,1
87,60,72.6225332326119,3.65836046667626,1.44113871402874,5.76,0,0,703,0
87,60,72.6225332326119,3.65836046667626,1.44113871402874,8.75,0,0,708,0
87,60,72.6225332326119,3.65836046667626,1.44113871402874,20.84,0,0,298,0
87,60,72.6225332326119,3.65836046667626,1.44113871402874,21.99,0,0,223,0
88,60,114.399312430196,8.15535128021092,1.35529838169104,0,101,60000,0,1
88,60,114.399312430196,8.15535128021092,1.35529838169104,0.47,0,0,298,0
88,60,114.399312430196,8.15535128021092,1.35529838169104,2.25,0,0,466,0
88,60,114.399312430196,8.15535128021092,1.35529838169104,12.31,0,0,239,0
88,60,114.399312430196,8.15535128021092,1.35529838169104,23.18,0,0,121,0
89,60,47.8959271102297,2.85888578167895,1.0675085459435,0,101,60000,0,1
89,60,47.8959271102297,2.85888578167895,1.0675085459435,14.56,0,0,471,0
89,60,47.8959271102297,2.85888578167895,1.0675085459435,16.51,0,0,569,0
89,60,47.8959271102297,2.85888578167895,1.0675085459435,19.89,0,0,392,0
89,60,47.8959271102297,2.85888578167895,1.0675085459435,19.95,0,0,618,0
90,60,46.7857754853894,5.29705155443821,1.17358154447494,0,101,60000,0,1
90,60,46.7857754853894,5.29705155443821,1.17358154447494,0.76,0,0,561,0
90,60,46.7857754853894,5.29705155443821,1.17358154447494,10.79,0,0,386,0
90,60,46.7857754853894,5.29705155443821,1.17358154447494,15.79,0,0,285,0
90,60,46.7857754853894,5.29705155443821,1.17358154447494,22.75,0,0,74,0
91,120,80.6914502597293,1.95076763616171,0.793909359568152,0,101,120000,0,1
91,120,80.6914502597293,1.95076763616171,0.793909359568152,0.49,0,0,454,0
91,120,80.6914502597293,1.95076763616171,0.793909359568152,2.97,0,0,1235,0
91,120,80.6914502597293,1.95076763616171,0.793909359568152,15.93,0,0,1125,0
91,120,80.6914502597293,1.95076763616171,0.793909359568152,22.33,0,0,867,0
92,120,73.3880193974172,2.55423924185438,0.534977071646425,0,101,120000,0,1
92,120,73.3880193974172,2.55423924185438,0.534977071646425,2.38,0,0,977,0
92,120,73.3880193974172,2.55423924185438,0.534977071646425,13.95,0,0,924,0
92,120,73.3880193974172,2.55423924185438,0.534977071646425,18.82,0,0,1007,0
92,120,73.3880193974172,2.55423924185438,0.534977071646425,20.7,0,0,887,0
93,120,63.3122994499408,4.43475444306951,1.06465920024455,0,101,120000,0,1
93,120,63.3122994499408,4.43475444306951,1.06465920024455,2.4,0,0,1623,0
93,120,63.3122994499408,4.43475444306951,1.06465920024455,4.89,0,0,1487,0
93,120,63.3122994499408,4.43475444306951,1.06465920024455,9.55,0,0,761,0
93,120,63.3122994499408,4.43475444306951,1.06465920024455,12.69,0,0,850,0
94,120,88.230320526434,5.00045530539017,1.05421914538934,0,101,120000,0,1
94,120,88.230320526434,5.00045530539017,1.05421914538934,2.25,0,0,1213,0
94,120,88.230320526434,5.00045530539017,1.05421914538934,5.37,0,0,1114,0
94,120,88.230320526434,5.00045530539017,1.05421914538934,5.94,0,0,1233,0
94,120,88.230320526434,5.00045530539017,1.05421914538934,12.26,0,0,879,0
95,120,50.930871402002,4.4427384592315,0.889609676470499,0,101,120000,0,1
95,120,50.930871402002,4.4427384592315,0.889609676470499,2.9,0,0,1902,0
95,120,50.930871402002,4.4427384592315,0.889609676470499,6.73,0,0,1257,0
95,120,50.930871402002,4.4427384592315,0.889609676470499,22.81,0,0,358,0
95,120,50.930871402002,4.4427384592315,0.889609676470499,23.74,0,0,462,0
96,120,43.6334329049166,4.34324596365897,1.30394729209246,0,101,120000,0,1
96,120,43.6334329049166,4.34324596365897,1.30394729209246,3.76,0,0,2781,0
96,120,43.6334329049166,4.34324596365897,1.30394729209246,9.12,0,0,1033,0
96,120,43.6334329049166,4.34324596365897,1.30394729209246,20.55,0,0,339,0
96,120,43.6334329049166,4.34324596365897,1.30394729209246,21.74,0,0,309,0
97,120,65.2708416015682,3.261476174849,1.15150461035083,0,101,120000,0,1
97,120,65.2708416015682,3.261476174849,1.15150461035083,6.6,0,0,1142,0
97,120,65.2708416015682,3.261476174849,1.15150461035083,14.92,0,0,757,0
97,120,65.2708416015682,3.261476174849,1.15150461035083,16.07,0,0,1165,0
97,120,65.2708416015682,3.261476174849,1.15150461035083,21.48,0,0,471,0
98,120,46.43278357385,5.13928930886528,0.590031705062458,0,101,120000,0,1
98,120,46.43278357385,5.13928930886528,0.590031705062458,10.13,0,0,1169,0
98,120,46.43278357385,5.13928930886528,0.590031705062458,10.38,0,0,775,0
98,120,46.43278357385,5.13928930886528,0.590031705062458,15.03,0,0,572,0
98,120,46.43278357385,5.13928930886528,0.590031705062458,15.54,0,0,345,0
99,120,100.503719200247,4.52465265793354,1.36553384679807,0,101,120000,0,1
99,120,100.503719200247,4.52465265793354,1.36553384679807,14.87,0,0,932,0
99,120,100.503719200247,4.52465265793354,1.36553384679807,18.65,0,0,797,0
99,120,100.503719200247,4.52465265793354,1.36553384679807,20.15,0,0,551,0
99,120,100.503719200247,4.52465265793354,1.36553384679807,21.17,0,0,538,0
100,120,83.1122350529616,3.73349438118894,1.13093902530503,0,101,120000,0,1
100,120,83.1122350529616,3.73349438118894,1.13093902530503,7.78,0,0,676,0
100,120,83.1122350529616,3.73349438118894,1.13093902530503,11.29,0,0,854,0
100,120,83.1122350529616,3.73349438118894,1.13093902530503,12.19,0,0,926,0
100,120,83.1122350529616,3.73349438118894,1.13093902530503,13.74,0,0,787,0
101,120,49.5400510224781,3.06232727208245,1.1634810114114,0,101,120000,0,1
101,120,49.5400510224781,3.06232727208245,1.1634810114114,4.2,0,0,2082,0
101,120,49.5400510224781,3.06232727208245,1.1634810114114,16.67,0,0,924,0
101,120,49.5400510224781,3.06232727208245,1.1634810114114,21.03,0,0,483,0
101,120,49.5400510224781,3.06232727208245,1.1634810114114,23.03,0,0,510,0
102,120,74.9763340430345,5.64528637408734,1.4971673553689,0,101,120000,0,1
102,120,74.9763340430345,5.64528637408734,1.4971673553689,4.21,0,0,1155,0
102,120,74.9763340430345,5.64528637408734,1.4971673553689,17.86,0,0,365,0
102,120,74.9763340430345,5.64528637408734,1.4971673553689,18.3,0,0,408,0
102,120,74.9763340430345,5.64528637408734,1.4971673553689,18.75,0,0,427,0
103,120,57.4743058138232,3.8017842997773,0.965624480507366,0,101,120000,0,1
103,120,57.4743058138232,3.8017842997773,0.965624480507366,6.18,0,0,1446,0
103,120,57.4743058138232,3.8017842997773,0.965624480507366,9.29,0,0,1426,0
103,120,57.4743058138232,3.8017842997773,0.965624480507366,11.32,0,0,816,0
103,120,57.4743058138232,3.8017842997773,0.965624480507366,11.39,0,0,1054,0
104,120,103.95071251764,4.60826582709897,0.72656883723028,0,101,120000,0,1
104,120,103.95071251764,4.60826582709897,0.72656883723028,3.84,0,0,877,0
104,120,103.95071251764,4.60826582709897,0.72656883723028,8.28,0,0,682,0
104,120,103.95071251764,4.60826582709897,0.72656883723028,19.02,0,0,505,0
104,120,103.95071251764,4.60826582709897,0.72656883723028,19.15,0,0,603,0
105,120,65.2044966941659,3.24827883131391,1.092692789923,0,101,120000,0,1
105,120,65.2044966941659,3.24827883131391,1.092692789923,1.99,0,0,1492,0
105,120,65.2044966941659,3.24827883131391,1.092692789923,4.94,0,0,1392,0
105,120,65.2044966941659,3.24827883131391,1.092692789923,21.41,0,0,659,0
105,120,65.2044966941659,3.24827883131391,1.092692789923,22.18,0,0,539,0
106,120,53.3664188145621,4.67579104184791,0.848773429120592,0,101,120000,0,1
106,120,53.3664188145621,4.67579104184791,0.848773429120592,0.04,0,0,78,0
106,120,53.3664188145621,4.67579104184791,0.848773429120592,0.39,0,0,368,0
106,120,53.3664188145621,4.67579104184791,0.848773429120592,1.3,0,0,1185,0
106,120,53.3664188145621,4.67579104184791,0.848773429120592,14.11,0,0,1097,0
107,120,72.0302017358541,3.59927919867374,0.572967992010037,0,101,120000,0,1
107,120,72.0302017358541,3.59927919867374,0.572967992010037,5.79,0,0,989,0
107,120,72.0302017358541,3.59927919867374,0.572967992010037,9.62,0,0,1087,0
107,120,72.0302017358541,3.59927919867374,0.572967992010037,18.51,0,0,759,0
107,120,72.0302017358541,3.59927919867374,0.572967992010037,20.37,0,0,566,0
108,120,101.341368643384,4.38787578844375,1.07096010025802,0,101,120000,0,1
108,120,101.341368643384,4.38787578844375,1.07096010025802,2.44,0,0,837,0
108,120,101.341368643384,4.38787578844375,1.07096010025802,3.34,0,0,1205,0
108,120,101.341368643384,4.38787578844375,1.07096010025802,3.56,0,0,1129,0
108,120,101.341368643384,4.38787578844375,1.07096010025802,11.32,0,0,1017,0
109,120,54.8480132166765,3.42133210134359,1.60637457685453,0,101,120000,0,1
109,120,54.8480132166765,3.42133210134359,1.60637457685453,2.33,0,0,1917,0
109,120,54.8480132166765,3.42133210134359,1.60637457685453,5.93,0,0,1316,0
109,120,54.8480132166765,3.42133210134359,1.60637457685453,6.69,0,0,1551,0
109,120,54.8480132166765,3.42133210134359,1.60637457685453,23.02,0,0,509,0
110,120,61.5419928677816,5.51875111951838,1.14060024309783,0,101,120000,0,1
110,120,61.5419928677816,5.51875111951838,1.14060024309783,1.34,0,0,1276,0
110,120,61.5419928677816,5.51875111951838,1.14060024309783,14.04,0,0,455,0
110,120,61.5419928677816,5.51875111951838,1.14060024309783,16.19,0,0,404,0
110,120,61.5419928677816,5.51875111951838,1.14060024309783,21.09,0,0,270,0
111,120,93.4876898105447,5.15802119391286,0.759684149266086,0,101,120000,0,1
111,120,93.4876898105447,5.15802119391286,0.759684149266086,2.81,0,0,754,0
111,120,93.4876898105447,5.15802119391286,0.759684149266086,11.84,0,0,832,0
111,120,93.4876898105447,5.15802119391286,0.759684149266086,21.23,0,0,502,0
111,120,93.4876898105447,5.15802119391286,0.759684149266086,22.25,0,0,354,0
112,120,83.6663514090754,3.46146528196741,1.01986692183198,0,101,120000,0,1
112,120,83.6663514090754,3.46146528196741,1.01986692183198,1.78,0,0,1181,0
112,120,83.6663514090754,3.46146528196741,1.01986692183198,4.35,0,0,1527,0
112,120,83.6663514090754,3.46146528196741,1.01986692183198,4.84,0,0,1019,0
112,120,83.6663514090754,3.46146528196741,1.01986692183198,18.47,0,0,532,0
113,120,74.2069130002825,5.54139149592669,0.911377924610641,0,101,120000,0,1
113,120,74.2069130002825,5.54139149592669,0.911377924610641,1.82,0,0,932,0
113,120,74.2069130002825,5.54139149592669,0.911377924610641,5.11,0,0,1363,0
113,120,74.2069130002825,5.54139149592669,0.911377924610641,14.34,0,0,681,0
113,120,74.2069130002825,5.54139149592669,0.911377924610641,15.99,0,0,703,0
114,120,84.4622721355575,5.52037325722044,1.09132216412411,0,101,120000,0,1
114,120,84.4622721355575,5.52037325722044,1.09132216412411,0.27,0,0,319,0
114,120,84.4622721355575,5.52037325722044,1.09132216412411,10.89,0,0,551,0
114,120,84.4622721355575,5.52037325722044,1.09132216412411,16.75,0,0,465,0
114,120,84.4622721355575,5.52037325722044,1.09132216412411,22.42,0,0,396,0
115,120,43.6334329049166,4.34324596365897,1.30394729209246,0,101,120000,0,1
115,120,43.6334329049166,4.34324596365897,1.30394729209246,3.76,0,0,2781,0
115,120,43.6334329049166,4.34324596365897,1.30394729209246,9.12,0,0,1033,0
115,120,43.6334329049166,4.34324596365897,1.30394729209246,20.55,0,0,339,0
115,120,43.6334329049166,4.34324596365897,1.30394729209246,21.74,0,0,309,0
116,120,77.6408859793709,6.85549786485201,1.482533344696,0,101,120000,0,1
116,120,77.6408859793709,6.85549786485201,1.482533344696,19.66,0,0,308,0
116,120,77.6408859793709,6.85549786485201,1.482533344696,20.93,0,0,251,0
116,120,77.6408859793709,6.85549786485201,1.482533344696,21.72,0,0,176,0
116,120,77.6408859793709,6.85549786485201,1.482533344696,23.79,0,0,187,0
117,120,71.9239890529038,1.96013953764932,0.667999775268242,0,101,120000,0,1
117,120,71.9239890529038,1.96013953764932,0.667999775268242,4.65,0,0,1359,0
117,120,71.9239890529038,1.96013953764932,0.667999775268242,13.96,0,0,1404,0
117,120,71.9239890529038,1.96013953764932,0.667999775268242,14.01,0,0,1243,0
117,120,71.9239890529038,1.96013953764932,0.667999775268242,16.5,0,0,1315,0
118,120,98.0250311603127,2.62643931857473,0.804840245829404,0,101,120000,0,1
118,120,98.0250311603127,2.62643931857473,0.804840245829404,0.98,0,0,651,0
118,120,98.0250311603127,2.62643931857473,0.804840245829404,9.05,0,0,777,0
118,120,98.0250311603127,2.62643931857473,0.804840245829404,10.99,0,0,704,0
118,120,98.0250311603127,2.62643931857473,0.804840245829404,14.17,0,0,1382,0
119,120,68.5360812118367,3.91246168492069,0.942113505905933,0,101,120000,0,1
119,120,68.5360812118367,3.91246168492069,0.942113505905933,1.43,0,0,1061,0
119,120,68.5360812118367,3.91246168492069,0.942113505905933,3.36,0,0,1263,0
119,120,68.5360812118367,3.91246168492069,0.942113505905933,18.22,0,0,911,0
119,120,68.5360812118367,3.91246168492069,0.942113505905933,22.16,0,0,529,0
120,120,99.0833605590991,3.3432840121097,0.938931957182572,0,101,120000,0,1
120,120,99.0833605590991,3.3432840121097,0.938931957182572,7.16,0,0,1040,0
120,120,99.0833605590991,3.3432840121097,0.938931957182572,15.68,0,0,439,0
120,120,99.0833605590991,3.3432840121097,0.938931957182572,22.08,0,0,459,0
120,120,99.0833605590991,3.3432840121097,0.938931957182572,23.32,0,0,524,0
