ID,DOSE,V,CL,KA,TIME,EVID,AMT,DV,EVIDNM
1,10,87.5062641342764,2.78080010750751,1.2683311068292,0,101,10000,0,1
1,10,87.5062641342764,2.78080010750751,1.2683311068292,1.51,0,0,97,0
1,10,87.5062641342764,2.78080010750751,1.2683311068292,13.88,0,0,65,0
1,10,87.5062641342764,2.78080010750751,1.2683311068292,16.31,0,0,69,0
1,10,87.5062641342764,2.78080010750751,1.2683311068292,16.91,0,0,58,0
2,10,58.3329493793237,3.89110630336889,1.34625885103989,0,101,10000,0,1
2,10,58.3329493793237,3.89110630336889,1.34625885103989,4.94,0,0,111,0
2,10,58.3329493793237,3.89110630336889,1.34625885103989,18,0,0,40,0
2,10,58.3329493793237,3.89110630336889,1.34625885103989,18.63,0,0,35,0
2,10,58.3329493793237,3.89110630336889,1.34625885103989,19.72,0,0,51,0
3,10,50.8902340360527,3.25630449006825,0.821889703014486,0,101,10000,0,1
3,10,50.8902340360527,3.25630449006825,0.821889703014486,6.25,0,0,197,0
3,10,50.8902340360527,3.25630449006825,0.821889703014486,7.85,0,0,112,0
3,10,50.8902340360527,3.25630449006825,0.821889703014486,10.73,0,0,123,0
3,10,50.8902340360527,3.25630449006825,0.821889703014486,14.08,0,0,80,0
4,10,58.5393643583741,2.9171648320019,1.21818775820958,0,101,10000,0,1
4,10,58.5393643583741,2.9171648320019,1.21818775820958,4.52,0,0,173,0
4,10,58.5393643583741,2.9171648320019,1.21818775820958,5.03,0,0,107,0
4,10,58.5393643583741,2.9171648320019,1.21818775820958,5.91,0,0,149,0
4,10,58.5393643583741,2.9171648320019,1.21818775820958,14.99,0,0,81,0
5,10,93.2129507170992,5.19288962524361,1.39672215377225,0,101,10000,0,1
5,10,93.2129507170992,5.19288962524361,1.39672215377225,8.4,0,0,74,0
5,10,93.2129507170992,5.19288962524361,1.39672215377225,12.19,0,0,87,0
5,10,93.2129507170992,5.19288962524361,1.39672215377225,17.42,0,0,61,0
5,10,93.2129507170992,5.19288962524361,1.39672215377225,22.24,0,0,30,0
6,10,69.1372108117791,4.72063215770088,0.648544753622465,0,101,10000,0,1
6,10,69.1372108117791,4.72063215770088,0.648544753622465,5.83,0,0,89,0
6,10,69.1372108117791,4.72063215770088,0.648544753622465,14.24,0,0,58,0
6,10,69.1372108117791,4.72063215770088,0.648544753622465,16.29,0,0,48,0
6,10,69.1372108117791,4.72063215770088,0.648544753622465,22.7,0,0,37,0
7,10,45.4952964195173,3.59969138979375,1.0043381659046,0,101,10000,0,1
7,10,45.4952964195173,3.59969138979375,1.0043381659046,2.19,0,0,161,0
7,10,45.4952964195173,3.59969138979375,1.0043381659046,5.21,0,0,222,0
7,10,45.4952964195173,3.59969138979375,1.0043381659046,8.39,0,0,99,0
7,10,45.4952964195173,3.59969138979375,1.0043381659046,16.18,0,0,61,0
8,10,106.210710753789,5.08626800508342,1.20770454956678,0,101,10000,0,1
8,10,106.210710753789,5.08626800508342,1.20770454956678,9.58,0,0,85,0
8,10,106.210710753789,5.08626800508342,1.20770454956678,16.35,0,0,48,0
8,10,106.210710753789,5.08626800508342,1.20770454956678,20.6,0,0,36,0
8,10,106.210710753789,5.08626800508342,1.20770454956678,22.89,0,0,26,0
9,10,70.8882748969559,4.55764823895438,0.811558711280502,0,101,10000,0,1
9,10,70.8882748969559,4.55764823895438,0.811558711280502,1.26,0,0,93,0
9,10,70.8882748969559,4.55764823895438,0.811558711280502,5.36,0,0,110,0
9,10,70.8882748969559,4.55764823895438,0.811558711280502,14.83,0,0,44,0
9,10,70.8882748969559,4.55764823895438,0.811558711280502,20.38,0,0,55,0
10,10,87.4874797681698,3.82555267369287,0.501167778599038,0,101,10000,0,1
10,10,87.4874797681698,3.82555267369287,0.501167778599038,3.36,0,0,76,0
10,10,87.4874797681698,3.82555267369287,0.501167778599038,5.54,0,0,114,0
10,10,87.4874797681698,3.82555267369287,0.501167778599038,11.96,0,0,94,0
10,10,87.4874797681698,3.82555267369287,0.501167778599038,15.72,0,0,55,0
11,10,115.43095279181,2.97857430767759,1.17141836322311,0,101,10000,0,1
11,10,115.43095279181,2.97857430767759,1.17141836322311,7.11,0,0,88,0
11,10,115.43095279181,2.97857430767759,1.17141836322311,7.33,0,0,98,0
11,10,115.43095279181,2.97857430767759,1.17141836322311,15.03,0,0,44,0
11,10,115.43095279181,2.97857430767759,1.17141836322311,16.74,0,0,56,0
12,10,77.9552087161518,4.04035021300131,1.06196162997518,0,101,10000,0,1
12,10,77.9552087161518,4.04035021300131,1.06196162997518,8.52,0,0,68,0
12,10,77.9552087161518,4.04035021300131,1.06196162997518,10.98,0,0,70,0
12,10,77.9552087161518,4.04035021300131,1.06196162997518,17.98,0,0,49,0
12,10,77.9552087161518,4.04035021300131,1.06196162997518,21.35,0,0,45,0
13,10,61.0348949741877,2.58768286519464,0.934532623966775,0,101,10000,0,1
13,10,61.0348949741877,2.58768286519464,0.934532623966775,8.61,0,0,130,0
13,10,61.0348949741877,2.58768286519464,0.934532623966775,22.16,0,0,54,0
13,10,61.0348949741877,2.58768286519464,0.934532623966775,22.64,0,0,76,0
13,10,61.0348949741877,2.58768286519464,0.934532623966775,23.5,0,0,58,0
14,10,78.6420934189304,3.5135859341742,1.32468148062765,0,101,10000,0,1
14,10,78.6420934189304,3.5135859341742,1.32468148062765,0.55,0,0,67,0
14,10,78.6420934189304,3.5135859341742,1.32468148062765,9.47,0,0,83,0
14,10,78.6420934189304,3.5135859341742,1.32468148062765,14.38,0,0,60,0
14,10,78.6420934189304,3.5135859341742,1.32468148062765,19.44,0,0,64,0
15,10,85.1078900410763,6.1791317870785,1.62833301583992,0,101,10000,0,1
15,10,85.1078900410763,6.1791317870785,1.62833301583992,3.93,0,0,77,0
15,10,85.1078900410763,6.1791317870785,1.62833301583992,9.37,0,0,57,0
15,10,85.1078900410763,6.1791317870785,1.62833301583992,9.9,0,0,54,0
15,10,85.1078900410763,6.1791317870785,1.62833301583992,13.89,0,0,53,0
16,10,88.2093284906374,3.33426637189187,0.884849698370219,0,101,10000,0,1
16,10,88.2093284906374,3.33426637189187,0.884849698370219,2.25,0,0,113,0
16,10,88.2093284906374,3.33426637189187,0.884849698370219,7.09,0,0,114,0
16,10,88.2093284906374,3.33426637189187,0.884849698370219,7.2,0,0,119,0
16,10,88.2093284906374,3.33426637189187,0.884849698370219,18.64,0,0,73,0
17,10,51.047452998827,4.978343820752,1.2323569513344,0,101,10000,0,1
17,10,51.047452998827,4.978343820752,1.2323569513344,6.75,0,0,78,0
17,10,51.047452998827,4.978343820752,1.2323569513344,8.07,0,0,93,0
17,10,51.047452998827,4.978343820752,1.2323569513344,15.05,0,0,67,0
17,10,51.047452998827,4.978343820752,1.2323569513344,21.81,0,0,25,0
18,10,78.0544323531266,3.37188131707409,1.53055940736471,0,101,10000,0,1
18,10,78.0544323531266,3.37188131707409,1.53055940736471,8.86,0,0,103,0
18,10,78.0544323531266,3.37188131707409,1.53055940736471,14.7,0,0,78,0
18,10,78.0544323531266,3.37188131707409,1.53055940736471,16.34,0,0,54,0
18,10,78.0544323531266,3.37188131707409,1.53055940736471,19.23,0,0,59,0
19,10,63.31904846287,3.3982592786331,1.07777778384607,0,101,10000,0,1
19,10,63.31904846287,3.3982592786331,1.07777778384607,8.92,0,0,82,0
19,10,63.31904846287,3.3982592786331,1.07777778384607,9.7,0,0,89,0
19,10,63.31904846287,3.3982592786331,1.07777778384607,20.63,0,0,59,0
19,10,63.31904846287,3.3982592786331,1.07777778384607,21.34,0,0,65,0
20,10,87.5077975685277,3.36197548979673,0.577321354725065,0,101,10000,0,1
20,10,87.5077975685277,3.36197548979673,0.577321354725065,1.2,0,0,51,0
20,10,87.5077975685277,3.36197548979673,0.577321354725065,13.54,0,0,70,0
20,10,87.5077975685277,3.36197548979673,0.577321354725065,16.87,0,0,50,0
20,10,87.5077975685277,3.36197548979673,0.577321354725065,22.31,0,0,59,0
21,10,55.7748925527264,3.34041498498581,1.47965405490077,0,101,10000,0,1
21,10,55.7748925527264,3.34041498498581,1.47965405490077,3.39,0,0,105,0
21,10,55.7748925527264,3.34041498498581,1.47965405490077,13.31,0,0,94,0
21,10,55.7748925527264,3.34041498498581,1.47965405490077,13.45,0,0,77,0
21,10,55.7748925527264,3.34041498498581,1.47965405490077,23.37,0,0,57,0
22,10,52.2844676593387,4.11765620105965,1.09092935609419,0,101,10000,0,1
22,10,52.2844676593387,4.11765620105965,1.09092935609419,2.77,0,0,198,0
22,10,52.2844676593387,4.11765620105965,1.09092935609419,8.09,0,0,127,0
22,10,52.2844676593387,4.11765620105965,1.09092935609419,11,0,0,70,0
22,10,52.2844676593387,4.11765620105965,1.09092935609419,20.63,0,0,32,0
23,10,52.0607275214511,5.71373860481143,0.57805927662681,0,101,10000,0,1
23,10,52.0607275214511,5.71373860481143,0.57805927662681,3.5,0,0,168,0
23,10,52.0607275214511,5.71373860481143,0.57805927662681,19.79,0,0,27,0
23,10,52.0607275214511,5.71373860481143,0.57805927662681,19.94,0,0,29,0
23,10,52.0607275214511,5.71373860481143,0.57805927662681,20.62,0,0,25,0
24,10,58.032662875913,3.51817411867962,1.0864462946711,0,101,10000,0,1
24,10,58.032662875913,3.51817411867962,1.0864462946711,6.22,0,0,97,0
24,10,58.032662875913,3.51817411867962,1.0864462946711,10.74,0,0,87,0
24,10,58.032662875913,3.51817411867962,1.0864462946711,18.66,0,0,51,0
24,10,58.032662875913,3.51817411867962,1.0864462946711,21.28,0,0,42,0
25,10,63.118384376222,3.09078892351716,1.42650377028637,0,101,10000,0,1
25,10,63.118384376222,3.09078892351716,1.42650377028637,2.69,0,0,157,0
25,10,63.118384376222,3.09078892351716,1.42650377028637,5.29,0,0,147,0
25,10,63.118384376222,3.09078892351716,1.42650377028637,5.67,0,0,148,0
25,10,63.118384376222,3.09078892351716,1.42650377028637,23.29,0,0,54,0
26,10,105.793704436387,5.01846179410888,0.772478775494193,0,101,10000,0,1
26,10,105.793704436387,5.01846179410888,0.772478775494193,1.89,0,0,81,0
26,10,105.793704436387,5.01846179410888,0.772478775494193,2.46,0,0,116,0
26,10,105.793704436387,5.01846179410888,0.772478775494193,2.81,0,0,86,0
26,10,105.793704436387,5.01846179410888,0.772478775494193,5.68,0,0,95,0
27,10,69.2299757148697,5.09028149086458,1.71569669990794,0,101,10000,0,1
27,10,69.2299757148697,5.09028149086458,1.71569669990794,3.58,0,0,76,0
27,10,69.2299757148697,5.09028149086458,1.71569669990794,10.02,0,0,59,0
27,10,69.2299757148697,5.09028149086458,1.71569669990794,14.5,0,0,63,0
27,10,69.2299757148697,5.09028149086458,1.71569669990794,15.45,0,0,33,0
28,10,48.6281770064393,2.11322810835952,0.789412961296832,0,101,10000,0,1
28,10,48.6281770064393,2.11322810835952,0.789412961296832,0.79,0,0,89,0
28,10,48.6281770064393,2.11322810835952,0.789412961296832,3.74,0,0,190,0
28,10,48.6281770064393,2.11322810835952,0.789412961296832,7.29,0,0,188,0
28,10,48.6281770064393,2.11322810835952,0.789412961296832,23.14,0,0,89,0
29,10,46.8204100642274,4.22080316038267,1.46154198651591,0,101,10000,0,1
29,10,46.8204100642274,4.22080316038267,1.46154198651591,2.63,0,0,192,0
29,10,46.8204100642274,4.22080316038267,1.46154198651591,8.71,0,0,89,0
29,10,46.8204100642274,4.22080316038267,1.46154198651591,19.61,0,0,49,0
29,10,46.8204100642274,4.22080316038267,1.46154198651591,23.51,0,0,23,0
30,10,43.3723567818617,4.05413674119329,0.939637467101542,0,101,10000,0,1
30,10,43.3723567818617,4.05413674119329,0.939637467101542,0.55,0,0,89,0
30,10,43.3723567818617,4.05413674119329,0.939637467101542,2.37,0,0,208,0
30,10,43.3723567818617,4.05413674119329,0.939637467101542,15.32,0,0,74,0
30,10,43.3723567818617,4.05413674119329,0.939637467101542,22.77,0,0,34,0
31,30,83.1538455852927,2.43375002115136,1.384104656959,0,101,30000,0,1
31,30,83.1538455852927,2.43375002115136,1.384104656959,10.16,0,0,268,0
31,30,83.1538455852927,2.43375002115136,1.384104656959,16.26,0,0,293,0
31,30,83.1538455852927,2.43375002115136,1.384104656959,16.64,0,0,344,0
31,30,83.1538455852927,2.43375002115136,1.384104656959,18.58,0,0,123,0
32,30,95.544124938603,2.50304713429539,1.14657390989615,0,101,30000,0,1
32,30,95.544124938603,2.50304713429539,1.14657390989615,1.84,0,0,224,0
32,30,95.544124938603,2.50304713429539,1.14657390989615,6.13,0,0,253,0
32,30,95.544124938603,2.50304713429539,1.14657390989615,7.16,0,0,180,0
32,30,95.544124938603,2.50304713429539,1.14657390989615,9.71,0,0,307,0
33,30,91.3970068047321,3.52887051352654,1.3575780429831,0,101,30000,0,1
33,30,91.3970068047321,3.52887051352654,1.3575780429831,5.73,0,0,295,0
33,30,91.3970068047321,3.52887051352654,1.3575780429831,15.81,0,0,166,0
33,30,91.3970068047321,3.52887051352654,1.3575780429831,21,0,0,118,0
33,30,91.3970068047321,3.52887051352654,1.3575780429831,21.86,0,0,127,0
34,30,84.09955940417,4.38913313148545,1.16065321623763,0,101,30000,0,1
34,30,84.09955940417,4.38913313148545,1.16065321623763,8.86,0,0,250,0
34,30,84.09955940417,4.38913313148545,1.16065321623763,8.93,0,0,194,0
34,30,84.09955940417,4.38913313148545,1.16065321623763,17.8,0,0,195,0
34,30,84.09955940417,4.38913313148545,1.16065321623763,19.33,0,0,153,0
35,30,69.7223316705951,4.91582522109,0.48021479203106,0,101,30000,0,1
35,30,69.7223316705951,4.91582522109,0.48021479203106,0.08,0,0,17,0
35,30,69.7223316705951,4.91582522109,0.48021479203106,4.28,0,0,416,0
35,30,69.7223316705951,4.91582522109,0.48021479203106,17.77,0,0,119,0
35,30,69.7223316705951,4.91582522109,0.48021479203106,20.65,0,0,109,0
36,30,86.7458367093266,3.74851483696526,0.751806135095377,0,101,30000,0,1
36,30,86.7458367093266,3.74851483696526,0.751806135095377,11.99,0,0,178,0
36,30,86.7458367093266,3.74851483696526,0.751806135095377,15.56,0,0,160,0
36,30,86.7458367093266,3.74851483696526,0.751806135095377,22.43,0,0,119,0
36,30,86.7458367093266,3.74851483696526,0.751806135095377,23.72,0,0,159,0
37,30,93.7596435459899,4.33399006504573,0.723236748814563,0,101,30000,0,1
37,30,93.7596435459899,4.33399006504573,0.723236748814563,12.59,0,0,175,0
37,30,93.7596435459899,4.33399006504573,0.723236748814563,17.05,0,0,128,0
37,30,93.7596435459899,4.33399006504573,0.723236748814563,18.73,0,0,151,0
37,30,93.7596435459899,4.33399006504573,0.723236748814563,21.45,0,0,140,0
38,30,55.2797992713017,4.09050571491481,0.922464066072923,0,101,30000,0,1
38,30,55.2797992713017,4.09050571491481,0.922464066072923,2.22,0,0,459,0
38,30,55.2797992713017,4.09050571491481,0.922464066072923,2.87,0,0,511,0
38,30,55.2797992713017,4.09050571491481,0.922464066072923,20.73,0,0,136,0
38,30,55.2797992713017,4.09050571491481,0.922464066072923,21.7,0,0,122,0
39,30,102.833365535879,3.15897876924921,0.993758387986387,0,101,30000,0,1
39,30,102.833365535879,3.15897876924921,0.993758387986387,4.03,0,0,223,0
39,30,102.833365535879,3.15897876924921,0.993758387986387,7.96,0,0,181,0
39,30,102.833365535879,3.15897876924921,0.993758387986387,14.99,0,0,200,0
39,30,102.833365535879,3.15897876924921,0.993758387986387,23.83,0,0,188,0
40,30,51.5727385121263,4.10752667092691,0.8168049340712,0,101,30000,0,1
40,30,51.5727385121263,4.10752667092691,0.8168049340712,12.42,0,0,233,0
40,30,51.5727385121263,4.10752667092691,0.8168049340712,17.27,0,0,187,0
40,30,51.5727385121263,4.10752667092691,0.8168049340712,18.31,0,0,163,0
40,30,51.5727385121263,4.10752667092691,0.8168049340712,23.52,0,0,105,0
41,30,46.5662367897386,5.69505315645275,1.09772364647879,0,101,30000,0,1
41,30,46.5662367897386,5.69505315645275,1.09772364647879,16.53,0,0,115,0
41,30,46.5662367897386,5.69505315645275,1.09772364647879,18.86,0,0,84,0
41,30,46.5662367897386,5.69505315645275,1.09772364647879,20.25,0,0,59,0
41,30,46.5662367897386,5.69505315645275,1.09772364647879,21.96,0,0,46,0
42,30,87.9541302547731,5.48630733121391,0.802915309253833,0,101,30000,0,1
42,30,87.9541302547731,5.48630733121391,0.802915309253833,3.67,0,0,306,0
42,30,87.9541302547731,5.48630733121391,0.802915309253833,4.56,0,0,240,0
42,30,87.9541302547731,5.48630733121391,0.802915309253833,11.42,0,0,219,0
42,30,87.9541302547731,5.48630733121391,0.802915309253833,17.06,0,0,135,0
43,30,81.3331096988715,6.62189067856213,0.851400671765135,0,101,30000,0,1
43,30,81.3331096988715,6.62189067856213,0.851400671765135,0.09,0,0,27,0
43,30,81.3331096988715,6.62189067856213,0.851400671765135,3.8,0,0,317,0
43,30,81.3331096988715,6.62189067856213,0.851400671765135,12.94,0,0,236,0
43,30,81.3331096988715,6.62189067856213,0.851400671765135,20.27,0,0,65,0
44,30,61.8396830171914,3.17848990167544,1.33306642544402,0,101,30000,0,1
44,30,61.8396830171914,3.17848990167544,1.33306642544402,2.36,0,0,328,0
44,30,61.8396830171914,3.17848990167544,1.33306642544402,9.48,0,0,284,0
44,30,61.8396830171914,3.17848990167544,1.33306642544402,22.83,0,0,131,0
44,30,61.8396830171914,3.17848990167544,1.33306642544402,23.46,0,0,180,0
45,30,68.4036715523513,4.28257950849358,0.772939122982791,0,101,30000,0,1
45,30,68.4036715523513,4.28257950849358,0.772939122982791,0.54,0,0,113,0
45,30,68.4036715523513,4.28257950849358,0.772939122982791,3.26,0,0,298,0
45,30,68.4036715523513,4.28257950849358,0.772939122982791,5.98,0,0,395,0
45,30,68.4036715523513,4.28257950849358,0.772939122982791,6.93,0,0,404,0
46,30,60.0315576836343,6.51237549836169,0.884523629714763,0,101,30000,0,1
46,30,60.0315576836343,6.51237549836169,0.884523629714763,6.8,0,0,197,0
46,30,60.0315576836343,6.51237549836169,0.884523629714763,7.34,0,0,270,0
46,30,60.0315576836343,6.51237549836169,0.884523629714763,13.28,0,0,134,0
46,30,60.0315576836343,6.51237549836169,0.884523629714763,20.87,0,0,65,0
47,30,80.5596588289598,5.78253690199888,1.11000289679513,0,101,30000,0,1
47,30,80.5596588289598,5.78253690199888,1.11000289679513,8.79,0,0,176,0
47,30,80.5596588289598,5.78253690199888,1.11000289679513,11.52,0,0,134,0
47,30,80.5596588289598,5.78253690199888,1.11000289679513,18.69,0,0,85,0
47,30,80.5596588289598,5.78253690199888,1.11000289679513,18.96,0,0,86,0
48,30,57.894696736236,3.68063145780238,0.801356400552901,0,101,30000,0,1
48,30,57.894696736236,3.68063145780238,0.801356400552901,4.5,0,0,419,0
48,30,57.894696736236,3.68063145780238,0.801356400552901,5.82,0,0,456,0
48,30,57.894696736236,3.68063145780238,0.801356400552901,15.46,0,0,191,0
48,30,57.894696736236,3.68063145780238,0.801356400552901,23.13,0,0,158,0
49,30,55.7257263678228,3.44965192313266,1.2200667571072,0,101,30000,0,1
49,30,55.7257263678228,3.44965192313266,1.2200667571072,4.57,0,0,369,0
49,30,55.7257263678228,3.44965192313266,1.2200667571072,15.51,0,0,301,0
49,30,55.7257263678228,3.44965192313266,1.2200667571072,20.77,0,0,163,0
49,30,55.7257263678228,3.44965192313266,1.2200667571072,21.35,0,0,140,0
50,30,56.8573154229235,3.26912737231905,1.44587520696184,0,101,30000,0,1
50,30,56.8573154229235,3.26912737231905,1.44587520696184,9.64,0,0,323,0
50,30,56.8573154229235,3.26912737231905,1.44587520696184,10.21,0,0,276,0
50,30,56.8573154229235,3.26912737231905,1.44587520696184,13.56,0,0,272,0
50,30,56.8573154229235,3.26912737231905,1.44587520696184,16.77,0,0,213,0
51,30,85.1070016157645,5.18533653002427,0.78043263429048,0,101,30000,0,1
51,30,85.1070016157645,5.18533653002427,0.78043263429048,4.42,0,0,254,0
51,30,85.1070016157645,5.18533653002427,0.78043263429048,6.16,0,0,286,0
51,30,85.1070016157645,5.18533653002427,0.78043263429048,7.03,0,0,247,0
51,30,85.1070016157645,5.18533653002427,0.78043263429048,9.94,0,0,151,0
52,30,106.00798950912,3.68572151155538,0.749997447322494,0,101,30000,0,1
52,30,106.00798950912,3.68572151155538,0.749997447322494,3.49,0,0,316,0
52,30,106.00798950912,3.68572151155538,0.749997447322494,6.26,0,0,237,0
52,30,106.00798950912,3.68572151155538,0.749997447322494,13.14,0,0,283,0
52,30,106.00798950912,3.68572151155538,0.749997447322494,18.62,0,0,107,0
53,30,69.8747305130254,3.91601486333721,0.742094480947499,0,101,30000,0,1
53,30,69.8747305130254,3.91601486333721,0.742094480947499,9.6,0,0,264,0
53,30,69.8747305130254,3.91601486333721,0.742094480947499,10.24,0,0,293,0
53,30,69.8747305130254,3.91601486333721,0.742094480947499,10.3,0,0,239,0
53,30,69.8747305130254,3.91601486333721,0.742094480947499,19.94,0,0,188,0
54,30,54.7877084938613,5.92477420840855,1.00090004547093,0,101,30000,0,1
54,30,54.7877084938613,5.92477420840855,1.00090004547093,3.6,0,0,308,0
54,30,54.7877084938613,5.92477420840855,1.00090004547093,4.72,0,0,291,0
54,30,54.7877084938613,5.92477420840855,1.00090004547093,10.7,0,0,198,0
54,30,54.7877084938613,5.92477420840855,1.00090004547093,17.18,0,0,115,0
55,30,115.305493584763,6.15841320376646,0.850782279176644,0,101,30000,0,1
55,30,115.305493584763,6.15841320376646,0.850782279176644,0.94,0,0,152,0
55,30,115.305493584763,6.15841320376646,0.850782279176644,6.78,0,0,136,0
55,30,115.305493584763,6.15841320376646,0.850782279176644,7.98,0,0,167,0
55,30,115.305493584763,6.15841320376646,0.850782279176644,23.62,0,0,68,0
56,30,59.7636793249149,2.89536634759421,1.03350554824083,0,101,30000,0,1
56,30,59.7636793249149,2.89536634759421,1.03350554824083,4.56,0,0,347,0
56,30,59.7636793249149,2.89536634759421,1.03350554824083,9.63,0,0,411,0
56,30,59.7636793249149,2.89536634759421,1.03350554824083,15.98,0,0,304,0
56,30,59.7636793249149,2.89536634759421,1.03350554824083,21.72,0,0,214,0
57,30,53.4608287855813,4.10914487089313,0.932386611724248,0,101,30000,0,1
57,30,53.4608287855813,4.10914487089313,0.932386611724248,3.37,0,0,469,0
57,30,53.4608287855813,4.10914487089313,0.932386611724248,10.3,0,0,361,0
57,30,53.4608287855813,4.10914487089313,0.932386611724248,18.53,0,0,184,0
57,30,53.4608287855813,4.10914487089313,0.932386611724248,21.49,0,0,129,0
58,30,128.184548364701,2.38680473644555,1.14238425501513,0,101,30000,0,1
58,30,128.184548364701,2.38680473644555,1.14238425501513,0.83,0,0,141,0
58,30,128.184548364701,2.38680473644555,1.14238425501513,13.12,0,0,262,0
58,30,128.184548364701,2.38680473644555,1.14238425501513,14.38,0,0,205,0
58,30,128.184548364701,2.38680473644555,1.14238425501513,17.33,0,0,153,0
59,30,73.4045090190742,5.04466138698669,0.992944647958387,0,101,30000,0,1
59,30,73.4045090190742,5.04466138698669,0.992944647958387,10,0,0,240,0
59,30,73.4045090190742,5.04466138698669,0.992944647958387,10.23,0,0,208,0
59,30,73.4045090190742,5.04466138698669,0.992944647958387,17.24,0,0,135,0
59,30,73.4045090190742,5.04466138698669,0.992944647958387,21.26,0,0,97,0
60,30,42.7275940801732,4.00961879843724,0.536098559889458,0,101,30000,0,1
60,30,42.7275940801732,4.00961879843724,0.536098559889458,1.52,0,0,282,0
60,30,42.7275940801732,4.00961879843724,0.536098559889458,12.53,0,0,308,0
60,30,42.7275940801732,4.00961879843724,0.536098559889458,15.67,0,0,178,0
60,30,42.7275940801732,4.00961879843724,0.536098559889458,19.24,0,0,156,0
61,60,41.6748424547931,2.69972442840657,1.4125157350898,0,101,60000,0,1
61,60,41.6748424547931,2.69972442840657,1.4125157350898,0.65,0,0,716,0
61,60,41.6748424547931,2.69972442840657,1.4125157350898,1.64,0,0,970,0
61,60,41.6748424547931,2.69972442840657,1.4125157350898,12.88,0,0,569,0
61,60,41.6748424547931,2.69972442840657,1.4125157350898,13.24,0,0,727,0
62,60,93.7778853979721,2.27906367946756,1.01600935650411,0,101,60000,0,1
62,60,93.7778853979721,2.27906367946756,1.01600935650411,0.07,0,0,35,0
62,60,93.7778853979721,2.27906367946756,1.01600935650411,9.55,0,0,457,0
62,60,93.7778853979721,2.27906367946756,1.01600935650411,11.94,0,0,530,0
62,60,93.7778853979721,2.27906367946756,1.01600935650411,16.28,0,0,537,0
63,60,100.113898839145,3.64260387583453,0.460632111574405,0,101,60000,0,1
63,60,100.113898839145,3.64260387583453,0.460632111574405,13.34,0,0,340,0
63,60,100.113898839145,3.64260387583453,0.460632111574405,15.5,0,0,296,0
63,60,100.113898839145,3.64260387583453,0.460632111574405,16.99,0,0,354,0
63,60,100.113898839145,3.64260387583453,0.460632111574405,19.9,0,0,310,0
64,60,56.4572628732806,5.53918209141685,0.851180772793862,0,101,60000,0,1
64,60,56.4572628732806,5.53918209141685,0.851180772793862,0.83,0,0,429,0
64,60,56.4572628732806,5.53918209141685,0.851180772793862,10.12,0,0,446,0
64,60,56.4572628732806,5.53918209141685,0.851180772793862,10.45,0,0,490,0
64,60,56.4572628732806,5.53918209141685,0.851180772793862,19.66,0,0,156,0
65,60,56.411954880954,5.79398322092959,0.718691477856924,0,101,60000,0,1
65,60,56.411954880954,5.79398322092959,0.718691477856924,0.14,0,0,82,0
65,60,56.411954880954,5.79398322092959,0.718691477856924,3.3,0,0,843,0
65,60,56.411954880954,5.79398322092959,0.718691477856924,14.48,0,0,365,0
65,60,56.411954880954,5.79398322092959,0.718691477856924,14.98,0,0,252,0
66,60,58.2930737177285,3.93382085366693,0.989347193491633,0,101,60000,0,1
66,60,58.2930737177285,3.93382085366693,0.989347193491633,5.75,0,0,717,0
66,60,58.2930737177285,3.93382085366693,0.989347193491633,8.73,0,0,532,0
66,60,58.2930737177285,3.93382085366693,0.989347193491633,10.64,0,0,600,0
66,60,58.2930737177285,3.93382085366693,0.989347193491633,21.32,0,0,374,0
67,60,51.1308258750399,3.50469825739739,1.42826764872349,0,101,60000,0,1
67,60,51.1308258750399,3.50469825739739,1.42826764872349,5.8,0,0,1097,0
67,60,51.1308258750399,3.50469825739739,1.42826764872349,12.71,0,0,568,0
67,60,51.1308258750399,3.50469825739739,1.42826764872349,19.44,0,0,338,0
67,60,51.1308258750399,3.50469825739739,1.42826764872349,22.14,0,0,342,0
68,60,79.8299650218234,2.62355967896266,1.0847230808181,0,101,60000,0,1
68,60,79.8299650218234,2.62355967896266,1.0847230808181,4.56,0,0,777,0
68,60,79.8299650218234,2.62355967896266,1.0847230808181,11.56,0,0,533,0
68,60,79.8299650218234,2.62355967896266,1.0847230808181,23.85,0,0,345,0
68,60,79.8299650218234,2.62355967896266,1.0847230808181,23.91,0,0,334,0
69,60,76.7291568610004,4.64839309463665,0.9733374163993,0,101,60000,0,1
69,60,76.7291568610004,4.64839309463665,0.9733374163993,1.14,0,0,462,0
69,60,76.7291568610004,4.64839309463665,0.9733374163993,4.57,0,0,778,0
69,60,76.7291568610004,4.64839309463665,0.9733374163993,8.73,0,0,522,0
69,60,76.7291568610004,4.64839309463665,0.9733374163993,19.07,0,0,286,0
70,60,87.0213719867811,5.53718638509557,1.11169055960432,0,101,60000,0,1
70,60,87.0213719867811,5.53718638509557,1.11169055960432,8.58,0,0,388,0
70,60,87.0213719867811,5.53718638509557,1.11169055960432,14.23,0,0,330,0
70,60,87.0213719867811,5.53718638509557,1.11169055960432,19.59,0,0,210,0
70,60,87.0213719867811,5.53718638509557,1.11169055960432,21.21,0,0,155,0
71,60,64.4775117323069,3.60639791955063,0.664130551477826,0,101,60000,0,1
71,60,64.4775117323069,3.60639791955063,0.664130551477826,12.05,0,0,472,0
71,60,64.4775117323069,3.60639791955063,0.664130551477826,13.85,0,0,503,0
71,60,64.4775117323069,3.60639791955063,0.664130551477826,13.9,0,0,553,0
71,60,64.4775117323069,3.60639791955063,0.664130551477826,19.83,0,0,341,0
72,60,54.6600948340957,5.87535882960318,1.09938711028034,0,101,60000,0,1
72,60,54.6600948340957,5.87535882960318,1.09938711028034,2.61,0,0,1047,0
72,60,54.6600948340957,5.87535882960318,1.09938711028034,9.91,0,0,358,0
72,60,54.6600948340957,5.87535882960318,1.09938711028034,17.76,0,0,206,0
72,60,54.6600948340957,5.87535882960318,1.09938711028034,20.03,0,0,154,0
73,60,113.031255104733,4.84458254602874,0.731002940134551,0,101,60000,0,1
73,60,113.031255104733,4.84458254602874,0.731002940134551,3.3,0,0,456,0
73,60,113.031255104733,4.84458254602874,0.731002940134551,13.12,0,0,202,0
73,60,113.031255104733,4.84458254602874,0.731002940134551,19.63,0,0,306,0
73,60,113.031255104733,4.84458254602874,0.731002940134551,23.44,0,0,168,0
74,60,65.4460874914682,5.76978764798715,1.11298869384428,0,101,60000,0,1
74,60,65.4460874914682,5.76978764798715,1.11298869384428,7.09,0,0,411,0
74,60,65.4460874914682,5.76978764798715,1.11298869384428,14.69,0,0,252,0
74,60,65.4460874914682,5.76978764798715,1.11298869384428,17.55,0,0,291,0
74,60,65.4460874914682,5.76978764798715,1.11298869384428,18.09,0,0,195,0
75,60,53.2966493494656,4.99168252592775,0.645854201593628,0,101,60000,0,1
75,60,53.2966493494656,4.99168252592775,0.645854201593628,1.63,0,0,556,0
75,60,53.2966493494656,4.99168252592775,0.645854201593628,5.64,0,0,643,0
75,60,53.2966493494656,4.99168252592775,0.645854201593628,12.01,0,0,460,0
75,60,53.2966493494656,4.99168252592775,0.645854201593628,14.92,0,0,247,0
76,60,54.073815293993,3.64875005894696,0.964421910693315,0,101,60000,0,1
76,60,54.073815293993,3.64875005894696,0.964421910693315,4.02,0,0,1066,0
76,60,54.073815293993,3.64875005894696,0.964421910693315,8.68,0,0,797,0
76,60,54.073815293993,3.64875005894696,0.964421910693315,13.8,0,0,421,0
76,60,54.073815293993,3.64875005894696,0.964421910693315,17.56,0,0,422,0
77,60,98.8673467909989,3.97939321370383,1.19693103827591,0,101,60000,0,1
77,60,98.8673467909989,3.97939321370383,1.19693103827591,17.77,0,0,427,0
77,60,98.8673467909989,3.97939321370383,1.19693103827591,21.55,0,0,245,0
77,60,98.8673467909989,3.97939321370383,1.19693103827591,22.13,0,0,219,0
77,60,98.8673467909989,3.97939321370383,1.19693103827591,22.28,0,0,224,0
78,60,89.5323015167184,5.23813506646031,1.15607092937037,0,101,60000,0,1
78,60,89.5323015167184,5.23813506646031,1.15607092937037,9.75,0,0,407,0
78,60,89.5323015167184,5.23813506646031,1.15607092937037,11.2,0,0,299,0
78,60,89.5323015167184,5.23813506646031,1.15607092937037,15.8,0,0,311,0
78,60,89.5323015167184,5.23813506646031,1.15607092937037,17.21,0,0,297,0
79,60,53.6062394575936,3.3232388607197,1.65264909955411,0,101,60000,0,1
79,60,53.6062394575936,3.3232388607197,1.65264909955411,1.78,0,0,1189,0
79,60,53.6062394575936,3.3232388607197,1.65264909955411,15.93,0,0,337,0
79,60,53.6062394575936,3.3232388607197,1.65264909955411,18.27,0,0,364,0
79,60,53.6062394575936,3.3232388607197,1.65264909955411,20.48,0,0,418,0
80,60,49.9580946751991,3.42043975030755,0.813235365498366,0,101,60000,0,1
80,60,49.9580946751991,3.42043975030755,0.813235365498366,2.03,0,0,1031,0
80,60,49.9580946751991,3.42043975030755,0.813235365498366,2.31,0,0,963,0
80,60,49.9580946751991,3.42043975030755,0.813235365498366,7.55,0,0,628,0
80,60,49.9580946751991,3.42043975030755,0.813235365498366,21.94,0,0,225,0
81,60,63.4103822139249,2.88019202577776,1.01964849213235,0,101,60000,0,1
81,60,63.4103822139249,2.88019202577776,1.01964849213235,1.62,0,0,858,0
81,60,63.4103822139249,2.88019202577776,1.01964849213235,5.37,0,0,560,0
81,60,63.4103822139249,2.88019202577776,1.01964849213235,5.59,0,0,735,0
81,60,63.4103822139249,2.88019202577776,1.01964849213235,23.11,0,0,378,0
82,60,90.1215231348512,4.45566820417018,0.984444661441517,0,101,60000,0,1
82,60,90.1215231348512,4.45566820417018,0.984444661441517,4.26,0,0,740,0
82,60,90.1215231348512,4.45566820417018,0.984444661441517,4.89,0,0,448,0
82,60,90.1215231348512,4.45566820417018,0.984444661441517,9.35,0,0,486,0
82,60,90.1215231348512,4.45566820417018,0.984444661441517,12.53,0,0,418,0
83,60,102.21492958033,4.67820153018658,1.13796089833091,0,101,60000,0,1
83,60,102.21492958033,4.67820153018658,1.13796089833091,1.94,0,0,557,0
83,60,102.21492958033,4.67820153018658,1.13796089833091,8.75,0,0,574,0
83,60,102.21492958033,4.67820153018658,1.13796089833091,19.15,0,0,183,0
83,60,102.21492958033,4.67820153018658,1.13796089833091,23.29,0,0,206,0
84,60,105.112926909142,3.64271968915961,1.1090932157316,0,101,60000,0,1
84,60,105.112926909142,3.64271968915961,1.1090932157316,0.23,0,0,79,0
84,60,105.112926909142,3.64271968915961,1.1090932157316,4.81,0,0,344,0
84,60,105.112926909142,3.64271968915961,1.1090932157316,15.41,0,0,425,0
84,60,105.112926909142,3.64271968915961,1.1090932157316,21.71,0,0,277,0
85,60,107.877853124677,2.96437581296759,1.30722282118495,0,101,60000,0,1
85,60,107.877853124677,2.96437581296759,1.30722282118495,1.45,0,0,546,0
85,60,107.877853124677,2.96437581296759,1.30722282118495,13.18,0,0,446,0
85,60,107.877853124677,2.96437581296759,1.30722282118495,14.17,0,0,340,0
85,60,107.877853124677,2.96437581296759,1.30722282118495,20.84,0,0,388,0
86,60,106.093490360218,4.81178317078359,1.31962366270189,0,101,60000,0,1
86,60,106.093490360218,4.81178317078359,1.31962366270189,0.38,0,0,158,0
86,60,106.093490360218,4.81178317078359,1.31962366270189,3.02,0,0,580,0
86,60,106.093490360218,4.81178317078359,1.31962366270189,4.93,0,0,392,0
86,60,106.093490360218,4.81178317078359,1.31962366270189,8.94,0,0,480,0
87,60,77.3735522686729,3.98601428289279,1.33945030653648,0,101,60000,0,1
87,60,77.3735522686729,3.98601428289279,1.33945030653648,3.57,0,0,543,0
87,60,77.3735522686729,3.98601428289279,1.33945030653648,7.33,0,0,460,0
87,60,77.3735522686729,3.98601428289279,1.33945030653648,7.69,0,0,416,0
87,60,77.3735522686729,3.98601428289279,1.33945030653648,23.1,0,0,222,0
88,60,61.1431915123268,4.4801002144424,1.01503492102054,0,101,60000,0,1
88,60,61.1431915123268,4.4801002144424,1.01503492102054,4.27,0,0,1254,0
88,60,61.1431915123268,4.4801002144424,1.01503492102054,7.33,0,0,534,0
88,60,61.1431915123268,4.4801002144424,1.01503492102054,16.21,0,0,352,0
88,60,61.1431915123268,4.4801002144424,1.01503492102054,17.82,0,0,364,0
89,60,73.2624192808368,4.9223023001643,1.30959525259326,0,101,60000,0,1
89,60,73.2624192808368,4.9223023001643,1.30959525259326,1.56,0,0,694,0
89,60,73.2624192808368,4.9223023001643,1.30959525259326,3.38,0,0,549,0
89,60,73.2624192808368,4.9223023001643,1.30959525259326,5.64,0,0,583,0
89,60,73.2624192808368,4.9223023001643,1.30959525259326,17.96,0,0,221,0
90,60,31.3074313309599,3.14125579503696,0.740695579736372,0,101,60000,0,1
90,60,31.3074313309599,3.14125579503696,0.740695579736372,10.06,0,0,526,0
90,60,31.3074313309599,3.14125579503696,0.740695579736372,10.14,0,0,648,0
90,60,31.3074313309599,3.14125579503696,0.740695579736372,16.55,0,0,479,0
90,60,31.3074313309599,3.14125579503696,0.740695579736372,16.58,0,0,370,0
91,120,73.7596868162919,7.18373007041805,0.78476543110567,0,101,120000,0,1
91,120,73.7596868162919,7.18373007041805,0.78476543110567,14.54,0,0,744,0
91,120,73.7596868162919,7.18373007041805,0.78476543110567,16.15,0,0,405,0
91,120,73.7596868162919,7.18373007041805,0.78476543110567,16.41,0,0,284,0
91,120,73.7596868162919,7.18373007041805,0.78476543110567,19.72,0,0,291,0
92,120,102.295506950446,4.72440226155372,1.36826603890832,0,101,120000,0,1
92,120,102.295506950446,4.72440226155372,1.36826603890832,0.22,0,0,476,0
92,120,102.295506950446,4.72440226155372,1.36826603890832,1.08,0,0,806,0
92,120,102.295506950446,4.72440226155372,1.36826603890832,6.31,0,0,895,0
92,120,102.295506950446,4.72440226155372,1.36826603890832,13.44,0,0,665,0
93,120,57.509794816207,4.98855001737311,0.940341239174445,0,101,120000,0,1
93,120,57.509794816207,4.98855001737311,0.940341239174445,2.08,0,0,2022,0
93,120,57.509794816207,4.98855001737311,0.940341239174445,3.2,0,0,2004,0
93,120,57.509794816207,4.98855001737311,0.940341239174445,11.27,0,0,566,0
93,120,57.509794816207,4.98855001737311,0.940341239174445,12.32,0,0,742,0
94,120,66.4397286170862,3.4578029348409,1.42417149126502,0,101,120000,0,1
94,120,66.4397286170862,3.4578029348409,1.42417149126502,11.61,0,0,926,0
94,120,66.4397286170862,3.4578029348409,1.42417149126502,13.87,0,0,868,0
94,120,66.4397286170862,3.4578029348409,1.42417149126502,15.51,0,0,631,0
94,120,66.4397286170862,3.4578029348409,1.42417149126502,23.77,0,0,487,0
95,120,80.8015766947747,2.78892838068769,1.20474631283068,0,101,120000,0,1
95,120,80.8015766947747,2.78892838068769,1.20474631283068,3.4,0,0,1506,0
95,120,80.8015766947747,2.78892838068769,1.20474631283068,4.46,0,0,1287,0
95,120,80.8015766947747,2.78892838068769,1.20474631283068,14.29,0,0,770,0
95,120,80.8015766947747,2.78892838068769,1.20474631283068,15.02,0,0,855,0
96,120,44.7896516863174,2.47666562104997,1.00358561623576,0,101,120000,0,1
96,120,44.7896516863174,2.47666562104997,1.00358561623576,5.29,0,0,2236,0
96,120,44.7896516863174,2.47666562104997,1.00358561623576,11.52,0,0,1675,0
96,120,44.7896516863174,2.47666562104997,1.00358561623576,18.26,0,0,1080,0
96,120,44.7896516863174,2.47666562104997,1.00358561623576,19.88,0,0,950,0
97,120,103.679444355565,4.30623666764718,0.524045092523698,0,101,120000,0,1
97,120,103.679444355565,4.30623666764718,0.524045092523698,1.49,0,0,589,0
97,120,103.679444355565,4.30623666764718,0.524045092523698,3.57,0,0,1048,0
97,120,103.679444355565,4.30623666764718,0.524045092523698,10.76,0,0,572,0
97,120,103.679444355565,4.30623666764718,0.524045092523698,12.72,0,0,515,0
98,120,60.6261767683172,6.24218569318917,0.91865152776555,0,101,120000,0,1
98,120,60.6261767683172,6.24218569318917,0.91865152776555,7.31,0,0,2024,0
98,120,60.6261767683172,6.24218569318917,0.91865152776555,10.78,0,0,657,0
98,120,60.6261767683172,6.24218569318917,0.91865152776555,12.44,0,0,738,0
98,120,60.6261767683172,6.24218569318917,0.91865152776555,19.24,0,0,418,0
99,120,56.4645388177001,3.65434674602,1.11677470730446,0,101,120000,0,1
99,120,56.4645388177001,3.65434674602,1.11677470730446,5.66,0,0,1534,0
99,120,56.4645388177001,3.65434674602,1.11677470730446,7.71,0,0,1030,0
99,120,56.4645388177001,3.65434674602,1.11677470730446,12.51,0,0,1010,0
99,120,56.4645388177001,3.65434674602,1.11677470730446,17.82,0,0,950,0
100,120,59.8641062281641,3.87534634397907,0.767411512273529,0,101,120000,0,1
100,120,59.8641062281641,3.87534634397907,0.767411512273529,4.17,0,0,1522,0
100,120,59.8641062281641,3.87534634397907,0.767411512273529,9.17,0,0,1065,0
100,120,59.8641062281641,3.87534634397907,0.767411512273529,10.21,0,0,1155,0
100,120,59.8641062281641,3.87534634397907,0.767411512273529,19.11,0,0,552,0
101,120,51.901595695291,4.96985086026828,1.77252362116792,0,101,120000,0,1
101,120,51.901595695291,4.96985086026828,1.77252362116792,12.32,0,0,748,0
101,120,51.901595695291,4.96985086026828,1.77252362116792,15.03,0,0,450,0
101,120,51.901595695291,4.96985086026828,1.77252362116792,15.42,0,0,520,0
101,120,51.901595695291,4.96985086026828,1.77252362116792,19.35,0,0,314,0
102,120,50.7643436384957,4.1677023554153,1.37627297020371,0,101,120000,0,1
102,120,50.7643436384957,4.1677023554153,1.37627297020371,0.78,0,0,1364,0
102,120,50.7643436384957,4.1677023554153,1.37627297020371,4.03,0,0,2000,0
102,120,50.7643436384957,4.1677023554153,1.37627297020371,7.66,0,0,2062,0
102,120,50.7643436384957,4.1677023554153,1.37627297020371,17,0,0,540,0
103,120,44.3219123480211,4.79130888337936,0.753812571395164,0,101,120000,0,1
103,120,44.3219123480211,4.79130888337936,0.753812571395164,8.42,0,0,1094,0
103,120,44.3219123480211,4.79130888337936,0.753812571395164,11.94,0,0,1117,0
103,120,44.3219123480211,4.79130888337936,0.753812571395164,15.68,0,0,494,0
103,120,44.3219123480211,4.79130888337936,0.753812571395164,17.22,0,0,390,0
104,120,65.19136924756,4.33216775995726,0.678170598543951,0,101,120000,0,1
104,120,65.19136924756,4.33216775995726,0.678170598543951,15.51,0,0,643,0
104,120,65.19136924756,4.33216775995726,0.678170598543951,18.52,0,0,597,0
104,120,65.19136924756,4.33216775995726,0.678170598543951,18.67,0,0,447,0
104,120,65.19136924756,4.33216775995726,0.678170598543951,20.57,0,0,530,0
105,120,132.856080877974,2.76133205955076,0.968739312053876,0,101,120000,0,1
105,120,132.856080877974,2.76133205955076,0.968739312053876,10.15,0,0,728,0
105,120,132.856080877974,2.76133205955076,0.968739312053876,13.42,0,0,794,0
105,120,132.856080877974,2.76133205955076,0.968739312053876,14.78,0,0,688,0
105,120,132.856080877974,2.76133205955076,0.968739312053876,17.95,0,0,684,0
106,120,73.12087709582,4.25916476860165,1.23206916208233,0,101,120000,0,1
106,120,73.12087709582,4.25916476860165,1.23206916208233,9.92,0,0,1234,0
106,120,73.12087709582,4.25916476860165,1.23206916208233,20.34,0,0,558,0
106,120,73.12087709582,4.25916476860165,1.23206916208233,21.24,0,0,680,0
106,120,73.12087709582,4.25916476860165,1.23206916208233,22.31,0,0,473,0
107,120,83.6663514090754,3.46146528196741,1.01986692183198,0,101,120000,0,1
107,120,83.6663514090754,3.46146528196741,1.01986692183198,1.78,0,0,1181,0
107,120,83.6663514090754,3.46146528196741,1.01986692183198,4.35,0,0,1527,0
107,120,83.6663514090754,3.46146528196741,1.01986692183198,4.84,0,0,1019,0
107,120,83.6663514090754,3.46146528196741,1.01986692183198,18.47,0,0,532,0
108,120,64.0252689577585,3.88807562301098,0.913167566409569,0,101,120000,0,1
108,120,64.0252689577585,3.88807562301098,0.913167566409569,4.67,0,0,1408,0
108,120,64.0252689577585,3.88807562301098,0.913167566409569,5.32,0,0,1378,0
108,120,64.0252689577585,3.88807562301098,0.913167566409569,6.39,0,0,950,0
108,120,64.0252689577585,3.88807562301098,0.913167566409569,18.81,0,0,914,0
109,120,56.1560925514282,3.23776306476077,1.06180342753283,0,101,120000,0,1
109,120,56.1560925514282,3.23776306476077,1.06180342753283,5.86,0,0,1605,0
109,120,56.1560925514282,3.23776306476077,1.06180342753283,9.23,0,0,1109,0
109,120,56.1560925514282,3.23776306476077,1.06180342753283,12.28,0,0,1132,0
109,120,56.1560925514282,3.23776306476077,1.06180342753283,17.48,0,0,679,0
110,120,73.4437598584149,1.93593158310732,1.14302100748413,0,101,120000,0,1
110,120,73.4437598584149,1.93593158310732,1.14302100748413,9.41,0,0,1763,0
110,120,73.4437598584149,1.93593158310732,1.14302100748413,15.44,0,0,905,0
110,120,73.4437598584149,1.93593158310732,1.14302100748413,15.78,0,0,931,0
110,120,73.4437598584149,1.93593158310732,1.14302100748413,17.95,0,0,1060,0
111,120,44.2394385263972,3.73158684867177,1.00264602265081,0,101,120000,0,1
111,120,44.2394385263972,3.73158684867177,1.00264602265081,8.28,0,0,1460,0
111,120,44.2394385263972,3.73158684867177,1.00264602265081,16.72,0,0,683,0
111,120,44.2394385263972,3.73158684867177,1.00264602265081,17.44,0,0,898,0
111,120,44.2394385263972,3.73158684867177,1.00264602265081,23.38,0,0,364,0
112,120,59.9774960883563,2.65502236579689,0.766476077065154,0,101,120000,0,1
112,120,59.9774960883563,2.65502236579689,0.766476077065154,5,0,0,1829,0
112,120,59.9774960883563,2.65502236579689,0.766476077065154,6.9,0,0,1466,0
112,120,59.9774960883563,2.65502236579689,0.766476077065154,9.25,0,0,1355,0
112,120,59.9774960883563,2.65502236579689,0.766476077065154,10.81,0,0,1796,0
113,120,72.6320588889495,3.44805510932203,1.17051699634905,0,101,120000,0,1
113,120,72.6320588889495,3.44805510932203,1.17051699634905,0.52,0,0,851,0
113,120,72.6320588889495,3.44805510932203,1.17051699634905,1.1,0,0,1571,0
113,120,72.6320588889495,3.44805510932203,1.17051699634905,23.68,0,0,492,0
113,120,72.6320588889495,3.44805510932203,1.17051699634905,23.77,0,0,701,0
114,120,42.3550952707008,3.75741232852574,0.959735527973042,0,101,120000,0,1
114,120,42.3550952707008,3.75741232852574,0.959735527973042,5.94,0,0,2044,0
114,120,42.3550952707008,3.75741232852574,0.959735527973042,7.45,0,0,1436,0
114,120,42.3550952707008,3.75741232852574,0.959735527973042,17.64,0,0,531,0
114,120,42.3550952707008,3.75741232852574,0.959735527973042,21.38,0,0,640,0
115,120,68.6048009555102,2.7925183242667,1.21269288383364,0,101,120000,0,1
115,120,68.6048009555102,2.7925183242667,1.21269288383364,12.58,0,0,1150,0
115,120,68.6048009555102,2.7925183242667,1.21269288383364,16.44,0,0,1058,0
115,120,68.6048009555102,2.7925183242667,1.21269288383364,18.16,0,0,936,0
115,120,68.6048009555102,2.7925183242667,1.21269288383364,18.83,0,0,933,0
116,120,62.4912274013827,3.11754851358067,0.813555051561861,0,101,120000,0,1
116,120,62.4912274013827,3.11754851358067,0.813555051561861,6.69,0,0,1157,0
116,120,62.4912274013827,3.11754851358067,0.813555051561861,10.36,0,0,994,0
116,120,62.4912274013827,3.11754851358067,0.813555051561861,11.34,0,0,1323,0
116,120,62.4912274013827,3.11754851358067,0.813555051561861,14.94,0,0,1073,0
117,120,82.3050001525479,3.08084788332315,0.664277394059927,0,101,120000,0,1
117,120,82.3050001525479,3.08084788332315,0.664277394059927,1.96,0,0,880,0
117,120,82.3050001525479,3.08084788332315,0.664277394059927,6.23,0,0,1131,0
117,120,82.3050001525479,3.08084788332315,0.664277394059927,6.89,0,0,1058,0
117,120,82.3050001525479,3.08084788332315,0.664277394059927,18.61,0,0,613,0
118,120,56.7842259490586,3.48851779486215,0.948816338934376,0,101,120000,0,1
118,120,56.7842259490586,3.48851779486215,0.948816338934376,9.33,0,0,1648,0
118,120,56.7842259490586,3.48851779486215,0.948816338934376,10.17,0,0,1420,0
118,120,56.7842259490586,3.48851779486215,0.948816338934376,12.54,0,0,1151,0
118,120,56.7842259490586,3.48851779486215,0.948816338934376,14.31,0,0,1047,0
119,120,120.368492626552,5.30030143897888,0.99883897584683,0,101,120000,0,1
119,120,120.368492626552,5.30030143897888,0.99883897584683,3.92,0,0,591,0
119,120,120.368492626552,5.30030143897888,0.99883897584683,5.96,0,0,708,0
119,120,120.368492626552,5.30030143897888,0.99883897584683,6.93,0,0,716,0
119,120,120.368492626552,5.30030143897888,0.99883897584683,23.62,0,0,371,0
120,120,110.395028055507,3.40408930145408,0.970513005436948,0,101,120000,0,1
120,120,110.395028055507,3.40408930145408,0.970513005436948,6.36,0,0,995,0
120,120,110.395028055507,3.40408930145408,0.970513005436948,11.47,0,0,831,0
120,120,110.395028055507,3.40408930145408,0.970513005436948,19.69,0,0,661,0
120,120,110.395028055507,3.40408930145408,0.970513005436948,23.15,0,0,446,0
