ID,DOSE,V,CL,KA,TIME,EVID,AMT,DV,EVIDNM
1,10,78.0399321328749,3.99218189889976,1.06312093721392,0,101,10000,0,1
1,10,78.0399321328749,3.99218189889976,1.06312093721392,7.06,0,0,89,0
1,10,78.0399321328749,3.99218189889976,1.06312093721392,15.84,0,0,88,0
1,10,78.0399321328749,3.99218189889976,1.06312093721392,17.93,0,0,54,0
1,10,78.0399321328749,3.99218189889976,1.06312093721392,20.89,0,0,48,0
2,10,44.0680624963221,3.11318200327743,0.767503106702294,0,101,10000,0,1
2,10,44.0680624963221,3.11318200327743,0.767503106702294,5.68,0,0,133,0
2,10,44.0680624963221,3.11318200327743,0.767503106702294,6.14,0,0,146,0
2,10,44.0680624963221,3.11318200327743,0.767503106702294,7.9,0,0,104,0
2,10,44.0680624963221,3.11318200327743,0.767503106702294,15.9,0,0,68,0
3,10,55.282166250777,5.71700360006606,1.00547762301573,0,101,10000,0,1
3,10,55.282166250777,5.71700360006606,1.00547762301573,0.29,0,0,50,0
3,10,55.282166250777,5.71700360006606,1.00547762301573,6.37,0,0,137,0
3,10,55.282166250777,5.71700360006606,1.00547762301573,8.01,0,0,101,0
3,10,55.282166250777,5.71700360006606,1.00547762301573,17.71,0,0,28,0
4,10,57.2173330518696,5.55305215546496,1.13251261421865,0,101,10000,0,1
4,10,57.2173330518696,5.55305215546496,1.13251261421865,7.97,0,0,105,0
4,10,57.2173330518696,5.55305215546496,1.13251261421865,17.25,0,0,39,0
4,10,57.2173330518696,5.55305215546496,1.13251261421865,18.44,0,0,30,0
4,10,57.2173330518696,5.55305215546496,1.13251261421865,21.2,0,0,25,0
5,10,65.3733436282974,3.66034105014194,0.77534816343271,0,101,10000,0,1
5,10,65.3733436282974,3.66034105014194,0.77534816343271,0.48,0,0,45,0
5,10,65.3733436282974,3.66034105014194,0.77534816343271,17.6,0,0,45,0
5,10,65.3733436282974,3.66034105014194,0.77534816343271,17.89,0,0,60,0
5,10,65.3733436282974,3.66034105014194,0.77534816343271,22.49,0,0,47,0
6,10,37.3069167414827,3.55741622047308,1.01706330859387,0,101,10000,0,1
6,10,37.3069167414827,3.55741622047308,1.01706330859387,5.23,0,0,231,0
6,10,37.3069167414827,3.55741622047308,1.01706330859387,12.67,0,0,103,0
6,10,37.3069167414827,3.55741622047308,1.01706330859387,13.45,0,0,80,0
6,10,37.3069167414827,3.55741622047308,1.01706330859387,20.09,0,0,60,0
7,10,102.997604560346,5.82372364012147,1.16170841917937,0,101,10000,0,1
7,10,102.997604560346,5.82372364012147,1.16170841917937,15.28,0,0,39,0
7,10,102.997604560346,5.82372364012147,1.16170841917937,19.46,0,0,31,0
7,10,102.997604560346,5.82372364012147,1.16170841917937,20.67,0,0,30,0
7,10,102.997604560346,5.82372364012147,1.16170841917937,22.18,0,0,33,0
8,10,49.4461335332524,6.69184737816218,0.661566269960155,0,101,10000,0,1
8,10,49.4461335332524,6.69184737816218,0.661566269960155,1.71,0,0,84,0
8,10,49.4461335332524,6.69184737816218,0.661566269960155,5.29,0,0,102,0
8,10,49.4461335332524,6.69184737816218,0.661566269960155,6.01,0,0,106,0
8,10,49.4461335332524,6.69184737816218,0.661566269960155,18.37,0,0,31,0
9,10,65.8099025810301,5.37651912146621,0.633363622681027,0,101,10000,0,1
9,10,65.8099025810301,5.37651912146621,0.633363622681027,3.98,0,0,68,0
9,10,65.8099025810301,5.37651912146621,0.633363622681027,13.1,0,0,62,0
9,10,65.8099025810301,5.37651912146621,0.633363622681027,18.16,0,0,27,0
9,10,65.8099025810301,5.37651912146621,0.633363622681027,19.14,0,0,37,0
10,10,63.9710629205118,6.03699398708167,0.86197391154987,0,101,10000,0,1
10,10,63.9710629205118,6.03699398708167,0.86197391154987,4.9,0,0,71,0
10,10,63.9710629205118,6.03699398708167,0.86197391154987,9.15,0,0,69,0
10,10,63.9710629205118,6.03699398708167,0.86197391154987,14.51,0,0,67,0
10,10,63.9710629205118,6.03699398708167,0.86197391154987,14.84,0,0,33,0
11,10,84.2527600150835,3.99874014444956,0.853614330091458,0,101,10000,0,1
11,10,84.2527600150835,3.99874014444956,0.853614330091458,3.42,0,0,121,0
11,10,84.2527600150835,3.99874014444956,0.853614330091458,6.3,0,0,82,0
11,10,84.2527600150835,3.99874014444956,0.853614330091458,9.16,0,0,58,0
11,10,84.2527600150835,3.99874014444956,0.853614330091458,18.41,0,0,47,0
12,10,89.9478878946387,4.98645723424495,0.90070152987959,0,101,10000,0,1
12,10,89.9478878946387,4.98645723424495,0.90070152987959,6.49,0,0,75,0
12,10,89.9478878946387,4.98645723424495,0.90070152987959,12.43,0,0,65,0
12,10,89.9478878946387,4.98645723424495,0.90070152987959,12.73,0,0,54,0
12,10,89.9478878946387,4.98645723424495,0.90070152987959,14.34,0,0,70,0
13,10,118.016884237653,3.92952569934015,1.21819418808182,0,101,10000,0,1
13,10,118.016884237653,3.92952569934015,1.21819418808182,1.89,0,0,76,0
13,10,118.016884237653,3.92952569934015,1.21819418808182,6.32,0,0,73,0
13,10,118.016884237653,3.92952569934015,1.21819418808182,8.14,0,0,84,0
13,10,118.016884237653,3.92952569934015,1.21819418808182,11.4,0,0,82,0
14,10,83.5157255660506,5.64830394436598,0.956030841438192,0,101,10000,0,1
14,10,83.5157255660506,5.64830394436598,0.956030841438192,5.88,0,0,92,0
14,10,83.5157255660506,5.64830394436598,0.956030841438192,8.67,0,0,91,0
14,10,83.5157255660506,5.64830394436598,0.956030841438192,11.64,0,0,59,0
14,10,83.5157255660506,5.64830394436598,0.956030841438192,19.31,0,0,35,0
15,10,89.7044395500706,4.31428492999642,1.00618464252693,0,101,10000,0,1
15,10,89.7044395500706,4.31428492999642,1.00618464252693,18.08,0,0,58,0
15,10,89.7044395500706,4.31428492999642,1.00618464252693,21.74,0,0,32,0
15,10,89.7044395500706,4.31428492999642,1.00618464252693,22.4,0,0,34,0
15,10,89.7044395500706,4.31428492999642,1.00618464252693,22.53,0,0,37,0
16,10,35.4219957835171,5.03062629593776,0.971993993569917,0,101,10000,0,1
16,10,35.4219957835171,5.03062629593776,0.971993993569917,10.62,0,0,57,0
16,10,35.4219957835171,5.03062629593776,0.971993993569917,12.49,0,0,64,0
16,10,35.4219957835171,5.03062629593776,0.971993993569917,17.38,0,0,22,0
16,10,35.4219957835171,5.03062629593776,0.971993993569917,21.79,0,0,14,0
17,10,110.918780411822,3.90104004173186,1.66782816911992,0,101,10000,0,1
17,10,110.918780411822,3.90104004173186,1.66782816911992,0.92,0,0,67,0
17,10,110.918780411822,3.90104004173186,1.66782816911992,4.78,0,0,69,0
17,10,110.918780411822,3.90104004173186,1.66782816911992,8.16,0,0,62,0
17,10,110.918780411822,3.90104004173186,1.66782816911992,19.09,0,0,40,0
18,10,81.3263983979796,5.99827099246338,1.181762076908,0,101,10000,0,1
18,10,81.3263983979796,5.99827099246338,1.181762076908,0.27,0,0,29,0
18,10,81.3263983979796,5.99827099246338,1.181762076908,5.79,0,0,80,0
18,10,81.3263983979796,5.99827099246338,1.181762076908,6.02,0,0,62,0
18,10,81.3263983979796,5.99827099246338,1.181762076908,6.63,0,0,79,0
19,10,68.8555068774347,3.02797792281807,1.4616742736459,0,101,10000,0,1
19,10,68.8555068774347,3.02797792281807,1.4616742736459,3.05,0,0,139,0
19,10,68.8555068774347,3.02797792281807,1.4616742736459,14.95,0,0,73,0
19,10,68.8555068774347,3.02797792281807,1.4616742736459,20.38,0,0,54,0
19,10,68.8555068774347,3.02797792281807,1.4616742736459,20.95,0,0,45,0
20,10,117.907388102047,5.17915537973633,1.32884052291634,0,101,10000,0,1
20,10,117.907388102047,5.17915537973633,1.32884052291634,3.93,0,0,60,0
20,10,117.907388102047,5.17915537973633,1.32884052291634,7.6,0,0,62,0
20,10,117.907388102047,5.17915537973633,1.32884052291634,11.77,0,0,43,0
20,10,117.907388102047,5.17915537973633,1.32884052291634,20.07,0,0,25,0
21,10,69.5098909785895,4.41948742917143,1.68994531406224,0,101,10000,0,1
21,10,69.5098909785895,4.41948742917143,1.68994531406224,1.01,0,0,70,0
21,10,69.5098909785895,4.41948742917143,1.68994531406224,2.89,0,0,103,0
21,10,69.5098909785895,4.41948742917143,1.68994531406224,11.41,0,0,74,0
21,10,69.5098909785895,4.41948742917143,1.68994531406224,15.51,0,0,48,0
22,10,67.2714333790054,4.72978728506521,1.25028441451494,0,101,10000,0,1
22,10,67.2714333790054,4.72978728506521,1.25028441451494,4.89,0,0,120,0
22,10,67.2714333790054,4.72978728506521,1.25028441451494,7.82,0,0,83,0
22,10,67.2714333790054,4.72978728506521,1.25028441451494,12.11,0,0,75,0
22,10,67.2714333790054,4.72978728506521,1.25028441451494,17.62,0,0,30,0
23,10,53.8393872278373,4.93745507283733,0.763571813744258,0,101,10000,0,1
23,10,53.8393872278373,4.93745507283733,0.763571813744258,6.11,0,0,106,0
23,10,53.8393872278373,4.93745507283733,0.763571813744258,15.76,0,0,59,0
23,10,53.8393872278373,4.93745507283733,0.763571813744258,17.8,0,0,35,0
23,10,53.8393872278373,4.93745507283733,0.763571813744258,23.28,0,0,25,0
24,10,71.0785478453323,6.00523710015924,0.903431113069117,0,101,10000,0,1
24,10,71.0785478453323,6.00523710015924,0.903431113069117,2.15,0,0,110,0
24,10,71.0785478453323,6.00523710015924,0.903431113069117,3.03,0,0,122,0
24,10,71.0785478453323,6.00523710015924,0.903431113069117,14.14,0,0,50,0
24,10,71.0785478453323,6.00523710015924,0.903431113069117,15.56,0,0,46,0
25,10,65.2506513312228,4.25853180980754,0.891624749623549,0,101,10000,0,1
25,10,65.2506513312228,4.25853180980754,0.891624749623549,5.7,0,0,125,0
25,10,65.2506513312228,4.25853180980754,0.891624749623549,6.6,0,0,111,0
25,10,65.2506513312228,4.25853180980754,0.891624749623549,8.08,0,0,120,0
25,10,65.2506513312228,4.25853180980754,0.891624749623549,10.01,0,0,78,0
26,10,42.5251873379116,3.61755757592171,1.25945185872675,0,101,10000,0,1
26,10,42.5251873379116,3.61755757592171,1.25945185872675,3.81,0,0,155,0
26,10,42.5251873379116,3.61755757592171,1.25945185872675,5.79,0,0,183,0
26,10,42.5251873379116,3.61755757592171,1.25945185872675,6.18,0,0,149,0
26,10,42.5251873379116,3.61755757592171,1.25945185872675,22.86,0,0,45,0
27,10,53.7320478047749,4.23320219118665,1.08324444310473,0,101,10000,0,1
27,10,53.7320478047749,4.23320219118665,1.08324444310473,3.5,0,0,178,0
27,10,53.7320478047749,4.23320219118665,1.08324444310473,7.36,0,0,112,0
27,10,53.7320478047749,4.23320219118665,1.08324444310473,9.05,0,0,91,0
27,10,53.7320478047749,4.23320219118665,1.08324444310473,17.95,0,0,66,0
28,10,80.2998322299519,4.00908767887778,1.14950816432506,0,101,10000,0,1
28,10,80.2998322299519,4.00908767887778,1.14950816432506,12.23,0,0,66,0
28,10,80.2998322299519,4.00908767887778,1.14950816432506,15.73,0,0,71,0
28,10,80.2998322299519,4.00908767887778,1.14950816432506,18.23,0,0,35,0
28,10,80.2998322299519,4.00908767887778,1.14950816432506,19.18,0,0,59,0
29,10,66.5439422057664,4.94094742445651,1.35770660453528,0,101,10000,0,1
29,10,66.5439422057664,4.94094742445651,1.35770660453528,2.63,0,0,108,0
29,10,66.5439422057664,4.94094742445651,1.35770660453528,16.02,0,0,42,0
29,10,66.5439422057664,4.94094742445651,1.35770660453528,19.79,0,0,33,0
29,10,66.5439422057664,4.94094742445651,1.35770660453528,23.83,0,0,34,0
30,10,45.8392517670844,4.93370695703092,1.04867004819782,0,101,10000,0,1
30,10,45.8392517670844,4.93370695703092,1.04867004819782,2.56,0,0,180,0
30,10,45.8392517670844,4.93370695703092,1.04867004819782,4.91,0,0,130,0
30,10,45.8392517670844,4.93370695703092,1.04867004819782,10.68,0,0,83,0
30,10,45.8392517670844,4.93370695703092,1.04867004819782,21.73,0,0,26,0
31,30,53.2996981214301,3.73976283549159,1.48720545456489,0,101,30000,0,1
31,30,53.2996981214301,3.73976283549159,1.48720545456489,1.4,0,0,518,0
31,30,53.2996981214301,3.73976283549159,1.48720545456489,10.29,0,0,302,0
31,30,53.2996981214301,3.73976283549159,1.48720545456489,20.7,0,0,105,0
31,30,53.2996981214301,3.73976283549159,1.48720545456489,23.71,0,0,158,0
32,30,100.671026324552,6.61448753004721,0.606675624144939,0,101,30000,0,1
32,30,100.671026324552,6.61448753004721,0.606675624144939,1.71,0,0,178,0
32,30,100.671026324552,6.61448753004721,0.606675624144939,7.25,0,0,181,0
32,30,100.671026324552,6.61448753004721,0.606675624144939,11.63,0,0,139,0
32,30,100.671026324552,6.61448753004721,0.606675624144939,19.51,0,0,77,0
33,30,54.8692938915114,4.18791721428946,1.10638602758469,0,101,30000,0,1
33,30,54.8692938915114,4.18791721428946,1.10638602758469,0.91,0,0,431,0
33,30,54.8692938915114,4.18791721428946,1.10638602758469,3.05,0,0,599,0
33,30,54.8692938915114,4.18791721428946,1.10638602758469,5.93,0,0,413,0
33,30,54.8692938915114,4.18791721428946,1.10638602758469,11.51,0,0,196,0
34,30,69.5057470306383,6.32641068291401,0.811936089039382,0,101,30000,0,1
34,30,69.5057470306383,6.32641068291401,0.811936089039382,2.88,0,0,448,0
34,30,69.5057470306383,6.32641068291401,0.811936089039382,6.11,0,0,298,0
34,30,69.5057470306383,6.32641068291401,0.811936089039382,8.67,0,0,248,0
34,30,69.5057470306383,6.32641068291401,0.811936089039382,13.13,0,0,172,0
35,30,57.9673976998028,4.36544545833016,1.03136895315967,0,101,30000,0,1
35,30,57.9673976998028,4.36544545833016,1.03136895315967,1.02,0,0,250,0
35,30,57.9673976998028,4.36544545833016,1.03136895315967,2.26,0,0,624,0
35,30,57.9673976998028,4.36544545833016,1.03136895315967,9.92,0,0,313,0
35,30,57.9673976998028,4.36544545833016,1.03136895315967,14.9,0,0,187,0
36,30,57.9755375922619,3.78691938924106,1.15694573710694,0,101,30000,0,1
36,30,57.9755375922619,3.78691938924106,1.15694573710694,3.52,0,0,521,0
36,30,57.9755375922619,3.78691938924106,1.15694573710694,11.23,0,0,274,0
36,30,57.9755375922619,3.78691938924106,1.15694573710694,14.21,0,0,181,0
36,30,57.9755375922619,3.78691938924106,1.15694573710694,16,0,0,198,0
37,30,76.3754482617989,5.41708238331791,1.09819010856745,0,101,30000,0,1
37,30,76.3754482617989,5.41708238331791,1.09819010856745,2.6,0,0,380,0
37,30,76.3754482617989,5.41708238331791,1.09819010856745,7.99,0,0,289,0
37,30,76.3754482617989,5.41708238331791,1.09819010856745,17.13,0,0,95,0
37,30,76.3754482617989,5.41708238331791,1.09819010856745,22.1,0,0,127,0
38,30,44.9637995731909,5.90244661273845,0.906225038795577,0,101,30000,0,1
38,30,44.9637995731909,5.90244661273845,0.906225038795577,4.56,0,0,509,0
38,30,44.9637995731909,5.90244661273845,0.906225038795577,12.83,0,0,116,0
38,30,44.9637995731909,5.90244661273845,0.906225038795577,18.74,0,0,53,0
38,30,44.9637995731909,5.90244661273845,0.906225038795577,23.5,0,0,33,0
39,30,73.6604297660012,3.51867607975261,1.48075908077334,0,101,30000,0,1
39,30,73.6604297660012,3.51867607975261,1.48075908077334,0.76,0,0,198,0
39,30,73.6604297660012,3.51867607975261,1.48075908077334,3.23,0,0,412,0
39,30,73.6604297660012,3.51867607975261,1.48075908077334,7.63,0,0,370,0
39,30,73.6604297660012,3.51867607975261,1.48075908077334,20,0,0,125,0
40,30,89.0897195070045,5.21924319614615,1.30149536507969,0,101,30000,0,1
40,30,89.0897195070045,5.21924319614615,1.30149536507969,10.16,0,0,180,0
40,30,89.0897195070045,5.21924319614615,1.30149536507969,16.82,0,0,147,0
40,30,89.0897195070045,5.21924319614615,1.30149536507969,19,0,0,149,0
40,30,89.0897195070045,5.21924319614615,1.30149536507969,21.71,0,0,100,0
41,30,70.7447257494506,5.87632856939802,0.773068853321564,0,101,30000,0,1
41,30,70.7447257494506,5.87632856939802,0.773068853321564,4.5,0,0,421,0
41,30,70.7447257494506,5.87632856939802,0.773068853321564,8.86,0,0,245,0
41,30,70.7447257494506,5.87632856939802,0.773068853321564,12.72,0,0,208,0
41,30,70.7447257494506,5.87632856939802,0.773068853321564,13.89,0,0,222,0
42,30,80.5442471861704,3.82712912954701,1.21192694919824,0,101,30000,0,1
42,30,80.5442471861704,3.82712912954701,1.21192694919824,10.98,0,0,302,0
42,30,80.5442471861704,3.82712912954701,1.21192694919824,15.12,0,0,206,0
42,30,80.5442471861704,3.82712912954701,1.21192694919824,17.57,0,0,193,0
42,30,80.5442471861704,3.82712912954701,1.21192694919824,22.44,0,0,136,0
43,30,58.5573538430354,2.66583755317515,1.58775847371251,0,101,30000,0,1
43,30,58.5573538430354,2.66583755317515,1.58775847371251,3.15,0,0,448,0
43,30,58.5573538430354,2.66583755317515,1.58775847371251,7.16,0,0,440,0
43,30,58.5573538430354,2.66583755317515,1.58775847371251,10.12,0,0,465,0
43,30,58.5573538430354,2.66583755317515,1.58775847371251,19.31,0,0,269,0
44,30,62.830837150043,4.77463053278357,1.20767619088735,0,101,30000,0,1
44,30,62.830837150043,4.77463053278357,1.20767619088735,5.43,0,0,409,0
44,30,62.830837150043,4.77463053278357,1.20767619088735,7.82,0,0,254,0
44,30,62.830837150043,4.77463053278357,1.20767619088735,13.43,0,0,222,0
44,30,62.830837150043,4.77463053278357,1.20767619088735,19.7,0,0,97,0
45,30,109.695020074347,4.76179225672023,0.904085516285237,0,101,30000,0,1
45,30,109.695020074347,4.76179225672023,0.904085516285237,0.67,0,0,144,0
45,30,109.695020074347,4.76179225672023,0.904085516285237,12.69,0,0,123,0
45,30,109.695020074347,4.76179225672023,0.904085516285237,15.37,0,0,118,0
45,30,109.695020074347,4.76179225672023,0.904085516285237,20.28,0,0,148,0
46,30,52.3005542941794,3.09280427703643,0.767767372178168,0,101,30000,0,1
46,30,52.3005542941794,3.09280427703643,0.767767372178168,0.73,0,0,272,0
46,30,52.3005542941794,3.09280427703643,0.767767372178168,5.21,0,0,504,0
46,30,52.3005542941794,3.09280427703643,0.767767372178168,6.84,0,0,254,0
46,30,52.3005542941794,3.09280427703643,0.767767372178168,14.6,0,0,330,0
47,30,62.8222724927472,4.0235204417008,1.22776853993979,0,101,30000,0,1
47,30,62.8222724927472,4.0235204417008,1.22776853993979,1.4,0,0,361,0
47,30,62.8222724927472,4.0235204417008,1.22776853993979,12.56,0,0,193,0
47,30,62.8222724927472,4.0235204417008,1.22776853993979,14.89,0,0,250,0
47,30,62.8222724927472,4.0235204417008,1.22776853993979,17.64,0,0,162,0
48,30,61.1929246306281,3.18622624885478,0.786930009680707,0,101,30000,0,1
48,30,61.1929246306281,3.18622624885478,0.786930009680707,3.18,0,0,489,0
48,30,61.1929246306281,3.18622624885478,0.786930009680707,15.69,0,0,313,0
48,30,61.1929246306281,3.18622624885478,0.786930009680707,18.36,0,0,194,0
48,30,61.1929246306281,3.18622624885478,0.786930009680707,20.78,0,0,187,0
49,30,73.915653881661,4.63281513432403,1.30638423341675,0,101,30000,0,1
49,30,73.915653881661,4.63281513432403,1.30638423341675,10.76,0,0,188,0
49,30,73.915653881661,4.63281513432403,1.30638423341675,11.49,0,0,249,0
49,30,73.915653881661,4.63281513432403,1.30638423341675,16.83,0,0,169,0
49,30,73.915653881661,4.63281513432403,1.30638423341675,20.03,0,0,138,0
50,30,66.8004327162447,2.38147760334398,0.838051845879367,0,101,30000,0,1
50,30,66.8004327162447,2.38147760334398,0.838051845879367,8.38,0,0,560,0
50,30,66.8004327162447,2.38147760334398,0.838051845879367,13.65,0,0,281,0
50,30,66.8004327162447,2.38147760334398,0.838051845879367,22.8,0,0,137,0
50,30,66.8004327162447,2.38147760334398,0.838051845879367,23.01,0,0,208,0
51,30,113.513206888137,3.49282139632092,1.07469088737837,0,101,30000,0,1
51,30,113.513206888137,3.49282139632092,1.07469088737837,7.07,0,0,227,0
51,30,113.513206888137,3.49282139632092,1.07469088737837,12.74,0,0,208,0
51,30,113.513206888137,3.49282139632092,1.07469088737837,17.23,0,0,141,0
51,30,113.513206888137,3.49282139632092,1.07469088737837,19.54,0,0,152,0
52,30,53.9619535978181,4.48136693642745,1.00163789884315,0,101,30000,0,1
52,30,53.9619535978181,4.48136693642745,1.00163789884315,1.64,0,0,359,0
52,30,53.9619535978181,4.48136693642745,1.00163789884315,11.87,0,0,184,0
52,30,53.9619535978181,4.48136693642745,1.00163789884315,19.19,0,0,128,0
52,30,53.9619535978181,4.48136693642745,1.00163789884315,22.54,0,0,78,0
53,30,120.164546406351,3.10316970408832,0.881480938054722,0,101,30000,0,1
53,30,120.164546406351,3.10316970408832,0.881480938054722,3.75,0,0,228,0
53,30,120.164546406351,3.10316970408832,0.881480938054722,7.06,0,0,194,0
53,30,120.164546406351,3.10316970408832,0.881480938054722,8.54,0,0,142,0
53,30,120.164546406351,3.10316970408832,0.881480938054722,11.28,0,0,274,0
54,30,77.8459024181298,3.62644238710982,1.17860842607177,0,101,30000,0,1
54,30,77.8459024181298,3.62644238710982,1.17860842607177,1.45,0,0,330,0
54,30,77.8459024181298,3.62644238710982,1.17860842607177,11.28,0,0,253,0
54,30,77.8459024181298,3.62644238710982,1.17860842607177,14.45,0,0,243,0
54,30,77.8459024181298,3.62644238710982,1.17860842607177,14.51,0,0,179,0
55,30,67.517590720253,5.11589806630111,0.926208463713953,0,101,30000,0,1
55,30,67.517590720253,5.11589806630111,0.926208463713953,4.03,0,0,216,0
55,30,67.517590720253,5.11589806630111,0.926208463713953,7.51,0,0,435,0
55,30,67.517590720253,5.11589806630111,0.926208463713953,9.08,0,0,219,0
55,30,67.517590720253,5.11589806630111,0.926208463713953,16.17,0,0,166,0
56,30,71.6888066698252,4.59908714960889,1.15594921233806,0,101,30000,0,1
56,30,71.6888066698252,4.59908714960889,1.15594921233806,7.71,0,0,223,0
56,30,71.6888066698252,4.59908714960889,1.15594921233806,7.81,0,0,355,0
56,30,71.6888066698252,4.59908714960889,1.15594921233806,16.45,0,0,187,0
56,30,71.6888066698252,4.59908714960889,1.15594921233806,21.16,0,0,149,0
57,30,59.632428928322,3.18956201573705,1.065621400492,0,101,30000,0,1
57,30,59.632428928322,3.18956201573705,1.065621400492,5.78,0,0,317,0
57,30,59.632428928322,3.18956201573705,1.065621400492,19.4,0,0,288,0
57,30,59.632428928322,3.18956201573705,1.065621400492,20.82,0,0,175,0
57,30,59.632428928322,3.18956201573705,1.065621400492,23.56,0,0,188,0
58,30,60.6082600218272,7.30560914336822,1.12730387423779,0,101,30000,0,1
58,30,60.6082600218272,7.30560914336822,1.12730387423779,6.58,0,0,348,0
58,30,60.6082600218272,7.30560914336822,1.12730387423779,7.63,0,0,275,0
58,30,60.6082600218272,7.30560914336822,1.12730387423779,10.31,0,0,138,0
58,30,60.6082600218272,7.30560914336822,1.12730387423779,14.18,0,0,103,0
59,30,63.5822618982388,4.37759993411215,0.394973361906175,0,101,30000,0,1
59,30,63.5822618982388,4.37759993411215,0.394973361906175,10.38,0,0,291,0
59,30,63.5822618982388,4.37759993411215,0.394973361906175,16.74,0,0,211,0
59,30,63.5822618982388,4.37759993411215,0.394973361906175,19.93,0,0,130,0
59,30,63.5822618982388,4.37759993411215,0.394973361906175,21.2,0,0,108,0
60,30,137.326199420844,3.12110588469399,1.76332474733186,0,101,30000,0,1
60,30,137.326199420844,3.12110588469399,1.76332474733186,1.02,0,0,184,0
60,30,137.326199420844,3.12110588469399,1.76332474733186,14.11,0,0,163,0
60,30,137.326199420844,3.12110588469399,1.76332474733186,14.24,0,0,155,0
60,30,137.326199420844,3.12110588469399,1.76332474733186,22.22,0,0,150,0
61,60,79.9516223197578,4.06647709486976,0.959746917656632,0,101,60000,0,1
61,60,79.9516223197578,4.06647709486976,0.959746917656632,0.13,0,0,75,0
61,60,79.9516223197578,4.06647709486976,0.959746917656632,16.18,0,0,458,0
61,60,79.9516223197578,4.06647709486976,0.959746917656632,16.38,0,0,381,0
61,60,79.9516223197578,4.06647709486976,0.959746917656632,23.66,0,0,173,0
62,60,56.9392475841946,3.14273851936111,0.677407956515783,0,101,60000,0,1
62,60,56.9392475841946,3.14273851936111,0.677407956515783,7.11,0,0,649,0
62,60,56.9392475841946,3.14273851936111,0.677407956515783,8.17,0,0,549,0
62,60,56.9392475841946,3.14273851936111,0.677407956515783,10.77,0,0,801,0
62,60,56.9392475841946,3.14273851936111,0.677407956515783,13.55,0,0,464,0
63,60,71.2337608373664,4.38598996239594,0.943831999343669,0,101,60000,0,1
63,60,71.2337608373664,4.38598996239594,0.943831999343669,2.89,0,0,707,0
63,60,71.2337608373664,4.38598996239594,0.943831999343669,15.95,0,0,259,0
63,60,71.2337608373664,4.38598996239594,0.943831999343669,18.45,0,0,270,0
63,60,71.2337608373664,4.38598996239594,0.943831999343669,21.37,0,0,303,0
64,60,86.1584493364134,6.84521101335788,0.621942714234542,0,101,60000,0,1
64,60,86.1584493364134,6.84521101335788,0.621942714234542,0.72,0,0,254,0
64,60,86.1584493364134,6.84521101335788,0.621942714234542,7.43,0,0,322,0
64,60,86.1584493364134,6.84521101335788,0.621942714234542,16.28,0,0,254,0
64,60,86.1584493364134,6.84521101335788,0.621942714234542,23.22,0,0,101,0
65,60,52.9707731942948,3.41575360272733,1.24163122693126,0,101,60000,0,1
65,60,52.9707731942948,3.41575360272733,1.24163122693126,0.08,0,0,163,0
65,60,52.9707731942948,3.41575360272733,1.24163122693126,3.49,0,0,607,0
65,60,52.9707731942948,3.41575360272733,1.24163122693126,13.84,0,0,601,0
65,60,52.9707731942948,3.41575360272733,1.24163122693126,22.55,0,0,273,0
66,60,77.0372893984137,2.91597247952041,1.24396274756897,0,101,60000,0,1
66,60,77.0372893984137,2.91597247952041,1.24396274756897,1.93,0,0,1235,0
66,60,77.0372893984137,2.91597247952041,1.24396274756897,7.1,0,0,723,0
66,60,77.0372893984137,2.91597247952041,1.24396274756897,10.14,0,0,468,0
66,60,77.0372893984137,2.91597247952041,1.24396274756897,15.46,0,0,351,0
67,60,105.446806764885,4.38488946820186,0.772588007995118,0,101,60000,0,1
67,60,105.446806764885,4.38488946820186,0.772588007995118,4.06,0,0,348,0
67,60,105.446806764885,4.38488946820186,0.772588007995118,6.46,0,0,492,0
67,60,105.446806764885,4.38488946820186,0.772588007995118,15.59,0,0,356,0
67,60,105.446806764885,4.38488946820186,0.772588007995118,17.33,0,0,288,0
68,60,53.0655017935937,3.23683981221627,1.06754524885911,0,101,60000,0,1
68,60,53.0655017935937,3.23683981221627,1.06754524885911,3.57,0,0,890,0
68,60,53.0655017935937,3.23683981221627,1.06754524885911,10.06,0,0,1058,0
68,60,53.0655017935937,3.23683981221627,1.06754524885911,10.32,0,0,530,0
68,60,53.0655017935937,3.23683981221627,1.06754524885911,12.87,0,0,689,0
69,60,56.079248249622,4.76526509838229,1.56951416012394,0,101,60000,0,1
69,60,56.079248249622,4.76526509838229,1.56951416012394,5.24,0,0,712,0
69,60,56.079248249622,4.76526509838229,1.56951416012394,10.44,0,0,420,0
69,60,56.079248249622,4.76526509838229,1.56951416012394,16.46,0,0,269,0
69,60,56.079248249622,4.76526509838229,1.56951416012394,20.25,0,0,154,0
70,60,83.9717237536017,2.54359385856902,0.977424744157265,0,101,60000,0,1
70,60,83.9717237536017,2.54359385856902,0.977424744157265,3.11,0,0,405,0
70,60,83.9717237536017,2.54359385856902,0.977424744157265,8.08,0,0,480,0
70,60,83.9717237536017,2.54359385856902,0.977424744157265,16.31,0,0,367,0
70,60,83.9717237536017,2.54359385856902,0.977424744157265,22.76,0,0,605,0
71,60,58.9031545238839,4.71693128977195,0.73555715764239,0,101,60000,0,1
71,60,58.9031545238839,4.71693128977195,0.73555715764239,5.49,0,0,613,0
71,60,58.9031545238839,4.71693128977195,0.73555715764239,6.34,0,0,625,0
71,60,58.9031545238839,4.71693128977195,0.73555715764239,16.05,0,0,511,0
71,60,58.9031545238839,4.71693128977195,0.73555715764239,21.21,0,0,228,0
72,60,137.662064467628,3.58782558670229,1.07529062277952,0,101,60000,0,1
72,60,137.662064467628,3.58782558670229,1.07529062277952,5.23,0,0,362,0
72,60,137.662064467628,3.58782558670229,1.07529062277952,14.87,0,0,335,0
72,60,137.662064467628,3.58782558670229,1.07529062277952,20.45,0,0,286,0
72,60,137.662064467628,3.58782558670229,1.07529062277952,22.72,0,0,230,0
73,60,122.836604380114,3.89949912924172,1.45007889176337,0,101,60000,0,1
73,60,122.836604380114,3.89949912924172,1.45007889176337,3.27,0,0,522,0
73,60,122.836604380114,3.89949912924172,1.45007889176337,4.46,0,0,410,0
73,60,122.836604380114,3.89949912924172,1.45007889176337,12.1,0,0,273,0
73,60,122.836604380114,3.89949912924172,1.45007889176337,22.56,0,0,251,0
74,60,101.249703709622,3.90789716113135,0.944398349712627,0,101,60000,0,1
74,60,101.249703709622,3.90789716113135,0.944398349712627,3.86,0,0,573,0
74,60,101.249703709622,3.90789716113135,0.944398349712627,17.66,0,0,382,0
74,60,101.249703709622,3.90789716113135,0.944398349712627,21.49,0,0,319,0
74,60,101.249703709622,3.90789716113135,0.944398349712627,22.75,0,0,249,0
75,60,90.2105297816583,3.91743898061243,0.984854401835558,0,101,60000,0,1
75,60,90.2105297816583,3.91743898061243,0.984854401835558,1.5,0,0,463,0
75,60,90.2105297816583,3.91743898061243,0.984854401835558,3.79,0,0,672,0
75,60,90.2105297816583,3.91743898061243,0.984854401835558,3.8,0,0,604,0
75,60,90.2105297816583,3.91743898061243,0.984854401835558,13.48,0,0,407,0
76,60,80.9747106857595,4.15999897988985,0.992240447684454,0,101,60000,0,1
76,60,80.9747106857595,4.15999897988985,0.992240447684454,10.01,0,0,418,0
76,60,80.9747106857595,4.15999897988985,0.992240447684454,12.14,0,0,491,0
76,60,80.9747106857595,4.15999897988985,0.992240447684454,14.96,0,0,406,0
76,60,80.9747106857595,4.15999897988985,0.992240447684454,17.91,0,0,298,0
77,60,78.7640666399556,3.17175592983767,0.612204146926989,0,101,60000,0,1
77,60,78.7640666399556,3.17175592983767,0.612204146926989,10.97,0,0,580,0
77,60,78.7640666399556,3.17175592983767,0.612204146926989,12.99,0,0,492,0
77,60,78.7640666399556,3.17175592983767,0.612204146926989,19.15,0,0,345,0
77,60,78.7640666399556,3.17175592983767,0.612204146926989,23.79,0,0,392,0
78,60,89.1529129085791,5.64771727400053,0.65913283295468,0,101,60000,0,1
78,60,89.1529129085791,5.64771727400053,0.65913283295468,4.44,0,0,677,0
78,60,89.1529129085791,5.64771727400053,0.65913283295468,8.55,0,0,392,0
78,60,89.1529129085791,5.64771727400053,0.65913283295468,13.57,0,0,354,0
78,60,89.1529129085791,5.64771727400053,0.65913283295468,17.16,0,0,246,0
79,60,51.0753982680873,4.32024639908461,0.684823781400825,0,101,60000,0,1
79,60,51.0753982680873,4.32024639908461,0.684823781400825,8.17,0,0,732,0
79,60,51.0753982680873,4.32024639908461,0.684823781400825,8.53,0,0,563,0
79,60,51.0753982680873,4.32024639908461,0.684823781400825,11.62,0,0,621,0
79,60,51.0753982680873,4.32024639908461,0.684823781400825,23.87,0,0,141,0
80,60,87.8527330631887,3.29315445147491,1.37956874254879,0,101,60000,0,1
80,60,87.8527330631887,3.29315445147491,1.37956874254879,6.3,0,0,427,0
80,60,87.8527330631887,3.29315445147491,1.37956874254879,14.07,0,0,390,0
80,60,87.8527330631887,3.29315445147491,1.37956874254879,14.95,0,0,394,0
80,60,87.8527330631887,3.29315445147491,1.37956874254879,20.25,0,0,285,0
81,60,68.1057322402276,3.78151476328601,1.22260619479958,0,101,60000,0,1
81,60,68.1057322402276,3.78151476328601,1.22260619479958,5.8,0,0,847,0
81,60,68.1057322402276,3.78151476328601,1.22260619479958,10.52,0,0,425,0
81,60,68.1057322402276,3.78151476328601,1.22260619479958,10.98,0,0,444,0
81,60,68.1057322402276,3.78151476328601,1.22260619479958,15.11,0,0,449,0
82,60,75.7776940853051,3.63402820824373,1.14524928279865,0,101,60000,0,1
82,60,75.7776940853051,3.63402820824373,1.14524928279865,4.17,0,0,706,0
82,60,75.7776940853051,3.63402820824373,1.14524928279865,9.03,0,0,620,0
82,60,75.7776940853051,3.63402820824373,1.14524928279865,10.04,0,0,467,0
82,60,75.7776940853051,3.63402820824373,1.14524928279865,21.18,0,0,262,0
83,60,79.6348093270728,4.85690692772553,0.785769174693929,0,101,60000,0,1
83,60,79.6348093270728,4.85690692772553,0.785769174693929,15.41,0,0,271,0
83,60,79.6348093270728,4.85690692772553,0.785769174693929,16.37,0,0,377,0
83,60,79.6348093270728,4.85690692772553,0.785769174693929,19.61,0,0,378,0
83,60,79.6348093270728,4.85690692772553,0.785769174693929,20.4,0,0,238,0
84,60,63.1346751806882,2.65853065904699,0.98142344420558,0,101,60000,0,1
84,60,63.1346751806882,2.65853065904699,0.98142344420558,2.5,0,0,1051,0
84,60,63.1346751806882,2.65853065904699,0.98142344420558,16.28,0,0,438,0
84,60,63.1346751806882,2.65853065904699,0.98142344420558,17.16,0,0,368,0
84,60,63.1346751806882,2.65853065904699,0.98142344420558,18.3,0,0,403,0
85,60,82.2872678182062,2.23503895435129,1.43930103908864,0,101,60000,0,1
85,60,82.2872678182062,2.23503895435129,1.43930103908864,2.95,0,0,774,0
85,60,82.2872678182062,2.23503895435129,1.43930103908864,10.45,0,0,631,0
85,60,82.2872678182062,2.23503895435129,1.43930103908864,13.59,0,0,478,0
85,60,82.2872678182062,2.23503895435129,1.43930103908864,14.36,0,0,443,0
86,60,110.625841305734,4.73240365081961,0.938164095378432,0,101,60000,0,1
86,60,110.625841305734,4.73240365081961,0.938164095378432,0.94,0,0,335,0
86,60,110.625841305734,4.73240365081961,0.938164095378432,13.32,0,0,412,0
86,60,110.625841305734,4.73240365081961,0.938164095378432,14.05,0,0,287,0
86,60,110.625841305734,4.73240365081961,0.938164095378432,14.33,0,0,415,0
87,60,69.0030012542005,2.61434419151827,0.919371714906648,0,101,60000,0,1
87,60,69.0030012542005,2.61434419151827,0.919371714906648,5.55,0,0,611,0
87,60,69.0030012542005,2.61434419151827,0.919371714906648,6.56,0,0,752,0
87,60,69.0030012542005,2.61434419151827,0.919371714906648,8.54,0,0,662,0
87,60,69.0030012542005,2.61434419151827,0.919371714906648,15.84,0,0,370,0
88,60,84.5460105226512,4.54868643307119,0.575272672934767,0,101,60000,0,1
88,60,84.5460105226512,4.54868643307119,0.575272672934767,3.29,0,0,586,0
88,60,84.5460105226512,4.54868643307119,0.575272672934767,5.2,0,0,664,0
88,60,84.5460105226512,4.54868643307119,0.575272672934767,15.94,0,0,298,0
88,60,84.5460105226512,4.54868643307119,0.575272672934767,20.5,0,0,249,0
89,60,109.668052338282,3.77057690299307,0.741074534679098,0,101,60000,0,1
89,60,109.668052338282,3.77057690299307,0.741074534679098,1.67,0,0,409,0
89,60,109.668052338282,3.77057690299307,0.741074534679098,2.15,0,0,358,0
89,60,109.668052338282,3.77057690299307,0.741074534679098,8.08,0,0,254,0
89,60,109.668052338282,3.77057690299307,0.741074534679098,17.95,0,0,230,0
90,60,73.281394047025,4.0467146068126,0.893725502713952,0,101,60000,0,1
90,60,73.281394047025,4.0467146068126,0.893725502713952,1.37,0,0,823,0
90,60,73.281394047025,4.0467146068126,0.893725502713952,14.39,0,0,549,0
90,60,73.281394047025,4.0467146068126,0.893725502713952,18.29,0,0,510,0
90,60,73.281394047025,4.0467146068126,0.893725502713952,23.73,0,0,242,0
91,120,65.6896486708468,3.30819835759515,0.784390070899719,0,101,120000,0,1
91,120,65.6896486708468,3.30819835759515,0.784390070899719,0.45,0,0,621,0
91,120,65.6896486708468,3.30819835759515,0.784390070899719,5.56,0,0,1279,0
91,120,65.6896486708468,3.30819835759515,0.784390070899719,22.61,0,0,684,0
91,120,65.6896486708468,3.30819835759515,0.784390070899719,23.16,0,0,659,0
92,120,76.424771518329,4.46232907273236,0.977677415465094,0,101,120000,0,1
92,120,76.424771518329,4.46232907273236,0.977677415465094,0.28,0,0,382,0
92,120,76.424771518329,4.46232907273236,0.977677415465094,17.51,0,0,454,0
92,120,76.424771518329,4.46232907273236,0.977677415465094,17.77,0,0,554,0
92,120,76.424771518329,4.46232907273236,0.977677415465094,21.43,0,0,511,0
93,120,62.6491838890399,3.32870251995714,0.995455115850039,0,101,120000,0,1
93,120,62.6491838890399,3.32870251995714,0.995455115850039,0.3,0,0,545,0
93,120,62.6491838890399,3.32870251995714,0.995455115850039,10.21,0,0,1052,0
93,120,62.6491838890399,3.32870251995714,0.995455115850039,12.71,0,0,880,0
93,120,62.6491838890399,3.32870251995714,0.995455115850039,16.41,0,0,869,0
94,120,72.3829205266891,3.47501937809123,0.854559018618339,0,101,120000,0,1
94,120,72.3829205266891,3.47501937809123,0.854559018618339,2.13,0,0,1575,0
94,120,72.3829205266891,3.47501937809123,0.854559018618339,6.07,0,0,1158,0
94,120,72.3829205266891,3.47501937809123,0.854559018618339,20.85,0,0,640,0
94,120,72.3829205266891,3.47501937809123,0.854559018618339,21.28,0,0,705,0
95,120,146.681853405396,3.33012230424447,1.44559992839004,0,101,120000,0,1
95,120,146.681853405396,3.33012230424447,1.44559992839004,9.35,0,0,646,0
95,120,146.681853405396,3.33012230424447,1.44559992839004,9.55,0,0,634,0
95,120,146.681853405396,3.33012230424447,1.44559992839004,13.23,0,0,828,0
95,120,146.681853405396,3.33012230424447,1.44559992839004,14.08,0,0,706,0
96,120,82.4544096102079,3.08546535334291,0.557229136714238,0,101,120000,0,1
96,120,82.4544096102079,3.08546535334291,0.557229136714238,5.9,0,0,878,0
96,120,82.4544096102079,3.08546535334291,0.557229136714238,12.89,0,0,1053,0
96,120,82.4544096102079,3.08546535334291,0.557229136714238,21.19,0,0,739,0
96,120,82.4544096102079,3.08546535334291,0.557229136714238,23.87,0,0,626,0
97,120,52.6012334661946,5.46653882488063,0.654485197743208,0,101,120000,0,1
97,120,52.6012334661946,5.46653882488063,0.654485197743208,0.19,0,0,421,0
97,120,52.6012334661946,5.46653882488063,0.654485197743208,1.25,0,0,1056,0
97,120,52.6012334661946,5.46653882488063,0.654485197743208,4.94,0,0,1590,0
97,120,52.6012334661946,5.46653882488063,0.654485197743208,15.11,0,0,612,0
98,120,67.004283481021,3.39924883374443,0.876894140809449,0,101,120000,0,1
98,120,67.004283481021,3.39924883374443,0.876894140809449,16.23,0,0,767,0
98,120,67.004283481021,3.39924883374443,0.876894140809449,16.52,0,0,949,0
98,120,67.004283481021,3.39924883374443,0.876894140809449,17.51,0,0,632,0
98,120,67.004283481021,3.39924883374443,0.876894140809449,23.45,0,0,425,0
99,120,79.391840679875,3.07213282238779,2.72823383533071,0,101,120000,0,1
99,120,79.391840679875,3.07213282238779,2.72823383533071,10.18,0,0,1045,0
99,120,79.391840679875,3.07213282238779,2.72823383533071,12.1,0,0,938,0
99,120,79.391840679875,3.07213282238779,2.72823383533071,17.36,0,0,712,0
99,120,79.391840679875,3.07213282238779,2.72823383533071,19.82,0,0,790,0
100,120,103.679444355565,4.30623666764718,0.524045092523698,0,101,120000,0,1
100,120,103.679444355565,4.30623666764718,0.524045092523698,1.49,0,0,589,0
100,120,103.679444355565,4.30623666764718,0.524045092523698,3.57,0,0,1048,0
100,120,103.679444355565,4.30623666764718,0.524045092523698,10.76,0,0,572,0
100,120,103.679444355565,4.30623666764718,0.524045092523698,12.72,0,0,515,0
101,120,59.6396205838355,4.80740382955039,0.821948689337862,0,101,120000,0,1
101,120,59.6396205838355,4.80740382955039,0.821948689337862,6.41,0,0,1072,0
101,120,59.6396205838355,4.80740382955039,0.821948689337862,7.86,0,0,1199,0
101,120,59.6396205838355,4.80740382955039,0.821948689337862,9.99,0,0,1040,0
101,120,59.6396205838355,4.80740382955039,0.821948689337862,21.82,0,0,257,0
102,120,60.3118369258877,5.77695264463834,1.11264098601714,0,101,120000,0,1
102,120,60.3118369258877,5.77695264463834,1.11264098601714,8.55,0,0,761,0
102,120,60.3118369258877,5.77695264463834,1.11264098601714,8.93,0,0,1224,0
102,120,60.3118369258877,5.77695264463834,1.11264098601714,20.76,0,0,254,0
102,120,60.3118369258877,5.77695264463834,1.11264098601714,22.07,0,0,265,0
103,120,83.3783231530016,2.54092464536472,1.08589683226643,0,101,120000,0,1
103,120,83.3783231530016,2.54092464536472,1.08589683226643,2.34,0,0,1251,0
103,120,83.3783231530016,2.54092464536472,1.08589683226643,4.54,0,0,1130,0
103,120,83.3783231530016,2.54092464536472,1.08589683226643,8.69,0,0,1077,0
103,120,83.3783231530016,2.54092464536472,1.08589683226643,16.38,0,0,765,0
104,120,73.0944664902615,2.3799720590587,1.05434721711778,0,101,120000,0,1
104,120,73.0944664902615,2.3799720590587,1.05434721711778,16.59,0,0,899,0
104,120,73.0944664902615,2.3799720590587,1.05434721711778,17.24,0,0,725,0
104,120,73.0944664902615,2.3799720590587,1.05434721711778,17.31,0,0,857,0
104,120,73.0944664902615,2.3799720590587,1.05434721711778,23.94,0,0,727,0
105,120,69.5193095754831,1.56225666464401,1.29513251060458,0,101,120000,0,1
105,120,69.5193095754831,1.56225666464401,1.29513251060458,4.3,0,0,1301,0
105,120,69.5193095754831,1.56225666464401,1.29513251060458,14.22,0,0,1738,0
105,120,69.5193095754831,1.56225666464401,1.29513251060458,15.04,0,0,1538,0
105,120,69.5193095754831,1.56225666464401,1.29513251060458,21.69,0,0,1137,0
106,120,84.4002700043405,3.04385899683992,1.56553333152321,0,101,120000,0,1
106,120,84.4002700043405,3.04385899683992,1.56553333152321,2.1,0,0,1309,0
106,120,84.4002700043405,3.04385899683992,1.56553333152321,8.05,0,0,1187,0
106,120,84.4002700043405,3.04385899683992,1.56553333152321,21.37,0,0,634,0
106,120,84.4002700043405,3.04385899683992,1.56553333152321,23.14,0,0,514,0
107,120,137.855234276303,4.21712025617398,0.7431512626498,0,101,120000,0,1
107,120,137.855234276303,4.21712025617398,0.7431512626498,1.67,0,0,641,0
107,120,137.855234276303,4.21712025617398,0.7431512626498,7.94,0,0,907,0
107,120,137.855234276303,4.21712025617398,0.7431512626498,13.67,0,0,556,0
107,120,137.855234276303,4.21712025617398,0.7431512626498,17.92,0,0,338,0
108,120,78.7805225109514,3.01266832176636,1.31254228998915,0,101,120000,0,1
108,120,78.7805225109514,3.01266832176636,1.31254228998915,8.69,0,0,1020,0
108,120,78.7805225109514,3.01266832176636,1.31254228998915,14.45,0,0,821,0
108,120,78.7805225109514,3.01266832176636,1.31254228998915,16.99,0,0,602,0
108,120,78.7805225109514,3.01266832176636,1.31254228998915,18.65,0,0,790,0
109,120,51.8871536963375,3.39662886505177,1.40067749744744,0,101,120000,0,1
109,120,51.8871536963375,3.39662886505177,1.40067749744744,12.01,0,0,942,0
109,120,51.8871536963375,3.39662886505177,1.40067749744744,15.34,0,0,841,0
109,120,51.8871536963375,3.39662886505177,1.40067749744744,16.93,0,0,1223,0
109,120,51.8871536963375,3.39662886505177,1.40067749744744,19.24,0,0,584,0
110,120,76.5463068090922,5.46094459753328,0.786081610618881,0,101,120000,0,1
110,120,76.5463068090922,5.46094459753328,0.786081610618881,13.41,0,0,533,0
110,120,76.5463068090922,5.46094459753328,0.786081610618881,13.72,0,0,588,0
110,120,76.5463068090922,5.46094459753328,0.786081610618881,14.08,0,0,409,0
110,120,76.5463068090922,5.46094459753328,0.786081610618881,23.77,0,0,344,0
111,120,57.4381364811839,3.60559794487241,1.19780198949554,0,101,120000,0,1
111,120,57.4381364811839,3.60559794487241,1.19780198949554,13.97,0,0,837,0
111,120,57.4381364811839,3.60559794487241,1.19780198949554,19.8,0,0,1147,0
111,120,57.4381364811839,3.60559794487241,1.19780198949554,20.03,0,0,550,0
111,120,57.4381364811839,3.60559794487241,1.19780198949554,22.11,0,0,626,0
112,120,51.7939191947953,6.61473502996095,1.26322526739145,0,101,120000,0,1
112,120,51.7939191947953,6.61473502996095,1.26322526739145,4.35,0,0,1395,0
112,120,51.7939191947953,6.61473502996095,1.26322526739145,16.79,0,0,296,0
112,120,51.7939191947953,6.61473502996095,1.26322526739145,21.13,0,0,172,0
112,120,51.7939191947953,6.61473502996095,1.26322526739145,21.21,0,0,235,0
113,120,74.3376664245777,2.98925958960786,1.37544584660842,0,101,120000,0,1
113,120,74.3376664245777,2.98925958960786,1.37544584660842,2.7,0,0,1728,0
113,120,74.3376664245777,2.98925958960786,1.37544584660842,6.21,0,0,1099,0
113,120,74.3376664245777,2.98925958960786,1.37544584660842,20.05,0,0,887,0
113,120,74.3376664245777,2.98925958960786,1.37544584660842,20.43,0,0,684,0
114,120,45.3038341249038,3.94169460008846,0.779102218377883,0,101,120000,0,1
114,120,45.3038341249038,3.94169460008846,0.779102218377883,0.87,0,0,1093,0
114,120,45.3038341249038,3.94169460008846,0.779102218377883,11.45,0,0,1014,0
114,120,45.3038341249038,3.94169460008846,0.779102218377883,14.53,0,0,679,0
114,120,45.3038341249038,3.94169460008846,0.779102218377883,23.68,0,0,509,0
115,120,59.7476368280265,3.86989142454673,1.70598827733886,0,101,120000,0,1
115,120,59.7476368280265,3.86989142454673,1.70598827733886,10.04,0,0,1110,0
115,120,59.7476368280265,3.86989142454673,1.70598827733886,20.98,0,0,608,0
115,120,59.7476368280265,3.86989142454673,1.70598827733886,23.46,0,0,478,0
115,120,59.7476368280265,3.86989142454673,1.70598827733886,23.64,0,0,296,0
116,120,55.9022371038226,6.1229057848819,1.11817383630624,0,101,120000,0,1
116,120,55.9022371038226,6.1229057848819,1.11817383630624,1.56,0,0,1372,0
116,120,55.9022371038226,6.1229057848819,1.11817383630624,12.5,0,0,1032,0
116,120,55.9022371038226,6.1229057848819,1.11817383630624,20.02,0,0,217,0
116,120,55.9022371038226,6.1229057848819,1.11817383630624,20.9,0,0,254,0
117,120,82.8821972939845,6.64800812634655,1.14075918923654,0,101,120000,0,1
117,120,82.8821972939845,6.64800812634655,1.14075918923654,0.56,0,0,699,0
117,120,82.8821972939845,6.64800812634655,1.14075918923654,8.5,0,0,572,0
117,120,82.8821972939845,6.64800812634655,1.14075918923654,14.44,0,0,505,0
117,120,82.8821972939845,6.64800812634655,1.14075918923654,23.22,0,0,266,0
118,120,81.3662062292617,5.58093336902687,1.08614749451865,0,101,120000,0,1
118,120,81.3662062292617,5.58093336902687,1.08614749451865,3.3,0,0,1501,0
118,120,81.3662062292617,5.58093336902687,1.08614749451865,13.07,0,0,878,0
118,120,81.3662062292617,5.58093336902687,1.08614749451865,15.59,0,0,439,0
118,120,81.3662062292617,5.58093336902687,1.08614749451865,22.21,0,0,375,0
119,120,38.1163611914915,6.67421563853758,1.24824553185215,0,101,120000,0,1
119,120,38.1163611914915,6.67421563853758,1.24824553185215,2.31,0,0,3135,0
119,120,38.1163611914915,6.67421563853758,1.24824553185215,5.43,0,0,1309,0
119,120,38.1163611914915,6.67421563853758,1.24824553185215,19.37,0,0,125,0
119,120,38.1163611914915,6.67421563853758,1.24824553185215,21.89,0,0,83,0
120,120,81.3552503609308,5.60931410131327,1.45638851712352,0,101,120000,0,1
120,120,81.3552503609308,5.60931410131327,1.45638851712352,1.01,0,0,1193,0
120,120,81.3552503609308,5.60931410131327,1.45638851712352,1.16,0,0,1411,0
120,120,81.3552503609308,5.60931410131327,1.45638851712352,6.86,0,0,1457,0
120,120,81.3552503609308,5.60931410131327,1.45638851712352,10.36,0,0,737,0
