ID,DOSE,V,CL,KA,TIME,EVID,AMT,DV,EVIDNM
1,10,55.1750339238548,2.99657923476956,0.862206845727677,0,101,10000,0,1
1,10,55.1750339238548,2.99657923476956,0.862206845727677,2.31,0,0,120,0
1,10,55.1750339238548,2.99657923476956,0.862206845727677,13.79,0,0,94,0
1,10,55.1750339238548,2.99657923476956,0.862206845727677,18.55,0,0,72,0
1,10,55.1750339238548,2.99657923476956,0.862206845727677,22.3,0,0,64,0
2,10,80.0947419432624,3.77394085613398,0.982567530692598,0,101,10000,0,1
2,10,80.0947419432624,3.77394085613398,0.982567530692598,4.99,0,0,87,0
2,10,80.0947419432624,3.77394085613398,0.982567530692598,5.59,0,0,128,0
2,10,80.0947419432624,3.77394085613398,0.982567530692598,7.44,0,0,106,0
2,10,80.0947419432624,3.77394085613398,0.982567530692598,11.1,0,0,63,0
3,10,80.6244272851531,4.25411814900135,1.16996373917712,0,101,10000,0,1
3,10,80.6244272851531,4.25411814900135,1.16996373917712,7.11,0,0,99,0
3,10,80.6244272851531,4.25411814900135,1.16996373917712,14.18,0,0,88,0
3,10,80.6244272851531,4.25411814900135,1.16996373917712,17.34,0,0,45,0
3,10,80.6244272851531,4.25411814900135,1.16996373917712,22.92,0,0,35,0
4,10,55.588597061562,2.92243964858552,0.734595445401971,0,101,10000,0,1
4,10,55.588597061562,2.92243964858552,0.734595445401971,8.92,0,0,148,0
4,10,55.588597061562,2.92243964858552,0.734595445401971,10.53,0,0,144,0
4,10,55.588597061562,2.92243964858552,0.734595445401971,11.9,0,0,102,0
4,10,55.588597061562,2.92243964858552,0.734595445401971,20.41,0,0,63,0
5,10,52.528672200056,3.72128136233102,0.884309326389611,0,101,10000,0,1
5,10,52.528672200056,3.72128136233102,0.884309326389611,5.96,0,0,118,0
5,10,52.528672200056,3.72128136233102,0.884309326389611,6.75,0,0,151,0
5,10,52.528672200056,3.72128136233102,0.884309326389611,12.05,0,0,86,0
5,10,52.528672200056,3.72128136233102,0.884309326389611,19.35,0,0,47,0
6,10,52.2876839436767,5.08984931331459,1.46885059190654,0,101,10000,0,1
6,10,52.2876839436767,5.08984931331459,1.46885059190654,2.7,0,0,159,0
6,10,52.2876839436767,5.08984931331459,1.46885059190654,10.16,0,0,55,0
6,10,52.2876839436767,5.08984931331459,1.46885059190654,23.53,0,0,21,0
6,10,52.2876839436767,5.08984931331459,1.46885059190654,23.61,0,0,23,0
7,10,62.0705562936152,3.22699928432651,0.73941010989808,0,101,10000,0,1
7,10,62.0705562936152,3.22699928432651,0.73941010989808,2.53,0,0,132,0
7,10,62.0705562936152,3.22699928432651,0.73941010989808,10.82,0,0,114,0
7,10,62.0705562936152,3.22699928432651,0.73941010989808,11.74,0,0,93,0
7,10,62.0705562936152,3.22699928432651,0.73941010989808,18.13,0,0,63,0
8,10,92.7554067440129,4.20944455169701,1.16581462679278,0,101,10000,0,1
8,10,92.7554067440129,4.20944455169701,1.16581462679278,4.79,0,0,95,0
8,10,92.7554067440129,4.20944455169701,1.16581462679278,8.28,0,0,88,0
8,10,92.7554067440129,4.20944455169701,1.16581462679278,10.29,0,0,75,0
8,10,92.7554067440129,4.20944455169701,1.16581462679278,11.04,0,0,68,0
9,10,39.3316672038754,3.18284819478375,0.989237681706849,0,101,10000,0,1
9,10,39.3316672038754,3.18284819478375,0.989237681706849,0.38,0,0,67,0
9,10,39.3316672038754,3.18284819478375,0.989237681706849,7.75,0,0,145,0
9,10,39.3316672038754,3.18284819478375,0.989237681706849,11.27,0,0,71,0
9,10,39.3316672038754,3.18284819478375,0.989237681706849,19.55,0,0,73,0
10,10,70.9987529206548,3.19352794045482,1.38061476288091,0,101,10000,0,1
10,10,70.9987529206548,3.19352794045482,1.38061476288091,8.82,0,0,93,0
10,10,70.9987529206548,3.19352794045482,1.38061476288091,12.32,0,0,91,0
10,10,70.9987529206548,3.19352794045482,1.38061476288091,12.59,0,0,83,0
10,10,70.9987529206548,3.19352794045482,1.38061476288091,18.11,0,0,67,0
11,10,61.4522063321733,4.20448912606863,1.1380885380237,0,101,10000,0,1
11,10,61.4522063321733,4.20448912606863,1.1380885380237,0.56,0,0,87,0
11,10,61.4522063321733,4.20448912606863,1.1380885380237,11.5,0,0,81,0
11,10,61.4522063321733,4.20448912606863,1.1380885380237,17.1,0,0,37,0
11,10,61.4522063321733,4.20448912606863,1.1380885380237,22.37,0,0,36,0
12,10,77.3667416205059,3.7610567278356,1.01385379323791,0,101,10000,0,1
12,10,77.3667416205059,3.7610567278356,1.01385379323791,8.61,0,0,112,0
12,10,77.3667416205059,3.7610567278356,1.01385379323791,10.94,0,0,75,0
12,10,77.3667416205059,3.7610567278356,1.01385379323791,11.27,0,0,74,0
12,10,77.3667416205059,3.7610567278356,1.01385379323791,17.78,0,0,66,0
13,10,65.834852288715,3.48220099961972,1.11548267656803,0,101,10000,0,1
13,10,65.834852288715,3.48220099961972,1.11548267656803,5.44,0,0,153,0
13,10,65.834852288715,3.48220099961972,1.11548267656803,9.74,0,0,91,0
13,10,65.834852288715,3.48220099961972,1.11548267656803,15.13,0,0,54,0
13,10,65.834852288715,3.48220099961972,1.11548267656803,21.59,0,0,47,0
14,10,112.254091342337,4.74155207838398,0.979919327636828,0,101,10000,0,1
14,10,112.254091342337,4.74155207838398,0.979919327636828,2.46,0,0,53,0
14,10,112.254091342337,4.74155207838398,0.979919327636828,10.15,0,0,57,0
14,10,112.254091342337,4.74155207838398,0.979919327636828,12.05,0,0,66,0
14,10,112.254091342337,4.74155207838398,0.979919327636828,18.07,0,0,49,0
15,10,79.6895750702544,4.3038725854922,0.631912811714885,0,101,10000,0,1
15,10,79.6895750702544,4.3038725854922,0.631912811714885,4.04,0,0,156,0
15,10,79.6895750702544,4.3038725854922,0.631912811714885,12.06,0,0,60,0
15,10,79.6895750702544,4.3038725854922,0.631912811714885,13.81,0,0,73,0
15,10,79.6895750702544,4.3038725854922,0.631912811714885,17.89,0,0,55,0
16,10,137.46668777531,4.47817042927579,0.86598745153602,0,101,10000,0,1
16,10,137.46668777531,4.47817042927579,0.86598745153602,8.61,0,0,51,0
16,10,137.46668777531,4.47817042927579,0.86598745153602,8.62,0,0,40,0
16,10,137.46668777531,4.47817042927579,0.86598745153602,17.5,0,0,33,0
16,10,137.46668777531,4.47817042927579,0.86598745153602,23.74,0,0,31,0
17,10,90.0898291566831,3.12048244994764,0.990323822710794,0,101,10000,0,1
17,10,90.0898291566831,3.12048244994764,0.990323822710794,5.99,0,0,81,0
17,10,90.0898291566831,3.12048244994764,0.990323822710794,8.53,0,0,116,0
17,10,90.0898291566831,3.12048244994764,0.990323822710794,11.49,0,0,81,0
17,10,90.0898291566831,3.12048244994764,0.990323822710794,18.16,0,0,52,0
18,10,47.6077447412423,4.13599666146474,0.734347711464087,0,101,10000,0,1
18,10,47.6077447412423,4.13599666146474,0.734347711464087,1.2,0,0,109,0
18,10,47.6077447412423,4.13599666146474,0.734347711464087,10.23,0,0,78,0
18,10,47.6077447412423,4.13599666146474,0.734347711464087,12.19,0,0,136,0
18,10,47.6077447412423,4.13599666146474,0.734347711464087,14.22,0,0,49,0
19,10,85.2218395620312,2.06993105990613,0.86044819631673,0,101,10000,0,1
19,10,85.2218395620312,2.06993105990613,0.86044819631673,14.86,0,0,114,0
19,10,85.2218395620312,2.06993105990613,0.86044819631673,16.64,0,0,53,0
19,10,85.2218395620312,2.06993105990613,0.86044819631673,17.3,0,0,99,0
19,10,85.2218395620312,2.06993105990613,0.86044819631673,17.51,0,0,83,0
20,10,66.6371900611448,2.9306417889229,1.08749017872696,0,101,10000,0,1
20,10,66.6371900611448,2.9306417889229,1.08749017872696,7.93,0,0,113,0
20,10,66.6371900611448,2.9306417889229,1.08749017872696,8.46,0,0,133,0
20,10,66.6371900611448,2.9306417889229,1.08749017872696,19.47,0,0,54,0
20,10,66.6371900611448,2.9306417889229,1.08749017872696,21.03,0,0,56,0
21,10,90.5995621164861,4.85516593917321,1.31307327245655,0,101,10000,0,1
21,10,90.5995621164861,4.85516593917321,1.31307327245655,5.6,0,0,77,0
21,10,90.5995621164861,4.85516593917321,1.31307327245655,6.58,0,0,83,0
21,10,90.5995621164861,4.85516593917321,1.31307327245655,8.88,0,0,78,0
21,10,90.5995621164861,4.85516593917321,1.31307327245655,14.46,0,0,52,0
22,10,89.1828323495173,2.71160394212655,1.2231691898758,0,101,10000,0,1
22,10,89.1828323495173,2.71160394212655,1.2231691898758,3.21,0,0,106,0
22,10,89.1828323495173,2.71160394212655,1.2231691898758,10.06,0,0,95,0
22,10,89.1828323495173,2.71160394212655,1.2231691898758,11.33,0,0,77,0
22,10,89.1828323495173,2.71160394212655,1.2231691898758,22.92,0,0,52,0
23,10,64.7729349195283,3.75709332668336,1.31169185944373,0,101,10000,0,1
23,10,64.7729349195283,3.75709332668336,1.31169185944373,5.16,0,0,81,0
23,10,64.7729349195283,3.75709332668336,1.31169185944373,12.88,0,0,71,0
23,10,64.7729349195283,3.75709332668336,1.31169185944373,19.86,0,0,69,0
23,10,64.7729349195283,3.75709332668336,1.31169185944373,22.11,0,0,49,0
24,10,100.943122314218,3.78011507452775,1.00456475842343,0,101,10000,0,1
24,10,100.943122314218,3.78011507452775,1.00456475842343,4.36,0,0,90,0
24,10,100.943122314218,3.78011507452775,1.00456475842343,7.27,0,0,75,0
24,10,100.943122314218,3.78011507452775,1.00456475842343,15.42,0,0,69,0
24,10,100.943122314218,3.78011507452775,1.00456475842343,23.41,0,0,46,0
25,10,68.0352268004786,2.45313294290635,1.23967871168182,0,101,10000,0,1
25,10,68.0352268004786,2.45313294290635,1.23967871168182,1.34,0,0,125,0
25,10,68.0352268004786,2.45313294290635,1.23967871168182,2.39,0,0,103,0
25,10,68.0352268004786,2.45313294290635,1.23967871168182,16.46,0,0,110,0
25,10,68.0352268004786,2.45313294290635,1.23967871168182,20.66,0,0,70,0
26,10,67.7751893730993,3.04329511086729,1.76069259916756,0,101,10000,0,1
26,10,67.7751893730993,3.04329511086729,1.76069259916756,10.59,0,0,82,0
26,10,67.7751893730993,3.04329511086729,1.76069259916756,15.86,0,0,62,0
26,10,67.7751893730993,3.04329511086729,1.76069259916756,16.37,0,0,114,0
26,10,67.7751893730993,3.04329511086729,1.76069259916756,21.84,0,0,48,0
27,10,60.3501834263942,5.4369016032575,0.676689487323718,0,101,10000,0,1
27,10,60.3501834263942,5.4369016032575,0.676689487323718,0.2,0,0,21,0
27,10,60.3501834263942,5.4369016032575,0.676689487323718,4.7,0,0,92,0
27,10,60.3501834263942,5.4369016032575,0.676689487323718,15.31,0,0,40,0
27,10,60.3501834263942,5.4369016032575,0.676689487323718,18.05,0,0,40,0
28,10,51.4511673408783,5.35727854253386,1.5268470381496,0,101,10000,0,1
28,10,51.4511673408783,5.35727854253386,1.5268470381496,1.03,0,0,125,0
28,10,51.4511673408783,5.35727854253386,1.5268470381496,4.42,0,0,160,0
28,10,51.4511673408783,5.35727854253386,1.5268470381496,19.93,0,0,26,0
28,10,51.4511673408783,5.35727854253386,1.5268470381496,19.97,0,0,26,0
29,10,65.1688447173921,4.93389177127261,0.537384408121861,0,101,10000,0,1
29,10,65.1688447173921,4.93389177127261,0.537384408121861,2.01,0,0,111,0
29,10,65.1688447173921,4.93389177127261,0.537384408121861,10.59,0,0,73,0
29,10,65.1688447173921,4.93389177127261,0.537384408121861,16.92,0,0,48,0
29,10,65.1688447173921,4.93389177127261,0.537384408121861,20.73,0,0,47,0
30,10,70.1407391852051,2.57783978104609,0.997657108666026,0,101,10000,0,1
30,10,70.1407391852051,2.57783978104609,0.997657108666026,19.91,0,0,61,0
30,10,70.1407391852051,2.57783978104609,0.997657108666026,21.22,0,0,80,0
30,10,70.1407391852051,2.57783978104609,0.997657108666026,21.53,0,0,56,0
30,10,70.1407391852051,2.57783978104609,0.997657108666026,21.69,0,0,99,0
31,30,69.1845642083709,3.3213942315477,1.31146178294597,0,101,30000,0,1
31,30,69.1845642083709,3.3213942315477,1.31146178294597,8.51,0,0,277,0
31,30,69.1845642083709,3.3213942315477,1.31146178294597,11.65,0,0,243,0
31,30,69.1845642083709,3.3213942315477,1.31146178294597,12.81,0,0,275,0
31,30,69.1845642083709,3.3213942315477,1.31146178294597,15.69,0,0,239,0
32,30,74.4711494877646,2.34448820600603,1.25990424968725,0,101,30000,0,1
32,30,74.4711494877646,2.34448820600603,1.25990424968725,1.32,0,0,192,0
32,30,74.4711494877646,2.34448820600603,1.25990424968725,10.62,0,0,282,0
32,30,74.4711494877646,2.34448820600603,1.25990424968725,13.63,0,0,217,0
32,30,74.4711494877646,2.34448820600603,1.25990424968725,15.66,0,0,290,0
33,30,91.1602894575088,2.57260852532466,1.86422267080001,0,101,30000,0,1
33,30,91.1602894575088,2.57260852532466,1.86422267080001,10.57,0,0,242,0
33,30,91.1602894575088,2.57260852532466,1.86422267080001,14.93,0,0,162,0
33,30,91.1602894575088,2.57260852532466,1.86422267080001,16.57,0,0,194,0
33,30,91.1602894575088,2.57260852532466,1.86422267080001,17.2,0,0,183,0
34,30,56.4742163430296,2.70000520616692,0.50238403742834,0,101,30000,0,1
34,30,56.4742163430296,2.70000520616692,0.50238403742834,5.49,0,0,257,0
34,30,56.4742163430296,2.70000520616692,0.50238403742834,8.03,0,0,345,0
34,30,56.4742163430296,2.70000520616692,0.50238403742834,11.73,0,0,383,0
34,30,56.4742163430296,2.70000520616692,0.50238403742834,19.19,0,0,280,0
35,30,79.4218790524109,4.70535505323119,1.01258993222503,0,101,30000,0,1
35,30,79.4218790524109,4.70535505323119,1.01258993222503,6.23,0,0,249,0
35,30,79.4218790524109,4.70535505323119,1.01258993222503,7.78,0,0,238,0
35,30,79.4218790524109,4.70535505323119,1.01258993222503,12.18,0,0,251,0
35,30,79.4218790524109,4.70535505323119,1.01258993222503,17.6,0,0,137,0
36,30,42.1005537150023,3.90498034310607,0.825444884068541,0,101,30000,0,1
36,30,42.1005537150023,3.90498034310607,0.825444884068541,0.58,0,0,247,0
36,30,42.1005537150023,3.90498034310607,0.825444884068541,6.03,0,0,476,0
36,30,42.1005537150023,3.90498034310607,0.825444884068541,10.53,0,0,290,0
36,30,42.1005537150023,3.90498034310607,0.825444884068541,16.62,0,0,222,0
37,30,48.3840801613013,5.27981360630109,0.84044856899871,0,101,30000,0,1
37,30,48.3840801613013,5.27981360630109,0.84044856899871,1.37,0,0,463,0
37,30,48.3840801613013,5.27981360630109,0.84044856899871,10.99,0,0,197,0
37,30,48.3840801613013,5.27981360630109,0.84044856899871,13.41,0,0,180,0
37,30,48.3840801613013,5.27981360630109,0.84044856899871,18.27,0,0,78,0
38,30,151.429034749101,3.54126543865631,1.87285550263699,0,101,30000,0,1
38,30,151.429034749101,3.54126543865631,1.87285550263699,5.24,0,0,179,0
38,30,151.429034749101,3.54126543865631,1.87285550263699,9.1,0,0,149,0
38,30,151.429034749101,3.54126543865631,1.87285550263699,18.03,0,0,179,0
38,30,151.429034749101,3.54126543865631,1.87285550263699,22.81,0,0,125,0
39,30,48.2298340979765,2.41421635686167,0.6027757010422,0,101,30000,0,1
39,30,48.2298340979765,2.41421635686167,0.6027757010422,3.29,0,0,630,0
39,30,48.2298340979765,2.41421635686167,0.6027757010422,15.53,0,0,277,0
39,30,48.2298340979765,2.41421635686167,0.6027757010422,16.43,0,0,395,0
39,30,48.2298340979765,2.41421635686167,0.6027757010422,22.87,0,0,266,0
40,30,88.6821683462905,3.68194411420176,0.976613160881194,0,101,30000,0,1
40,30,88.6821683462905,3.68194411420176,0.976613160881194,0.36,0,0,79,0
40,30,88.6821683462905,3.68194411420176,0.976613160881194,3.11,0,0,407,0
40,30,88.6821683462905,3.68194411420176,0.976613160881194,5.16,0,0,308,0
40,30,88.6821683462905,3.68194411420176,0.976613160881194,13.59,0,0,171,0
41,30,55.4791499317891,2.81180167960086,0.844841662239758,0,101,30000,0,1
41,30,55.4791499317891,2.81180167960086,0.844841662239758,10.72,0,0,272,0
41,30,55.4791499317891,2.81180167960086,0.844841662239758,15.23,0,0,278,0
41,30,55.4791499317891,2.81180167960086,0.844841662239758,16.03,0,0,203,0
41,30,55.4791499317891,2.81180167960086,0.844841662239758,17.76,0,0,258,0
42,30,82.6504089124464,5.02912973160263,0.496444632993417,0,101,30000,0,1
42,30,82.6504089124464,5.02912973160263,0.496444632993417,9.54,0,0,237,0
42,30,82.6504089124464,5.02912973160263,0.496444632993417,19.74,0,0,138,0
42,30,82.6504089124464,5.02912973160263,0.496444632993417,22.32,0,0,109,0
42,30,82.6504089124464,5.02912973160263,0.496444632993417,22.51,0,0,72,0
43,30,87.6280464651288,5.63870424580627,1.07770090180377,0,101,30000,0,1
43,30,87.6280464651288,5.63870424580627,1.07770090180377,0.75,0,0,138,0
43,30,87.6280464651288,5.63870424580627,1.07770090180377,3.42,0,0,267,0
43,30,87.6280464651288,5.63870424580627,1.07770090180377,12.26,0,0,173,0
43,30,87.6280464651288,5.63870424580627,1.07770090180377,20.27,0,0,113,0
44,30,59.1149794436102,4.01608364284804,1.31526066216099,0,101,30000,0,1
44,30,59.1149794436102,4.01608364284804,1.31526066216099,3.17,0,0,617,0
44,30,59.1149794436102,4.01608364284804,1.31526066216099,9.7,0,0,185,0
44,30,59.1149794436102,4.01608364284804,1.31526066216099,10.19,0,0,284,0
44,30,59.1149794436102,4.01608364284804,1.31526066216099,12.72,0,0,217,0
45,30,46.5907231204113,3.77741366664458,0.95803231838101,0,101,30000,0,1
45,30,46.5907231204113,3.77741366664458,0.95803231838101,0.26,0,0,168,0
45,30,46.5907231204113,3.77741366664458,0.95803231838101,10.13,0,0,277,0
45,30,46.5907231204113,3.77741366664458,0.95803231838101,10.76,0,0,346,0
45,30,46.5907231204113,3.77741366664458,0.95803231838101,23.02,0,0,128,0
46,30,60.5624772401512,2.83515443411806,0.583894332799329,0,101,30000,0,1
46,30,60.5624772401512,2.83515443411806,0.583894332799329,0.43,0,0,107,0
46,30,60.5624772401512,2.83515443411806,0.583894332799329,11.14,0,0,344,0
46,30,60.5624772401512,2.83515443411806,0.583894332799329,21.35,0,0,184,0
46,30,60.5624772401512,2.83515443411806,0.583894332799329,22.57,0,0,174,0
47,30,97.2336089526367,4.4283731854073,2.32844300835116,0,101,30000,0,1
47,30,97.2336089526367,4.4283731854073,2.32844300835116,6.86,0,0,230,0
47,30,97.2336089526367,4.4283731854073,2.32844300835116,7.28,0,0,166,0
47,30,97.2336089526367,4.4283731854073,2.32844300835116,14.71,0,0,148,0
47,30,97.2336089526367,4.4283731854073,2.32844300835116,22.1,0,0,115,0
48,30,63.9178137636779,2.23550221736978,0.835172353791278,0,101,30000,0,1
48,30,63.9178137636779,2.23550221736978,0.835172353791278,3.43,0,0,336,0
48,30,63.9178137636779,2.23550221736978,0.835172353791278,6.98,0,0,392,0
48,30,63.9178137636779,2.23550221736978,0.835172353791278,9.67,0,0,326,0
48,30,63.9178137636779,2.23550221736978,0.835172353791278,19.18,0,0,240,0
49,30,75.169357986058,4.92572018827593,1.18216451253356,0,101,30000,0,1
49,30,75.169357986058,4.92572018827593,1.18216451253356,0.26,0,0,113,0
49,30,75.169357986058,4.92572018827593,1.18216451253356,7.31,0,0,230,0
49,30,75.169357986058,4.92572018827593,1.18216451253356,14.65,0,0,224,0
49,30,75.169357986058,4.92572018827593,1.18216451253356,22.86,0,0,118,0
50,30,66.8716496356506,5.23413798861649,1.19152264593696,0,101,30000,0,1
50,30,66.8716496356506,5.23413798861649,1.19152264593696,3.36,0,0,314,0
50,30,66.8716496356506,5.23413798861649,1.19152264593696,6.23,0,0,420,0
50,30,66.8716496356506,5.23413798861649,1.19152264593696,17.08,0,0,107,0
50,30,66.8716496356506,5.23413798861649,1.19152264593696,18.52,0,0,146,0
51,30,53.9619535978181,4.48136693642745,1.00163789884315,0,101,30000,0,1
51,30,53.9619535978181,4.48136693642745,1.00163789884315,1.64,0,0,359,0
51,30,53.9619535978181,4.48136693642745,1.00163789884315,11.87,0,0,184,0
51,30,53.9619535978181,4.48136693642745,1.00163789884315,19.19,0,0,128,0
51,30,53.9619535978181,4.48136693642745,1.00163789884315,22.54,0,0,78,0
52,30,35.7386675061851,8.8004525510898,0.855341189058227,0,101,30000,0,1
52,30,35.7386675061851,8.8004525510898,0.855341189058227,3.55,0,0,483,0
52,30,35.7386675061851,8.8004525510898,0.855341189058227,5.59,0,0,310,0
52,30,35.7386675061851,8.8004525510898,0.855341189058227,10.04,0,0,101,0
52,30,35.7386675061851,8.8004525510898,0.855341189058227,20.1,0,0,8,0
53,30,43.2734984188143,3.00783784805411,0.583848706795509,0,101,30000,0,1
53,30,43.2734984188143,3.00783784805411,0.583848706795509,2.49,0,0,397,0
53,30,43.2734984188143,3.00783784805411,0.583848706795509,4.94,0,0,521,0
53,30,43.2734984188143,3.00783784805411,0.583848706795509,6.59,0,0,446,0
53,30,43.2734984188143,3.00783784805411,0.583848706795509,17.31,0,0,212,0
54,30,81.9120031623721,4.01479575417337,1.29797160883614,0,101,30000,0,1
54,30,81.9120031623721,4.01479575417337,1.29797160883614,9.36,0,0,268,0
54,30,81.9120031623721,4.01479575417337,1.29797160883614,10.01,0,0,300,0
54,30,81.9120031623721,4.01479575417337,1.29797160883614,11.54,0,0,190,0
54,30,81.9120031623721,4.01479575417337,1.29797160883614,18.31,0,0,197,0
55,30,53.1217027081948,3.92627691404811,1.52436842101259,0,101,30000,0,1
55,30,53.1217027081948,3.92627691404811,1.52436842101259,2.07,0,0,612,0
55,30,53.1217027081948,3.92627691404811,1.52436842101259,7.37,0,0,428,0
55,30,53.1217027081948,3.92627691404811,1.52436842101259,11.3,0,0,227,0
55,30,53.1217027081948,3.92627691404811,1.52436842101259,15.28,0,0,232,0
56,30,70.4363101890561,8.25261954835372,0.847564108709321,0,101,30000,0,1
56,30,70.4363101890561,8.25261954835372,0.847564108709321,6.57,0,0,191,0
56,30,70.4363101890561,8.25261954835372,0.847564108709321,8.28,0,0,166,0
56,30,70.4363101890561,8.25261954835372,0.847564108709321,11.92,0,0,108,0
56,30,70.4363101890561,8.25261954835372,0.847564108709321,22.68,0,0,37,0
57,30,49.5115210025047,4.26048659886166,0.680800798791606,0,101,30000,0,1
57,30,49.5115210025047,4.26048659886166,0.680800798791606,1.85,0,0,359,0
57,30,49.5115210025047,4.26048659886166,0.680800798791606,5.15,0,0,481,0
57,30,49.5115210025047,4.26048659886166,0.680800798791606,9.1,0,0,256,0
57,30,49.5115210025047,4.26048659886166,0.680800798791606,14.09,0,0,171,0
58,30,38.0779737296813,3.39502485555024,1.16572996459746,0,101,30000,0,1
58,30,38.0779737296813,3.39502485555024,1.16572996459746,8.5,0,0,287,0
58,30,38.0779737296813,3.39502485555024,1.16572996459746,10.82,0,0,355,0
58,30,38.0779737296813,3.39502485555024,1.16572996459746,16,0,0,163,0
58,30,38.0779737296813,3.39502485555024,1.16572996459746,18.65,0,0,199,0
59,30,64.9026750103259,4.75131922372879,1.24322800799597,0,101,30000,0,1
59,30,64.9026750103259,4.75131922372879,1.24322800799597,9.54,0,0,268,0
59,30,64.9026750103259,4.75131922372879,1.24322800799597,9.56,0,0,240,0
59,30,64.9026750103259,4.75131922372879,1.24322800799597,12.57,0,0,231,0
59,30,64.9026750103259,4.75131922372879,1.24322800799597,14.07,0,0,273,0
60,30,69.7880294664212,3.49663158247217,1.08958491667814,0,101,30000,0,1
60,30,69.7880294664212,3.49663158247217,1.08958491667814,3.51,0,0,255,0
60,30,69.7880294664212,3.49663158247217,1.08958491667814,4.84,0,0,271,0
60,30,69.7880294664212,3.49663158247217,1.08958491667814,6.78,0,0,296,0
60,30,69.7880294664212,3.49663158247217,1.08958491667814,17.09,0,0,221,0
61,60,70.8903974117095,3.6177892849087,1.20975557166112,0,101,60000,0,1
61,60,70.8903974117095,3.6177892849087,1.20975557166112,0.86,0,0,577,0
61,60,70.8903974117095,3.6177892849087,1.20975557166112,7.85,0,0,616,0
61,60,70.8903974117095,3.6177892849087,1.20975557166112,10.15,0,0,506,0
61,60,70.8903974117095,3.6177892849087,1.20975557166112,13.75,0,0,484,0
62,60,107.451500751904,4.2046558727406,0.674533807073139,0,101,60000,0,1
62,60,107.451500751904,4.2046558727406,0.674533807073139,10.47,0,0,444,0
62,60,107.451500751904,4.2046558727406,0.674533807073139,11.84,0,0,354,0
62,60,107.451500751904,4.2046558727406,0.674533807073139,16.68,0,0,364,0
62,60,107.451500751904,4.2046558727406,0.674533807073139,18.1,0,0,274,0
63,60,79.9259344059681,3.11949601207977,0.603664123584261,0,101,60000,0,1
63,60,79.9259344059681,3.11949601207977,0.603664123584261,16.55,0,0,318,0
63,60,79.9259344059681,3.11949601207977,0.603664123584261,16.77,0,0,447,0
63,60,79.9259344059681,3.11949601207977,0.603664123584261,22.42,0,0,368,0
63,60,79.9259344059681,3.11949601207977,0.603664123584261,22.53,0,0,434,0
64,60,85.1435113061454,5.66177389766868,0.696034695441118,0,101,60000,0,1
64,60,85.1435113061454,5.66177389766868,0.696034695441118,0.39,0,0,192,0
64,60,85.1435113061454,5.66177389766868,0.696034695441118,2.21,0,0,417,0
64,60,85.1435113061454,5.66177389766868,0.696034695441118,7.81,0,0,540,0
64,60,85.1435113061454,5.66177389766868,0.696034695441118,14.28,0,0,429,0
65,60,89.181390114494,2.52053612663599,0.965444106338411,0,101,60000,0,1
65,60,89.181390114494,2.52053612663599,0.965444106338411,4.09,0,0,861,0
65,60,89.181390114494,2.52053612663599,0.965444106338411,5.57,0,0,644,0
65,60,89.181390114494,2.52053612663599,0.965444106338411,13.83,0,0,572,0
65,60,89.181390114494,2.52053612663599,0.965444106338411,21.34,0,0,305,0
66,60,67.1623571400853,7.03313657706163,0.961169788731256,0,101,60000,0,1
66,60,67.1623571400853,7.03313657706163,0.961169788731256,1.79,0,0,560,0
66,60,67.1623571400853,7.03313657706163,0.961169788731256,5.28,0,0,564,0
66,60,67.1623571400853,7.03313657706163,0.961169788731256,5.96,0,0,523,0
66,60,67.1623571400853,7.03313657706163,0.961169788731256,6.67,0,0,363,0
67,60,106.220595906126,4.93301348772324,0.904827843910328,0,101,60000,0,1
67,60,106.220595906126,4.93301348772324,0.904827843910328,4.24,0,0,727,0
67,60,106.220595906126,4.93301348772324,0.904827843910328,6.79,0,0,378,0
67,60,106.220595906126,4.93301348772324,0.904827843910328,17.75,0,0,369,0
67,60,106.220595906126,4.93301348772324,0.904827843910328,21.65,0,0,204,0
68,60,100.744431556718,3.11395963619414,1.0870719802834,0,101,60000,0,1
68,60,100.744431556718,3.11395963619414,1.0870719802834,12.82,0,0,217,0
68,60,100.744431556718,3.11395963619414,1.0870719802834,15.47,0,0,350,0
68,60,100.744431556718,3.11395963619414,1.0870719802834,18.33,0,0,369,0
68,60,100.744431556718,3.11395963619414,1.0870719802834,19.77,0,0,377,0
69,60,123.069801361886,3.44995356722551,1.10097291995338,0,101,60000,0,1
69,60,123.069801361886,3.44995356722551,1.10097291995338,3.93,0,0,290,0
69,60,123.069801361886,3.44995356722551,1.10097291995338,17.72,0,0,301,0
69,60,123.069801361886,3.44995356722551,1.10097291995338,21.69,0,0,343,0
69,60,123.069801361886,3.44995356722551,1.10097291995338,21.95,0,0,237,0
70,60,44.4412175887928,2.23716204508592,1.27069113094645,0,101,60000,0,1
70,60,44.4412175887928,2.23716204508592,1.27069113094645,2.73,0,0,1303,0
70,60,44.4412175887928,2.23716204508592,1.27069113094645,15.68,0,0,752,0
70,60,44.4412175887928,2.23716204508592,1.27069113094645,18.61,0,0,511,0
70,60,44.4412175887928,2.23716204508592,1.27069113094645,22.48,0,0,354,0
71,60,73.3127253286832,3.3581190328767,0.888738981857679,0,101,60000,0,1
71,60,73.3127253286832,3.3581190328767,0.888738981857679,1.35,0,0,581,0
71,60,73.3127253286832,3.3581190328767,0.888738981857679,2.42,0,0,561,0
71,60,73.3127253286832,3.3581190328767,0.888738981857679,7.68,0,0,720,0
71,60,73.3127253286832,3.3581190328767,0.888738981857679,21.04,0,0,367,0
72,60,94.3330971973753,2.66996852903679,1.09807569833044,0,101,60000,0,1
72,60,94.3330971973753,2.66996852903679,1.09807569833044,7.56,0,0,659,0
72,60,94.3330971973753,2.66996852903679,1.09807569833044,13.52,0,0,314,0
72,60,94.3330971973753,2.66996852903679,1.09807569833044,15.18,0,0,374,0
72,60,94.3330971973753,2.66996852903679,1.09807569833044,23.16,0,0,345,0
73,60,58.5439221039772,3.89762301481245,1.12768045218717,0,101,60000,0,1
73,60,58.5439221039772,3.89762301481245,1.12768045218717,11.68,0,0,562,0
73,60,58.5439221039772,3.89762301481245,1.12768045218717,14.72,0,0,528,0
73,60,58.5439221039772,3.89762301481245,1.12768045218717,15.21,0,0,335,0
73,60,58.5439221039772,3.89762301481245,1.12768045218717,20.71,0,0,336,0
74,60,57.4821264687893,3.47699244212541,0.752936259027934,0,101,60000,0,1
74,60,57.4821264687893,3.47699244212541,0.752936259027934,6.23,0,0,734,0
74,60,57.4821264687893,3.47699244212541,0.752936259027934,7.69,0,0,708,0
74,60,57.4821264687893,3.47699244212541,0.752936259027934,9.69,0,0,539,0
74,60,57.4821264687893,3.47699244212541,0.752936259027934,14.4,0,0,518,0
75,60,69.8816395556997,4.35408436764056,1.49598384551561,0,101,60000,0,1
75,60,69.8816395556997,4.35408436764056,1.49598384551561,3.62,0,0,582,0
75,60,69.8816395556997,4.35408436764056,1.49598384551561,6.81,0,0,603,0
75,60,69.8816395556997,4.35408436764056,1.49598384551561,7.55,0,0,374,0
75,60,69.8816395556997,4.35408436764056,1.49598384551561,21.7,0,0,327,0
76,60,91.6301792438024,4.65921241226743,0.864252221968313,0,101,60000,0,1
76,60,91.6301792438024,4.65921241226743,0.864252221968313,3.11,0,0,676,0
76,60,91.6301792438024,4.65921241226743,0.864252221968313,13.74,0,0,326,0
76,60,91.6301792438024,4.65921241226743,0.864252221968313,14.39,0,0,312,0
76,60,91.6301792438024,4.65921241226743,0.864252221968313,17.83,0,0,257,0
77,60,80.7251551487886,3.18129726739234,0.784333889747216,0,101,60000,0,1
77,60,80.7251551487886,3.18129726739234,0.784333889747216,0.91,0,0,346,0
77,60,80.7251551487886,3.18129726739234,0.784333889747216,5.24,0,0,845,0
77,60,80.7251551487886,3.18129726739234,0.784333889747216,11.35,0,0,519,0
77,60,80.7251551487886,3.18129726739234,0.784333889747216,18.88,0,0,406,0
78,60,60.6344628653096,4.05920947591721,0.887727407143751,0,101,60000,0,1
78,60,60.6344628653096,4.05920947591721,0.887727407143751,6.88,0,0,654,0
78,60,60.6344628653096,4.05920947591721,0.887727407143751,8.72,0,0,722,0
78,60,60.6344628653096,4.05920947591721,0.887727407143751,13.97,0,0,419,0
78,60,60.6344628653096,4.05920947591721,0.887727407143751,23.55,0,0,137,0
79,60,71.5148365450444,3.74995568067349,0.807331204889864,0,101,60000,0,1
79,60,71.5148365450444,3.74995568067349,0.807331204889864,0.05,0,0,36,0
79,60,71.5148365450444,3.74995568067349,0.807331204889864,11.81,0,0,454,0
79,60,71.5148365450444,3.74995568067349,0.807331204889864,14.63,0,0,329,0
79,60,71.5148365450444,3.74995568067349,0.807331204889864,16.34,0,0,383,0
80,60,82.2137133303861,3.81089308966116,1.69510097981448,0,101,60000,0,1
80,60,82.2137133303861,3.81089308966116,1.69510097981448,2.96,0,0,1028,0
80,60,82.2137133303861,3.81089308966116,1.69510097981448,3.15,0,0,708,0
80,60,82.2137133303861,3.81089308966116,1.69510097981448,5.88,0,0,558,0
80,60,82.2137133303861,3.81089308966116,1.69510097981448,11.21,0,0,389,0
81,60,72.6225332326119,3.65836046667626,1.44113871402874,0,101,60000,0,1
81,60,72.6225332326119,3.65836046667626,1.44113871402874,5.76,0,0,703,0
81,60,72.6225332326119,3.65836046667626,1.44113871402874,8.75,0,0,708,0
81,60,72.6225332326119,3.65836046667626,1.44113871402874,20.84,0,0,298,0
81,60,72.6225332326119,3.65836046667626,1.44113871402874,21.99,0,0,223,0
82,60,62.3593531852173,6.54441775605456,1.02585754395735,0,101,60000,0,1
82,60,62.3593531852173,6.54441775605456,1.02585754395735,15.96,0,0,224,0
82,60,62.3593531852173,6.54441775605456,1.02585754395735,16.9,0,0,184,0
82,60,62.3593531852173,6.54441775605456,1.02585754395735,19.01,0,0,146,0
82,60,62.3593531852173,6.54441775605456,1.02585754395735,20.68,0,0,108,0
83,60,52.8851485615241,4.042821496584,0.953788720340009,0,101,60000,0,1
83,60,52.8851485615241,4.042821496584,0.953788720340009,0.45,0,0,669,0
83,60,52.8851485615241,4.042821496584,0.953788720340009,2.22,0,0,770,0
83,60,52.8851485615241,4.042821496584,0.953788720340009,18.85,0,0,282,0
83,60,52.8851485615241,4.042821496584,0.953788720340009,19.69,0,0,240,0
84,60,50.5932661144739,4.67740888678636,1.01896686012772,0,101,60000,0,1
84,60,50.5932661144739,4.67740888678636,1.01896686012772,3.83,0,0,1241,0
84,60,50.5932661144739,4.67740888678636,1.01896686012772,4.23,0,0,906,0
84,60,50.5932661144739,4.67740888678636,1.01896686012772,15.43,0,0,378,0
84,60,50.5932661144739,4.67740888678636,1.01896686012772,21.27,0,0,196,0
85,60,64.545941395409,3.49886676069617,0.935319426003465,0,101,60000,0,1
85,60,64.545941395409,3.49886676069617,0.935319426003465,6.33,0,0,683,0
85,60,64.545941395409,3.49886676069617,0.935319426003465,16.41,0,0,335,0
85,60,64.545941395409,3.49886676069617,0.935319426003465,18.53,0,0,385,0
85,60,64.545941395409,3.49886676069617,0.935319426003465,23,0,0,285,0
86,60,78.9406414909281,2.82390743846843,0.539340741305813,0,101,60000,0,1
86,60,78.9406414909281,2.82390743846843,0.539340741305813,3.85,0,0,757,0
86,60,78.9406414909281,2.82390743846843,0.539340741305813,4.22,0,0,522,0
86,60,78.9406414909281,2.82390743846843,0.539340741305813,13.68,0,0,408,0
86,60,78.9406414909281,2.82390743846843,0.539340741305813,17.54,0,0,400,0
87,60,71.8174584565276,3.80474862303539,1.27606429682105,0,101,60000,0,1
87,60,71.8174584565276,3.80474862303539,1.27606429682105,3.93,0,0,596,0
87,60,71.8174584565276,3.80474862303539,1.27606429682105,8.08,0,0,360,0
87,60,71.8174584565276,3.80474862303539,1.27606429682105,19.72,0,0,377,0
87,60,71.8174584565276,3.80474862303539,1.27606429682105,23.82,0,0,204,0
88,60,77.1113700368772,3.21808826867188,1.95490591566062,0,101,60000,0,1
88,60,77.1113700368772,3.21808826867188,1.95490591566062,0.36,0,0,259,0
88,60,77.1113700368772,3.21808826867188,1.95490591566062,18.69,0,0,419,0
88,60,77.1113700368772,3.21808826867188,1.95490591566062,19.84,0,0,371,0
88,60,77.1113700368772,3.21808826867188,1.95490591566062,22.97,0,0,325,0
89,60,64.0060536715651,4.97091236884198,1.37889069070143,0,101,60000,0,1
89,60,64.0060536715651,4.97091236884198,1.37889069070143,6.21,0,0,534,0
89,60,64.0060536715651,4.97091236884198,1.37889069070143,16.86,0,0,386,0
89,60,64.0060536715651,4.97091236884198,1.37889069070143,20.73,0,0,225,0
89,60,64.0060536715651,4.97091236884198,1.37889069070143,21.61,0,0,148,0
90,60,63.069044725285,3.79098360735649,1.06448607820732,0,101,60000,0,1
90,60,63.069044725285,3.79098360735649,1.06448607820732,9.27,0,0,562,0
90,60,63.069044725285,3.79098360735649,1.06448607820732,18.21,0,0,486,0
90,60,63.069044725285,3.79098360735649,1.06448607820732,20.9,0,0,205,0
90,60,63.069044725285,3.79098360735649,1.06448607820732,22.08,0,0,198,0
91,120,89.2841620275528,3.50972912313476,0.667291478027653,0,101,120000,0,1
91,120,89.2841620275528,3.50972912313476,0.667291478027653,2.41,0,0,1608,0
91,120,89.2841620275528,3.50972912313476,0.667291478027653,8.96,0,0,1172,0
91,120,89.2841620275528,3.50972912313476,0.667291478027653,18.93,0,0,533,0
91,120,89.2841620275528,3.50972912313476,0.667291478027653,20.9,0,0,472,0
92,120,101.610768892245,4.25294295683608,0.687757555893738,0,101,120000,0,1
92,120,101.610768892245,4.25294295683608,0.687757555893738,11.26,0,0,708,0
92,120,101.610768892245,4.25294295683608,0.687757555893738,17.16,0,0,640,0
92,120,101.610768892245,4.25294295683608,0.687757555893738,17.83,0,0,553,0
92,120,101.610768892245,4.25294295683608,0.687757555893738,20.04,0,0,586,0
93,120,32.9241818397454,4.138764690501,1.36872630157201,0,101,120000,0,1
93,120,32.9241818397454,4.138764690501,1.36872630157201,1.97,0,0,3722,0
93,120,32.9241818397454,4.138764690501,1.36872630157201,9.48,0,0,1305,0
93,120,32.9241818397454,4.138764690501,1.36872630157201,14.3,0,0,648,0
93,120,32.9241818397454,4.138764690501,1.36872630157201,17.16,0,0,451,0
94,120,109.670803363992,3.5832638359765,0.850626024241976,0,101,120000,0,1
94,120,109.670803363992,3.5832638359765,0.850626024241976,4.05,0,0,1326,0
94,120,109.670803363992,3.5832638359765,0.850626024241976,4.52,0,0,1203,0
94,120,109.670803363992,3.5832638359765,0.850626024241976,6.74,0,0,1008,0
94,120,109.670803363992,3.5832638359765,0.850626024241976,15.27,0,0,720,0
95,120,71.0192199293061,4.72293396545163,1.27611469716895,0,101,120000,0,1
95,120,71.0192199293061,4.72293396545163,1.27611469716895,0.21,0,0,419,0
95,120,71.0192199293061,4.72293396545163,1.27611469716895,1.34,0,0,1529,0
95,120,71.0192199293061,4.72293396545163,1.27611469716895,6.57,0,0,799,0
95,120,71.0192199293061,4.72293396545163,1.27611469716895,12.34,0,0,640,0
96,120,84.8130567155954,3.9477721050418,0.521744386367275,0,101,120000,0,1
96,120,84.8130567155954,3.9477721050418,0.521744386367275,4.75,0,0,1220,0
96,120,84.8130567155954,3.9477721050418,0.521744386367275,17.76,0,0,536,0
96,120,84.8130567155954,3.9477721050418,0.521744386367275,22.86,0,0,492,0
96,120,84.8130567155954,3.9477721050418,0.521744386367275,23.26,0,0,641,0
97,120,72.0211169538859,3.27361111876506,1.43077304917423,0,101,120000,0,1
97,120,72.0211169538859,3.27361111876506,1.43077304917423,5.81,0,0,1269,0
97,120,72.0211169538859,3.27361111876506,1.43077304917423,9.01,0,0,1025,0
97,120,72.0211169538859,3.27361111876506,1.43077304917423,16.77,0,0,816,0
97,120,72.0211169538859,3.27361111876506,1.43077304917423,20.74,0,0,825,0
98,120,101.244995140609,4.45779915969503,1.23697447233124,0,101,120000,0,1
98,120,101.244995140609,4.45779915969503,1.23697447233124,13.65,0,0,814,0
98,120,101.244995140609,4.45779915969503,1.23697447233124,19.94,0,0,639,0
98,120,101.244995140609,4.45779915969503,1.23697447233124,21.19,0,0,538,0
98,120,101.244995140609,4.45779915969503,1.23697447233124,23.02,0,0,571,0
99,120,55.7905293376523,3.56584675366652,1.17427030700103,0,101,120000,0,1
99,120,55.7905293376523,3.56584675366652,1.17427030700103,3.03,0,0,1808,0
99,120,55.7905293376523,3.56584675366652,1.17427030700103,4.28,0,0,1748,0
99,120,55.7905293376523,3.56584675366652,1.17427030700103,6.34,0,0,969,0
99,120,55.7905293376523,3.56584675366652,1.17427030700103,10.63,0,0,1210,0
100,120,55.6889970433324,4.22037689338094,0.805494483752596,0,101,120000,0,1
100,120,55.6889970433324,4.22037689338094,0.805494483752596,1.23,0,0,1622,0
100,120,55.6889970433324,4.22037689338094,0.805494483752596,17.67,0,0,799,0
100,120,55.6889970433324,4.22037689338094,0.805494483752596,19.8,0,0,507,0
100,120,55.6889970433324,4.22037689338094,0.805494483752596,23.39,0,0,396,0
101,120,59.9819632842445,4.5905163191871,1.00042156013723,0,101,120000,0,1
101,120,59.9819632842445,4.5905163191871,1.00042156013723,1.24,0,0,1005,0
101,120,59.9819632842445,4.5905163191871,1.00042156013723,4.58,0,0,1150,0
101,120,59.9819632842445,4.5905163191871,1.00042156013723,6.39,0,0,1655,0
101,120,59.9819632842445,4.5905163191871,1.00042156013723,15.96,0,0,570,0
102,120,68.0213243253402,4.81362098610227,0.603577224062248,0,101,120000,0,1
102,120,68.0213243253402,4.81362098610227,0.603577224062248,1.94,0,0,1172,0
102,120,68.0213243253402,4.81362098610227,0.603577224062248,4.13,0,0,1268,0
102,120,68.0213243253402,4.81362098610227,0.603577224062248,7.4,0,0,1128,0
102,120,68.0213243253402,4.81362098610227,0.603577224062248,20.52,0,0,463,0
103,120,81.1229209039644,4.61282030863748,1.77430559991678,0,101,120000,0,1
103,120,81.1229209039644,4.61282030863748,1.77430559991678,5.42,0,0,1027,0
103,120,81.1229209039644,4.61282030863748,1.77430559991678,6.19,0,0,1434,0
103,120,81.1229209039644,4.61282030863748,1.77430559991678,16.17,0,0,539,0
103,120,81.1229209039644,4.61282030863748,1.77430559991678,19.75,0,0,366,0
104,120,76.789275755491,2.81276996038399,0.922272485458444,0,101,120000,0,1
104,120,76.789275755491,2.81276996038399,0.922272485458444,8.64,0,0,1239,0
104,120,76.789275755491,2.81276996038399,0.922272485458444,13.4,0,0,1286,0
104,120,76.789275755491,2.81276996038399,0.922272485458444,13.76,0,0,805,0
104,120,76.789275755491,2.81276996038399,0.922272485458444,23.85,0,0,581,0
105,120,67.4970074043696,2.6374088444002,0.892824521803642,0,101,120000,0,1
105,120,67.4970074043696,2.6374088444002,0.892824521803642,4.11,0,0,1393,0
105,120,67.4970074043696,2.6374088444002,0.892824521803642,8.71,0,0,1218,0
105,120,67.4970074043696,2.6374088444002,0.892824521803642,15.89,0,0,1104,0
105,120,67.4970074043696,2.6374088444002,0.892824521803642,22.04,0,0,837,0
106,120,51.4169749381126,2.47807828374398,0.463251207012808,0,101,120000,0,1
106,120,51.4169749381126,2.47807828374398,0.463251207012808,2.03,0,0,1530,0
106,120,51.4169749381126,2.47807828374398,0.463251207012808,12.75,0,0,1332,0
106,120,51.4169749381126,2.47807828374398,0.463251207012808,22.96,0,0,688,0
106,120,51.4169749381126,2.47807828374398,0.463251207012808,23.05,0,0,1020,0
107,120,60.9032854695802,5.03041977994594,1.02346449240432,0,101,120000,0,1
107,120,60.9032854695802,5.03041977994594,1.02346449240432,1.53,0,0,1176,0
107,120,60.9032854695802,5.03041977994594,1.02346449240432,2.88,0,0,1199,0
107,120,60.9032854695802,5.03041977994594,1.02346449240432,7.85,0,0,1043,0
107,120,60.9032854695802,5.03041977994594,1.02346449240432,16.65,0,0,654,0
108,120,92.3941839537469,3.72174758663725,1.22563220489482,0,101,120000,0,1
108,120,92.3941839537469,3.72174758663725,1.22563220489482,6.75,0,0,921,0
108,120,92.3941839537469,3.72174758663725,1.22563220489482,13.9,0,0,673,0
108,120,92.3941839537469,3.72174758663725,1.22563220489482,21.19,0,0,446,0
108,120,92.3941839537469,3.72174758663725,1.22563220489482,23.55,0,0,568,0
109,120,145.085733520308,3.43842703018617,0.79265067294088,0,101,120000,0,1
109,120,145.085733520308,3.43842703018617,0.79265067294088,8.32,0,0,653,0
109,120,145.085733520308,3.43842703018617,0.79265067294088,11.14,0,0,688,0
109,120,145.085733520308,3.43842703018617,0.79265067294088,12.74,0,0,507,0
109,120,145.085733520308,3.43842703018617,0.79265067294088,19.76,0,0,362,0
110,120,109.383888020679,5.92679335339651,0.882055829453804,0,101,120000,0,1
110,120,109.383888020679,5.92679335339651,0.882055829453804,3.33,0,0,971,0
110,120,109.383888020679,5.92679335339651,0.882055829453804,15.47,0,0,513,0
110,120,109.383888020679,5.92679335339651,0.882055829453804,16.06,0,0,648,0
110,120,109.383888020679,5.92679335339651,0.882055829453804,23.71,0,0,286,0
111,120,84.2379520710525,2.62670786693104,1.66998207315007,0,101,120000,0,1
111,120,84.2379520710525,2.62670786693104,1.66998207315007,5.54,0,0,1184,0
111,120,84.2379520710525,2.62670786693104,1.66998207315007,18.33,0,0,1168,0
111,120,84.2379520710525,2.62670786693104,1.66998207315007,18.71,0,0,635,0
111,120,84.2379520710525,2.62670786693104,1.66998207315007,22.6,0,0,832,0
112,120,68.9396839578809,4.76210786922376,0.935099173285896,0,101,120000,0,1
112,120,68.9396839578809,4.76210786922376,0.935099173285896,7.74,0,0,1201,0
112,120,68.9396839578809,4.76210786922376,0.935099173285896,15.43,0,0,538,0
112,120,68.9396839578809,4.76210786922376,0.935099173285896,17.25,0,0,559,0
112,120,68.9396839578809,4.76210786922376,0.935099173285896,19.96,0,0,508,0
113,120,67.149188281195,3.95893078544641,0.690860902714877,0,101,120000,0,1
113,120,67.149188281195,3.95893078544641,0.690860902714877,3.45,0,0,1104,0
113,120,67.149188281195,3.95893078544641,0.690860902714877,12.81,0,0,1184,0
113,120,67.149188281195,3.95893078544641,0.690860902714877,13.81,0,0,1007,0
113,120,67.149188281195,3.95893078544641,0.690860902714877,21.85,0,0,355,0
114,120,66.7447171604559,3.3532267810808,0.833826606310225,0,101,120000,0,1
114,120,66.7447171604559,3.3532267810808,0.833826606310225,0.93,0,0,1545,0
114,120,66.7447171604559,3.3532267810808,0.833826606310225,7.2,0,0,1122,0
114,120,66.7447171604559,3.3532267810808,0.833826606310225,13.98,0,0,964,0
114,120,66.7447171604559,3.3532267810808,0.833826606310225,16.14,0,0,686,0
115,120,56.5407330438354,4.13443375340089,1.27532879254011,0,101,120000,0,1
115,120,56.5407330438354,4.13443375340089,1.27532879254011,3.56,0,0,1797,0
115,120,56.5407330438354,4.13443375340089,1.27532879254011,5.78,0,0,1253,0
115,120,56.5407330438354,4.13443375340089,1.27532879254011,12.36,0,0,899,0
115,120,56.5407330438354,4.13443375340089,1.27532879254011,14.72,0,0,521,0
116,120,83.1122350529616,3.73349438118894,1.13093902530503,0,101,120000,0,1
116,120,83.1122350529616,3.73349438118894,1.13093902530503,7.78,0,0,676,0
116,120,83.1122350529616,3.73349438118894,1.13093902530503,11.29,0,0,854,0
116,120,83.1122350529616,3.73349438118894,1.13093902530503,12.19,0,0,926,0
116,120,83.1122350529616,3.73349438118894,1.13093902530503,13.74,0,0,787,0
117,120,42.7494536829738,6.41798175968305,1.39295399674352,0,101,120000,0,1
117,120,42.7494536829738,6.41798175968305,1.39295399674352,2.08,0,0,2210,0
117,120,42.7494536829738,6.41798175968305,1.39295399674352,4.59,0,0,1407,0
117,120,42.7494536829738,6.41798175968305,1.39295399674352,5.05,0,0,1972,0
117,120,42.7494536829738,6.41798175968305,1.39295399674352,5.09,0,0,1629,0
118,120,66.628526693659,7.15094206587682,0.590179868677555,0,101,120000,0,1
118,120,66.628526693659,7.15094206587682,0.590179868677555,4.98,0,0,926,0
118,120,66.628526693659,7.15094206587682,0.590179868677555,10.03,0,0,516,0
118,120,66.628526693659,7.15094206587682,0.590179868677555,14.36,0,0,484,0
118,120,66.628526693659,7.15094206587682,0.590179868677555,17.76,0,0,338,0
119,120,72.6256264856288,5.32329732020724,1.30433793003302,0,101,120000,0,1
119,120,72.6256264856288,5.32329732020724,1.30433793003302,0.42,0,0,799,0
119,120,72.6256264856288,5.32329732020724,1.30433793003302,4.42,0,0,1908,0
119,120,72.6256264856288,5.32329732020724,1.30433793003302,5.34,0,0,1084,0
119,120,72.6256264856288,5.32329732020724,1.30433793003302,12.61,0,0,500,0
120,120,57.764563812117,4.88229612636429,1.23611361595016,0,101,120000,0,1
120,120,57.764563812117,4.88229612636429,1.23611361595016,3.19,0,0,1546,0
120,120,57.764563812117,4.88229612636429,1.23611361595016,4.16,0,0,1416,0
120,120,57.764563812117,4.88229612636429,1.23611361595016,11.81,0,0,1006,0
120,120,57.764563812117,4.88229612636429,1.23611361595016,16.98,0,0,703,0
