ID,DOSE,V,CL,KA,TIME,EVID,AMT,DV,EVIDNM
1,10,85.1130160962073,2.41944083573868,0.633231610811207,0,101,10000,0,1
1,10,85.1130160962073,2.41944083573868,0.633231610811207,2.18,0,0,91,0
1,10,85.1130160962073,2.41944083573868,0.633231610811207,3.03,0,0,94,0
1,10,85.1130160962073,2.41944083573868,0.633231610811207,7.71,0,0,127,0
1,10,85.1130160962073,2.41944083573868,0.633231610811207,19.13,0,0,63,0
2,10,102.386938236926,5.29906282386954,1.06106620440684,0,101,10000,0,1
2,10,102.386938236926,5.29906282386954,1.06106620440684,7.88,0,0,55,0
2,10,102.386938236926,5.29906282386954,1.06106620440684,15.2,0,0,73,0
2,10,102.386938236926,5.29906282386954,1.06106620440684,18.79,0,0,29,0
2,10,102.386938236926,5.29906282386954,1.06106620440684,20.49,0,0,41,0
3,10,73.3068489998886,3.4204101467192,1.03634682794121,0,101,10000,0,1
3,10,73.3068489998886,3.4204101467192,1.03634682794121,0.56,0,0,87,0
3,10,73.3068489998886,3.4204101467192,1.03634682794121,12.52,0,0,111,0
3,10,73.3068489998886,3.4204101467192,1.03634682794121,18.44,0,0,50,0
3,10,73.3068489998886,3.4204101467192,1.03634682794121,21.12,0,0,78,0
4,10,63.9811927784921,3.9898965138958,0.702401828475273,0,101,10000,0,1
4,10,63.9811927784921,3.9898965138958,0.702401828475273,11.56,0,0,76,0
4,10,63.9811927784921,3.9898965138958,0.702401828475273,17.28,0,0,53,0
4,10,63.9811927784921,3.9898965138958,0.702401828475273,19.1,0,0,69,0
4,10,63.9811927784921,3.9898965138958,0.702401828475273,23.9,0,0,31,0
5,10,72.3285296403181,4.64892690384093,1.03985298646436,0,101,10000,0,1
5,10,72.3285296403181,4.64892690384093,1.03985298646436,2.38,0,0,163,0
5,10,72.3285296403181,4.64892690384093,1.03985298646436,11.53,0,0,59,0
5,10,72.3285296403181,4.64892690384093,1.03985298646436,18.02,0,0,43,0
5,10,72.3285296403181,4.64892690384093,1.03985298646436,18.79,0,0,36,0
6,10,56.2055357826402,4.65260820840159,0.652762848333535,0,101,10000,0,1
6,10,56.2055357826402,4.65260820840159,0.652762848333535,5.99,0,0,117,0
6,10,56.2055357826402,4.65260820840159,0.652762848333535,8.03,0,0,156,0
6,10,56.2055357826402,4.65260820840159,0.652762848333535,14.63,0,0,73,0
6,10,56.2055357826402,4.65260820840159,0.652762848333535,23.67,0,0,33,0
7,10,80.0226354622876,4.65882427463915,0.656969182857245,0,101,10000,0,1
7,10,80.0226354622876,4.65882427463915,0.656969182857245,2.82,0,0,75,0
7,10,80.0226354622876,4.65882427463915,0.656969182857245,14.12,0,0,51,0
7,10,80.0226354622876,4.65882427463915,0.656969182857245,18.71,0,0,40,0
7,10,80.0226354622876,4.65882427463915,0.656969182857245,21.19,0,0,58,0
8,10,58.032662875913,3.51817411867962,1.0864462946711,0,101,10000,0,1
8,10,58.032662875913,3.51817411867962,1.0864462946711,6.22,0,0,97,0
8,10,58.032662875913,3.51817411867962,1.0864462946711,10.74,0,0,87,0
8,10,58.032662875913,3.51817411867962,1.0864462946711,18.66,0,0,51,0
8,10,58.032662875913,3.51817411867962,1.0864462946711,21.28,0,0,42,0
9,10,95.0092327295913,6.41542673262494,0.699031483282024,0,101,10000,0,1
9,10,95.0092327295913,6.41542673262494,0.699031483282024,2.73,0,0,89,0
9,10,95.0092327295913,6.41542673262494,0.699031483282024,8.9,0,0,66,0
9,10,95.0092327295913,6.41542673262494,0.699031483282024,19.25,0,0,33,0
9,10,95.0092327295913,6.41542673262494,0.699031483282024,21.48,0,0,29,0
10,10,63.1666826367081,4.64267549305619,0.742878645738353,0,101,10000,0,1
10,10,63.1666826367081,4.64267549305619,0.742878645738353,5.51,0,0,120,0
10,10,63.1666826367081,4.64267549305619,0.742878645738353,5.93,0,0,95,0
10,10,63.1666826367081,4.64267549305619,0.742878645738353,11.58,0,0,65,0
10,10,63.1666826367081,4.64267549305619,0.742878645738353,21.36,0,0,58,0
11,10,84.7648047511398,4.64118016609059,0.875091069334182,0,101,10000,0,1
11,10,84.7648047511398,4.64118016609059,0.875091069334182,1.15,0,0,98,0
11,10,84.7648047511398,4.64118016609059,0.875091069334182,1.74,0,0,107,0
11,10,84.7648047511398,4.64118016609059,0.875091069334182,10.01,0,0,80,0
11,10,84.7648047511398,4.64118016609059,0.875091069334182,20.85,0,0,39,0
12,10,70.080942482393,3.53626963316741,0.582521848755875,0,101,10000,0,1
12,10,70.080942482393,3.53626963316741,0.582521848755875,3.07,0,0,133,0
12,10,70.080942482393,3.53626963316741,0.582521848755875,20.62,0,0,50,0
12,10,70.080942482393,3.53626963316741,0.582521848755875,21.01,0,0,62,0
12,10,70.080942482393,3.53626963316741,0.582521848755875,22.39,0,0,55,0
13,10,117.538249012019,1.79862511774685,0.955680205048655,0,101,10000,0,1
13,10,117.538249012019,1.79862511774685,0.955680205048655,7.84,0,0,61,0
13,10,117.538249012019,1.79862511774685,0.955680205048655,12.83,0,0,70,0
13,10,117.538249012019,1.79862511774685,0.955680205048655,13.76,0,0,98,0
13,10,117.538249012019,1.79862511774685,0.955680205048655,18.43,0,0,52,0
14,10,73.040047967143,4.0799631423699,1.44383642637858,0,101,10000,0,1
14,10,73.040047967143,4.0799631423699,1.44383642637858,10.07,0,0,68,0
14,10,73.040047967143,4.0799631423699,1.44383642637858,12.65,0,0,65,0
14,10,73.040047967143,4.0799631423699,1.44383642637858,18.69,0,0,61,0
14,10,73.040047967143,4.0799631423699,1.44383642637858,21.36,0,0,42,0
15,10,66.6625983618385,4.59212017997588,0.648520903322017,0,101,10000,0,1
15,10,66.6625983618385,4.59212017997588,0.648520903322017,0.14,0,0,13,0
15,10,66.6625983618385,4.59212017997588,0.648520903322017,11.52,0,0,96,0
15,10,66.6625983618385,4.59212017997588,0.648520903322017,13.95,0,0,60,0
15,10,66.6625983618385,4.59212017997588,0.648520903322017,22.85,0,0,42,0
16,10,53.921532265958,5.90890081188162,1.48119090129155,0,101,10000,0,1
16,10,53.921532265958,5.90890081188162,1.48119090129155,8.61,0,0,58,0
16,10,53.921532265958,5.90890081188162,1.48119090129155,14.37,0,0,44,0
16,10,53.921532265958,5.90890081188162,1.48119090129155,15.44,0,0,32,0
16,10,53.921532265958,5.90890081188162,1.48119090129155,16.9,0,0,35,0
17,10,59.8353485738044,4.07536879382645,0.377636701252861,0,101,10000,0,1
17,10,59.8353485738044,4.07536879382645,0.377636701252861,3.75,0,0,93,0
17,10,59.8353485738044,4.07536879382645,0.377636701252861,8.51,0,0,76,0
17,10,59.8353485738044,4.07536879382645,0.377636701252861,22.09,0,0,46,0
17,10,59.8353485738044,4.07536879382645,0.377636701252861,22.3,0,0,34,0
18,10,64.9541723163187,3.75791581007807,0.838413240714999,0,101,10000,0,1
18,10,64.9541723163187,3.75791581007807,0.838413240714999,0.84,0,0,83,0
18,10,64.9541723163187,3.75791581007807,0.838413240714999,6.82,0,0,120,0
18,10,64.9541723163187,3.75791581007807,0.838413240714999,22.74,0,0,42,0
18,10,64.9541723163187,3.75791581007807,0.838413240714999,23.77,0,0,58,0
19,10,102.980064755067,4.97544731566283,1.03500371236511,0,101,10000,0,1
19,10,102.980064755067,4.97544731566283,1.03500371236511,2.83,0,0,107,0
19,10,102.980064755067,4.97544731566283,1.03500371236511,14.84,0,0,44,0
19,10,102.980064755067,4.97544731566283,1.03500371236511,20.06,0,0,37,0
19,10,102.980064755067,4.97544731566283,1.03500371236511,22.5,0,0,42,0
20,10,57.0912189747377,3.73723025228464,0.683887863115148,0,101,10000,0,1
20,10,57.0912189747377,3.73723025228464,0.683887863115148,8.41,0,0,112,0
20,10,57.0912189747377,3.73723025228464,0.683887863115148,8.82,0,0,74,0
20,10,57.0912189747377,3.73723025228464,0.683887863115148,17.19,0,0,63,0
20,10,57.0912189747377,3.73723025228464,0.683887863115148,22.73,0,0,57,0
21,10,64.8642937362715,4.47677357457724,1.27364457847228,0,101,10000,0,1
21,10,64.8642937362715,4.47677357457724,1.27364457847228,1.58,0,0,94,0
21,10,64.8642937362715,4.47677357457724,1.27364457847228,6.31,0,0,100,0
21,10,64.8642937362715,4.47677357457724,1.27364457847228,10.14,0,0,81,0
21,10,64.8642937362715,4.47677357457724,1.27364457847228,15.05,0,0,69,0
22,10,84.0534112135014,3.56817568123289,1.19632785544688,0,101,10000,0,1
22,10,84.0534112135014,3.56817568123289,1.19632785544688,1.16,0,0,64,0
22,10,84.0534112135014,3.56817568123289,1.19632785544688,2.01,0,0,86,0
22,10,84.0534112135014,3.56817568123289,1.19632785544688,2.1,0,0,109,0
22,10,84.0534112135014,3.56817568123289,1.19632785544688,13.55,0,0,86,0
23,10,79.0199770331163,7.34368629213491,1.23844047720197,0,101,10000,0,1
23,10,79.0199770331163,7.34368629213491,1.23844047720197,2.98,0,0,85,0
23,10,79.0199770331163,7.34368629213491,1.23844047720197,14.97,0,0,26,0
23,10,79.0199770331163,7.34368629213491,1.23844047720197,21.55,0,0,18,0
23,10,79.0199770331163,7.34368629213491,1.23844047720197,23.21,0,0,15,0
24,10,56.0303649263827,4.29663059591539,0.915994907226259,0,101,10000,0,1
24,10,56.0303649263827,4.29663059591539,0.915994907226259,14.56,0,0,47,0
24,10,56.0303649263827,4.29663059591539,0.915994907226259,15.73,0,0,64,0
24,10,56.0303649263827,4.29663059591539,0.915994907226259,19.41,0,0,48,0
24,10,56.0303649263827,4.29663059591539,0.915994907226259,22.08,0,0,35,0
25,10,65.2670071224268,4.57959556581364,1.13995793067906,0,101,10000,0,1
25,10,65.2670071224268,4.57959556581364,1.13995793067906,0.6,0,0,72,0
25,10,65.2670071224268,4.57959556581364,1.13995793067906,6.4,0,0,108,0
25,10,65.2670071224268,4.57959556581364,1.13995793067906,7.32,0,0,88,0
25,10,65.2670071224268,4.57959556581364,1.13995793067906,13.18,0,0,69,0
26,10,56.1941674098045,2.95494242088213,0.780470340566201,0,101,10000,0,1
26,10,56.1941674098045,2.95494242088213,0.780470340566201,0.69,0,0,83,0
26,10,56.1941674098045,2.95494242088213,0.780470340566201,3.82,0,0,175,0
26,10,56.1941674098045,2.95494242088213,0.780470340566201,13.03,0,0,97,0
26,10,56.1941674098045,2.95494242088213,0.780470340566201,13.75,0,0,78,0
27,10,46.8367409875748,4.12614511879493,1.1431349531587,0,101,10000,0,1
27,10,46.8367409875748,4.12614511879493,1.1431349531587,4.01,0,0,140,0
27,10,46.8367409875748,4.12614511879493,1.1431349531587,9.63,0,0,108,0
27,10,46.8367409875748,4.12614511879493,1.1431349531587,17.9,0,0,58,0
27,10,46.8367409875748,4.12614511879493,1.1431349531587,19.94,0,0,32,0
28,10,49.0495622058791,4.48037526850873,0.852775875154753,0,101,10000,0,1
28,10,49.0495622058791,4.48037526850873,0.852775875154753,9,0,0,95,0
28,10,49.0495622058791,4.48037526850873,0.852775875154753,12.92,0,0,63,0
28,10,49.0495622058791,4.48037526850873,0.852775875154753,17.35,0,0,46,0
28,10,49.0495622058791,4.48037526850873,0.852775875154753,20.28,0,0,38,0
29,10,56.0960195111948,3.14887531259652,0.858488425646897,0,101,10000,0,1
29,10,56.0960195111948,3.14887531259652,0.858488425646897,7.85,0,0,107,0
29,10,56.0960195111948,3.14887531259652,0.858488425646897,13.4,0,0,141,0
29,10,56.0960195111948,3.14887531259652,0.858488425646897,14.95,0,0,86,0
29,10,56.0960195111948,3.14887531259652,0.858488425646897,23.38,0,0,75,0
30,10,90.6551606458244,5.44939493887198,1.26582283753104,0,101,10000,0,1
30,10,90.6551606458244,5.44939493887198,1.26582283753104,4.54,0,0,97,0
30,10,90.6551606458244,5.44939493887198,1.26582283753104,9.52,0,0,54,0
30,10,90.6551606458244,5.44939493887198,1.26582283753104,9.99,0,0,67,0
30,10,90.6551606458244,5.44939493887198,1.26582283753104,10.64,0,0,49,0
31,30,67.1477421194968,5.59921590067951,1.09258999174321,0,101,30000,0,1
31,30,67.1477421194968,5.59921590067951,1.09258999174321,2.53,0,0,353,0
31,30,67.1477421194968,5.59921590067951,1.09258999174321,5.89,0,0,240,0
31,30,67.1477421194968,5.59921590067951,1.09258999174321,6.13,0,0,213,0
31,30,67.1477421194968,5.59921590067951,1.09258999174321,13.88,0,0,138,0
32,30,126.637240889547,3.43202039436345,0.800492333749081,0,101,30000,0,1
32,30,126.637240889547,3.43202039436345,0.800492333749081,9.07,0,0,226,0
32,30,126.637240889547,3.43202039436345,0.800492333749081,10.77,0,0,169,0
32,30,126.637240889547,3.43202039436345,0.800492333749081,10.96,0,0,229,0
32,30,126.637240889547,3.43202039436345,0.800492333749081,14.63,0,0,125,0
33,30,75.2074469116975,4.9282475458858,1.26284732145538,0,101,30000,0,1
33,30,75.2074469116975,4.9282475458858,1.26284732145538,1.77,0,0,322,0
33,30,75.2074469116975,4.9282475458858,1.26284732145538,3.19,0,0,374,0
33,30,75.2074469116975,4.9282475458858,1.26284732145538,8.23,0,0,191,0
33,30,75.2074469116975,4.9282475458858,1.26284732145538,16.74,0,0,210,0
34,30,70.0719383431042,2.24484893277148,1.45682669476236,0,101,30000,0,1
34,30,70.0719383431042,2.24484893277148,1.45682669476236,8.22,0,0,393,0
34,30,70.0719383431042,2.24484893277148,1.45682669476236,14.19,0,0,301,0
34,30,70.0719383431042,2.24484893277148,1.45682669476236,17.05,0,0,399,0
34,30,70.0719383431042,2.24484893277148,1.45682669476236,20.17,0,0,354,0
35,30,61.3634171748957,5.39855909839893,1.33226829484805,0,101,30000,0,1
35,30,61.3634171748957,5.39855909839893,1.33226829484805,0.93,0,0,355,0
35,30,61.3634171748957,5.39855909839893,1.33226829484805,13.84,0,0,152,0
35,30,61.3634171748957,5.39855909839893,1.33226829484805,20.19,0,0,88,0
35,30,61.3634171748957,5.39855909839893,1.33226829484805,22.63,0,0,80,0
36,30,82.9052298035671,4.28792971206179,0.900793703799995,0,101,30000,0,1
36,30,82.9052298035671,4.28792971206179,0.900793703799995,1.69,0,0,239,0
36,30,82.9052298035671,4.28792971206179,0.900793703799995,2.08,0,0,235,0
36,30,82.9052298035671,4.28792971206179,0.900793703799995,7.29,0,0,355,0
36,30,82.9052298035671,4.28792971206179,0.900793703799995,13.16,0,0,171,0
37,30,44.8602710671109,4.8853309061969,0.857298831360189,0,101,30000,0,1
37,30,44.8602710671109,4.8853309061969,0.857298831360189,2.49,0,0,431,0
37,30,44.8602710671109,4.8853309061969,0.857298831360189,6.87,0,0,382,0
37,30,44.8602710671109,4.8853309061969,0.857298831360189,8.17,0,0,308,0
37,30,44.8602710671109,4.8853309061969,0.857298831360189,13.88,0,0,159,0
38,30,69.8747305130254,3.91601486333721,0.742094480947499,0,101,30000,0,1
38,30,69.8747305130254,3.91601486333721,0.742094480947499,9.6,0,0,264,0
38,30,69.8747305130254,3.91601486333721,0.742094480947499,10.24,0,0,293,0
38,30,69.8747305130254,3.91601486333721,0.742094480947499,10.3,0,0,239,0
38,30,69.8747305130254,3.91601486333721,0.742094480947499,19.94,0,0,188,0
39,30,104.958538702402,1.8788724938036,0.948729635933222,0,101,30000,0,1
39,30,104.958538702402,1.8788724938036,0.948729635933222,0.58,0,0,131,0
39,30,104.958538702402,1.8788724938036,0.948729635933222,9.88,0,0,241,0
39,30,104.958538702402,1.8788724938036,0.948729635933222,10.86,0,0,241,0
39,30,104.958538702402,1.8788724938036,0.948729635933222,20.59,0,0,280,0
40,30,48.2298340979765,2.41421635686167,0.6027757010422,0,101,30000,0,1
40,30,48.2298340979765,2.41421635686167,0.6027757010422,3.29,0,0,630,0
40,30,48.2298340979765,2.41421635686167,0.6027757010422,15.53,0,0,277,0
40,30,48.2298340979765,2.41421635686167,0.6027757010422,16.43,0,0,395,0
40,30,48.2298340979765,2.41421635686167,0.6027757010422,22.87,0,0,266,0
41,30,111.805588698561,4.22860823478662,1.37165292034175,0,101,30000,0,1
41,30,111.805588698561,4.22860823478662,1.37165292034175,9.86,0,0,178,0
41,30,111.805588698561,4.22860823478662,1.37165292034175,14.07,0,0,187,0
41,30,111.805588698561,4.22860823478662,1.37165292034175,19.11,0,0,197,0
41,30,111.805588698561,4.22860823478662,1.37165292034175,21.81,0,0,128,0
42,30,79.0701161014509,2.77445167775137,0.872042823478669,0,101,30000,0,1
42,30,79.0701161014509,2.77445167775137,0.872042823478669,4.03,0,0,284,0
42,30,79.0701161014509,2.77445167775137,0.872042823478669,8.05,0,0,343,0
42,30,79.0701161014509,2.77445167775137,0.872042823478669,10.96,0,0,319,0
42,30,79.0701161014509,2.77445167775137,0.872042823478669,16.38,0,0,192,0
43,30,91.9797566763933,4.54209369346771,1.31700473991026,0,101,30000,0,1
43,30,91.9797566763933,4.54209369346771,1.31700473991026,11.8,0,0,220,0
43,30,91.9797566763933,4.54209369346771,1.31700473991026,12.67,0,0,162,0
43,30,91.9797566763933,4.54209369346771,1.31700473991026,15.67,0,0,132,0
43,30,91.9797566763933,4.54209369346771,1.31700473991026,19.01,0,0,150,0
44,30,104.030040294961,3.15784370897772,1.00614861982571,0,101,30000,0,1
44,30,104.030040294961,3.15784370897772,1.00614861982571,13.25,0,0,188,0
44,30,104.030040294961,3.15784370897772,1.00614861982571,15.85,0,0,167,0
44,30,104.030040294961,3.15784370897772,1.00614861982571,18.97,0,0,209,0
44,30,104.030040294961,3.15784370897772,1.00614861982571,23.1,0,0,130,0
45,30,60.9445596989357,2.70842966610555,0.574307425831549,0,101,30000,0,1
45,30,60.9445596989357,2.70842966610555,0.574307425831549,2.1,0,0,323,0
45,30,60.9445596989357,2.70842966610555,0.574307425831549,5.21,0,0,378,0
45,30,60.9445596989357,2.70842966610555,0.574307425831549,9.05,0,0,254,0
45,30,60.9445596989357,2.70842966610555,0.574307425831549,16.23,0,0,309,0
46,30,111.339454777977,4.91276561739931,0.761393680876807,0,101,30000,0,1
46,30,111.339454777977,4.91276561739931,0.761393680876807,0.24,0,0,38,0
46,30,111.339454777977,4.91276561739931,0.761393680876807,5.52,0,0,223,0
46,30,111.339454777977,4.91276561739931,0.761393680876807,6.07,0,0,196,0
46,30,111.339454777977,4.91276561739931,0.761393680876807,15.64,0,0,130,0
47,30,59.17885259341,3.76034156842635,0.784409765627863,0,101,30000,0,1
47,30,59.17885259341,3.76034156842635,0.784409765627863,11.36,0,0,198,0
47,30,59.17885259341,3.76034156842635,0.784409765627863,11.77,0,0,190,0
47,30,59.17885259341,3.76034156842635,0.784409765627863,16.96,0,0,202,0
47,30,59.17885259341,3.76034156842635,0.784409765627863,22.28,0,0,159,0
48,30,57.421308977655,5.32567864566629,1.20125033695017,0,101,30000,0,1
48,30,57.421308977655,5.32567864566629,1.20125033695017,1.79,0,0,537,0
48,30,57.421308977655,5.32567864566629,1.20125033695017,9.7,0,0,220,0
48,30,57.421308977655,5.32567864566629,1.20125033695017,10.11,0,0,245,0
48,30,57.421308977655,5.32567864566629,1.20125033695017,20.12,0,0,132,0
49,30,64.7488621199441,3.88077188065528,0.640520317392556,0,101,30000,0,1
49,30,64.7488621199441,3.88077188065528,0.640520317392556,6.78,0,0,388,0
49,30,64.7488621199441,3.88077188065528,0.640520317392556,7.94,0,0,330,0
49,30,64.7488621199441,3.88077188065528,0.640520317392556,21.42,0,0,135,0
49,30,64.7488621199441,3.88077188065528,0.640520317392556,23.97,0,0,122,0
50,30,44.0864290582781,5.55045653757912,1.53146057162097,0,101,30000,0,1
50,30,44.0864290582781,5.55045653757912,1.53146057162097,0.28,0,0,259,0
50,30,44.0864290582781,5.55045653757912,1.53146057162097,1.79,0,0,523,0
50,30,44.0864290582781,5.55045653757912,1.53146057162097,6.72,0,0,293,0
50,30,44.0864290582781,5.55045653757912,1.53146057162097,20.02,0,0,81,0
51,30,69.2255207167651,7.72452728565169,0.757521131684067,0,101,30000,0,1
51,30,69.2255207167651,7.72452728565169,0.757521131684067,1.68,0,0,189,0
51,30,69.2255207167651,7.72452728565169,0.757521131684067,3.97,0,0,309,0
51,30,69.2255207167651,7.72452728565169,0.757521131684067,15.33,0,0,94,0
51,30,69.2255207167651,7.72452728565169,0.757521131684067,22.49,0,0,43,0
52,30,86.4114540966615,3.84075263049035,1.01644052132136,0,101,30000,0,1
52,30,86.4114540966615,3.84075263049035,1.01644052132136,3.02,0,0,312,0
52,30,86.4114540966615,3.84075263049035,1.01644052132136,12.12,0,0,270,0
52,30,86.4114540966615,3.84075263049035,1.01644052132136,14.35,0,0,165,0
52,30,86.4114540966615,3.84075263049035,1.01644052132136,22.7,0,0,123,0
53,30,70.866950243629,2.32865560730348,1.77235421475835,0,101,30000,0,1
53,30,70.866950243629,2.32865560730348,1.77235421475835,4.7,0,0,459,0
53,30,70.866950243629,2.32865560730348,1.77235421475835,9.31,0,0,399,0
53,30,70.866950243629,2.32865560730348,1.77235421475835,11.23,0,0,285,0
53,30,70.866950243629,2.32865560730348,1.77235421475835,23.95,0,0,198,0
54,30,58.5100404721529,3.83714017217181,0.918495661895903,0,101,30000,0,1
54,30,58.5100404721529,3.83714017217181,0.918495661895903,7.6,0,0,261,0
54,30,58.5100404721529,3.83714017217181,0.918495661895903,13.76,0,0,195,0
54,30,58.5100404721529,3.83714017217181,0.918495661895903,23.06,0,0,87,0
54,30,58.5100404721529,3.83714017217181,0.918495661895903,23.27,0,0,162,0
55,30,49.2627011237831,2.28984956849595,0.623302486625241,0,101,30000,0,1
55,30,49.2627011237831,2.28984956849595,0.623302486625241,0.34,0,0,105,0
55,30,49.2627011237831,2.28984956849595,0.623302486625241,6.38,0,0,508,0
55,30,49.2627011237831,2.28984956849595,0.623302486625241,8.41,0,0,440,0
55,30,49.2627011237831,2.28984956849595,0.623302486625241,8.73,0,0,422,0
56,30,79.285162664907,6.1737123996761,0.911268626394577,0,101,30000,0,1
56,30,79.285162664907,6.1737123996761,0.911268626394577,3.96,0,0,223,0
56,30,79.285162664907,6.1737123996761,0.911268626394577,8.8,0,0,217,0
56,30,79.285162664907,6.1737123996761,0.911268626394577,10.84,0,0,165,0
56,30,79.285162664907,6.1737123996761,0.911268626394577,12.03,0,0,184,0
57,30,89.6217480625404,4.5162420899956,0.994596172651365,0,101,30000,0,1
57,30,89.6217480625404,4.5162420899956,0.994596172651365,0.43,0,0,120,0
57,30,89.6217480625404,4.5162420899956,0.994596172651365,7.17,0,0,243,0
57,30,89.6217480625404,4.5162420899956,0.994596172651365,16.22,0,0,162,0
57,30,89.6217480625404,4.5162420899956,0.994596172651365,23.26,0,0,89,0
58,30,80.4237139189463,5.14962096214806,1.02139200218047,0,101,30000,0,1
58,30,80.4237139189463,5.14962096214806,1.02139200218047,4.65,0,0,311,0
58,30,80.4237139189463,5.14962096214806,1.02139200218047,13.25,0,0,162,0
58,30,80.4237139189463,5.14962096214806,1.02139200218047,13.78,0,0,169,0
58,30,80.4237139189463,5.14962096214806,1.02139200218047,14.24,0,0,230,0
59,30,96.907313214258,2.22028275499634,0.951477783607604,0,101,30000,0,1
59,30,96.907313214258,2.22028275499634,0.951477783607604,4.01,0,0,303,0
59,30,96.907313214258,2.22028275499634,0.951477783607604,9.61,0,0,325,0
59,30,96.907313214258,2.22028275499634,0.951477783607604,14.76,0,0,252,0
59,30,96.907313214258,2.22028275499634,0.951477783607604,18.24,0,0,212,0
60,30,64.4203048613266,4.90784060577037,0.833743588183361,0,101,30000,0,1
60,30,64.4203048613266,4.90784060577037,0.833743588183361,0.68,0,0,178,0
60,30,64.4203048613266,4.90784060577037,0.833743588183361,1.88,0,0,305,0
60,30,64.4203048613266,4.90784060577037,0.833743588183361,3.32,0,0,275,0
60,30,64.4203048613266,4.90784060577037,0.833743588183361,22.96,0,0,77,0
61,60,64.2356630215919,4.54629527174298,0.609947633349301,0,101,60000,0,1
61,60,64.2356630215919,4.54629527174298,0.609947633349301,7.15,0,0,635,0
61,60,64.2356630215919,4.54629527174298,0.609947633349301,12.76,0,0,547,0
61,60,64.2356630215919,4.54629527174298,0.609947633349301,21.29,0,0,198,0
61,60,64.2356630215919,4.54629527174298,0.609947633349301,23.95,0,0,247,0
62,60,54.6388814299985,4.13673342068564,0.879871808790782,0,101,60000,0,1
62,60,54.6388814299985,4.13673342068564,0.879871808790782,1.98,0,0,815,0
62,60,54.6388814299985,4.13673342068564,0.879871808790782,8.32,0,0,759,0
62,60,54.6388814299985,4.13673342068564,0.879871808790782,8.98,0,0,617,0
62,60,54.6388814299985,4.13673342068564,0.879871808790782,23.79,0,0,308,0
63,60,55.0719741164954,2.79371982759277,0.937851815146987,0,101,60000,0,1
63,60,55.0719741164954,2.79371982759277,0.937851815146987,0.66,0,0,526,0
63,60,55.0719741164954,2.79371982759277,0.937851815146987,7.74,0,0,862,0
63,60,55.0719741164954,2.79371982759277,0.937851815146987,11.83,0,0,620,0
63,60,55.0719741164954,2.79371982759277,0.937851815146987,19.48,0,0,391,0
64,60,45.6708176595907,3.40460875931535,0.800126004773267,0,101,60000,0,1
64,60,45.6708176595907,3.40460875931535,0.800126004773267,4.5,0,0,858,0
64,60,45.6708176595907,3.40460875931535,0.800126004773267,5.59,0,0,826,0
64,60,45.6708176595907,3.40460875931535,0.800126004773267,12.62,0,0,508,0
64,60,45.6708176595907,3.40460875931535,0.800126004773267,15.85,0,0,391,0
65,60,96.3631639399829,7.54765615359498,0.925425442995074,0,101,60000,0,1
65,60,96.3631639399829,7.54765615359498,0.925425442995074,0.01,0,0,5,0
65,60,96.3631639399829,7.54765615359498,0.925425442995074,2.43,0,0,507,0
65,60,96.3631639399829,7.54765615359498,0.925425442995074,14.39,0,0,245,0
65,60,96.3631639399829,7.54765615359498,0.925425442995074,21.95,0,0,84,0
66,60,57.9022680766777,4.40173503694738,1.40253673226466,0,101,60000,0,1
66,60,57.9022680766777,4.40173503694738,1.40253673226466,4.08,0,0,919,0
66,60,57.9022680766777,4.40173503694738,1.40253673226466,9.86,0,0,507,0
66,60,57.9022680766777,4.40173503694738,1.40253673226466,16.06,0,0,307,0
66,60,57.9022680766777,4.40173503694738,1.40253673226466,21.59,0,0,258,0
67,60,61.7184798272269,4.72257293822636,0.617279098868652,0,101,60000,0,1
67,60,61.7184798272269,4.72257293822636,0.617279098868652,13.72,0,0,355,0
67,60,61.7184798272269,4.72257293822636,0.617279098868652,20.57,0,0,282,0
67,60,61.7184798272269,4.72257293822636,0.617279098868652,21.7,0,0,272,0
67,60,61.7184798272269,4.72257293822636,0.617279098868652,22.53,0,0,229,0
68,60,48.300322714396,4.72261491300553,0.953773838959322,0,101,60000,0,1
68,60,48.300322714396,4.72261491300553,0.953773838959322,2.16,0,0,876,0
68,60,48.300322714396,4.72261491300553,0.953773838959322,6.15,0,0,844,0
68,60,48.300322714396,4.72261491300553,0.953773838959322,15.98,0,0,228,0
68,60,48.300322714396,4.72261491300553,0.953773838959322,23.88,0,0,103,0
69,60,33.7350195921996,2.13012996320575,0.964146745238135,0,101,60000,0,1
69,60,33.7350195921996,2.13012996320575,0.964146745238135,1.01,0,0,1552,0
69,60,33.7350195921996,2.13012996320575,0.964146745238135,2.05,0,0,1150,0
69,60,33.7350195921996,2.13012996320575,0.964146745238135,9.68,0,0,1177,0
69,60,33.7350195921996,2.13012996320575,0.964146745238135,23.18,0,0,342,0
70,60,60.2590958886396,4.53855799556783,0.665235522695637,0,101,60000,0,1
70,60,60.2590958886396,4.53855799556783,0.665235522695637,12.15,0,0,379,0
70,60,60.2590958886396,4.53855799556783,0.665235522695637,15.62,0,0,397,0
70,60,60.2590958886396,4.53855799556783,0.665235522695637,16.48,0,0,453,0
70,60,60.2590958886396,4.53855799556783,0.665235522695637,21.99,0,0,179,0
71,60,53.2966493494656,4.99168252592775,0.645854201593628,0,101,60000,0,1
71,60,53.2966493494656,4.99168252592775,0.645854201593628,1.63,0,0,556,0
71,60,53.2966493494656,4.99168252592775,0.645854201593628,5.64,0,0,643,0
71,60,53.2966493494656,4.99168252592775,0.645854201593628,12.01,0,0,460,0
71,60,53.2966493494656,4.99168252592775,0.645854201593628,14.92,0,0,247,0
72,60,71.8108634175615,3.70478864607078,1.81410885426566,0,101,60000,0,1
72,60,71.8108634175615,3.70478864607078,1.81410885426566,3.5,0,0,654,0
72,60,71.8108634175615,3.70478864607078,1.81410885426566,4.68,0,0,740,0
72,60,71.8108634175615,3.70478864607078,1.81410885426566,23.39,0,0,230,0
72,60,71.8108634175615,3.70478864607078,1.81410885426566,23.83,0,0,254,0
73,60,91.7617916781646,4.18913721411748,0.796637593289821,0,101,60000,0,1
73,60,91.7617916781646,4.18913721411748,0.796637593289821,8.46,0,0,472,0
73,60,91.7617916781646,4.18913721411748,0.796637593289821,21.87,0,0,429,0
73,60,91.7617916781646,4.18913721411748,0.796637593289821,22.33,0,0,305,0
73,60,91.7617916781646,4.18913721411748,0.796637593289821,23.12,0,0,233,0
74,60,105.112926909142,3.64271968915961,1.1090932157316,0,101,60000,0,1
74,60,105.112926909142,3.64271968915961,1.1090932157316,0.23,0,0,79,0
74,60,105.112926909142,3.64271968915961,1.1090932157316,4.81,0,0,344,0
74,60,105.112926909142,3.64271968915961,1.1090932157316,15.41,0,0,425,0
74,60,105.112926909142,3.64271968915961,1.1090932157316,21.71,0,0,277,0
75,60,69.2887113342308,5.27525710513694,1.45686561886329,0,101,60000,0,1
75,60,69.2887113342308,5.27525710513694,1.45686561886329,10.57,0,0,447,0
75,60,69.2887113342308,5.27525710513694,1.45686561886329,13.8,0,0,293,0
75,60,69.2887113342308,5.27525710513694,1.45686561886329,15.6,0,0,277,0
75,60,69.2887113342308,5.27525710513694,1.45686561886329,17.12,0,0,260,0
76,60,70.9361773748626,3.8087989606726,0.773624866165777,0,101,60000,0,1
76,60,70.9361773748626,3.8087989606726,0.773624866165777,5.88,0,0,442,0
76,60,70.9361773748626,3.8087989606726,0.773624866165777,13.4,0,0,520,0
76,60,70.9361773748626,3.8087989606726,0.773624866165777,14.81,0,0,322,0
76,60,70.9361773748626,3.8087989606726,0.773624866165777,16.41,0,0,341,0
77,60,53.4633776151628,4.0180005011847,0.893387293446337,0,101,60000,0,1
77,60,53.4633776151628,4.0180005011847,0.893387293446337,10.97,0,0,433,0
77,60,53.4633776151628,4.0180005011847,0.893387293446337,12.83,0,0,475,0
77,60,53.4633776151628,4.0180005011847,0.893387293446337,17.49,0,0,303,0
77,60,53.4633776151628,4.0180005011847,0.893387293446337,18.14,0,0,383,0
78,60,52.2162446695397,8.23144362952721,0.798077563130179,0,101,60000,0,1
78,60,52.2162446695397,8.23144362952721,0.798077563130179,2.56,0,0,761,0
78,60,52.2162446695397,8.23144362952721,0.798077563130179,10.23,0,0,211,0
78,60,52.2162446695397,8.23144362952721,0.798077563130179,20.92,0,0,55,0
78,60,52.2162446695397,8.23144362952721,0.798077563130179,22.48,0,0,32,0
79,60,57.626938556809,3.15945183326625,0.973719792745954,0,101,60000,0,1
79,60,57.626938556809,3.15945183326625,0.973719792745954,10.26,0,0,555,0
79,60,57.626938556809,3.15945183326625,0.973719792745954,12.02,0,0,739,0
79,60,57.626938556809,3.15945183326625,0.973719792745954,15.99,0,0,526,0
79,60,57.626938556809,3.15945183326625,0.973719792745954,20.64,0,0,411,0
80,60,112.762429043112,2.01097748152731,1.22754007506411,0,101,60000,0,1
80,60,112.762429043112,2.01097748152731,1.22754007506411,5.72,0,0,414,0
80,60,112.762429043112,2.01097748152731,1.22754007506411,11.6,0,0,491,0
80,60,112.762429043112,2.01097748152731,1.22754007506411,18.84,0,0,349,0
80,60,112.762429043112,2.01097748152731,1.22754007506411,21.61,0,0,387,0
81,60,59.1441349468031,3.72229862186087,1.52929570717651,0,101,60000,0,1
81,60,59.1441349468031,3.72229862186087,1.52929570717651,6.65,0,0,941,0
81,60,59.1441349468031,3.72229862186087,1.52929570717651,7.49,0,0,632,0
81,60,59.1441349468031,3.72229862186087,1.52929570717651,16.77,0,0,331,0
81,60,59.1441349468031,3.72229862186087,1.52929570717651,18.48,0,0,304,0
82,60,83.5275855589831,2.66571353046168,0.889011527861118,0,101,60000,0,1
82,60,83.5275855589831,2.66571353046168,0.889011527861118,4.12,0,0,561,0
82,60,83.5275855589831,2.66571353046168,0.889011527861118,13.18,0,0,708,0
82,60,83.5275855589831,2.66571353046168,0.889011527861118,16.15,0,0,495,0
82,60,83.5275855589831,2.66571353046168,0.889011527861118,22.08,0,0,302,0
83,60,121.475675983238,4.27700277821844,1.38311205025154,0,101,60000,0,1
83,60,121.475675983238,4.27700277821844,1.38311205025154,1.8,0,0,551,0
83,60,121.475675983238,4.27700277821844,1.38311205025154,3.69,0,0,435,0
83,60,121.475675983238,4.27700277821844,1.38311205025154,5.74,0,0,463,0
83,60,121.475675983238,4.27700277821844,1.38311205025154,21.43,0,0,329,0
84,60,59.6581101442208,4.66272514385439,0.82514095045788,0,101,60000,0,1
84,60,59.6581101442208,4.66272514385439,0.82514095045788,4.73,0,0,911,0
84,60,59.6581101442208,4.66272514385439,0.82514095045788,16.46,0,0,297,0
84,60,59.6581101442208,4.66272514385439,0.82514095045788,18.9,0,0,312,0
84,60,59.6581101442208,4.66272514385439,0.82514095045788,21.8,0,0,174,0
85,60,60.1593009911912,2.88158863805459,1.0805711393716,0,101,60000,0,1
85,60,60.1593009911912,2.88158863805459,1.0805711393716,0.57,0,0,408,0
85,60,60.1593009911912,2.88158863805459,1.0805711393716,2.12,0,0,839,0
85,60,60.1593009911912,2.88158863805459,1.0805711393716,2.97,0,0,1040,0
85,60,60.1593009911912,2.88158863805459,1.0805711393716,20.19,0,0,525,0
86,60,59.595118482564,3.87870588879861,0.829763946196064,0,101,60000,0,1
86,60,59.595118482564,3.87870588879861,0.829763946196064,7.07,0,0,629,0
86,60,59.595118482564,3.87870588879861,0.829763946196064,9.73,0,0,732,0
86,60,59.595118482564,3.87870588879861,0.829763946196064,20.24,0,0,293,0
86,60,59.595118482564,3.87870588879861,0.829763946196064,21.95,0,0,256,0
87,60,40.770491593535,6.2391086528653,1.49155788705345,0,101,60000,0,1
87,60,40.770491593535,6.2391086528653,1.49155788705345,0.15,0,0,233,0
87,60,40.770491593535,6.2391086528653,1.49155788705345,0.35,0,0,401,0
87,60,40.770491593535,6.2391086528653,1.49155788705345,2.43,0,0,1079,0
87,60,40.770491593535,6.2391086528653,1.49155788705345,4.49,0,0,854,0
88,60,95.4196569644028,4.29058063998437,1.01841838286752,0,101,60000,0,1
88,60,95.4196569644028,4.29058063998437,1.01841838286752,17.63,0,0,420,0
88,60,95.4196569644028,4.29058063998437,1.01841838286752,22.99,0,0,173,0
88,60,95.4196569644028,4.29058063998437,1.01841838286752,23.42,0,0,248,0
88,60,95.4196569644028,4.29058063998437,1.01841838286752,23.79,0,0,238,0
89,60,92.3854172213732,3.07433667354851,1.34702469495078,0,101,60000,0,1
89,60,92.3854172213732,3.07433667354851,1.34702469495078,4.8,0,0,685,0
89,60,92.3854172213732,3.07433667354851,1.34702469495078,6.37,0,0,459,0
89,60,92.3854172213732,3.07433667354851,1.34702469495078,7.1,0,0,635,0
89,60,92.3854172213732,3.07433667354851,1.34702469495078,23.63,0,0,273,0
90,60,81.8513660223282,3.09452897521935,0.963829095938418,0,101,60000,0,1
90,60,81.8513660223282,3.09452897521935,0.963829095938418,7.99,0,0,583,0
90,60,81.8513660223282,3.09452897521935,0.963829095938418,11.65,0,0,492,0
90,60,81.8513660223282,3.09452897521935,0.963829095938418,12.63,0,0,404,0
90,60,81.8513660223282,3.09452897521935,0.963829095938418,19.83,0,0,263,0
91,120,94.3090683393,3.81319632202942,0.795013343122437,0,101,120000,0,1
91,120,94.3090683393,3.81319632202942,0.795013343122437,0.09,0,0,70,0
91,120,94.3090683393,3.81319632202942,0.795013343122437,5.85,0,0,700,0
91,120,94.3090683393,3.81319632202942,0.795013343122437,10.28,0,0,1077,0
91,120,94.3090683393,3.81319632202942,0.795013343122437,10.77,0,0,861,0
92,120,38.3961692232354,4.53853623192201,1.06887313301969,0,101,120000,0,1
92,120,38.3961692232354,4.53853623192201,1.06887313301969,18.25,0,0,358,0
92,120,38.3961692232354,4.53853623192201,1.06887313301969,19.31,0,0,301,0
92,120,38.3961692232354,4.53853623192201,1.06887313301969,19.59,0,0,389,0
92,120,38.3961692232354,4.53853623192201,1.06887313301969,23.66,0,0,210,0
93,120,109.383888020679,5.92679335339651,0.882055829453804,0,101,120000,0,1
93,120,109.383888020679,5.92679335339651,0.882055829453804,3.33,0,0,971,0
93,120,109.383888020679,5.92679335339651,0.882055829453804,15.47,0,0,513,0
93,120,109.383888020679,5.92679335339651,0.882055829453804,16.06,0,0,648,0
93,120,109.383888020679,5.92679335339651,0.882055829453804,23.71,0,0,286,0
94,120,80.4946256502744,2.56830513588807,1.05679001732367,0,101,120000,0,1
94,120,80.4946256502744,2.56830513588807,1.05679001732367,4.27,0,0,1209,0
94,120,80.4946256502744,2.56830513588807,1.05679001732367,5.14,0,0,1527,0
94,120,80.4946256502744,2.56830513588807,1.05679001732367,14.57,0,0,1317,0
94,120,80.4946256502744,2.56830513588807,1.05679001732367,16.8,0,0,875,0
95,120,113.637474631067,5.1346771615768,0.955890509478585,0,101,120000,0,1
95,120,113.637474631067,5.1346771615768,0.955890509478585,0.11,0,0,129,0
95,120,113.637474631067,5.1346771615768,0.955890509478585,5.83,0,0,1002,0
95,120,113.637474631067,5.1346771615768,0.955890509478585,18.37,0,0,357,0
95,120,113.637474631067,5.1346771615768,0.955890509478585,23.52,0,0,432,0
96,120,130.238660385918,3.6903987171136,0.885080248742288,0,101,120000,0,1
96,120,130.238660385918,3.6903987171136,0.885080248742288,4.43,0,0,937,0
96,120,130.238660385918,3.6903987171136,0.885080248742288,8.26,0,0,787,0
96,120,130.238660385918,3.6903987171136,0.885080248742288,9.26,0,0,597,0
96,120,130.238660385918,3.6903987171136,0.885080248742288,22.14,0,0,686,0
97,120,45.2722240957435,3.30764855144237,1.01644610539481,0,101,120000,0,1
97,120,45.2722240957435,3.30764855144237,1.01644610539481,10.03,0,0,1185,0
97,120,45.2722240957435,3.30764855144237,1.01644610539481,13.03,0,0,866,0
97,120,45.2722240957435,3.30764855144237,1.01644610539481,19.62,0,0,711,0
97,120,45.2722240957435,3.30764855144237,1.01644610539481,23.74,0,0,917,0
98,120,120.209353201586,2.91662009319449,0.727709134580511,0,101,120000,0,1
98,120,120.209353201586,2.91662009319449,0.727709134580511,1.33,0,0,410,0
98,120,120.209353201586,2.91662009319449,0.727709134580511,6.31,0,0,880,0
98,120,120.209353201586,2.91662009319449,0.727709134580511,17.82,0,0,504,0
98,120,120.209353201586,2.91662009319449,0.727709134580511,18.77,0,0,652,0
99,120,62.4839141104248,2.16637665497838,1.22060242539213,0,101,120000,0,1
99,120,62.4839141104248,2.16637665497838,1.22060242539213,3.08,0,0,1692,0
99,120,62.4839141104248,2.16637665497838,1.22060242539213,5.14,0,0,1276,0
99,120,62.4839141104248,2.16637665497838,1.22060242539213,9.32,0,0,1579,0
99,120,62.4839141104248,2.16637665497838,1.22060242539213,10.44,0,0,1679,0
100,120,66.7657108682059,2.88201202410437,0.694893600506619,0,101,120000,0,1
100,120,66.7657108682059,2.88201202410437,0.694893600506619,0.58,0,0,575,0
100,120,66.7657108682059,2.88201202410437,0.694893600506619,3.34,0,0,1404,0
100,120,66.7657108682059,2.88201202410437,0.694893600506619,7.83,0,0,1145,0
100,120,66.7657108682059,2.88201202410437,0.694893600506619,19.59,0,0,946,0
101,120,89.9014346865569,3.25460833769987,1.22026299393797,0,101,120000,0,1
101,120,89.9014346865569,3.25460833769987,1.22026299393797,2.89,0,0,1365,0
101,120,89.9014346865569,3.25460833769987,1.22026299393797,9.94,0,0,716,0
101,120,89.9014346865569,3.25460833769987,1.22026299393797,13.61,0,0,692,0
101,120,89.9014346865569,3.25460833769987,1.22026299393797,23.36,0,0,750,0
102,120,77.042484626655,3.18425011535374,0.98942593482843,0,101,120000,0,1
102,120,77.042484626655,3.18425011535374,0.98942593482843,0.95,0,0,600,0
102,120,77.042484626655,3.18425011535374,0.98942593482843,8.28,0,0,1024,0
102,120,77.042484626655,3.18425011535374,0.98942593482843,13.89,0,0,1038,0
102,120,77.042484626655,3.18425011535374,0.98942593482843,21.25,0,0,677,0
103,120,55.6798913717144,3.79348931720557,0.915627401196907,0,101,120000,0,1
103,120,55.6798913717144,3.79348931720557,0.915627401196907,11.99,0,0,1135,0
103,120,55.6798913717144,3.79348931720557,0.915627401196907,13.89,0,0,676,0
103,120,55.6798913717144,3.79348931720557,0.915627401196907,16.27,0,0,615,0
103,120,55.6798913717144,3.79348931720557,0.915627401196907,19.64,0,0,983,0
104,120,38.4330685200795,4.15286471851533,1.09931543807708,0,101,120000,0,1
104,120,38.4330685200795,4.15286471851533,1.09931543807708,7.55,0,0,1351,0
104,120,38.4330685200795,4.15286471851533,1.09931543807708,9.37,0,0,1345,0
104,120,38.4330685200795,4.15286471851533,1.09931543807708,17.34,0,0,367,0
104,120,38.4330685200795,4.15286471851533,1.09931543807708,20.62,0,0,489,0
105,120,50.1465089377216,4.28761153744463,0.615011800525053,0,101,120000,0,1
105,120,50.1465089377216,4.28761153744463,0.615011800525053,6.41,0,0,1494,0
105,120,50.1465089377216,4.28761153744463,0.615011800525053,6.65,0,0,1543,0
105,120,50.1465089377216,4.28761153744463,0.615011800525053,12.36,0,0,1184,0
105,120,50.1465089377216,4.28761153744463,0.615011800525053,22.27,0,0,466,0
106,120,65.7835355324167,4.79760458313796,1.44383505502664,0,101,120000,0,1
106,120,65.7835355324167,4.79760458313796,1.44383505502664,10.66,0,0,1423,0
106,120,65.7835355324167,4.79760458313796,1.44383505502664,11.41,0,0,858,0
106,120,65.7835355324167,4.79760458313796,1.44383505502664,17.74,0,0,534,0
106,120,65.7835355324167,4.79760458313796,1.44383505502664,21.78,0,0,371,0
107,120,80.6914502597293,1.95076763616171,0.793909359568152,0,101,120000,0,1
107,120,80.6914502597293,1.95076763616171,0.793909359568152,0.49,0,0,454,0
107,120,80.6914502597293,1.95076763616171,0.793909359568152,2.97,0,0,1235,0
107,120,80.6914502597293,1.95076763616171,0.793909359568152,15.93,0,0,1125,0
107,120,80.6914502597293,1.95076763616171,0.793909359568152,22.33,0,0,867,0
108,120,69.4874899586361,3.91571512890112,0.580961083614269,0,101,120000,0,1
108,120,69.4874899586361,3.91571512890112,0.580961083614269,1.18,0,0,767,0
108,120,69.4874899586361,3.91571512890112,0.580961083614269,2.25,0,0,1149,0
108,120,69.4874899586361,3.91571512890112,0.580961083614269,6.51,0,0,1258,0
108,120,69.4874899586361,3.91571512890112,0.580961083614269,11.62,0,0,752,0
109,120,74.7683635810478,2.95698326486866,0.57217652998172,0,101,120000,0,1
109,120,74.7683635810478,2.95698326486866,0.57217652998172,0.97,0,0,533,0
109,120,74.7683635810478,2.95698326486866,0.57217652998172,12.93,0,0,1261,0
109,120,74.7683635810478,2.95698326486866,0.57217652998172,16.77,0,0,1150,0
109,120,74.7683635810478,2.95698326486866,0.57217652998172,18.75,0,0,924,0
110,120,74.2443626849783,3.09171264198769,1.05701471079125,0,101,120000,0,1
110,120,74.2443626849783,3.09171264198769,1.05701471079125,9.72,0,0,1247,0
110,120,74.2443626849783,3.09171264198769,1.05701471079125,10.4,0,0,1188,0
110,120,74.2443626849783,3.09171264198769,1.05701471079125,12.93,0,0,1051,0
110,120,74.2443626849783,3.09171264198769,1.05701471079125,22.33,0,0,613,0
111,120,57.8219807294631,3.69723861026084,1.34421254009135,0,101,120000,0,1
111,120,57.8219807294631,3.69723861026084,1.34421254009135,3.08,0,0,1811,0
111,120,57.8219807294631,3.69723861026084,1.34421254009135,9.25,0,0,1218,0
111,120,57.8219807294631,3.69723861026084,1.34421254009135,14.5,0,0,590,0
111,120,57.8219807294631,3.69723861026084,1.34421254009135,16.55,0,0,764,0
112,120,70.7286423733219,3.62680809624118,1.32245279123637,0,101,120000,0,1
112,120,70.7286423733219,3.62680809624118,1.32245279123637,7.09,0,0,1604,0
112,120,70.7286423733219,3.62680809624118,1.32245279123637,8.36,0,0,1005,0
112,120,70.7286423733219,3.62680809624118,1.32245279123637,20.61,0,0,553,0
112,120,70.7286423733219,3.62680809624118,1.32245279123637,20.77,0,0,542,0
113,120,68.0921561449105,3.15266472541173,1.525389834088,0,101,120000,0,1
113,120,68.0921561449105,3.15266472541173,1.525389834088,4.06,0,0,1121,0
113,120,68.0921561449105,3.15266472541173,1.525389834088,9.36,0,0,1036,0
113,120,68.0921561449105,3.15266472541173,1.525389834088,9.55,0,0,1086,0
113,120,68.0921561449105,3.15266472541173,1.525389834088,10.18,0,0,1333,0
114,120,60.3721681671782,5.81044079395998,1.11459098066153,0,101,120000,0,1
114,120,60.3721681671782,5.81044079395998,1.11459098066153,3.33,0,0,1711,0
114,120,60.3721681671782,5.81044079395998,1.11459098066153,14.45,0,0,687,0
114,120,60.3721681671782,5.81044079395998,1.11459098066153,20.82,0,0,288,0
114,120,60.3721681671782,5.81044079395998,1.11459098066153,22.51,0,0,221,0
115,120,102.763900113584,2.49758201959051,1.01067455309387,0,101,120000,0,1
115,120,102.763900113584,2.49758201959051,1.01067455309387,0.84,0,0,581,0
115,120,102.763900113584,2.49758201959051,1.01067455309387,5.44,0,0,1069,0
115,120,102.763900113584,2.49758201959051,1.01067455309387,6.83,0,0,1354,0
115,120,102.763900113584,2.49758201959051,1.01067455309387,12.26,0,0,740,0
116,120,107.2054351612,5.74054582264034,1.20866553218687,0,101,120000,0,1
116,120,107.2054351612,5.74054582264034,1.20866553218687,5.6,0,0,1057,0
116,120,107.2054351612,5.74054582264034,1.20866553218687,6.35,0,0,970,0
116,120,107.2054351612,5.74054582264034,1.20866553218687,13.03,0,0,523,0
116,120,107.2054351612,5.74054582264034,1.20866553218687,18.74,0,0,483,0
117,120,127.706000723299,4.9405134583451,0.713681719091599,0,101,120000,0,1
117,120,127.706000723299,4.9405134583451,0.713681719091599,7.44,0,0,752,0
117,120,127.706000723299,4.9405134583451,0.713681719091599,7.85,0,0,650,0
117,120,127.706000723299,4.9405134583451,0.713681719091599,13.8,0,0,472,0
117,120,127.706000723299,4.9405134583451,0.713681719091599,20.41,0,0,519,0
118,120,41.6316832062083,8.01774193117866,1.3525523169545,0,101,120000,0,1
118,120,41.6316832062083,8.01774193117866,1.3525523169545,0.58,0,0,1421,0
118,120,41.6316832062083,8.01774193117866,1.3525523169545,4.84,0,0,1431,0
118,120,41.6316832062083,8.01774193117866,1.3525523169545,11.6,0,0,276,0
118,120,41.6316832062083,8.01774193117866,1.3525523169545,20.96,0,0,60,0
119,120,89.0663019496362,5.2035513217194,1.37760981214642,0,101,120000,0,1
119,120,89.0663019496362,5.2035513217194,1.37760981214642,7.85,0,0,896,0
119,120,89.0663019496362,5.2035513217194,1.37760981214642,14.43,0,0,613,0
119,120,89.0663019496362,5.2035513217194,1.37760981214642,14.45,0,0,422,0
119,120,89.0663019496362,5.2035513217194,1.37760981214642,23.92,0,0,343,0
120,120,85.362393719249,4.99762487832103,0.830602614130051,0,101,120000,0,1
120,120,85.362393719249,4.99762487832103,0.830602614130051,1.8,0,0,1126,0
120,120,85.362393719249,4.99762487832103,0.830602614130051,2.11,0,0,989,0
120,120,85.362393719249,4.99762487832103,0.830602614130051,14.8,0,0,691,0
120,120,85.362393719249,4.99762487832103,0.830602614130051,23.31,0,0,282,0
