ID,DOSE,V,CL,KA,TIME,EVID,AMT,DV,EVIDNM
1,10,72.2615305909679,7.04266855212914,0.721802590275106,0,101,10000,0,1
1,10,72.2615305909679,7.04266855212914,0.721802590275106,2.67,0,0,96,0
1,10,72.2615305909679,7.04266855212914,0.721802590275106,7.97,0,0,75,0
1,10,72.2615305909679,7.04266855212914,0.721802590275106,14.76,0,0,29,0
1,10,72.2615305909679,7.04266855212914,0.721802590275106,21.6,0,0,14,0
2,10,59.8650432747792,1.47745477055366,0.582583905539096,0,101,10000,0,1
2,10,59.8650432747792,1.47745477055366,0.582583905539096,5.55,0,0,103,0
2,10,59.8650432747792,1.47745477055366,0.582583905539096,8.93,0,0,121,0
2,10,59.8650432747792,1.47745477055366,0.582583905539096,17.1,0,0,90,0
2,10,59.8650432747792,1.47745477055366,0.582583905539096,17.24,0,0,95,0
3,10,117.156126214806,4.40939509823435,1.35543212479451,0,101,10000,0,1
3,10,117.156126214806,4.40939509823435,1.35543212479451,6.71,0,0,83,0
3,10,117.156126214806,4.40939509823435,1.35543212479451,8.05,0,0,59,0
3,10,117.156126214806,4.40939509823435,1.35543212479451,19.62,0,0,41,0
3,10,117.156126214806,4.40939509823435,1.35543212479451,22.47,0,0,31,0
4,10,46.7698534560103,4.15939204627464,1.72195777121917,0,101,10000,0,1
4,10,46.7698534560103,4.15939204627464,1.72195777121917,2.77,0,0,175,0
4,10,46.7698534560103,4.15939204627464,1.72195777121917,5.27,0,0,166,0
4,10,46.7698534560103,4.15939204627464,1.72195777121917,7.76,0,0,97,0
4,10,46.7698534560103,4.15939204627464,1.72195777121917,10.16,0,0,49,0
5,10,64.2116685183414,4.50393204835829,1.19003040837568,0,101,10000,0,1
5,10,64.2116685183414,4.50393204835829,1.19003040837568,0.2,0,0,36,0
5,10,64.2116685183414,4.50393204835829,1.19003040837568,1.69,0,0,116,0
5,10,64.2116685183414,4.50393204835829,1.19003040837568,4.81,0,0,100,0
5,10,64.2116685183414,4.50393204835829,1.19003040837568,20.95,0,0,36,0
6,10,91.1434415999732,3.58091436560554,1.10278867075663,0,101,10000,0,1
6,10,91.1434415999732,3.58091436560554,1.10278867075663,4.82,0,0,83,0
6,10,91.1434415999732,3.58091436560554,1.10278867075663,8.13,0,0,73,0
6,10,91.1434415999732,3.58091436560554,1.10278867075663,9.76,0,0,88,0
6,10,91.1434415999732,3.58091436560554,1.10278867075663,22.74,0,0,40,0
7,10,57.0912189747377,3.73723025228464,0.683887863115148,0,101,10000,0,1
7,10,57.0912189747377,3.73723025228464,0.683887863115148,8.41,0,0,112,0
7,10,57.0912189747377,3.73723025228464,0.683887863115148,8.82,0,0,74,0
7,10,57.0912189747377,3.73723025228464,0.683887863115148,17.19,0,0,63,0
7,10,57.0912189747377,3.73723025228464,0.683887863115148,22.73,0,0,57,0
8,10,57.3985130571032,3.24671496547282,0.723133691263813,0,101,10000,0,1
8,10,57.3985130571032,3.24671496547282,0.723133691263813,12.42,0,0,107,0
8,10,57.3985130571032,3.24671496547282,0.723133691263813,17.89,0,0,66,0
8,10,57.3985130571032,3.24671496547282,0.723133691263813,19.88,0,0,62,0
8,10,57.3985130571032,3.24671496547282,0.723133691263813,23.04,0,0,64,0
9,10,82.6728575089274,5.67262372297416,1.37999473135498,0,101,10000,0,1
9,10,82.6728575089274,5.67262372297416,1.37999473135498,1.56,0,0,104,0
9,10,82.6728575089274,5.67262372297416,1.37999473135498,5.08,0,0,72,0
9,10,82.6728575089274,5.67262372297416,1.37999473135498,12.95,0,0,42,0
9,10,82.6728575089274,5.67262372297416,1.37999473135498,21.46,0,0,32,0
10,10,84.0729956868299,3.25626465462689,1.08988606816969,0,101,10000,0,1
10,10,84.0729956868299,3.25626465462689,1.08988606816969,13.69,0,0,71,0
10,10,84.0729956868299,3.25626465462689,1.08988606816969,15.31,0,0,94,0
10,10,84.0729956868299,3.25626465462689,1.08988606816969,16.09,0,0,68,0
10,10,84.0729956868299,3.25626465462689,1.08988606816969,16.8,0,0,73,0
11,10,87.373499179637,1.5404948667437,0.875633074790336,0,101,10000,0,1
11,10,87.373499179637,1.5404948667437,0.875633074790336,0.5,0,0,46,0
11,10,87.373499179637,1.5404948667437,0.875633074790336,6.76,0,0,121,0
11,10,87.373499179637,1.5404948667437,0.875633074790336,9.12,0,0,83,0
11,10,87.373499179637,1.5404948667437,0.875633074790336,19.12,0,0,95,0
12,10,74.0027863753547,2.9389629852262,1.02433262779752,0,101,10000,0,1
12,10,74.0027863753547,2.9389629852262,1.02433262779752,0.34,0,0,34,0
12,10,74.0027863753547,2.9389629852262,1.02433262779752,3.04,0,0,101,0
12,10,74.0027863753547,2.9389629852262,1.02433262779752,14.28,0,0,86,0
12,10,74.0027863753547,2.9389629852262,1.02433262779752,19.17,0,0,71,0
13,10,85.9060287627678,8.22985476853201,1.5252098588026,0,101,10000,0,1
13,10,85.9060287627678,8.22985476853201,1.5252098588026,3.67,0,0,85,0
13,10,85.9060287627678,8.22985476853201,1.5252098588026,7.59,0,0,55,0
13,10,85.9060287627678,8.22985476853201,1.5252098588026,14.13,0,0,39,0
13,10,85.9060287627678,8.22985476853201,1.5252098588026,19.66,0,0,15,0
14,10,48.1650812828671,4.94132612792672,1.0477570115752,0,101,10000,0,1
14,10,48.1650812828671,4.94132612792672,1.0477570115752,10.43,0,0,87,0
14,10,48.1650812828671,4.94132612792672,1.0477570115752,15.2,0,0,55,0
14,10,48.1650812828671,4.94132612792672,1.0477570115752,21.28,0,0,26,0
14,10,48.1650812828671,4.94132612792672,1.0477570115752,21.92,0,0,27,0
15,10,63.9710629205118,6.03699398708167,0.86197391154987,0,101,10000,0,1
15,10,63.9710629205118,6.03699398708167,0.86197391154987,4.9,0,0,71,0
15,10,63.9710629205118,6.03699398708167,0.86197391154987,9.15,0,0,69,0
15,10,63.9710629205118,6.03699398708167,0.86197391154987,14.51,0,0,67,0
15,10,63.9710629205118,6.03699398708167,0.86197391154987,14.84,0,0,33,0
16,10,75.1724994001679,2.21726348716108,0.598101543977274,0,101,10000,0,1
16,10,75.1724994001679,2.21726348716108,0.598101543977274,0.76,0,0,44,0
16,10,75.1724994001679,2.21726348716108,0.598101543977274,2.85,0,0,154,0
16,10,75.1724994001679,2.21726348716108,0.598101543977274,14.41,0,0,63,0
16,10,75.1724994001679,2.21726348716108,0.598101543977274,19.43,0,0,77,0
17,10,36.5801418626365,4.70363786216085,0.824595686500871,0,101,10000,0,1
17,10,36.5801418626365,4.70363786216085,0.824595686500871,6.31,0,0,144,0
17,10,36.5801418626365,4.70363786216085,0.824595686500871,17.69,0,0,27,0
17,10,36.5801418626365,4.70363786216085,0.824595686500871,21.08,0,0,24,0
17,10,36.5801418626365,4.70363786216085,0.824595686500871,22.42,0,0,21,0
18,10,106.118192215232,4.4726505860136,1.19675786992272,0,101,10000,0,1
18,10,106.118192215232,4.4726505860136,1.19675786992272,3.97,0,0,75,0
18,10,106.118192215232,4.4726505860136,1.19675786992272,12.6,0,0,55,0
18,10,106.118192215232,4.4726505860136,1.19675786992272,15.24,0,0,73,0
18,10,106.118192215232,4.4726505860136,1.19675786992272,22.43,0,0,47,0
19,10,71.797209818778,3.80799385300536,1.06153102773124,0,101,10000,0,1
19,10,71.797209818778,3.80799385300536,1.06153102773124,4.27,0,0,129,0
19,10,71.797209818778,3.80799385300536,1.06153102773124,10.41,0,0,75,0
19,10,71.797209818778,3.80799385300536,1.06153102773124,13,0,0,59,0
19,10,71.797209818778,3.80799385300536,1.06153102773124,15.14,0,0,79,0
20,10,53.9314129609884,4.76396799506797,1.01427223991594,0,101,10000,0,1
20,10,53.9314129609884,4.76396799506797,1.01427223991594,4.72,0,0,120,0
20,10,53.9314129609884,4.76396799506797,1.01427223991594,5.17,0,0,113,0
20,10,53.9314129609884,4.76396799506797,1.01427223991594,5.5,0,0,170,0
20,10,53.9314129609884,4.76396799506797,1.01427223991594,6.51,0,0,95,0
21,10,74.7415654146484,5.94784340593389,1.20838404815893,0,101,10000,0,1
21,10,74.7415654146484,5.94784340593389,1.20838404815893,2.23,0,0,133,0
21,10,74.7415654146484,5.94784340593389,1.20838404815893,10.92,0,0,43,0
21,10,74.7415654146484,5.94784340593389,1.20838404815893,14.69,0,0,37,0
21,10,74.7415654146484,5.94784340593389,1.20838404815893,21.31,0,0,22,0
22,10,89.6600709807159,9.70975176768286,1.65198839214636,0,101,10000,0,1
22,10,89.6600709807159,9.70975176768286,1.65198839214636,2.7,0,0,96,0
22,10,89.6600709807159,9.70975176768286,1.65198839214636,5.92,0,0,63,0
22,10,89.6600709807159,9.70975176768286,1.65198839214636,9.33,0,0,40,0
22,10,89.6600709807159,9.70975176768286,1.65198839214636,16.76,0,0,18,0
23,10,77.6363182153346,6.31454345703994,1.05293978790996,0,101,10000,0,1
23,10,77.6363182153346,6.31454345703994,1.05293978790996,1,0,0,92,0
23,10,77.6363182153346,6.31454345703994,1.05293978790996,10.96,0,0,78,0
23,10,77.6363182153346,6.31454345703994,1.05293978790996,15.16,0,0,41,0
23,10,77.6363182153346,6.31454345703994,1.05293978790996,22.96,0,0,16,0
24,10,117.768884956843,5.50131571239821,0.993444084265373,0,101,10000,0,1
24,10,117.768884956843,5.50131571239821,0.993444084265373,4.68,0,0,68,0
24,10,117.768884956843,5.50131571239821,0.993444084265373,5.84,0,0,59,0
24,10,117.768884956843,5.50131571239821,0.993444084265373,9.32,0,0,56,0
24,10,117.768884956843,5.50131571239821,0.993444084265373,12.38,0,0,49,0
25,10,73.6098647657865,3.00623364626401,0.792679387522609,0,101,10000,0,1
25,10,73.6098647657865,3.00623364626401,0.792679387522609,1.73,0,0,124,0
25,10,73.6098647657865,3.00623364626401,0.792679387522609,6.23,0,0,137,0
25,10,73.6098647657865,3.00623364626401,0.792679387522609,18.83,0,0,80,0
25,10,73.6098647657865,3.00623364626401,0.792679387522609,19.23,0,0,71,0
26,10,87.6552083861468,4.66290017610989,0.849091631873216,0,101,10000,0,1
26,10,87.6552083861468,4.66290017610989,0.849091631873216,5.11,0,0,100,0
26,10,87.6552083861468,4.66290017610989,0.849091631873216,5.52,0,0,88,0
26,10,87.6552083861468,4.66290017610989,0.849091631873216,7.72,0,0,90,0
26,10,87.6552083861468,4.66290017610989,0.849091631873216,21.86,0,0,41,0
27,10,60.3216137506419,7.93142529347137,0.626867237873525,0,101,10000,0,1
27,10,60.3216137506419,7.93142529347137,0.626867237873525,2.89,0,0,117,0
27,10,60.3216137506419,7.93142529347137,0.626867237873525,5.67,0,0,73,0
27,10,60.3216137506419,7.93142529347137,0.626867237873525,8.88,0,0,50,0
27,10,60.3216137506419,7.93142529347137,0.626867237873525,10.51,0,0,57,0
28,10,72.3779990146723,4.29279238342155,1.22826327684844,0,101,10000,0,1
28,10,72.3779990146723,4.29279238342155,1.22826327684844,3.31,0,0,84,0
28,10,72.3779990146723,4.29279238342155,1.22826327684844,8.81,0,0,99,0
28,10,72.3779990146723,4.29279238342155,1.22826327684844,20.46,0,0,30,0
28,10,72.3779990146723,4.29279238342155,1.22826327684844,20.48,0,0,39,0
29,10,70.9231013411711,3.95680879165146,0.571515122805406,0,101,10000,0,1
29,10,70.9231013411711,3.95680879165146,0.571515122805406,9.87,0,0,89,0
29,10,70.9231013411711,3.95680879165146,0.571515122805406,14.63,0,0,70,0
29,10,70.9231013411711,3.95680879165146,0.571515122805406,14.72,0,0,72,0
29,10,70.9231013411711,3.95680879165146,0.571515122805406,19.38,0,0,45,0
30,10,107.676340560538,2.99021241601903,1.44218754262127,0,101,10000,0,1
30,10,107.676340560538,2.99021241601903,1.44218754262127,3.12,0,0,102,0
30,10,107.676340560538,2.99021241601903,1.44218754262127,12.98,0,0,47,0
30,10,107.676340560538,2.99021241601903,1.44218754262127,13.78,0,0,60,0
30,10,107.676340560538,2.99021241601903,1.44218754262127,16.69,0,0,48,0
31,30,57.1479741288148,3.80662758528953,1.11952885358535,0,101,30000,0,1
31,30,57.1479741288148,3.80662758528953,1.11952885358535,5.36,0,0,302,0
31,30,57.1479741288148,3.80662758528953,1.11952885358535,11.84,0,0,207,0
31,30,57.1479741288148,3.80662758528953,1.11952885358535,14.59,0,0,160,0
31,30,57.1479741288148,3.80662758528953,1.11952885358535,19.8,0,0,147,0
32,30,92.4790123959926,3.03948493420477,0.83167190470839,0,101,30000,0,1
32,30,92.4790123959926,3.03948493420477,0.83167190470839,2.68,0,0,526,0
32,30,92.4790123959926,3.03948493420477,0.83167190470839,12.41,0,0,296,0
32,30,92.4790123959926,3.03948493420477,0.83167190470839,13.67,0,0,177,0
32,30,92.4790123959926,3.03948493420477,0.83167190470839,18.68,0,0,207,0
33,30,59.1100206700157,3.04434230384291,1.73938198341564,0,101,30000,0,1
33,30,59.1100206700157,3.04434230384291,1.73938198341564,1.9,0,0,450,0
33,30,59.1100206700157,3.04434230384291,1.73938198341564,10.48,0,0,252,0
33,30,59.1100206700157,3.04434230384291,1.73938198341564,18.09,0,0,193,0
33,30,59.1100206700157,3.04434230384291,1.73938198341564,18.4,0,0,240,0
34,30,47.0213761972604,3.1148059765911,1.01903671680851,0,101,30000,0,1
34,30,47.0213761972604,3.1148059765911,1.01903671680851,9.19,0,0,473,0
34,30,47.0213761972604,3.1148059765911,1.01903671680851,13.13,0,0,226,0
34,30,47.0213761972604,3.1148059765911,1.01903671680851,18.6,0,0,256,0
34,30,47.0213761972604,3.1148059765911,1.01903671680851,22.55,0,0,139,0
35,30,50.0888043772793,4.37815987562543,0.921604839249327,0,101,30000,0,1
35,30,50.0888043772793,4.37815987562543,0.921604839249327,0.49,0,0,185,0
35,30,50.0888043772793,4.37815987562543,0.921604839249327,2.49,0,0,710,0
35,30,50.0888043772793,4.37815987562543,0.921604839249327,11.92,0,0,202,0
35,30,50.0888043772793,4.37815987562543,0.921604839249327,14.31,0,0,150,0
36,30,118.068690767576,4.05607294482773,0.817040361408327,0,101,30000,0,1
36,30,118.068690767576,4.05607294482773,0.817040361408327,7.93,0,0,222,0
36,30,118.068690767576,4.05607294482773,0.817040361408327,12.58,0,0,137,0
36,30,118.068690767576,4.05607294482773,0.817040361408327,19.42,0,0,150,0
36,30,118.068690767576,4.05607294482773,0.817040361408327,23.62,0,0,152,0
37,30,68.9649800379634,5.81169295348332,1.15654783888576,0,101,30000,0,1
37,30,68.9649800379634,5.81169295348332,1.15654783888576,8.92,0,0,249,0
37,30,68.9649800379634,5.81169295348332,1.15654783888576,14.05,0,0,134,0
37,30,68.9649800379634,5.81169295348332,1.15654783888576,15.09,0,0,155,0
37,30,68.9649800379634,5.81169295348332,1.15654783888576,18.8,0,0,91,0
38,30,51.2010619504327,4.85823120138971,0.727477303019779,0,101,30000,0,1
38,30,51.2010619504327,4.85823120138971,0.727477303019779,3.6,0,0,448,0
38,30,51.2010619504327,4.85823120138971,0.727477303019779,9.44,0,0,233,0
38,30,51.2010619504327,4.85823120138971,0.727477303019779,14.18,0,0,226,0
38,30,51.2010619504327,4.85823120138971,0.727477303019779,23.52,0,0,79,0
39,30,38.9085359314818,5.6720525555034,1.48919267136573,0,101,30000,0,1
39,30,38.9085359314818,5.6720525555034,1.48919267136573,3.58,0,0,463,0
39,30,38.9085359314818,5.6720525555034,1.48919267136573,6.95,0,0,355,0
39,30,38.9085359314818,5.6720525555034,1.48919267136573,15.05,0,0,84,0
39,30,38.9085359314818,5.6720525555034,1.48919267136573,15.93,0,0,95,0
40,30,51.2753487568951,4.20211300756065,1.59430942273384,0,101,30000,0,1
40,30,51.2753487568951,4.20211300756065,1.59430942273384,3.79,0,0,502,0
40,30,51.2753487568951,4.20211300756065,1.59430942273384,13.29,0,0,211,0
40,30,51.2753487568951,4.20211300756065,1.59430942273384,13.3,0,0,236,0
40,30,51.2753487568951,4.20211300756065,1.59430942273384,13.69,0,0,171,0
41,30,48.5138011351114,4.72559799223142,0.806513836012484,0,101,30000,0,1
41,30,48.5138011351114,4.72559799223142,0.806513836012484,5.9,0,0,439,0
41,30,48.5138011351114,4.72559799223142,0.806513836012484,6.94,0,0,391,0
41,30,48.5138011351114,4.72559799223142,0.806513836012484,13.6,0,0,170,0
41,30,48.5138011351114,4.72559799223142,0.806513836012484,17.14,0,0,123,0
42,30,66.2832745274422,3.21640223447927,0.562848193370268,0,101,30000,0,1
42,30,66.2832745274422,3.21640223447927,0.562848193370268,1.79,0,0,471,0
42,30,66.2832745274422,3.21640223447927,0.562848193370268,2.04,0,0,214,0
42,30,66.2832745274422,3.21640223447927,0.562848193370268,3.41,0,0,276,0
42,30,66.2832745274422,3.21640223447927,0.562848193370268,15.84,0,0,241,0
43,30,72.4373802323455,4.7278074970465,1.10950306302478,0,101,30000,0,1
43,30,72.4373802323455,4.7278074970465,1.10950306302478,8.81,0,0,265,0
43,30,72.4373802323455,4.7278074970465,1.10950306302478,17.06,0,0,112,0
43,30,72.4373802323455,4.7278074970465,1.10950306302478,18.32,0,0,149,0
43,30,72.4373802323455,4.7278074970465,1.10950306302478,19.85,0,0,113,0
44,30,99.3894923712225,2.98548492518534,1.34784282492758,0,101,30000,0,1
44,30,99.3894923712225,2.98548492518534,1.34784282492758,2.31,0,0,319,0
44,30,99.3894923712225,2.98548492518534,1.34784282492758,6.6,0,0,293,0
44,30,99.3894923712225,2.98548492518534,1.34784282492758,13.61,0,0,219,0
44,30,99.3894923712225,2.98548492518534,1.34784282492758,23.63,0,0,179,0
45,30,60.3828647402307,3.62033312192449,1.22993721324416,0,101,30000,0,1
45,30,60.3828647402307,3.62033312192449,1.22993721324416,6.21,0,0,359,0
45,30,60.3828647402307,3.62033312192449,1.22993721324416,8.67,0,0,260,0
45,30,60.3828647402307,3.62033312192449,1.22993721324416,13.41,0,0,204,0
45,30,60.3828647402307,3.62033312192449,1.22993721324416,17.5,0,0,165,0
46,30,92.7387414302267,5.06807161895341,1.20666308571865,0,101,30000,0,1
46,30,92.7387414302267,5.06807161895341,1.20666308571865,8.69,0,0,258,0
46,30,92.7387414302267,5.06807161895341,1.20666308571865,11.43,0,0,194,0
46,30,92.7387414302267,5.06807161895341,1.20666308571865,13.96,0,0,159,0
46,30,92.7387414302267,5.06807161895341,1.20666308571865,14.12,0,0,149,0
47,30,41.3319981515469,3.81779465872253,1.57390274594095,0,101,30000,0,1
47,30,41.3319981515469,3.81779465872253,1.57390274594095,0.14,0,0,176,0
47,30,41.3319981515469,3.81779465872253,1.57390274594095,0.99,0,0,543,0
47,30,41.3319981515469,3.81779465872253,1.57390274594095,6.91,0,0,351,0
47,30,41.3319981515469,3.81779465872253,1.57390274594095,11.47,0,0,360,0
48,30,102.255360672919,5.65559417097423,0.96155748009664,0,101,30000,0,1
48,30,102.255360672919,5.65559417097423,0.96155748009664,1.07,0,0,182,0
48,30,102.255360672919,5.65559417097423,0.96155748009664,11.56,0,0,154,0
48,30,102.255360672919,5.65559417097423,0.96155748009664,14.86,0,0,156,0
48,30,102.255360672919,5.65559417097423,0.96155748009664,22.49,0,0,60,0
49,30,56.35160315687,3.1736704829406,0.704040672616926,0,101,30000,0,1
49,30,56.35160315687,3.1736704829406,0.704040672616926,0.47,0,0,140,0
49,30,56.35160315687,3.1736704829406,0.704040672616926,12.87,0,0,287,0
49,30,56.35160315687,3.1736704829406,0.704040672616926,17.1,0,0,214,0
49,30,56.35160315687,3.1736704829406,0.704040672616926,19.43,0,0,228,0
50,30,50.6944513754089,3.82897266833597,1.15066543690208,0,101,30000,0,1
50,30,50.6944513754089,3.82897266833597,1.15066543690208,2.75,0,0,579,0
50,30,50.6944513754089,3.82897266833597,1.15066543690208,10.22,0,0,318,0
50,30,50.6944513754089,3.82897266833597,1.15066543690208,15.23,0,0,254,0
50,30,50.6944513754089,3.82897266833597,1.15066543690208,16.35,0,0,210,0
51,30,73.5876648463304,5.68217258120368,0.965616081568852,0,101,30000,0,1
51,30,73.5876648463304,5.68217258120368,0.965616081568852,0.14,0,0,69,0
51,30,73.5876648463304,5.68217258120368,0.965616081568852,13.7,0,0,136,0
51,30,73.5876648463304,5.68217258120368,0.965616081568852,18.89,0,0,148,0
51,30,73.5876648463304,5.68217258120368,0.965616081568852,20.81,0,0,90,0
52,30,53.5951898224569,3.50940947037423,1.17869190576812,0,101,30000,0,1
52,30,53.5951898224569,3.50940947037423,1.17869190576812,5.46,0,0,322,0
52,30,53.5951898224569,3.50940947037423,1.17869190576812,17.94,0,0,231,0
52,30,53.5951898224569,3.50940947037423,1.17869190576812,20.96,0,0,117,0
52,30,53.5951898224569,3.50940947037423,1.17869190576812,22.91,0,0,177,0
53,30,60.2373376433209,4.39612746188785,0.935338841633858,0,101,30000,0,1
53,30,60.2373376433209,4.39612746188785,0.935338841633858,1.31,0,0,318,0
53,30,60.2373376433209,4.39612746188785,0.935338841633858,10.35,0,0,231,0
53,30,60.2373376433209,4.39612746188785,0.935338841633858,14.25,0,0,181,0
53,30,60.2373376433209,4.39612746188785,0.935338841633858,16.98,0,0,151,0
54,30,57.1857140229783,5.50241706596281,1.25290612223965,0,101,30000,0,1
54,30,57.1857140229783,5.50241706596281,1.25290612223965,1.85,0,0,553,0
54,30,57.1857140229783,5.50241706596281,1.25290612223965,5.08,0,0,462,0
54,30,57.1857140229783,5.50241706596281,1.25290612223965,5.84,0,0,310,0
54,30,57.1857140229783,5.50241706596281,1.25290612223965,16.06,0,0,138,0
55,30,80.7538591227918,5.51815049775333,1.79358909657731,0,101,30000,0,1
55,30,80.7538591227918,5.51815049775333,1.79358909657731,15.63,0,0,115,0
55,30,80.7538591227918,5.51815049775333,1.79358909657731,16.76,0,0,170,0
55,30,80.7538591227918,5.51815049775333,1.79358909657731,20.04,0,0,94,0
55,30,80.7538591227918,5.51815049775333,1.79358909657731,22.93,0,0,85,0
56,30,81.6544538573186,4.79029751764938,0.723400197972152,0,101,30000,0,1
56,30,81.6544538573186,4.79029751764938,0.723400197972152,3.09,0,0,265,0
56,30,81.6544538573186,4.79029751764938,0.723400197972152,6.28,0,0,261,0
56,30,81.6544538573186,4.79029751764938,0.723400197972152,8.25,0,0,317,0
56,30,81.6544538573186,4.79029751764938,0.723400197972152,23.9,0,0,115,0
57,30,99.0120000204187,5.19593215447106,1.54746358768364,0,101,30000,0,1
57,30,99.0120000204187,5.19593215447106,1.54746358768364,1.36,0,0,470,0
57,30,99.0120000204187,5.19593215447106,1.54746358768364,10.25,0,0,158,0
57,30,99.0120000204187,5.19593215447106,1.54746358768364,10.46,0,0,153,0
57,30,99.0120000204187,5.19593215447106,1.54746358768364,14.89,0,0,185,0
58,30,70.8353521072119,3.8503158720151,0.950259038397458,0,101,30000,0,1
58,30,70.8353521072119,3.8503158720151,0.950259038397458,3.74,0,0,353,0
58,30,70.8353521072119,3.8503158720151,0.950259038397458,9.66,0,0,247,0
58,30,70.8353521072119,3.8503158720151,0.950259038397458,11.3,0,0,244,0
58,30,70.8353521072119,3.8503158720151,0.950259038397458,14.19,0,0,203,0
59,30,78.541570062307,3.42579800378764,1.13304647308944,0,101,30000,0,1
59,30,78.541570062307,3.42579800378764,1.13304647308944,6.9,0,0,295,0
59,30,78.541570062307,3.42579800378764,1.13304647308944,13.77,0,0,270,0
59,30,78.541570062307,3.42579800378764,1.13304647308944,18.41,0,0,160,0
59,30,78.541570062307,3.42579800378764,1.13304647308944,20.79,0,0,117,0
60,30,63.2108585852059,3.88999174422136,1.74722867086799,0,101,30000,0,1
60,30,63.2108585852059,3.88999174422136,1.74722867086799,11.43,0,0,287,0
60,30,63.2108585852059,3.88999174422136,1.74722867086799,12.01,0,0,147,0
60,30,63.2108585852059,3.88999174422136,1.74722867086799,18.64,0,0,243,0
60,30,63.2108585852059,3.88999174422136,1.74722867086799,18.76,0,0,150,0
61,60,33.7350195921996,2.13012996320575,0.964146745238135,0,101,60000,0,1
61,60,33.7350195921996,2.13012996320575,0.964146745238135,1.01,0,0,1552,0
61,60,33.7350195921996,2.13012996320575,0.964146745238135,2.05,0,0,1150,0
61,60,33.7350195921996,2.13012996320575,0.964146745238135,9.68,0,0,1177,0
61,60,33.7350195921996,2.13012996320575,0.964146745238135,23.18,0,0,342,0
62,60,83.3272827915373,3.99570888923359,1.02761802246203,0,101,60000,0,1
62,60,83.3272827915373,3.99570888923359,1.02761802246203,3.57,0,0,773,0
62,60,83.3272827915373,3.99570888923359,1.02761802246203,5.03,0,0,715,0
62,60,83.3272827915373,3.99570888923359,1.02761802246203,10.78,0,0,452,0
62,60,83.3272827915373,3.99570888923359,1.02761802246203,20.92,0,0,195,0
63,60,62.3661247062802,3.99375917819821,0.898289155829947,0,101,60000,0,1
63,60,62.3661247062802,3.99375917819821,0.898289155829947,2.88,0,0,797,0
63,60,62.3661247062802,3.99375917819821,0.898289155829947,4.23,0,0,920,0
63,60,62.3661247062802,3.99375917819821,0.898289155829947,5.54,0,0,804,0
63,60,62.3661247062802,3.99375917819821,0.898289155829947,14.03,0,0,335,0
64,60,50.309605236994,5.34594892117231,0.596738549869443,0,101,60000,0,1
64,60,50.309605236994,5.34594892117231,0.596738549869443,6.1,0,0,834,0
64,60,50.309605236994,5.34594892117231,0.596738549869443,7.01,0,0,655,0
64,60,50.309605236994,5.34594892117231,0.596738549869443,10.24,0,0,678,0
64,60,50.309605236994,5.34594892117231,0.596738549869443,18.85,0,0,179,0
65,60,35.965959329777,3.59657767372616,1.46591138830685,0,101,60000,0,1
65,60,35.965959329777,3.59657767372616,1.46591138830685,6.26,0,0,1021,0
65,60,35.965959329777,3.59657767372616,1.46591138830685,6.37,0,0,689,0
65,60,35.965959329777,3.59657767372616,1.46591138830685,16.82,0,0,370,0
65,60,35.965959329777,3.59657767372616,1.46591138830685,18.55,0,0,385,0
66,60,56.8440894660726,4.82033354249972,0.57836804519453,0,101,60000,0,1
66,60,56.8440894660726,4.82033354249972,0.57836804519453,4.18,0,0,946,0
66,60,56.8440894660726,4.82033354249972,0.57836804519453,11.78,0,0,513,0
66,60,56.8440894660726,4.82033354249972,0.57836804519453,17.44,0,0,265,0
66,60,56.8440894660726,4.82033354249972,0.57836804519453,21.38,0,0,157,0
67,60,49.5904705876088,3.8862250747924,0.731226950645892,0,101,60000,0,1
67,60,49.5904705876088,3.8862250747924,0.731226950645892,2.7,0,0,989,0
67,60,49.5904705876088,3.8862250747924,0.731226950645892,2.95,0,0,1151,0
67,60,49.5904705876088,3.8862250747924,0.731226950645892,7.34,0,0,800,0
67,60,49.5904705876088,3.8862250747924,0.731226950645892,7.52,0,0,621,0
68,60,86.6970428059968,1.94169090419764,0.865123269099195,0,101,60000,0,1
68,60,86.6970428059968,1.94169090419764,0.865123269099195,8.69,0,0,571,0
68,60,86.6970428059968,1.94169090419764,0.865123269099195,9.49,0,0,548,0
68,60,86.6970428059968,1.94169090419764,0.865123269099195,19.45,0,0,393,0
68,60,86.6970428059968,1.94169090419764,0.865123269099195,23.42,0,0,366,0
69,60,76.1850262223023,4.17916862443758,1.05815228722813,0,101,60000,0,1
69,60,76.1850262223023,4.17916862443758,1.05815228722813,4.33,0,0,718,0
69,60,76.1850262223023,4.17916862443758,1.05815228722813,10.29,0,0,588,0
69,60,76.1850262223023,4.17916862443758,1.05815228722813,13.95,0,0,269,0
69,60,76.1850262223023,4.17916862443758,1.05815228722813,16.55,0,0,383,0
70,60,78.772173087685,2.64271026073474,0.791488189192131,0,101,60000,0,1
70,60,78.772173087685,2.64271026073474,0.791488189192131,10.87,0,0,508,0
70,60,78.772173087685,2.64271026073474,0.791488189192131,13.26,0,0,495,0
70,60,78.772173087685,2.64271026073474,0.791488189192131,16.48,0,0,413,0
70,60,78.772173087685,2.64271026073474,0.791488189192131,18.69,0,0,397,0
71,60,85.2725391074156,3.13085650728598,1.56309623156997,0,101,60000,0,1
71,60,85.2725391074156,3.13085650728598,1.56309623156997,6.64,0,0,555,0
71,60,85.2725391074156,3.13085650728598,1.56309623156997,9.46,0,0,558,0
71,60,85.2725391074156,3.13085650728598,1.56309623156997,11.03,0,0,385,0
71,60,85.2725391074156,3.13085650728598,1.56309623156997,19.18,0,0,306,0
72,60,79.2937279576207,3.7284969707768,0.98921693720113,0,101,60000,0,1
72,60,79.2937279576207,3.7284969707768,0.98921693720113,10.77,0,0,510,0
72,60,79.2937279576207,3.7284969707768,0.98921693720113,16.49,0,0,368,0
72,60,79.2937279576207,3.7284969707768,0.98921693720113,20.95,0,0,432,0
72,60,79.2937279576207,3.7284969707768,0.98921693720113,21.91,0,0,243,0
73,60,83.5632858318,4.72661292832084,0.691307791907879,0,101,60000,0,1
73,60,83.5632858318,4.72661292832084,0.691307791907879,3.37,0,0,755,0
73,60,83.5632858318,4.72661292832084,0.691307791907879,5.62,0,0,686,0
73,60,83.5632858318,4.72661292832084,0.691307791907879,7.68,0,0,476,0
73,60,83.5632858318,4.72661292832084,0.691307791907879,23.23,0,0,243,0
74,60,61.6050925968567,6.56178669172922,0.551499964555038,0,101,60000,0,1
74,60,61.6050925968567,6.56178669172922,0.551499964555038,2.19,0,0,553,0
74,60,61.6050925968567,6.56178669172922,0.551499964555038,6.83,0,0,492,0
74,60,61.6050925968567,6.56178669172922,0.551499964555038,12.92,0,0,241,0
74,60,61.6050925968567,6.56178669172922,0.551499964555038,13.34,0,0,335,0
75,60,93.9316558574087,3.15967248203839,0.685611667464468,0,101,60000,0,1
75,60,93.9316558574087,3.15967248203839,0.685611667464468,0.78,0,0,247,0
75,60,93.9316558574087,3.15967248203839,0.685611667464468,8.02,0,0,541,0
75,60,93.9316558574087,3.15967248203839,0.685611667464468,15.62,0,0,408,0
75,60,93.9316558574087,3.15967248203839,0.685611667464468,20.04,0,0,496,0
76,60,92.3265463147267,3.38594398137184,1.25745858839068,0,101,60000,0,1
76,60,92.3265463147267,3.38594398137184,1.25745858839068,7.8,0,0,458,0
76,60,92.3265463147267,3.38594398137184,1.25745858839068,9.62,0,0,421,0
76,60,92.3265463147267,3.38594398137184,1.25745858839068,11.39,0,0,324,0
76,60,92.3265463147267,3.38594398137184,1.25745858839068,23.08,0,0,290,0
77,60,87.1518187074407,4.03077775760701,1.24664133642421,0,101,60000,0,1
77,60,87.1518187074407,4.03077775760701,1.24664133642421,3.3,0,0,433,0
77,60,87.1518187074407,4.03077775760701,1.24664133642421,16.2,0,0,262,0
77,60,87.1518187074407,4.03077775760701,1.24664133642421,17.85,0,0,323,0
77,60,87.1518187074407,4.03077775760701,1.24664133642421,22.1,0,0,249,0
78,60,106.652121588037,3.78566679289023,0.784860757259551,0,101,60000,0,1
78,60,106.652121588037,3.78566679289023,0.784860757259551,13.77,0,0,391,0
78,60,106.652121588037,3.78566679289023,0.784860757259551,16.24,0,0,333,0
78,60,106.652121588037,3.78566679289023,0.784860757259551,18.03,0,0,419,0
78,60,106.652121588037,3.78566679289023,0.784860757259551,21,0,0,389,0
79,60,59.6225379905753,3.92586713843737,0.698784325042462,0,101,60000,0,1
79,60,59.6225379905753,3.92586713843737,0.698784325042462,3.32,0,0,584,0
79,60,59.6225379905753,3.92586713843737,0.698784325042462,5.2,0,0,954,0
79,60,59.6225379905753,3.92586713843737,0.698784325042462,16.56,0,0,258,0
79,60,59.6225379905753,3.92586713843737,0.698784325042462,20.45,0,0,303,0
80,60,73.1779928660976,7.69313350026492,1.22173453823396,0,101,60000,0,1
80,60,73.1779928660976,7.69313350026492,1.22173453823396,4.4,0,0,510,0
80,60,73.1779928660976,7.69313350026492,1.22173453823396,18.78,0,0,142,0
80,60,73.1779928660976,7.69313350026492,1.22173453823396,20.46,0,0,85,0
80,60,73.1779928660976,7.69313350026492,1.22173453823396,22.57,0,0,62,0
81,60,54.6600948340957,5.87535882960318,1.09938711028034,0,101,60000,0,1
81,60,54.6600948340957,5.87535882960318,1.09938711028034,2.61,0,0,1047,0
81,60,54.6600948340957,5.87535882960318,1.09938711028034,9.91,0,0,358,0
81,60,54.6600948340957,5.87535882960318,1.09938711028034,17.76,0,0,206,0
81,60,54.6600948340957,5.87535882960318,1.09938711028034,20.03,0,0,154,0
82,60,96.354026240578,6.81996191252903,0.940412931393339,0,101,60000,0,1
82,60,96.354026240578,6.81996191252903,0.940412931393339,2.56,0,0,531,0
82,60,96.354026240578,6.81996191252903,0.940412931393339,5.12,0,0,408,0
82,60,96.354026240578,6.81996191252903,0.940412931393339,9.67,0,0,286,0
82,60,96.354026240578,6.81996191252903,0.940412931393339,17.33,0,0,307,0
83,60,51.6815380518184,4.83864805737394,1.16533789878195,0,101,60000,0,1
83,60,51.6815380518184,4.83864805737394,1.16533789878195,3.11,0,0,665,0
83,60,51.6815380518184,4.83864805737394,1.16533789878195,17.81,0,0,288,0
83,60,51.6815380518184,4.83864805737394,1.16533789878195,19.35,0,0,179,0
83,60,51.6815380518184,4.83864805737394,1.16533789878195,23.39,0,0,153,0
84,60,81.3408897845342,3.82050234356623,0.631660567223325,0,101,60000,0,1
84,60,81.3408897845342,3.82050234356623,0.631660567223325,2.72,0,0,542,0
84,60,81.3408897845342,3.82050234356623,0.631660567223325,5.18,0,0,377,0
84,60,81.3408897845342,3.82050234356623,0.631660567223325,10.01,0,0,469,0
84,60,81.3408897845342,3.82050234356623,0.631660567223325,14.75,0,0,438,0
85,60,96.354026240578,6.81996191252903,0.940412931393339,0,101,60000,0,1
85,60,96.354026240578,6.81996191252903,0.940412931393339,2.56,0,0,531,0
85,60,96.354026240578,6.81996191252903,0.940412931393339,5.12,0,0,408,0
85,60,96.354026240578,6.81996191252903,0.940412931393339,9.67,0,0,286,0
85,60,96.354026240578,6.81996191252903,0.940412931393339,17.33,0,0,307,0
86,60,70.5857169414529,2.94174100473735,0.998207141365475,0,101,60000,0,1
86,60,70.5857169414529,2.94174100473735,0.998207141365475,0.46,0,0,365,0
86,60,70.5857169414529,2.94174100473735,0.998207141365475,5.76,0,0,658,0
86,60,70.5857169414529,2.94174100473735,0.998207141365475,12.36,0,0,458,0
86,60,70.5857169414529,2.94174100473735,0.998207141365475,18.82,0,0,349,0
87,60,71.4272252274723,3.81430382053753,0.689511127784604,0,101,60000,0,1
87,60,71.4272252274723,3.81430382053753,0.689511127784604,8.39,0,0,504,0
87,60,71.4272252274723,3.81430382053753,0.689511127784604,9.02,0,0,540,0
87,60,71.4272252274723,3.81430382053753,0.689511127784604,18.31,0,0,308,0
87,60,71.4272252274723,3.81430382053753,0.689511127784604,20.27,0,0,257,0
88,60,62.6189639905028,4.37850056378085,0.853639737313456,0,101,60000,0,1
88,60,62.6189639905028,4.37850056378085,0.853639737313456,3.63,0,0,671,0
88,60,62.6189639905028,4.37850056378085,0.853639737313456,4.61,0,0,885,0
88,60,62.6189639905028,4.37850056378085,0.853639737313456,14.97,0,0,505,0
88,60,62.6189639905028,4.37850056378085,0.853639737313456,20.37,0,0,276,0
89,60,108.733266672883,2.74330848239977,1.48472277250496,0,101,60000,0,1
89,60,108.733266672883,2.74330848239977,1.48472277250496,9.01,0,0,547,0
89,60,108.733266672883,2.74330848239977,1.48472277250496,16.17,0,0,359,0
89,60,108.733266672883,2.74330848239977,1.48472277250496,18.89,0,0,361,0
89,60,108.733266672883,2.74330848239977,1.48472277250496,23.26,0,0,262,0
90,60,57.7412265754408,4.08183518792537,0.638427111130953,0,101,60000,0,1
90,60,57.7412265754408,4.08183518792537,0.638427111130953,4.44,0,0,752,0
90,60,57.7412265754408,4.08183518792537,0.638427111130953,6.25,0,0,958,0
90,60,57.7412265754408,4.08183518792537,0.638427111130953,18.37,0,0,282,0
90,60,57.7412265754408,4.08183518792537,0.638427111130953,21.51,0,0,242,0
91,120,74.5634135791403,4.29160560310176,1.08579853421513,0,101,120000,0,1
91,120,74.5634135791403,4.29160560310176,1.08579853421513,12.03,0,0,938,0
91,120,74.5634135791403,4.29160560310176,1.08579853421513,13.71,0,0,715,0
91,120,74.5634135791403,4.29160560310176,1.08579853421513,18.63,0,0,477,0
91,120,74.5634135791403,4.29160560310176,1.08579853421513,21.11,0,0,558,0
92,120,102.829704747911,2.45212519743987,0.953340028737934,0,101,120000,0,1
92,120,102.829704747911,2.45212519743987,0.953340028737934,5.1,0,0,862,0
92,120,102.829704747911,2.45212519743987,0.953340028737934,16.58,0,0,905,0
92,120,102.829704747911,2.45212519743987,0.953340028737934,18.01,0,0,708,0
92,120,102.829704747911,2.45212519743987,0.953340028737934,20.31,0,0,800,0
93,120,89.9014346865569,3.25460833769987,1.22026299393797,0,101,120000,0,1
93,120,89.9014346865569,3.25460833769987,1.22026299393797,2.89,0,0,1365,0
93,120,89.9014346865569,3.25460833769987,1.22026299393797,9.94,0,0,716,0
93,120,89.9014346865569,3.25460833769987,1.22026299393797,13.61,0,0,692,0
93,120,89.9014346865569,3.25460833769987,1.22026299393797,23.36,0,0,750,0
94,120,57.5326588495824,4.1059798878668,0.847372388272182,0,101,120000,0,1
94,120,57.5326588495824,4.1059798878668,0.847372388272182,1.02,0,0,1289,0
94,120,57.5326588495824,4.1059798878668,0.847372388272182,14.7,0,0,824,0
94,120,57.5326588495824,4.1059798878668,0.847372388272182,15.98,0,0,780,0
94,120,57.5326588495824,4.1059798878668,0.847372388272182,22.33,0,0,382,0
95,120,51.5789128915006,2.49552532269654,1.0177295339394,0,101,120000,0,1
95,120,51.5789128915006,2.49552532269654,1.0177295339394,3.51,0,0,1804,0
95,120,51.5789128915006,2.49552532269654,1.0177295339394,4.13,0,0,2447,0
95,120,51.5789128915006,2.49552532269654,1.0177295339394,6.51,0,0,1624,0
95,120,51.5789128915006,2.49552532269654,1.0177295339394,9.24,0,0,1308,0
96,120,70.840850852304,3.80997139778606,0.772877736877276,0,101,120000,0,1
96,120,70.840850852304,3.80997139778606,0.772877736877276,13.46,0,0,757,0
96,120,70.840850852304,3.80997139778606,0.772877736877276,15.16,0,0,780,0
96,120,70.840850852304,3.80997139778606,0.772877736877276,15.38,0,0,668,0
96,120,70.840850852304,3.80997139778606,0.772877736877276,17.26,0,0,1043,0
97,120,47.7777141735648,4.93524362474746,0.943426304766245,0,101,120000,0,1
97,120,47.7777141735648,4.93524362474746,0.943426304766245,13.94,0,0,832,0
97,120,47.7777141735648,4.93524362474746,0.943426304766245,21.52,0,0,373,0
97,120,47.7777141735648,4.93524362474746,0.943426304766245,22.73,0,0,323,0
97,120,47.7777141735648,4.93524362474746,0.943426304766245,23.09,0,0,241,0
98,120,55.9996547643806,5.08450503223861,1.26339973622994,0,101,120000,0,1
98,120,55.9996547643806,5.08450503223861,1.26339973622994,2.01,0,0,2112,0
98,120,55.9996547643806,5.08450503223861,1.26339973622994,6.52,0,0,842,0
98,120,55.9996547643806,5.08450503223861,1.26339973622994,10.59,0,0,1084,0
98,120,55.9996547643806,5.08450503223861,1.26339973622994,12.89,0,0,622,0
99,120,141.404487856423,4.02917329807122,0.778104813213702,0,101,120000,0,1
99,120,141.404487856423,4.02917329807122,0.778104813213702,0.76,0,0,326,0
99,120,141.404487856423,4.02917329807122,0.778104813213702,4.9,0,0,564,0
99,120,141.404487856423,4.02917329807122,0.778104813213702,18.59,0,0,492,0
99,120,141.404487856423,4.02917329807122,0.778104813213702,22.48,0,0,477,0
100,120,58.7351140183423,9.27166966282063,0.88284608733793,0,101,120000,0,1
100,120,58.7351140183423,9.27166966282063,0.88284608733793,3.72,0,0,1221,0
100,120,58.7351140183423,9.27166966282063,0.88284608733793,5.25,0,0,1350,0
100,120,58.7351140183423,9.27166966282063,0.88284608733793,11.48,0,0,450,0
100,120,58.7351140183423,9.27166966282063,0.88284608733793,23.61,0,0,58,0
101,120,70.7621243440111,4.10285464602829,0.86062421997825,0,101,120000,0,1
101,120,70.7621243440111,4.10285464602829,0.86062421997825,6.91,0,0,1137,0
101,120,70.7621243440111,4.10285464602829,0.86062421997825,10.08,0,0,1163,0
101,120,70.7621243440111,4.10285464602829,0.86062421997825,15.04,0,0,745,0
101,120,70.7621243440111,4.10285464602829,0.86062421997825,20.8,0,0,480,0
102,120,33.636436015124,3.96561772254274,1.45154039015033,0,101,120000,0,1
102,120,33.636436015124,3.96561772254274,1.45154039015033,0.43,0,0,2473,0
102,120,33.636436015124,3.96561772254274,1.45154039015033,9.02,0,0,1154,0
102,120,33.636436015124,3.96561772254274,1.45154039015033,11.73,0,0,904,0
102,120,33.636436015124,3.96561772254274,1.45154039015033,11.94,0,0,990,0
103,120,76.1624561040327,4.91198130694729,1.21073100374163,0,101,120000,0,1
103,120,76.1624561040327,4.91198130694729,1.21073100374163,2.28,0,0,1360,0
103,120,76.1624561040327,4.91198130694729,1.21073100374163,5.55,0,0,822,0
103,120,76.1624561040327,4.91198130694729,1.21073100374163,6.97,0,0,858,0
103,120,76.1624561040327,4.91198130694729,1.21073100374163,21.18,0,0,387,0
104,120,55.9996547643806,5.08450503223861,1.26339973622994,0,101,120000,0,1
104,120,55.9996547643806,5.08450503223861,1.26339973622994,2.01,0,0,2112,0
104,120,55.9996547643806,5.08450503223861,1.26339973622994,6.52,0,0,842,0
104,120,55.9996547643806,5.08450503223861,1.26339973622994,10.59,0,0,1084,0
104,120,55.9996547643806,5.08450503223861,1.26339973622994,12.89,0,0,622,0
105,120,77.1868351215049,3.05069900738281,2.04140046525383,0,101,120000,0,1
105,120,77.1868351215049,3.05069900738281,2.04140046525383,0.37,0,0,600,0
105,120,77.1868351215049,3.05069900738281,2.04140046525383,7.52,0,0,1028,0
105,120,77.1868351215049,3.05069900738281,2.04140046525383,14.35,0,0,906,0
105,120,77.1868351215049,3.05069900738281,2.04140046525383,18.71,0,0,717,0
106,120,52.4190583467844,3.11038992004747,0.783425321572978,0,101,120000,0,1
106,120,52.4190583467844,3.11038992004747,0.783425321572978,4.92,0,0,982,0
106,120,52.4190583467844,3.11038992004747,0.783425321572978,10.34,0,0,1053,0
106,120,52.4190583467844,3.11038992004747,0.783425321572978,12.98,0,0,1163,0
106,120,52.4190583467844,3.11038992004747,0.783425321572978,23.31,0,0,622,0
107,120,55.4377386262016,3.58836388358518,0.646218285170721,0,101,120000,0,1
107,120,55.4377386262016,3.58836388358518,0.646218285170721,7.99,0,0,901,0
107,120,55.4377386262016,3.58836388358518,0.646218285170721,8.04,0,0,1327,0
107,120,55.4377386262016,3.58836388358518,0.646218285170721,9.18,0,0,1292,0
107,120,55.4377386262016,3.58836388358518,0.646218285170721,20.83,0,0,663,0
108,120,79.3858301846021,6.50991050504501,1.04868576853087,0,101,120000,0,1
108,120,79.3858301846021,6.50991050504501,1.04868576853087,1.12,0,0,906,0
108,120,79.3858301846021,6.50991050504501,1.04868576853087,5.39,0,0,869,0
108,120,79.3858301846021,6.50991050504501,1.04868576853087,23.56,0,0,249,0
108,120,79.3858301846021,6.50991050504501,1.04868576853087,23.71,0,0,254,0
109,120,57.8033461028401,3.05007680591793,0.969815453431179,0,101,120000,0,1
109,120,57.8033461028401,3.05007680591793,0.969815453431179,1.09,0,0,1334,0
109,120,57.8033461028401,3.05007680591793,0.969815453431179,9.72,0,0,1260,0
109,120,57.8033461028401,3.05007680591793,0.969815453431179,13.35,0,0,959,0
109,120,57.8033461028401,3.05007680591793,0.969815453431179,16.89,0,0,812,0
110,120,84.7463372762929,4.97039275259915,0.959363957348233,0,101,120000,0,1
110,120,84.7463372762929,4.97039275259915,0.959363957348233,4.5,0,0,1264,0
110,120,84.7463372762929,4.97039275259915,0.959363957348233,18,0,0,527,0
110,120,84.7463372762929,4.97039275259915,0.959363957348233,21.07,0,0,469,0
110,120,84.7463372762929,4.97039275259915,0.959363957348233,22.93,0,0,435,0
111,120,78.2348045037087,3.0730369166414,1.07098892802726,0,101,120000,0,1
111,120,78.2348045037087,3.0730369166414,1.07098892802726,13.64,0,0,1007,0
111,120,78.2348045037087,3.0730369166414,1.07098892802726,17,0,0,1114,0
111,120,78.2348045037087,3.0730369166414,1.07098892802726,18.22,0,0,617,0
111,120,78.2348045037087,3.0730369166414,1.07098892802726,22.18,0,0,553,0
112,120,63.9026322845649,2.25619475425125,0.814156083153836,0,101,120000,0,1
112,120,63.9026322845649,2.25619475425125,0.814156083153836,4.64,0,0,2266,0
112,120,63.9026322845649,2.25619475425125,0.814156083153836,8.68,0,0,1297,0
112,120,63.9026322845649,2.25619475425125,0.814156083153836,9.81,0,0,1212,0
112,120,63.9026322845649,2.25619475425125,0.814156083153836,11.07,0,0,974,0
113,120,56.5439421467591,3.80081152634969,1.34193401946532,0,101,120000,0,1
113,120,56.5439421467591,3.80081152634969,1.34193401946532,1.19,0,0,1497,0
113,120,56.5439421467591,3.80081152634969,1.34193401946532,5.52,0,0,1892,0
113,120,56.5439421467591,3.80081152634969,1.34193401946532,12.7,0,0,1379,0
113,120,56.5439421467591,3.80081152634969,1.34193401946532,21.41,0,0,508,0
114,120,75.0025488021171,4.44092195369169,1.72812729244847,0,101,120000,0,1
114,120,75.0025488021171,4.44092195369169,1.72812729244847,15.23,0,0,695,0
114,120,75.0025488021171,4.44092195369169,1.72812729244847,18.3,0,0,864,0
114,120,75.0025488021171,4.44092195369169,1.72812729244847,19.66,0,0,594,0
114,120,75.0025488021171,4.44092195369169,1.72812729244847,22.51,0,0,391,0
115,120,71.2614777818255,3.00822970362668,0.783396337325954,0,101,120000,0,1
115,120,71.2614777818255,3.00822970362668,0.783396337325954,7.56,0,0,1492,0
115,120,71.2614777818255,3.00822970362668,0.783396337325954,12.63,0,0,1051,0
115,120,71.2614777818255,3.00822970362668,0.783396337325954,21.42,0,0,807,0
115,120,71.2614777818255,3.00822970362668,0.783396337325954,21.56,0,0,790,0
116,120,78.2098854898798,4.42484999183787,0.967563509367071,0,101,120000,0,1
116,120,78.2098854898798,4.42484999183787,0.967563509367071,4.28,0,0,1214,0
116,120,78.2098854898798,4.42484999183787,0.967563509367071,8.22,0,0,993,0
116,120,78.2098854898798,4.42484999183787,0.967563509367071,20.8,0,0,531,0
116,120,78.2098854898798,4.42484999183787,0.967563509367071,22.79,0,0,374,0
117,120,83.9177313569414,2.20026108822567,1.1453204161298,0,101,120000,0,1
117,120,83.9177313569414,2.20026108822567,1.1453204161298,2.92,0,0,1385,0
117,120,83.9177313569414,2.20026108822567,1.1453204161298,8.26,0,0,1421,0
117,120,83.9177313569414,2.20026108822567,1.1453204161298,8.53,0,0,1375,0
117,120,83.9177313569414,2.20026108822567,1.1453204161298,21.37,0,0,742,0
118,120,29.935810801468,2.79382489124834,0.552779769195089,0,101,120000,0,1
118,120,29.935810801468,2.79382489124834,0.552779769195089,6.68,0,0,2993,0
118,120,29.935810801468,2.79382489124834,0.552779769195089,10.96,0,0,2134,0
118,120,29.935810801468,2.79382489124834,0.552779769195089,12.78,0,0,1802,0
118,120,29.935810801468,2.79382489124834,0.552779769195089,14.66,0,0,817,0
119,120,46.0103282576763,2.59141440487634,0.705785614031268,0,101,120000,0,1
119,120,46.0103282576763,2.59141440487634,0.705785614031268,1.32,0,0,1620,0
119,120,46.0103282576763,2.59141440487634,0.705785614031268,7.21,0,0,1640,0
119,120,46.0103282576763,2.59141440487634,0.705785614031268,8.99,0,0,1997,0
119,120,46.0103282576763,2.59141440487634,0.705785614031268,19.52,0,0,843,0
120,120,52.9764482259322,5.32727013974283,1.37689578357968,0,101,120000,0,1
120,120,52.9764482259322,5.32727013974283,1.37689578357968,10.13,0,0,716,0
120,120,52.9764482259322,5.32727013974283,1.37689578357968,15.92,0,0,520,0
120,120,52.9764482259322,5.32727013974283,1.37689578357968,17.41,0,0,455,0
120,120,52.9764482259322,5.32727013974283,1.37689578357968,20.32,0,0,312,0
