ID,DOSE,V,CL,KA,TIME,EVID,AMT,DV,EVIDNM
1,10,71.5244388716414,7.27135078223895,1.12760075864422,0,101,10000,0,1
1,10,71.5244388716414,7.27135078223895,1.12760075864422,0.38,0,0,49,0
1,10,71.5244388716414,7.27135078223895,1.12760075864422,6.24,0,0,100,0
1,10,71.5244388716414,7.27135078223895,1.12760075864422,12.67,0,0,57,0
1,10,71.5244388716414,7.27135078223895,1.12760075864422,19.59,0,0,29,0
2,10,79.2052656344607,4.30633825829343,1.14772668280254,0,101,10000,0,1
2,10,79.2052656344607,4.30633825829343,1.14772668280254,1.88,0,0,90,0
2,10,79.2052656344607,4.30633825829343,1.14772668280254,1.91,0,0,111,0
2,10,79.2052656344607,4.30633825829343,1.14772668280254,5.54,0,0,143,0
2,10,79.2052656344607,4.30633825829343,1.14772668280254,22.65,0,0,42,0
3,10,48.2211853083714,4.25995497790697,0.621875719036562,0,101,10000,0,1
3,10,48.2211853083714,4.25995497790697,0.621875719036562,3.41,0,0,168,0
3,10,48.2211853083714,4.25995497790697,0.621875719036562,13.22,0,0,57,0
3,10,48.2211853083714,4.25995497790697,0.621875719036562,19.32,0,0,53,0
3,10,48.2211853083714,4.25995497790697,0.621875719036562,23.05,0,0,38,0
4,10,99.6419454663728,3.19527056306458,0.793163443025129,0,101,10000,0,1
4,10,99.6419454663728,3.19527056306458,0.793163443025129,5.55,0,0,124,0
4,10,99.6419454663728,3.19527056306458,0.793163443025129,5.99,0,0,86,0
4,10,99.6419454663728,3.19527056306458,0.793163443025129,9.17,0,0,59,0
4,10,99.6419454663728,3.19527056306458,0.793163443025129,18.11,0,0,71,0
5,10,37.6124697800756,4.40758962953034,0.824605838963954,0,101,10000,0,1
5,10,37.6124697800756,4.40758962953034,0.824605838963954,3.45,0,0,204,0
5,10,37.6124697800756,4.40758962953034,0.824605838963954,5.89,0,0,127,0
5,10,37.6124697800756,4.40758962953034,0.824605838963954,6.57,0,0,144,0
5,10,37.6124697800756,4.40758962953034,0.824605838963954,15.96,0,0,36,0
6,10,52.1342075031251,3.16790917965492,0.868590645381453,0,101,10000,0,1
6,10,52.1342075031251,3.16790917965492,0.868590645381453,7.71,0,0,116,0
6,10,52.1342075031251,3.16790917965492,0.868590645381453,10.03,0,0,152,0
6,10,52.1342075031251,3.16790917965492,0.868590645381453,13.92,0,0,136,0
6,10,52.1342075031251,3.16790917965492,0.868590645381453,17.06,0,0,59,0
7,10,65.1777312936167,5.10778193720567,0.831440741199749,0,101,10000,0,1
7,10,65.1777312936167,5.10778193720567,0.831440741199749,2.93,0,0,139,0
7,10,65.1777312936167,5.10778193720567,0.831440741199749,3.62,0,0,133,0
7,10,65.1777312936167,5.10778193720567,0.831440741199749,4.41,0,0,112,0
7,10,65.1777312936167,5.10778193720567,0.831440741199749,10.37,0,0,91,0
8,10,96.8507994754862,5.14043018237403,0.761455379686735,0,101,10000,0,1
8,10,96.8507994754862,5.14043018237403,0.761455379686735,8.36,0,0,75,0
8,10,96.8507994754862,5.14043018237403,0.761455379686735,13.72,0,0,48,0
8,10,96.8507994754862,5.14043018237403,0.761455379686735,15.81,0,0,29,0
8,10,96.8507994754862,5.14043018237403,0.761455379686735,22.54,0,0,27,0
9,10,107.455447809367,2.87598929829768,0.887638470117155,0,101,10000,0,1
9,10,107.455447809367,2.87598929829768,0.887638470117155,3.08,0,0,70,0
9,10,107.455447809367,2.87598929829768,0.887638470117155,5.29,0,0,70,0
9,10,107.455447809367,2.87598929829768,0.887638470117155,15.4,0,0,60,0
9,10,107.455447809367,2.87598929829768,0.887638470117155,18.63,0,0,39,0
10,10,69.1860777555872,2.06850470789817,0.916415987676259,0,101,10000,0,1
10,10,69.1860777555872,2.06850470789817,0.916415987676259,0.33,0,0,34,0
10,10,69.1860777555872,2.06850470789817,0.916415987676259,7.15,0,0,124,0
10,10,69.1860777555872,2.06850470789817,0.916415987676259,14.4,0,0,75,0
10,10,69.1860777555872,2.06850470789817,0.916415987676259,16.52,0,0,82,0
11,10,43.2027900721843,3.73468929589082,1.06696539952027,0,101,10000,0,1
11,10,43.2027900721843,3.73468929589082,1.06696539952027,0.88,0,0,187,0
11,10,43.2027900721843,3.73468929589082,1.06696539952027,4.85,0,0,181,0
11,10,43.2027900721843,3.73468929589082,1.06696539952027,12.79,0,0,76,0
11,10,43.2027900721843,3.73468929589082,1.06696539952027,20.7,0,0,30,0
12,10,69.9595665772759,5.3688994751281,1.35411699191742,0,101,10000,0,1
12,10,69.9595665772759,5.3688994751281,1.35411699191742,2.92,0,0,107,0
12,10,69.9595665772759,5.3688994751281,1.35411699191742,6.69,0,0,70,0
12,10,69.9595665772759,5.3688994751281,1.35411699191742,17.65,0,0,43,0
12,10,69.9595665772759,5.3688994751281,1.35411699191742,18.69,0,0,39,0
13,10,66.3131194283372,3.42805146575521,0.809430251884371,0,101,10000,0,1
13,10,66.3131194283372,3.42805146575521,0.809430251884371,11.22,0,0,131,0
13,10,66.3131194283372,3.42805146575521,0.809430251884371,14.12,0,0,84,0
13,10,66.3131194283372,3.42805146575521,0.809430251884371,20.47,0,0,52,0
13,10,66.3131194283372,3.42805146575521,0.809430251884371,23.42,0,0,39,0
14,10,85.2944533462421,3.38390121710975,2.2597055445087,0,101,10000,0,1
14,10,85.2944533462421,3.38390121710975,2.2597055445087,7.71,0,0,127,0
14,10,85.2944533462421,3.38390121710975,2.2597055445087,8.72,0,0,57,0
14,10,85.2944533462421,3.38390121710975,2.2597055445087,11.45,0,0,94,0
14,10,85.2944533462421,3.38390121710975,2.2597055445087,13.67,0,0,59,0
15,10,59.4286783783731,5.58407081744491,0.971778361263542,0,101,10000,0,1
15,10,59.4286783783731,5.58407081744491,0.971778361263542,6.47,0,0,95,0
15,10,59.4286783783731,5.58407081744491,0.971778361263542,9.26,0,0,76,0
15,10,59.4286783783731,5.58407081744491,0.971778361263542,15.67,0,0,35,0
15,10,59.4286783783731,5.58407081744491,0.971778361263542,15.77,0,0,30,0
16,10,75.3184336121488,6.65820867881636,0.695831796968461,0,101,10000,0,1
16,10,75.3184336121488,6.65820867881636,0.695831796968461,2.75,0,0,87,0
16,10,75.3184336121488,6.65820867881636,0.695831796968461,4.17,0,0,97,0
16,10,75.3184336121488,6.65820867881636,0.695831796968461,9.32,0,0,71,0
16,10,75.3184336121488,6.65820867881636,0.695831796968461,14.43,0,0,44,0
17,10,54.8947877899125,3.38908813239942,1.05962478625115,0,101,10000,0,1
17,10,54.8947877899125,3.38908813239942,1.05962478625115,4.97,0,0,148,0
17,10,54.8947877899125,3.38908813239942,1.05962478625115,15.45,0,0,64,0
17,10,54.8947877899125,3.38908813239942,1.05962478625115,16.58,0,0,53,0
17,10,54.8947877899125,3.38908813239942,1.05962478625115,16.91,0,0,58,0
18,10,63.6496101328807,2.93005983907806,1.5659457788721,0,101,10000,0,1
18,10,63.6496101328807,2.93005983907806,1.5659457788721,2.88,0,0,128,0
18,10,63.6496101328807,2.93005983907806,1.5659457788721,11.74,0,0,95,0
18,10,63.6496101328807,2.93005983907806,1.5659457788721,16.72,0,0,77,0
18,10,63.6496101328807,2.93005983907806,1.5659457788721,22.92,0,0,56,0
19,10,59.1415935438158,4.2343233240289,0.817412549741953,0,101,10000,0,1
19,10,59.1415935438158,4.2343233240289,0.817412549741953,11.75,0,0,69,0
19,10,59.1415935438158,4.2343233240289,0.817412549741953,13.36,0,0,54,0
19,10,59.1415935438158,4.2343233240289,0.817412549741953,22.71,0,0,37,0
19,10,59.1415935438158,4.2343233240289,0.817412549741953,23.58,0,0,28,0
20,10,71.797209818778,3.80799385300536,1.06153102773124,0,101,10000,0,1
20,10,71.797209818778,3.80799385300536,1.06153102773124,4.27,0,0,129,0
20,10,71.797209818778,3.80799385300536,1.06153102773124,10.41,0,0,75,0
20,10,71.797209818778,3.80799385300536,1.06153102773124,13,0,0,59,0
20,10,71.797209818778,3.80799385300536,1.06153102773124,15.14,0,0,79,0
21,10,46.0021117095834,5.20498907390633,1.54933380073367,0,101,10000,0,1
21,10,46.0021117095834,5.20498907390633,1.54933380073367,2.18,0,0,241,0
21,10,46.0021117095834,5.20498907390633,1.54933380073367,4.57,0,0,126,0
21,10,46.0021117095834,5.20498907390633,1.54933380073367,6.06,0,0,107,0
21,10,46.0021117095834,5.20498907390633,1.54933380073367,12.09,0,0,74,0
22,10,58.636344187502,4.07372688901261,0.724380186124541,0,101,10000,0,1
22,10,58.636344187502,4.07372688901261,0.724380186124541,4.79,0,0,158,0
22,10,58.636344187502,4.07372688901261,0.724380186124541,10.74,0,0,99,0
22,10,58.636344187502,4.07372688901261,0.724380186124541,22.74,0,0,37,0
22,10,58.636344187502,4.07372688901261,0.724380186124541,23,0,0,42,0
23,10,106.071936519755,2.5568255488258,0.66331764797073,0,101,10000,0,1
23,10,106.071936519755,2.5568255488258,0.66331764797073,0.21,0,0,10,0
23,10,106.071936519755,2.5568255488258,0.66331764797073,15.77,0,0,77,0
23,10,106.071936519755,2.5568255488258,0.66331764797073,16.18,0,0,41,0
23,10,106.071936519755,2.5568255488258,0.66331764797073,20.87,0,0,35,0
24,10,100.846048157797,3.93816557814802,1.07633529671699,0,101,10000,0,1
24,10,100.846048157797,3.93816557814802,1.07633529671699,0.18,0,0,18,0
24,10,100.846048157797,3.93816557814802,1.07633529671699,2.24,0,0,83,0
24,10,100.846048157797,3.93816557814802,1.07633529671699,3.65,0,0,107,0
24,10,100.846048157797,3.93816557814802,1.07633529671699,23.74,0,0,46,0
25,10,66.4468843677224,5.06161044161866,1.00703675468537,0,101,10000,0,1
25,10,66.4468843677224,5.06161044161866,1.00703675468537,3.08,0,0,112,0
25,10,66.4468843677224,5.06161044161866,1.00703675468537,4.07,0,0,118,0
25,10,66.4468843677224,5.06161044161866,1.00703675468537,20.1,0,0,29,0
25,10,66.4468843677224,5.06161044161866,1.00703675468537,20.18,0,0,38,0
26,10,62.2096718405204,2.91474630522358,1.6860131354319,0,101,10000,0,1
26,10,62.2096718405204,2.91474630522358,1.6860131354319,3.78,0,0,140,0
26,10,62.2096718405204,2.91474630522358,1.6860131354319,12.12,0,0,104,0
26,10,62.2096718405204,2.91474630522358,1.6860131354319,18.71,0,0,51,0
26,10,62.2096718405204,2.91474630522358,1.6860131354319,22.07,0,0,58,0
27,10,63.5518965338931,5.44511068473525,1.06417721889684,0,101,10000,0,1
27,10,63.5518965338931,5.44511068473525,1.06417721889684,6.93,0,0,68,0
27,10,63.5518965338931,5.44511068473525,1.06417721889684,13.91,0,0,27,0
27,10,63.5518965338931,5.44511068473525,1.06417721889684,17.74,0,0,35,0
27,10,63.5518965338931,5.44511068473525,1.06417721889684,21.84,0,0,23,0
28,10,43.2027900721843,3.73468929589082,1.06696539952027,0,101,10000,0,1
28,10,43.2027900721843,3.73468929589082,1.06696539952027,0.88,0,0,187,0
28,10,43.2027900721843,3.73468929589082,1.06696539952027,4.85,0,0,181,0
28,10,43.2027900721843,3.73468929589082,1.06696539952027,12.79,0,0,76,0
28,10,43.2027900721843,3.73468929589082,1.06696539952027,20.7,0,0,30,0
29,10,60.075850484512,4.68131012482161,0.998100894289589,0,101,10000,0,1
29,10,60.075850484512,4.68131012482161,0.998100894289589,4.16,0,0,112,0
29,10,60.075850484512,4.68131012482161,0.998100894289589,9.8,0,0,55,0
29,10,60.075850484512,4.68131012482161,0.998100894289589,13,0,0,79,0
29,10,60.075850484512,4.68131012482161,0.998100894289589,19.8,0,0,34,0
30,10,78.6420934189304,3.5135859341742,1.32468148062765,0,101,10000,0,1
30,10,78.6420934189304,3.5135859341742,1.32468148062765,0.55,0,0,67,0
30,10,78.6420934189304,3.5135859341742,1.32468148062765,9.47,0,0,83,0
30,10,78.6420934189304,3.5135859341742,1.32468148062765,14.38,0,0,60,0
30,10,78.6420934189304,3.5135859341742,1.32468148062765,19.44,0,0,64,0
31,30,47.4385970450564,3.02197719324076,0.646387265755901,0,101,30000,0,1
31,30,47.4385970450564,3.02197719324076,0.646387265755901,0.61,0,0,180,0
31,30,47.4385970450564,3.02197719324076,0.646387265755901,9.64,0,0,447,0
31,30,47.4385970450564,3.02197719324076,0.646387265755901,12.26,0,0,289,0
31,30,47.4385970450564,3.02197719324076,0.646387265755901,22.3,0,0,180,0
32,30,65.2308060781094,2.96843770012567,0.913823998510292,0,101,30000,0,1
32,30,65.2308060781094,2.96843770012567,0.913823998510292,1.23,0,0,367,0
32,30,65.2308060781094,2.96843770012567,0.913823998510292,2.83,0,0,286,0
32,30,65.2308060781094,2.96843770012567,0.913823998510292,12.15,0,0,305,0
32,30,65.2308060781094,2.96843770012567,0.913823998510292,12.22,0,0,287,0
33,30,91.6610972263321,3.69114991809778,1.45443979330663,0,101,30000,0,1
33,30,91.6610972263321,3.69114991809778,1.45443979330663,3.55,0,0,276,0
33,30,91.6610972263321,3.69114991809778,1.45443979330663,6.33,0,0,269,0
33,30,91.6610972263321,3.69114991809778,1.45443979330663,9.86,0,0,225,0
33,30,91.6610972263321,3.69114991809778,1.45443979330663,14.12,0,0,176,0
34,30,144.623538840788,4.30417205050872,1.0188481120478,0,101,30000,0,1
34,30,144.623538840788,4.30417205050872,1.0188481120478,0.02,0,0,3,0
34,30,144.623538840788,4.30417205050872,1.0188481120478,15.31,0,0,128,0
34,30,144.623538840788,4.30417205050872,1.0188481120478,16.36,0,0,107,0
34,30,144.623538840788,4.30417205050872,1.0188481120478,21.64,0,0,114,0
35,30,105.321076403456,4.82185502489848,1.30495250897958,0,101,30000,0,1
35,30,105.321076403456,4.82185502489848,1.30495250897958,0.01,0,0,3,0
35,30,105.321076403456,4.82185502489848,1.30495250897958,4.79,0,0,212,0
35,30,105.321076403456,4.82185502489848,1.30495250897958,11.46,0,0,165,0
35,30,105.321076403456,4.82185502489848,1.30495250897958,22.77,0,0,110,0
36,30,57.8264431272263,5.89576261022507,0.769525431967139,0,101,30000,0,1
36,30,57.8264431272263,5.89576261022507,0.769525431967139,13.4,0,0,104,0
36,30,57.8264431272263,5.89576261022507,0.769525431967139,15.33,0,0,110,0
36,30,57.8264431272263,5.89576261022507,0.769525431967139,21,0,0,113,0
36,30,57.8264431272263,5.89576261022507,0.769525431967139,22.69,0,0,74,0
37,30,116.584733603111,3.65791168218891,1.48746336374168,0,101,30000,0,1
37,30,116.584733603111,3.65791168218891,1.48746336374168,0.8,0,0,196,0
37,30,116.584733603111,3.65791168218891,1.48746336374168,7.88,0,0,213,0
37,30,116.584733603111,3.65791168218891,1.48746336374168,8.65,0,0,199,0
37,30,116.584733603111,3.65791168218891,1.48746336374168,11.65,0,0,204,0
38,30,75.6248211046701,3.52703629509978,1.04795295372054,0,101,30000,0,1
38,30,75.6248211046701,3.52703629509978,1.04795295372054,12.68,0,0,312,0
38,30,75.6248211046701,3.52703629509978,1.04795295372054,17.47,0,0,158,0
38,30,75.6248211046701,3.52703629509978,1.04795295372054,21.3,0,0,173,0
38,30,75.6248211046701,3.52703629509978,1.04795295372054,23.68,0,0,136,0
39,30,116.53304376397,3.19242460129125,0.739070835266115,0,101,30000,0,1
39,30,116.53304376397,3.19242460129125,0.739070835266115,0.03,0,0,5,0
39,30,116.53304376397,3.19242460129125,0.739070835266115,12.89,0,0,143,0
39,30,116.53304376397,3.19242460129125,0.739070835266115,14.42,0,0,148,0
39,30,116.53304376397,3.19242460129125,0.739070835266115,21.47,0,0,144,0
40,30,71.1097710086486,3.30071670503919,0.981362250843018,0,101,30000,0,1
40,30,71.1097710086486,3.30071670503919,0.981362250843018,0.05,0,0,22,0
40,30,71.1097710086486,3.30071670503919,0.981362250843018,0.82,0,0,216,0
40,30,71.1097710086486,3.30071670503919,0.981362250843018,9.17,0,0,315,0
40,30,71.1097710086486,3.30071670503919,0.981362250843018,20.01,0,0,158,0
41,30,65.0287772210263,3.70432801931268,0.69730378357842,0,101,30000,0,1
41,30,65.0287772210263,3.70432801931268,0.69730378357842,5.67,0,0,345,0
41,30,65.0287772210263,3.70432801931268,0.69730378357842,9.53,0,0,452,0
41,30,65.0287772210263,3.70432801931268,0.69730378357842,22.35,0,0,170,0
41,30,65.0287772210263,3.70432801931268,0.69730378357842,22.95,0,0,88,0
42,30,89.7328568368755,4.32305338459711,0.824662308301853,0,101,30000,0,1
42,30,89.7328568368755,4.32305338459711,0.824662308301853,8.12,0,0,301,0
42,30,89.7328568368755,4.32305338459711,0.824662308301853,9.26,0,0,171,0
42,30,89.7328568368755,4.32305338459711,0.824662308301853,10.69,0,0,161,0
42,30,89.7328568368755,4.32305338459711,0.824662308301853,11.87,0,0,191,0
43,30,82.8558303217459,2.89711965888025,1.02627545116136,0,101,30000,0,1
43,30,82.8558303217459,2.89711965888025,1.02627545116136,8.69,0,0,166,0
43,30,82.8558303217459,2.89711965888025,1.02627545116136,8.84,0,0,251,0
43,30,82.8558303217459,2.89711965888025,1.02627545116136,13.35,0,0,234,0
43,30,82.8558303217459,2.89711965888025,1.02627545116136,20.3,0,0,156,0
44,30,61.763888302187,4.22958127432191,1.07687499736227,0,101,30000,0,1
44,30,61.763888302187,4.22958127432191,1.07687499736227,13.75,0,0,219,0
44,30,61.763888302187,4.22958127432191,1.07687499736227,15.02,0,0,169,0
44,30,61.763888302187,4.22958127432191,1.07687499736227,15.39,0,0,227,0
44,30,61.763888302187,4.22958127432191,1.07687499736227,22.78,0,0,76,0
45,30,60.5118267798799,5.41605265073574,1.02198425701299,0,101,30000,0,1
45,30,60.5118267798799,5.41605265073574,1.02198425701299,15.42,0,0,123,0
45,30,60.5118267798799,5.41605265073574,1.02198425701299,16.11,0,0,182,0
45,30,60.5118267798799,5.41605265073574,1.02198425701299,22.54,0,0,94,0
45,30,60.5118267798799,5.41605265073574,1.02198425701299,23.24,0,0,75,0
46,30,93.508495995857,9.82267251028495,0.755425462156171,0,101,30000,0,1
46,30,93.508495995857,9.82267251028495,0.755425462156171,6,0,0,209,0
46,30,93.508495995857,9.82267251028495,0.755425462156171,13.16,0,0,85,0
46,30,93.508495995857,9.82267251028495,0.755425462156171,13.85,0,0,92,0
46,30,93.508495995857,9.82267251028495,0.755425462156171,16.11,0,0,68,0
47,30,46.9767811256229,4.02449951279437,1.86934511510841,0,101,30000,0,1
47,30,46.9767811256229,4.02449951279437,1.86934511510841,5.14,0,0,420,0
47,30,46.9767811256229,4.02449951279437,1.86934511510841,8.17,0,0,314,0
47,30,46.9767811256229,4.02449951279437,1.86934511510841,20.75,0,0,145,0
47,30,46.9767811256229,4.02449951279437,1.86934511510841,22.95,0,0,135,0
48,30,85.9572064570269,6.94096010038148,0.776106839300134,0,101,30000,0,1
48,30,85.9572064570269,6.94096010038148,0.776106839300134,0.5,0,0,135,0
48,30,85.9572064570269,6.94096010038148,0.776106839300134,11.71,0,0,100,0
48,30,85.9572064570269,6.94096010038148,0.776106839300134,14.68,0,0,133,0
48,30,85.9572064570269,6.94096010038148,0.776106839300134,19.8,0,0,105,0
49,30,55.0098333095527,5.28406289854522,0.668074418059959,0,101,30000,0,1
49,30,55.0098333095527,5.28406289854522,0.668074418059959,0.64,0,0,217,0
49,30,55.0098333095527,5.28406289854522,0.668074418059959,3.4,0,0,269,0
49,30,55.0098333095527,5.28406289854522,0.668074418059959,15.01,0,0,157,0
49,30,55.0098333095527,5.28406289854522,0.668074418059959,16.14,0,0,124,0
50,30,74.5457187475424,3.4636584237836,1.37828887101822,0,101,30000,0,1
50,30,74.5457187475424,3.4636584237836,1.37828887101822,5.25,0,0,396,0
50,30,74.5457187475424,3.4636584237836,1.37828887101822,5.3,0,0,491,0
50,30,74.5457187475424,3.4636584237836,1.37828887101822,16.37,0,0,179,0
50,30,74.5457187475424,3.4636584237836,1.37828887101822,17.12,0,0,226,0
51,30,62.5842939927572,4.99176833844964,1.08728886285914,0,101,30000,0,1
51,30,62.5842939927572,4.99176833844964,1.08728886285914,3.27,0,0,306,0
51,30,62.5842939927572,4.99176833844964,1.08728886285914,4.46,0,0,333,0
51,30,62.5842939927572,4.99176833844964,1.08728886285914,20.32,0,0,88,0
51,30,62.5842939927572,4.99176833844964,1.08728886285914,21.29,0,0,96,0
52,30,73.4631052628451,5.27799512515409,0.994061229213688,0,101,30000,0,1
52,30,73.4631052628451,5.27799512515409,0.994061229213688,6.2,0,0,250,0
52,30,73.4631052628451,5.27799512515409,0.994061229213688,7.41,0,0,216,0
52,30,73.4631052628451,5.27799512515409,0.994061229213688,7.62,0,0,239,0
52,30,73.4631052628451,5.27799512515409,0.994061229213688,16.85,0,0,149,0
53,30,51.4152770849496,5.69197427643494,1.11475185903756,0,101,30000,0,1
53,30,51.4152770849496,5.69197427643494,1.11475185903756,0.36,0,0,156,0
53,30,51.4152770849496,5.69197427643494,1.11475185903756,4.3,0,0,610,0
53,30,51.4152770849496,5.69197427643494,1.11475185903756,13.58,0,0,126,0
53,30,51.4152770849496,5.69197427643494,1.11475185903756,18.43,0,0,105,0
54,30,94.9296115158132,4.44533733019451,1.3410821903868,0,101,30000,0,1
54,30,94.9296115158132,4.44533733019451,1.3410821903868,2.98,0,0,226,0
54,30,94.9296115158132,4.44533733019451,1.3410821903868,15.57,0,0,211,0
54,30,94.9296115158132,4.44533733019451,1.3410821903868,17.73,0,0,130,0
54,30,94.9296115158132,4.44533733019451,1.3410821903868,18.09,0,0,165,0
55,30,100.98370785759,3.14166512270273,1.088336985915,0,101,30000,0,1
55,30,100.98370785759,3.14166512270273,1.088336985915,10.82,0,0,245,0
55,30,100.98370785759,3.14166512270273,1.088336985915,11.81,0,0,221,0
55,30,100.98370785759,3.14166512270273,1.088336985915,18.87,0,0,146,0
55,30,100.98370785759,3.14166512270273,1.088336985915,22.44,0,0,146,0
56,30,103.362940092674,5.27646242854609,1.37146391928112,0,101,30000,0,1
56,30,103.362940092674,5.27646242854609,1.37146391928112,2,0,0,214,0
56,30,103.362940092674,5.27646242854609,1.37146391928112,11.58,0,0,251,0
56,30,103.362940092674,5.27646242854609,1.37146391928112,12.25,0,0,208,0
56,30,103.362940092674,5.27646242854609,1.37146391928112,23.98,0,0,134,0
57,30,56.320376770118,7.34645143156148,1.09459440789497,0,101,30000,0,1
57,30,56.320376770118,7.34645143156148,1.09459440789497,5.13,0,0,407,0
57,30,56.320376770118,7.34645143156148,1.09459440789497,6.72,0,0,187,0
57,30,56.320376770118,7.34645143156148,1.09459440789497,8.5,0,0,248,0
57,30,56.320376770118,7.34645143156148,1.09459440789497,20.6,0,0,60,0
58,30,45.2308445728764,6.04880485110276,0.851755030377974,0,101,30000,0,1
58,30,45.2308445728764,6.04880485110276,0.851755030377974,4.03,0,0,561,0
58,30,45.2308445728764,6.04880485110276,0.851755030377974,14.65,0,0,97,0
58,30,45.2308445728764,6.04880485110276,0.851755030377974,18.54,0,0,69,0
58,30,45.2308445728764,6.04880485110276,0.851755030377974,20.71,0,0,63,0
59,30,52.150304584832,3.23228771393671,0.728288428024706,0,101,30000,0,1
59,30,52.150304584832,3.23228771393671,0.728288428024706,0.58,0,0,227,0
59,30,52.150304584832,3.23228771393671,0.728288428024706,5.18,0,0,507,0
59,30,52.150304584832,3.23228771393671,0.728288428024706,13.46,0,0,202,0
59,30,52.150304584832,3.23228771393671,0.728288428024706,21.75,0,0,149,0
60,30,78.6981221034363,5.46245215891974,0.908840550259632,0,101,30000,0,1
60,30,78.6981221034363,5.46245215891974,0.908840550259632,3.32,0,0,381,0
60,30,78.6981221034363,5.46245215891974,0.908840550259632,6.19,0,0,274,0
60,30,78.6981221034363,5.46245215891974,0.908840550259632,9.88,0,0,174,0
60,30,78.6981221034363,5.46245215891974,0.908840550259632,23.37,0,0,92,0
61,60,76.5669108244946,4.44510577378179,0.758515465726605,0,101,60000,0,1
61,60,76.5669108244946,4.44510577378179,0.758515465726605,13.7,0,0,533,0
61,60,76.5669108244946,4.44510577378179,0.758515465726605,17.43,0,0,442,0
61,60,76.5669108244946,4.44510577378179,0.758515465726605,19.05,0,0,262,0
61,60,76.5669108244946,4.44510577378179,0.758515465726605,22.37,0,0,178,0
62,60,65.7548746096385,7.05273014442881,0.880306902285082,0,101,60000,0,1
62,60,65.7548746096385,7.05273014442881,0.880306902285082,7.32,0,0,737,0
62,60,65.7548746096385,7.05273014442881,0.880306902285082,15.05,0,0,226,0
62,60,65.7548746096385,7.05273014442881,0.880306902285082,17.32,0,0,136,0
62,60,65.7548746096385,7.05273014442881,0.880306902285082,20.57,0,0,76,0
63,60,90.3780738414781,4.25363212046164,0.786603250926691,0,101,60000,0,1
63,60,90.3780738414781,4.25363212046164,0.786603250926691,0.2,0,0,144,0
63,60,90.3780738414781,4.25363212046164,0.786603250926691,4.71,0,0,567,0
63,60,90.3780738414781,4.25363212046164,0.786603250926691,14.98,0,0,400,0
63,60,90.3780738414781,4.25363212046164,0.786603250926691,19.37,0,0,331,0
64,60,143.786232942427,4.42262418949953,0.982748782486353,0,101,60000,0,1
64,60,143.786232942427,4.42262418949953,0.982748782486353,13.51,0,0,218,0
64,60,143.786232942427,4.42262418949953,0.982748782486353,13.73,0,0,207,0
64,60,143.786232942427,4.42262418949953,0.982748782486353,15.99,0,0,250,0
64,60,143.786232942427,4.42262418949953,0.982748782486353,21.38,0,0,219,0
65,60,56.4572628732806,5.53918209141685,0.851180772793862,0,101,60000,0,1
65,60,56.4572628732806,5.53918209141685,0.851180772793862,0.83,0,0,429,0
65,60,56.4572628732806,5.53918209141685,0.851180772793862,10.12,0,0,446,0
65,60,56.4572628732806,5.53918209141685,0.851180772793862,10.45,0,0,490,0
65,60,56.4572628732806,5.53918209141685,0.851180772793862,19.66,0,0,156,0
66,60,91.9146551905366,3.20502611106439,0.931273491888501,0,101,60000,0,1
66,60,91.9146551905366,3.20502611106439,0.931273491888501,7.76,0,0,520,0
66,60,91.9146551905366,3.20502611106439,0.931273491888501,11.21,0,0,477,0
66,60,91.9146551905366,3.20502611106439,0.931273491888501,11.82,0,0,643,0
66,60,91.9146551905366,3.20502611106439,0.931273491888501,22.3,0,0,334,0
67,60,62.1447166395312,3.91369005633778,1.58883847406635,0,101,60000,0,1
67,60,62.1447166395312,3.91369005633778,1.58883847406635,0.25,0,0,349,0
67,60,62.1447166395312,3.91369005633778,1.58883847406635,2.78,0,0,938,0
67,60,62.1447166395312,3.91369005633778,1.58883847406635,5.52,0,0,997,0
67,60,62.1447166395312,3.91369005633778,1.58883847406635,15.58,0,0,479,0
68,60,113.914932109056,3.25997257507093,0.897969329854247,0,101,60000,0,1
68,60,113.914932109056,3.25997257507093,0.897969329854247,5.24,0,0,345,0
68,60,113.914932109056,3.25997257507093,0.897969329854247,8.69,0,0,571,0
68,60,113.914932109056,3.25997257507093,0.897969329854247,9.35,0,0,326,0
68,60,113.914932109056,3.25997257507093,0.897969329854247,13.04,0,0,296,0
69,60,81.6209918129574,6.48424737813511,1.09502069750934,0,101,60000,0,1
69,60,81.6209918129574,6.48424737813511,1.09502069750934,8.33,0,0,454,0
69,60,81.6209918129574,6.48424737813511,1.09502069750934,8.95,0,0,367,0
69,60,81.6209918129574,6.48424737813511,1.09502069750934,17.73,0,0,141,0
69,60,81.6209918129574,6.48424737813511,1.09502069750934,23.51,0,0,134,0
70,60,91.1718790472236,3.88317895656489,0.803933316699777,0,101,60000,0,1
70,60,91.1718790472236,3.88317895656489,0.803933316699777,0.75,0,0,398,0
70,60,91.1718790472236,3.88317895656489,0.803933316699777,5.88,0,0,592,0
70,60,91.1718790472236,3.88317895656489,0.803933316699777,13.54,0,0,318,0
70,60,91.1718790472236,3.88317895656489,0.803933316699777,17.79,0,0,227,0
71,60,57.6607553461001,2.40185208702327,0.991549527228845,0,101,60000,0,1
71,60,57.6607553461001,2.40185208702327,0.991549527228845,3.1,0,0,901,0
71,60,57.6607553461001,2.40185208702327,0.991549527228845,4.54,0,0,1092,0
71,60,57.6607553461001,2.40185208702327,0.991549527228845,8.18,0,0,951,0
71,60,57.6607553461001,2.40185208702327,0.991549527228845,10.24,0,0,665,0
72,60,86.6372293619287,1.99974869615657,1.35904965559253,0,101,60000,0,1
72,60,86.6372293619287,1.99974869615657,1.35904965559253,0.62,0,0,403,0
72,60,86.6372293619287,1.99974869615657,1.35904965559253,10.87,0,0,518,0
72,60,86.6372293619287,1.99974869615657,1.35904965559253,18.42,0,0,472,0
72,60,86.6372293619287,1.99974869615657,1.35904965559253,23.6,0,0,404,0
73,60,64.9174610980729,3.40599660512718,0.703033049126601,0,101,60000,0,1
73,60,64.9174610980729,3.40599660512718,0.703033049126601,0.84,0,0,398,0
73,60,64.9174610980729,3.40599660512718,0.703033049126601,13.91,0,0,392,0
73,60,64.9174610980729,3.40599660512718,0.703033049126601,15.51,0,0,429,0
73,60,64.9174610980729,3.40599660512718,0.703033049126601,18.64,0,0,361,0
74,60,65.5179220674552,3.12189634919668,0.919400671643997,0,101,60000,0,1
74,60,65.5179220674552,3.12189634919668,0.919400671643997,6.01,0,0,802,0
74,60,65.5179220674552,3.12189634919668,0.919400671643997,10.86,0,0,712,0
74,60,65.5179220674552,3.12189634919668,0.919400671643997,11.67,0,0,543,0
74,60,65.5179220674552,3.12189634919668,0.919400671643997,21.58,0,0,486,0
75,60,62.8101892556543,3.80208716493094,1.9783484345094,0,101,60000,0,1
75,60,62.8101892556543,3.80208716493094,1.9783484345094,5.64,0,0,901,0
75,60,62.8101892556543,3.80208716493094,1.9783484345094,8.04,0,0,608,0
75,60,62.8101892556543,3.80208716493094,1.9783484345094,9.26,0,0,443,0
75,60,62.8101892556543,3.80208716493094,1.9783484345094,11,0,0,421,0
76,60,48.2747967402364,4.1460112366239,1.38540174337622,0,101,60000,0,1
76,60,48.2747967402364,4.1460112366239,1.38540174337622,0.17,0,0,271,0
76,60,48.2747967402364,4.1460112366239,1.38540174337622,9.78,0,0,428,0
76,60,48.2747967402364,4.1460112366239,1.38540174337622,10.69,0,0,458,0
76,60,48.2747967402364,4.1460112366239,1.38540174337622,20.77,0,0,260,0
77,60,70.2891923936011,3.5883517764463,0.993085006825825,0,101,60000,0,1
77,60,70.2891923936011,3.5883517764463,0.993085006825825,5.89,0,0,651,0
77,60,70.2891923936011,3.5883517764463,0.993085006825825,9.38,0,0,734,0
77,60,70.2891923936011,3.5883517764463,0.993085006825825,18.33,0,0,247,0
77,60,70.2891923936011,3.5883517764463,0.993085006825825,18.47,0,0,354,0
78,60,55.5354894771714,3.97882341768081,0.753616267782007,0,101,60000,0,1
78,60,55.5354894771714,3.97882341768081,0.753616267782007,1.8,0,0,533,0
78,60,55.5354894771714,3.97882341768081,0.753616267782007,7.09,0,0,763,0
78,60,55.5354894771714,3.97882341768081,0.753616267782007,11.6,0,0,524,0
78,60,55.5354894771714,3.97882341768081,0.753616267782007,16.62,0,0,375,0
79,60,134.983157088476,3.33396788556727,1.12419264824678,0,101,60000,0,1
79,60,134.983157088476,3.33396788556727,1.12419264824678,5.18,0,0,370,0
79,60,134.983157088476,3.33396788556727,1.12419264824678,11.84,0,0,359,0
79,60,134.983157088476,3.33396788556727,1.12419264824678,16.26,0,0,226,0
79,60,134.983157088476,3.33396788556727,1.12419264824678,17.11,0,0,341,0
80,60,101.235762580981,3.82451029551461,0.617922664610457,0,101,60000,0,1
80,60,101.235762580981,3.82451029551461,0.617922664610457,1.93,0,0,369,0
80,60,101.235762580981,3.82451029551461,0.617922664610457,2.21,0,0,500,0
80,60,101.235762580981,3.82451029551461,0.617922664610457,13.76,0,0,490,0
80,60,101.235762580981,3.82451029551461,0.617922664610457,21.01,0,0,287,0
81,60,48.8507478320399,3.91073476228521,0.99080994027737,0,101,60000,0,1
81,60,48.8507478320399,3.91073476228521,0.99080994027737,4.35,0,0,1141,0
81,60,48.8507478320399,3.91073476228521,0.99080994027737,12.65,0,0,639,0
81,60,48.8507478320399,3.91073476228521,0.99080994027737,18.27,0,0,467,0
81,60,48.8507478320399,3.91073476228521,0.99080994027737,22.51,0,0,200,0
82,60,69.8157677472318,3.61071967796918,1.80646053635925,0,101,60000,0,1
82,60,69.8157677472318,3.61071967796918,1.80646053635925,7.51,0,0,486,0
82,60,69.8157677472318,3.61071967796918,1.80646053635925,9.25,0,0,535,0
82,60,69.8157677472318,3.61071967796918,1.80646053635925,11.3,0,0,489,0
82,60,69.8157677472318,3.61071967796918,1.80646053635925,16.16,0,0,374,0
83,60,102.966007817633,2.29683545881589,1.05405091585289,0,101,60000,0,1
83,60,102.966007817633,2.29683545881589,1.05405091585289,2.72,0,0,621,0
83,60,102.966007817633,2.29683545881589,1.05405091585289,7.05,0,0,373,0
83,60,102.966007817633,2.29683545881589,1.05405091585289,8.72,0,0,516,0
83,60,102.966007817633,2.29683545881589,1.05405091585289,10.59,0,0,433,0
84,60,54.8293808865361,5.94651758422278,0.943195168281534,0,101,60000,0,1
84,60,54.8293808865361,5.94651758422278,0.943195168281534,6.89,0,0,481,0
84,60,54.8293808865361,5.94651758422278,0.943195168281534,12.38,0,0,314,0
84,60,54.8293808865361,5.94651758422278,0.943195168281534,15.26,0,0,201,0
84,60,54.8293808865361,5.94651758422278,0.943195168281534,15.56,0,0,223,0
85,60,58.2466949026002,4.38809959352473,0.96712424205199,0,101,60000,0,1
85,60,58.2466949026002,4.38809959352473,0.96712424205199,2.12,0,0,606,0
85,60,58.2466949026002,4.38809959352473,0.96712424205199,9.16,0,0,514,0
85,60,58.2466949026002,4.38809959352473,0.96712424205199,18.92,0,0,267,0
85,60,58.2466949026002,4.38809959352473,0.96712424205199,20.07,0,0,258,0
86,60,85.0933413500636,3.15060412271088,1.21213664133322,0,101,60000,0,1
86,60,85.0933413500636,3.15060412271088,1.21213664133322,4.47,0,0,372,0
86,60,85.0933413500636,3.15060412271088,1.21213664133322,7.49,0,0,336,0
86,60,85.0933413500636,3.15060412271088,1.21213664133322,15.59,0,0,470,0
86,60,85.0933413500636,3.15060412271088,1.21213664133322,19.51,0,0,431,0
87,60,66.4602826569537,3.36741203069979,0.800258344412764,0,101,60000,0,1
87,60,66.4602826569537,3.36741203069979,0.800258344412764,1.35,0,0,512,0
87,60,66.4602826569537,3.36741203069979,0.800258344412764,3.53,0,0,1023,0
87,60,66.4602826569537,3.36741203069979,0.800258344412764,14.87,0,0,636,0
87,60,66.4602826569537,3.36741203069979,0.800258344412764,18.94,0,0,238,0
88,60,92.8233781874665,3.37689668350997,0.532795343547026,0,101,60000,0,1
88,60,92.8233781874665,3.37689668350997,0.532795343547026,1.75,0,0,617,0
88,60,92.8233781874665,3.37689668350997,0.532795343547026,7.64,0,0,499,0
88,60,92.8233781874665,3.37689668350997,0.532795343547026,7.81,0,0,531,0
88,60,92.8233781874665,3.37689668350997,0.532795343547026,12.75,0,0,417,0
89,60,75.514140513683,2.53759232112829,0.976836310141876,0,101,60000,0,1
89,60,75.514140513683,2.53759232112829,0.976836310141876,3.19,0,0,646,0
89,60,75.514140513683,2.53759232112829,0.976836310141876,18.19,0,0,553,0
89,60,75.514140513683,2.53759232112829,0.976836310141876,19.91,0,0,320,0
89,60,75.514140513683,2.53759232112829,0.976836310141876,22.78,0,0,353,0
90,60,57.930456603346,3.01006212677895,0.869182317678888,0,101,60000,0,1
90,60,57.930456603346,3.01006212677895,0.869182317678888,2.72,0,0,772,0
90,60,57.930456603346,3.01006212677895,0.869182317678888,4.97,0,0,1221,0
90,60,57.930456603346,3.01006212677895,0.869182317678888,6.59,0,0,599,0
90,60,57.930456603346,3.01006212677895,0.869182317678888,22.42,0,0,317,0
91,120,100.661434068727,4.78999023516664,1.28254343154307,0,101,120000,0,1
91,120,100.661434068727,4.78999023516664,1.28254343154307,6.81,0,0,886,0
91,120,100.661434068727,4.78999023516664,1.28254343154307,14.81,0,0,743,0
91,120,100.661434068727,4.78999023516664,1.28254343154307,19.88,0,0,341,0
91,120,100.661434068727,4.78999023516664,1.28254343154307,20.42,0,0,409,0
92,120,48.8895036957554,4.70936972057012,0.736860988242536,0,101,120000,0,1
92,120,48.8895036957554,4.70936972057012,0.736860988242536,2.39,0,0,1673,0
92,120,48.8895036957554,4.70936972057012,0.736860988242536,4.68,0,0,2145,0
92,120,48.8895036957554,4.70936972057012,0.736860988242536,11.72,0,0,842,0
92,120,48.8895036957554,4.70936972057012,0.736860988242536,18.63,0,0,358,0
93,120,81.0311543842555,3.48938218109697,1.11293909989928,0,101,120000,0,1
93,120,81.0311543842555,3.48938218109697,1.11293909989928,3.32,0,0,1668,0
93,120,81.0311543842555,3.48938218109697,1.11293909989928,6.85,0,0,965,0
93,120,81.0311543842555,3.48938218109697,1.11293909989928,11.19,0,0,531,0
93,120,81.0311543842555,3.48938218109697,1.11293909989928,16.5,0,0,581,0
94,120,83.3783231530016,2.54092464536472,1.08589683226643,0,101,120000,0,1
94,120,83.3783231530016,2.54092464536472,1.08589683226643,2.34,0,0,1251,0
94,120,83.3783231530016,2.54092464536472,1.08589683226643,4.54,0,0,1130,0
94,120,83.3783231530016,2.54092464536472,1.08589683226643,8.69,0,0,1077,0
94,120,83.3783231530016,2.54092464536472,1.08589683226643,16.38,0,0,765,0
95,120,74.1070167325676,4.45476497706353,1.30022539923766,0,101,120000,0,1
95,120,74.1070167325676,4.45476497706353,1.30022539923766,7.37,0,0,978,0
95,120,74.1070167325676,4.45476497706353,1.30022539923766,9.63,0,0,997,0
95,120,74.1070167325676,4.45476497706353,1.30022539923766,11.92,0,0,736,0
95,120,74.1070167325676,4.45476497706353,1.30022539923766,20.25,0,0,466,0
96,120,92.0208604358515,5.02794690362389,1.46869040611496,0,101,120000,0,1
96,120,92.0208604358515,5.02794690362389,1.46869040611496,13.81,0,0,607,0
96,120,92.0208604358515,5.02794690362389,1.46869040611496,14.45,0,0,528,0
96,120,92.0208604358515,5.02794690362389,1.46869040611496,15.9,0,0,516,0
96,120,92.0208604358515,5.02794690362389,1.46869040611496,23.6,0,0,360,0
97,120,110.669260043846,3.94833956417234,0.505786172550849,0,101,120000,0,1
97,120,110.669260043846,3.94833956417234,0.505786172550849,1.2,0,0,800,0
97,120,110.669260043846,3.94833956417234,0.505786172550849,14.06,0,0,790,0
97,120,110.669260043846,3.94833956417234,0.505786172550849,17.24,0,0,703,0
97,120,110.669260043846,3.94833956417234,0.505786172550849,19.97,0,0,621,0
98,120,73.848167447521,5.19042155668588,1.48629977362133,0,101,120000,0,1
98,120,73.848167447521,5.19042155668588,1.48629977362133,4.37,0,0,1015,0
98,120,73.848167447521,5.19042155668588,1.48629977362133,7,0,0,941,0
98,120,73.848167447521,5.19042155668588,1.48629977362133,10.98,0,0,762,0
98,120,73.848167447521,5.19042155668588,1.48629977362133,22.37,0,0,361,0
99,120,57.1505913248257,6.56850438842906,0.935667054995726,0,101,120000,0,1
99,120,57.1505913248257,6.56850438842906,0.935667054995726,0.75,0,0,1301,0
99,120,57.1505913248257,6.56850438842906,0.935667054995726,6.17,0,0,1864,0
99,120,57.1505913248257,6.56850438842906,0.935667054995726,7.23,0,0,735,0
99,120,57.1505913248257,6.56850438842906,0.935667054995726,9.39,0,0,573,0
100,120,82.6303328433203,3.90685465346053,1.09844789627313,0,101,120000,0,1
100,120,82.6303328433203,3.90685465346053,1.09844789627313,11.7,0,0,771,0
100,120,82.6303328433203,3.90685465346053,1.09844789627313,13.09,0,0,894,0
100,120,82.6303328433203,3.90685465346053,1.09844789627313,15.1,0,0,675,0
100,120,82.6303328433203,3.90685465346053,1.09844789627313,23.14,0,0,370,0
101,120,78.2348045037087,3.0730369166414,1.07098892802726,0,101,120000,0,1
101,120,78.2348045037087,3.0730369166414,1.07098892802726,13.64,0,0,1007,0
101,120,78.2348045037087,3.0730369166414,1.07098892802726,17,0,0,1114,0
101,120,78.2348045037087,3.0730369166414,1.07098892802726,18.22,0,0,617,0
101,120,78.2348045037087,3.0730369166414,1.07098892802726,22.18,0,0,553,0
102,120,88.5994275725231,5.30853344001033,1.40077283224676,0,101,120000,0,1
102,120,88.5994275725231,5.30853344001033,1.40077283224676,3.2,0,0,1013,0
102,120,88.5994275725231,5.30853344001033,1.40077283224676,5.38,0,0,1294,0
102,120,88.5994275725231,5.30853344001033,1.40077283224676,9.35,0,0,736,0
102,120,88.5994275725231,5.30853344001033,1.40077283224676,23.69,0,0,317,0
103,120,109.693940558778,2.52632400983146,1.13982087677801,0,101,120000,0,1
103,120,109.693940558778,2.52632400983146,1.13982087677801,11.43,0,0,980,0
103,120,109.693940558778,2.52632400983146,1.13982087677801,14.28,0,0,674,0
103,120,109.693940558778,2.52632400983146,1.13982087677801,16.9,0,0,600,0
103,120,109.693940558778,2.52632400983146,1.13982087677801,17.69,0,0,705,0
104,120,37.1604574031213,2.94412913215732,0.839503463617603,0,101,120000,0,1
104,120,37.1604574031213,2.94412913215732,0.839503463617603,4.98,0,0,2235,0
104,120,37.1604574031213,2.94412913215732,0.839503463617603,7.23,0,0,2340,0
104,120,37.1604574031213,2.94412913215732,0.839503463617603,10.91,0,0,1340,0
104,120,37.1604574031213,2.94412913215732,0.839503463617603,20.54,0,0,631,0
105,120,61.4373621753113,2.8119248647046,0.804046998744398,0,101,120000,0,1
105,120,61.4373621753113,2.8119248647046,0.804046998744398,2.07,0,0,1248,0
105,120,61.4373621753113,2.8119248647046,0.804046998744398,3.12,0,0,1573,0
105,120,61.4373621753113,2.8119248647046,0.804046998744398,4.11,0,0,1960,0
105,120,61.4373621753113,2.8119248647046,0.804046998744398,13.75,0,0,1339,0
106,120,87.9562954832852,4.70215553483918,1.89033781264107,0,101,120000,0,1
106,120,87.9562954832852,4.70215553483918,1.89033781264107,5.22,0,0,1052,0
106,120,87.9562954832852,4.70215553483918,1.89033781264107,5.57,0,0,1114,0
106,120,87.9562954832852,4.70215553483918,1.89033781264107,11.26,0,0,1128,0
106,120,87.9562954832852,4.70215553483918,1.89033781264107,23.5,0,0,386,0
107,120,77.042484626655,3.18425011535374,0.98942593482843,0,101,120000,0,1
107,120,77.042484626655,3.18425011535374,0.98942593482843,0.95,0,0,600,0
107,120,77.042484626655,3.18425011535374,0.98942593482843,8.28,0,0,1024,0
107,120,77.042484626655,3.18425011535374,0.98942593482843,13.89,0,0,1038,0
107,120,77.042484626655,3.18425011535374,0.98942593482843,21.25,0,0,677,0
108,120,84.5686764734808,3.02148681110765,0.618014065595325,0,101,120000,0,1
108,120,84.5686764734808,3.02148681110765,0.618014065595325,0.34,0,0,305,0
108,120,84.5686764734808,3.02148681110765,0.618014065595325,7.89,0,0,1201,0
108,120,84.5686764734808,3.02148681110765,0.618014065595325,20.16,0,0,924,0
108,120,84.5686764734808,3.02148681110765,0.618014065595325,23.64,0,0,913,0
109,120,77.6695751294284,3.39097696013501,0.932031477424802,0,101,120000,0,1
109,120,77.6695751294284,3.39097696013501,0.932031477424802,2.4,0,0,1199,0
109,120,77.6695751294284,3.39097696013501,0.932031477424802,15.65,0,0,1061,0
109,120,77.6695751294284,3.39097696013501,0.932031477424802,16.1,0,0,793,0
109,120,77.6695751294284,3.39097696013501,0.932031477424802,20.66,0,0,561,0
110,120,76.8192986921682,4.17484074382111,0.990345554198343,0,101,120000,0,1
110,120,76.8192986921682,4.17484074382111,0.990345554198343,1.75,0,0,979,0
110,120,76.8192986921682,4.17484074382111,0.990345554198343,2.58,0,0,1453,0
110,120,76.8192986921682,4.17484074382111,0.990345554198343,5.92,0,0,1419,0
110,120,76.8192986921682,4.17484074382111,0.990345554198343,6.19,0,0,774,0
111,120,53.2125968395437,3.39295421092766,0.908781745849307,0,101,120000,0,1
111,120,53.2125968395437,3.39295421092766,0.908781745849307,6.31,0,0,1664,0
111,120,53.2125968395437,3.39295421092766,0.908781745849307,15.04,0,0,1034,0
111,120,53.2125968395437,3.39295421092766,0.908781745849307,17.94,0,0,540,0
111,120,53.2125968395437,3.39295421092766,0.908781745849307,19.32,0,0,917,0
112,120,92.0713856816225,2.47200555140049,1.48445215691866,0,101,120000,0,1
112,120,92.0713856816225,2.47200555140049,1.48445215691866,5.71,0,0,1165,0
112,120,92.0713856816225,2.47200555140049,1.48445215691866,12.15,0,0,933,0
112,120,92.0713856816225,2.47200555140049,1.48445215691866,16.38,0,0,835,0
112,120,92.0713856816225,2.47200555140049,1.48445215691866,19.1,0,0,1038,0
113,120,75.1900543719845,2.6382278095187,1.06952139654086,0,101,120000,0,1
113,120,75.1900543719845,2.6382278095187,1.06952139654086,0.14,0,0,188,0
113,120,75.1900543719845,2.6382278095187,1.06952139654086,3.71,0,0,1407,0
113,120,75.1900543719845,2.6382278095187,1.06952139654086,14.17,0,0,1235,0
113,120,75.1900543719845,2.6382278095187,1.06952139654086,16.49,0,0,1168,0
114,120,72.3829205266891,3.47501937809123,0.854559018618339,0,101,120000,0,1
114,120,72.3829205266891,3.47501937809123,0.854559018618339,2.13,0,0,1575,0
114,120,72.3829205266891,3.47501937809123,0.854559018618339,6.07,0,0,1158,0
114,120,72.3829205266891,3.47501937809123,0.854559018618339,20.85,0,0,640,0
114,120,72.3829205266891,3.47501937809123,0.854559018618339,21.28,0,0,705,0
115,120,75.5559473865511,5.15955644562559,1.41810550217958,0,101,120000,0,1
115,120,75.5559473865511,5.15955644562559,1.41810550217958,3.89,0,0,863,0
115,120,75.5559473865511,5.15955644562559,1.41810550217958,4.73,0,0,1096,0
115,120,75.5559473865511,5.15955644562559,1.41810550217958,17.01,0,0,545,0
115,120,75.5559473865511,5.15955644562559,1.41810550217958,17.82,0,0,600,0
116,120,43.8863884418459,6.98507712206033,0.558967054443952,0,101,120000,0,1
116,120,43.8863884418459,6.98507712206033,0.558967054443952,2.82,0,0,1887,0
116,120,43.8863884418459,6.98507712206033,0.558967054443952,14.21,0,0,383,0
116,120,43.8863884418459,6.98507712206033,0.558967054443952,15.34,0,0,417,0
116,120,43.8863884418459,6.98507712206033,0.558967054443952,16.39,0,0,254,0
117,120,46.4041698814269,3.39399000623909,0.86474811610817,0,101,120000,0,1
117,120,46.4041698814269,3.39399000623909,0.86474811610817,1.65,0,0,1409,0
117,120,46.4041698814269,3.39399000623909,0.86474811610817,1.92,0,0,2068,0
117,120,46.4041698814269,3.39399000623909,0.86474811610817,5.31,0,0,2081,0
117,120,46.4041698814269,3.39399000623909,0.86474811610817,12.9,0,0,1492,0
118,120,65.8923265973857,2.33126181596856,0.583101844169948,0,101,120000,0,1
118,120,65.8923265973857,2.33126181596856,0.583101844169948,1.14,0,0,774,0
118,120,65.8923265973857,2.33126181596856,0.583101844169948,7.47,0,0,1873,0
118,120,65.8923265973857,2.33126181596856,0.583101844169948,14.07,0,0,1220,0
118,120,65.8923265973857,2.33126181596856,0.583101844169948,21.2,0,0,1032,0
119,120,82.6303328433203,3.90685465346053,1.09844789627313,0,101,120000,0,1
119,120,82.6303328433203,3.90685465346053,1.09844789627313,11.7,0,0,771,0
119,120,82.6303328433203,3.90685465346053,1.09844789627313,13.09,0,0,894,0
119,120,82.6303328433203,3.90685465346053,1.09844789627313,15.1,0,0,675,0
119,120,82.6303328433203,3.90685465346053,1.09844789627313,23.14,0,0,370,0
120,120,71.9239890529038,1.96013953764932,0.667999775268242,0,101,120000,0,1
120,120,71.9239890529038,1.96013953764932,0.667999775268242,4.65,0,0,1359,0
120,120,71.9239890529038,1.96013953764932,0.667999775268242,13.96,0,0,1404,0
120,120,71.9239890529038,1.96013953764932,0.667999775268242,14.01,0,0,1243,0
120,120,71.9239890529038,1.96013953764932,0.667999775268242,16.5,0,0,1315,0
