ID,DOSE,V,CL,KA,TIME,EVID,AMT,DV,EVIDNM
1,10,90.7163833881635,1.91390137915531,0.826425421133549,0,101,10000,0,1
1,10,90.7163833881635,1.91390137915531,0.826425421133549,1.47,0,0,56,0
1,10,90.7163833881635,1.91390137915531,0.826425421133549,4.81,0,0,101,0
1,10,90.7163833881635,1.91390137915531,0.826425421133549,15.59,0,0,94,0
1,10,90.7163833881635,1.91390137915531,0.826425421133549,19.92,0,0,80,0
2,10,117.578014784707,3.23844550336587,0.652731431402025,0,101,10000,0,1
2,10,117.578014784707,3.23844550336587,0.652731431402025,6.18,0,0,91,0
2,10,117.578014784707,3.23844550336587,0.652731431402025,15.23,0,0,101,0
2,10,117.578014784707,3.23844550336587,0.652731431402025,21.56,0,0,41,0
2,10,117.578014784707,3.23844550336587,0.652731431402025,23.81,0,0,41,0
3,10,59.8819435860411,3.11288673577847,0.568967487605066,0,101,10000,0,1
3,10,59.8819435860411,3.11288673577847,0.568967487605066,7.16,0,0,119,0
3,10,59.8819435860411,3.11288673577847,0.568967487605066,12.34,0,0,97,0
3,10,59.8819435860411,3.11288673577847,0.568967487605066,17.41,0,0,67,0
3,10,59.8819435860411,3.11288673577847,0.568967487605066,20.81,0,0,57,0
4,10,76.7672188701764,4.26468524892123,1.45952166574016,0,101,10000,0,1
4,10,76.7672188701764,4.26468524892123,1.45952166574016,7.5,0,0,101,0
4,10,76.7672188701764,4.26468524892123,1.45952166574016,9.68,0,0,109,0
4,10,76.7672188701764,4.26468524892123,1.45952166574016,13.56,0,0,81,0
4,10,76.7672188701764,4.26468524892123,1.45952166574016,23.08,0,0,47,0
5,10,111.483607332864,4.15975146045747,0.937630405029617,0,101,10000,0,1
5,10,111.483607332864,4.15975146045747,0.937630405029617,12.34,0,0,72,0
5,10,111.483607332864,4.15975146045747,0.937630405029617,13.72,0,0,54,0
5,10,111.483607332864,4.15975146045747,0.937630405029617,20.6,0,0,32,0
5,10,111.483607332864,4.15975146045747,0.937630405029617,21.37,0,0,41,0
6,10,49.3026196290301,3.71331912695323,0.77928440355155,0,101,10000,0,1
6,10,49.3026196290301,3.71331912695323,0.77928440355155,4.54,0,0,169,0
6,10,49.3026196290301,3.71331912695323,0.77928440355155,6.16,0,0,115,0
6,10,49.3026196290301,3.71331912695323,0.77928440355155,9.02,0,0,129,0
6,10,49.3026196290301,3.71331912695323,0.77928440355155,21.46,0,0,45,0
7,10,97.3741444240999,1.97812466867669,0.946468074113598,0,101,10000,0,1
7,10,97.3741444240999,1.97812466867669,0.946468074113598,0.57,0,0,56,0
7,10,97.3741444240999,1.97812466867669,0.946468074113598,5.68,0,0,95,0
7,10,97.3741444240999,1.97812466867669,0.946468074113598,11.57,0,0,91,0
7,10,97.3741444240999,1.97812466867669,0.946468074113598,20.74,0,0,61,0
8,10,49.488584313798,6.1580156594049,0.815976977891316,0,101,10000,0,1
8,10,49.488584313798,6.1580156594049,0.815976977891316,0.13,0,0,17,0
8,10,49.488584313798,6.1580156594049,0.815976977891316,3.49,0,0,129,0
8,10,49.488584313798,6.1580156594049,0.815976977891316,10.93,0,0,47,0
8,10,49.488584313798,6.1580156594049,0.815976977891316,19.72,0,0,16,0
9,10,76.4973815975412,2.94653791181795,2.08283233628293,0,101,10000,0,1
9,10,76.4973815975412,2.94653791181795,2.08283233628293,6.45,0,0,147,0
9,10,76.4973815975412,2.94653791181795,2.08283233628293,10.19,0,0,120,0
9,10,76.4973815975412,2.94653791181795,2.08283233628293,13.72,0,0,90,0
9,10,76.4973815975412,2.94653791181795,2.08283233628293,13.87,0,0,81,0
10,10,63.6166025704439,5.41210674572252,0.978059899687269,0,101,10000,0,1
10,10,63.6166025704439,5.41210674572252,0.978059899687269,2.83,0,0,110,0
10,10,63.6166025704439,5.41210674572252,0.978059899687269,6.78,0,0,106,0
10,10,63.6166025704439,5.41210674572252,0.978059899687269,16.49,0,0,42,0
10,10,63.6166025704439,5.41210674572252,0.978059899687269,22.53,0,0,33,0
11,10,97.5442513566497,4.38950922498789,1.02106062144015,0,101,10000,0,1
11,10,97.5442513566497,4.38950922498789,1.02106062144015,4.77,0,0,64,0
11,10,97.5442513566497,4.38950922498789,1.02106062144015,17.91,0,0,53,0
11,10,97.5442513566497,4.38950922498789,1.02106062144015,22.33,0,0,51,0
11,10,97.5442513566497,4.38950922498789,1.02106062144015,23.49,0,0,34,0
12,10,63.31904846287,3.3982592786331,1.07777778384607,0,101,10000,0,1
12,10,63.31904846287,3.3982592786331,1.07777778384607,8.92,0,0,82,0
12,10,63.31904846287,3.3982592786331,1.07777778384607,9.7,0,0,89,0
12,10,63.31904846287,3.3982592786331,1.07777778384607,20.63,0,0,59,0
12,10,63.31904846287,3.3982592786331,1.07777778384607,21.34,0,0,65,0
13,10,128.629035073601,5.22066764866144,0.785738108817623,0,101,10000,0,1
13,10,128.629035073601,5.22066764866144,0.785738108817623,0.39,0,0,24,0
13,10,128.629035073601,5.22066764866144,0.785738108817623,12.44,0,0,72,0
13,10,128.629035073601,5.22066764866144,0.785738108817623,13.51,0,0,41,0
13,10,128.629035073601,5.22066764866144,0.785738108817623,23.57,0,0,21,0
14,10,91.4894285574278,5.88284782537945,1.60844145180381,0,101,10000,0,1
14,10,91.4894285574278,5.88284782537945,1.60844145180381,2.06,0,0,96,0
14,10,91.4894285574278,5.88284782537945,1.60844145180381,9.3,0,0,50,0
14,10,91.4894285574278,5.88284782537945,1.60844145180381,11.04,0,0,86,0
14,10,91.4894285574278,5.88284782537945,1.60844145180381,22.52,0,0,27,0
15,10,70.9031503571059,2.23108606648884,1.39598552074217,0,101,10000,0,1
15,10,70.9031503571059,2.23108606648884,1.39598552074217,7.29,0,0,98,0
15,10,70.9031503571059,2.23108606648884,1.39598552074217,9.65,0,0,90,0
15,10,70.9031503571059,2.23108606648884,1.39598552074217,18.84,0,0,78,0
15,10,70.9031503571059,2.23108606648884,1.39598552074217,22.14,0,0,78,0
16,10,63.4327218933558,2.5794327182467,1.82837626083305,0,101,10000,0,1
16,10,63.4327218933558,2.5794327182467,1.82837626083305,1.45,0,0,142,0
16,10,63.4327218933558,2.5794327182467,1.82837626083305,11.26,0,0,168,0
16,10,63.4327218933558,2.5794327182467,1.82837626083305,19.48,0,0,54,0
16,10,63.4327218933558,2.5794327182467,1.82837626083305,19.53,0,0,67,0
17,10,62.5560672620953,3.63016550779264,0.766309240256192,0,101,10000,0,1
17,10,62.5560672620953,3.63016550779264,0.766309240256192,7.14,0,0,110,0
17,10,62.5560672620953,3.63016550779264,0.766309240256192,10.7,0,0,97,0
17,10,62.5560672620953,3.63016550779264,0.766309240256192,16.68,0,0,78,0
17,10,62.5560672620953,3.63016550779264,0.766309240256192,23.89,0,0,47,0
18,10,77.2371599664607,3.12057207632919,0.987535043271462,0,101,10000,0,1
18,10,77.2371599664607,3.12057207632919,0.987535043271462,8.57,0,0,104,0
18,10,77.2371599664607,3.12057207632919,0.987535043271462,9.47,0,0,94,0
18,10,77.2371599664607,3.12057207632919,0.987535043271462,10.87,0,0,89,0
18,10,77.2371599664607,3.12057207632919,0.987535043271462,14.09,0,0,82,0
19,10,72.9680832393491,4.23538811694474,0.974940568948988,0,101,10000,0,1
19,10,72.9680832393491,4.23538811694474,0.974940568948988,8.92,0,0,93,0
19,10,72.9680832393491,4.23538811694474,0.974940568948988,17.54,0,0,58,0
19,10,72.9680832393491,4.23538811694474,0.974940568948988,21.17,0,0,39,0
19,10,72.9680832393491,4.23538811694474,0.974940568948988,23.23,0,0,38,0
20,10,110.140875369924,3.67827242859121,0.881947035571691,0,101,10000,0,1
20,10,110.140875369924,3.67827242859121,0.881947035571691,0.53,0,0,39,0
20,10,110.140875369924,3.67827242859121,0.881947035571691,2.02,0,0,76,0
20,10,110.140875369924,3.67827242859121,0.881947035571691,11.62,0,0,79,0
20,10,110.140875369924,3.67827242859121,0.881947035571691,19.11,0,0,43,0
21,10,91.8417037986079,3.32745953629802,0.590777955432138,0,101,10000,0,1
21,10,91.8417037986079,3.32745953629802,0.590777955432138,9.72,0,0,91,0
21,10,91.8417037986079,3.32745953629802,0.590777955432138,10.87,0,0,74,0
21,10,91.8417037986079,3.32745953629802,0.590777955432138,11.72,0,0,80,0
21,10,91.8417037986079,3.32745953629802,0.590777955432138,21.25,0,0,78,0
22,10,119.045703710626,4.99285235527149,0.886998881498989,0,101,10000,0,1
22,10,119.045703710626,4.99285235527149,0.886998881498989,0.99,0,0,49,0
22,10,119.045703710626,4.99285235527149,0.886998881498989,11.94,0,0,59,0
22,10,119.045703710626,4.99285235527149,0.886998881498989,16.43,0,0,52,0
22,10,119.045703710626,4.99285235527149,0.886998881498989,20.73,0,0,38,0
23,10,91.5892988405811,4.67372674075094,1.08582763733596,0,101,10000,0,1
23,10,91.5892988405811,4.67372674075094,1.08582763733596,0.16,0,0,17,0
23,10,91.5892988405811,4.67372674075094,1.08582763733596,15.43,0,0,45,0
23,10,91.5892988405811,4.67372674075094,1.08582763733596,18.87,0,0,31,0
23,10,91.5892988405811,4.67372674075094,1.08582763733596,20.31,0,0,46,0
24,10,71.4344962257439,4.01919536976896,0.731877489211551,0,101,10000,0,1
24,10,71.4344962257439,4.01919536976896,0.731877489211551,2.54,0,0,111,0
24,10,71.4344962257439,4.01919536976896,0.731877489211551,3.57,0,0,138,0
24,10,71.4344962257439,4.01919536976896,0.731877489211551,13.94,0,0,69,0
24,10,71.4344962257439,4.01919536976896,0.731877489211551,16.18,0,0,47,0
25,10,54.7033196296047,4.28219752563391,0.586687836985453,0,101,10000,0,1
25,10,54.7033196296047,4.28219752563391,0.586687836985453,9.95,0,0,68,0
25,10,54.7033196296047,4.28219752563391,0.586687836985453,11.29,0,0,81,0
25,10,54.7033196296047,4.28219752563391,0.586687836985453,15.91,0,0,49,0
25,10,54.7033196296047,4.28219752563391,0.586687836985453,22.26,0,0,44,0
26,10,57.333417720751,4.23910821230263,1.06936598218451,0,101,10000,0,1
26,10,57.333417720751,4.23910821230263,1.06936598218451,15.42,0,0,55,0
26,10,57.333417720751,4.23910821230263,1.06936598218451,16.6,0,0,79,0
26,10,57.333417720751,4.23910821230263,1.06936598218451,17.09,0,0,57,0
26,10,57.333417720751,4.23910821230263,1.06936598218451,20.26,0,0,44,0
27,10,71.2997333904244,3.16497665000746,0.740602983139125,0,101,10000,0,1
27,10,71.2997333904244,3.16497665000746,0.740602983139125,4.97,0,0,94,0
27,10,71.2997333904244,3.16497665000746,0.740602983139125,7.08,0,0,136,0
27,10,71.2997333904244,3.16497665000746,0.740602983139125,15.69,0,0,49,0
27,10,71.2997333904244,3.16497665000746,0.740602983139125,23.02,0,0,80,0
28,10,89.7044395500706,4.31428492999642,1.00618464252693,0,101,10000,0,1
28,10,89.7044395500706,4.31428492999642,1.00618464252693,18.08,0,0,58,0
28,10,89.7044395500706,4.31428492999642,1.00618464252693,21.74,0,0,32,0
28,10,89.7044395500706,4.31428492999642,1.00618464252693,22.4,0,0,34,0
28,10,89.7044395500706,4.31428492999642,1.00618464252693,22.53,0,0,37,0
29,10,85.3331656006305,3.03978130197743,0.741933467885207,0,101,10000,0,1
29,10,85.3331656006305,3.03978130197743,0.741933467885207,7.58,0,0,71,0
29,10,85.3331656006305,3.03978130197743,0.741933467885207,11.23,0,0,98,0
29,10,85.3331656006305,3.03978130197743,0.741933467885207,13.74,0,0,62,0
29,10,85.3331656006305,3.03978130197743,0.741933467885207,14.97,0,0,78,0
30,10,66.3351521317521,3.31931529869526,1.24958445174015,0,101,10000,0,1
30,10,66.3351521317521,3.31931529869526,1.24958445174015,4.69,0,0,144,0
30,10,66.3351521317521,3.31931529869526,1.24958445174015,9.64,0,0,86,0
30,10,66.3351521317521,3.31931529869526,1.24958445174015,12.88,0,0,136,0
30,10,66.3351521317521,3.31931529869526,1.24958445174015,14.36,0,0,51,0
31,30,78.9697049373441,5.81272254360984,0.819028448885663,0,101,30000,0,1
31,30,78.9697049373441,5.81272254360984,0.819028448885663,0.77,0,0,214,0
31,30,78.9697049373441,5.81272254360984,0.819028448885663,1.78,0,0,240,0
31,30,78.9697049373441,5.81272254360984,0.819028448885663,2.46,0,0,195,0
31,30,78.9697049373441,5.81272254360984,0.819028448885663,2.84,0,0,277,0
32,30,82.447314383736,4.74473773432254,0.849695117435032,0,101,30000,0,1
32,30,82.447314383736,4.74473773432254,0.849695117435032,3.83,0,0,336,0
32,30,82.447314383736,4.74473773432254,0.849695117435032,6.81,0,0,191,0
32,30,82.447314383736,4.74473773432254,0.849695117435032,14.08,0,0,296,0
32,30,82.447314383736,4.74473773432254,0.849695117435032,18.44,0,0,132,0
33,30,45.6017978782868,5.14087960827094,1.08586848761008,0,101,30000,0,1
33,30,45.6017978782868,5.14087960827094,1.08586848761008,2.63,0,0,493,0
33,30,45.6017978782868,5.14087960827094,1.08586848761008,8.49,0,0,266,0
33,30,45.6017978782868,5.14087960827094,1.08586848761008,9.99,0,0,251,0
33,30,45.6017978782868,5.14087960827094,1.08586848761008,10.27,0,0,242,0
34,30,59.891173710807,4.51097465495341,1.25461803773855,0,101,30000,0,1
34,30,59.891173710807,4.51097465495341,1.25461803773855,5.46,0,0,312,0
34,30,59.891173710807,4.51097465495341,1.25461803773855,7.81,0,0,395,0
34,30,59.891173710807,4.51097465495341,1.25461803773855,8.62,0,0,228,0
34,30,59.891173710807,4.51097465495341,1.25461803773855,17.61,0,0,164,0
35,30,67.8201524459884,2.91281396748581,1.02618555381011,0,101,30000,0,1
35,30,67.8201524459884,2.91281396748581,1.02618555381011,0.42,0,0,135,0
35,30,67.8201524459884,2.91281396748581,1.02618555381011,1.86,0,0,291,0
35,30,67.8201524459884,2.91281396748581,1.02618555381011,4.08,0,0,414,0
35,30,67.8201524459884,2.91281396748581,1.02618555381011,12.63,0,0,287,0
36,30,61.9501848292025,2.68257581848601,0.99770618592458,0,101,30000,0,1
36,30,61.9501848292025,2.68257581848601,0.99770618592458,5.77,0,0,352,0
36,30,61.9501848292025,2.68257581848601,0.99770618592458,6.55,0,0,362,0
36,30,61.9501848292025,2.68257581848601,0.99770618592458,8.53,0,0,396,0
36,30,61.9501848292025,2.68257581848601,0.99770618592458,13.63,0,0,283,0
37,30,55.8519082641866,5.79719351376485,1.10599995894765,0,101,30000,0,1
37,30,55.8519082641866,5.79719351376485,1.10599995894765,1.46,0,0,333,0
37,30,55.8519082641866,5.79719351376485,1.10599995894765,10.38,0,0,159,0
37,30,55.8519082641866,5.79719351376485,1.10599995894765,13.25,0,0,126,0
37,30,55.8519082641866,5.79719351376485,1.10599995894765,19.17,0,0,69,0
38,30,60.9438157591621,4.74408576583966,0.755138515922057,0,101,30000,0,1
38,30,60.9438157591621,4.74408576583966,0.755138515922057,0.34,0,0,119,0
38,30,60.9438157591621,4.74408576583966,0.755138515922057,2.09,0,0,342,0
38,30,60.9438157591621,4.74408576583966,0.755138515922057,2.45,0,0,351,0
38,30,60.9438157591621,4.74408576583966,0.755138515922057,3.42,0,0,358,0
39,30,75.8226765573888,3.30966951289128,0.710175840198002,0,101,30000,0,1
39,30,75.8226765573888,3.30966951289128,0.710175840198002,2.76,0,0,348,0
39,30,75.8226765573888,3.30966951289128,0.710175840198002,5.54,0,0,354,0
39,30,75.8226765573888,3.30966951289128,0.710175840198002,14.45,0,0,285,0
39,30,75.8226765573888,3.30966951289128,0.710175840198002,23.83,0,0,157,0
40,30,54.4001809684401,3.78719048591107,1.07950541642713,0,101,30000,0,1
40,30,54.4001809684401,3.78719048591107,1.07950541642713,3.27,0,0,455,0
40,30,54.4001809684401,3.78719048591107,1.07950541642713,4.13,0,0,358,0
40,30,54.4001809684401,3.78719048591107,1.07950541642713,16.99,0,0,156,0
40,30,54.4001809684401,3.78719048591107,1.07950541642713,22.81,0,0,114,0
41,30,107.522987132039,3.33500645498302,1.13378640039191,0,101,30000,0,1
41,30,107.522987132039,3.33500645498302,1.13378640039191,10.46,0,0,175,0
41,30,107.522987132039,3.33500645498302,1.13378640039191,16.19,0,0,120,0
41,30,107.522987132039,3.33500645498302,1.13378640039191,17.31,0,0,164,0
41,30,107.522987132039,3.33500645498302,1.13378640039191,19.84,0,0,141,0
42,30,39.0579482468217,5.59957425182623,0.79809774826924,0,101,30000,0,1
42,30,39.0579482468217,5.59957425182623,0.79809774826924,2.79,0,0,391,0
42,30,39.0579482468217,5.59957425182623,0.79809774826924,12.58,0,0,122,0
42,30,39.0579482468217,5.59957425182623,0.79809774826924,13.74,0,0,168,0
42,30,39.0579482468217,5.59957425182623,0.79809774826924,21.7,0,0,44,0
43,30,80.5073318735949,2.76317115271711,1.12207167057386,0,101,30000,0,1
43,30,80.5073318735949,2.76317115271711,1.12207167057386,0.9,0,0,264,0
43,30,80.5073318735949,2.76317115271711,1.12207167057386,10.91,0,0,269,0
43,30,80.5073318735949,2.76317115271711,1.12207167057386,11.72,0,0,270,0
43,30,80.5073318735949,2.76317115271711,1.12207167057386,15.08,0,0,189,0
44,30,86.2351265915074,3.96451868941277,1.33704348331069,0,101,30000,0,1
44,30,86.2351265915074,3.96451868941277,1.33704348331069,10.17,0,0,222,0
44,30,86.2351265915074,3.96451868941277,1.33704348331069,13.76,0,0,172,0
44,30,86.2351265915074,3.96451868941277,1.33704348331069,19.16,0,0,199,0
44,30,86.2351265915074,3.96451868941277,1.33704348331069,21.43,0,0,148,0
45,30,114.441229838431,3.53986769478373,1.3453670299338,0,101,30000,0,1
45,30,114.441229838431,3.53986769478373,1.3453670299338,3.17,0,0,178,0
45,30,114.441229838431,3.53986769478373,1.3453670299338,15.57,0,0,168,0
45,30,114.441229838431,3.53986769478373,1.3453670299338,19.37,0,0,140,0
45,30,114.441229838431,3.53986769478373,1.3453670299338,21.99,0,0,126,0
46,30,58.5924464647275,3.40389659091894,0.489253521066309,0,101,30000,0,1
46,30,58.5924464647275,3.40389659091894,0.489253521066309,5.05,0,0,450,0
46,30,58.5924464647275,3.40389659091894,0.489253521066309,5.78,0,0,288,0
46,30,58.5924464647275,3.40389659091894,0.489253521066309,11.29,0,0,355,0
46,30,58.5924464647275,3.40389659091894,0.489253521066309,17.61,0,0,254,0
47,30,101.935679032303,3.26964019672172,0.891689129814184,0,101,30000,0,1
47,30,101.935679032303,3.26964019672172,0.891689129814184,5.47,0,0,332,0
47,30,101.935679032303,3.26964019672172,0.891689129814184,7.99,0,0,256,0
47,30,101.935679032303,3.26964019672172,0.891689129814184,13.69,0,0,181,0
47,30,101.935679032303,3.26964019672172,0.891689129814184,21.2,0,0,207,0
48,30,76.6285605986907,2.46851707677192,0.898681924868442,0,101,30000,0,1
48,30,76.6285605986907,2.46851707677192,0.898681924868442,0.56,0,0,168,0
48,30,76.6285605986907,2.46851707677192,0.898681924868442,8.92,0,0,380,0
48,30,76.6285605986907,2.46851707677192,0.898681924868442,12.24,0,0,383,0
48,30,76.6285605986907,2.46851707677192,0.898681924868442,22.38,0,0,186,0
49,30,46.8742343212422,4.32023105793001,0.7846247929159,0,101,30000,0,1
49,30,46.8742343212422,4.32023105793001,0.7846247929159,4.37,0,0,453,0
49,30,46.8742343212422,4.32023105793001,0.7846247929159,5.35,0,0,464,0
49,30,46.8742343212422,4.32023105793001,0.7846247929159,11.96,0,0,230,0
49,30,46.8742343212422,4.32023105793001,0.7846247929159,17.45,0,0,169,0
50,30,61.8898050140244,3.89278164993621,0.78218707167823,0,101,30000,0,1
50,30,61.8898050140244,3.89278164993621,0.78218707167823,13.26,0,0,300,0
50,30,61.8898050140244,3.89278164993621,0.78218707167823,14.41,0,0,315,0
50,30,61.8898050140244,3.89278164993621,0.78218707167823,17.52,0,0,164,0
50,30,61.8898050140244,3.89278164993621,0.78218707167823,23.51,0,0,137,0
51,30,74.7652527837667,2.58049981258729,1.36536343255802,0,101,30000,0,1
51,30,74.7652527837667,2.58049981258729,1.36536343255802,6.46,0,0,541,0
51,30,74.7652527837667,2.58049981258729,1.36536343255802,6.62,0,0,282,0
51,30,74.7652527837667,2.58049981258729,1.36536343255802,10.59,0,0,315,0
51,30,74.7652527837667,2.58049981258729,1.36536343255802,17,0,0,216,0
52,30,80.4132428449667,5.14686216058444,1.47413450167196,0,101,30000,0,1
52,30,80.4132428449667,5.14686216058444,1.47413450167196,5.62,0,0,334,0
52,30,80.4132428449667,5.14686216058444,1.47413450167196,11.12,0,0,152,0
52,30,80.4132428449667,5.14686216058444,1.47413450167196,13.64,0,0,208,0
52,30,80.4132428449667,5.14686216058444,1.47413450167196,14.84,0,0,169,0
53,30,56.0518240996494,4.34815767133827,1.1469454361804,0,101,30000,0,1
53,30,56.0518240996494,4.34815767133827,1.1469454361804,3.41,0,0,410,0
53,30,56.0518240996494,4.34815767133827,1.1469454361804,8.1,0,0,325,0
53,30,56.0518240996494,4.34815767133827,1.1469454361804,12.27,0,0,214,0
53,30,56.0518240996494,4.34815767133827,1.1469454361804,16.42,0,0,146,0
54,30,73.0989138751636,3.39450406335827,0.942776357552177,0,101,30000,0,1
54,30,73.0989138751636,3.39450406335827,0.942776357552177,3.72,0,0,401,0
54,30,73.0989138751636,3.39450406335827,0.942776357552177,7.25,0,0,307,0
54,30,73.0989138751636,3.39450406335827,0.942776357552177,20.7,0,0,177,0
54,30,73.0989138751636,3.39450406335827,0.942776357552177,23.63,0,0,149,0
55,30,58.0833914560967,6.31281614713973,0.797180314754789,0,101,30000,0,1
55,30,58.0833914560967,6.31281614713973,0.797180314754789,5.47,0,0,368,0
55,30,58.0833914560967,6.31281614713973,0.797180314754789,16.99,0,0,95,0
55,30,58.0833914560967,6.31281614713973,0.797180314754789,21.21,0,0,77,0
55,30,58.0833914560967,6.31281614713973,0.797180314754789,22.28,0,0,45,0
56,30,86.4115496581498,2.93075718139129,0.994820043230733,0,101,30000,0,1
56,30,86.4115496581498,2.93075718139129,0.994820043230733,3.44,0,0,313,0
56,30,86.4115496581498,2.93075718139129,0.994820043230733,13.01,0,0,198,0
56,30,86.4115496581498,2.93075718139129,0.994820043230733,15.57,0,0,262,0
56,30,86.4115496581498,2.93075718139129,0.994820043230733,22.6,0,0,208,0
57,30,76.6070899131953,3.81843502186483,1.21227129249957,0,101,30000,0,1
57,30,76.6070899131953,3.81843502186483,1.21227129249957,6.26,0,0,235,0
57,30,76.6070899131953,3.81843502186483,1.21227129249957,14.67,0,0,255,0
57,30,76.6070899131953,3.81843502186483,1.21227129249957,16.34,0,0,195,0
57,30,76.6070899131953,3.81843502186483,1.21227129249957,18.4,0,0,164,0
58,30,55.4722028175993,7.34272629820251,1.45711990800284,0,101,30000,0,1
58,30,55.4722028175993,7.34272629820251,1.45711990800284,8.32,0,0,223,0
58,30,55.4722028175993,7.34272629820251,1.45711990800284,11.96,0,0,117,0
58,30,55.4722028175993,7.34272629820251,1.45711990800284,13.04,0,0,111,0
58,30,55.4722028175993,7.34272629820251,1.45711990800284,21.22,0,0,35,0
59,30,59.4387434714572,3.84586083657203,0.71307021137105,0,101,30000,0,1
59,30,59.4387434714572,3.84586083657203,0.71307021137105,7.03,0,0,270,0
59,30,59.4387434714572,3.84586083657203,0.71307021137105,7.29,0,0,275,0
59,30,59.4387434714572,3.84586083657203,0.71307021137105,8.89,0,0,339,0
59,30,59.4387434714572,3.84586083657203,0.71307021137105,21.49,0,0,133,0
60,30,94.2136006441114,3.4260470374366,0.9770297062048,0,101,30000,0,1
60,30,94.2136006441114,3.4260470374366,0.9770297062048,11.28,0,0,213,0
60,30,94.2136006441114,3.4260470374366,0.9770297062048,14.08,0,0,159,0
60,30,94.2136006441114,3.4260470374366,0.9770297062048,15.39,0,0,193,0
60,30,94.2136006441114,3.4260470374366,0.9770297062048,17.39,0,0,175,0
61,60,97.7929130552063,3.10736848626903,1.18207799931183,0,101,60000,0,1
61,60,97.7929130552063,3.10736848626903,1.18207799931183,11.97,0,0,525,0
61,60,97.7929130552063,3.10736848626903,1.18207799931183,13.19,0,0,280,0
61,60,97.7929130552063,3.10736848626903,1.18207799931183,17.98,0,0,334,0
61,60,97.7929130552063,3.10736848626903,1.18207799931183,19.66,0,0,344,0
62,60,76.8464959447473,5.14708203503575,1.48906264806685,0,101,60000,0,1
62,60,76.8464959447473,5.14708203503575,1.48906264806685,0.68,0,0,407,0
62,60,76.8464959447473,5.14708203503575,1.48906264806685,9.19,0,0,349,0
62,60,76.8464959447473,5.14708203503575,1.48906264806685,19.86,0,0,180,0
62,60,76.8464959447473,5.14708203503575,1.48906264806685,21.72,0,0,177,0
63,60,64.7197447164574,3.93649385574137,0.736250528138425,0,101,60000,0,1
63,60,64.7197447164574,3.93649385574137,0.736250528138425,6.87,0,0,616,0
63,60,64.7197447164574,3.93649385574137,0.736250528138425,9.61,0,0,589,0
63,60,64.7197447164574,3.93649385574137,0.736250528138425,10.11,0,0,723,0
63,60,64.7197447164574,3.93649385574137,0.736250528138425,19.53,0,0,286,0
64,60,61.7657457235166,3.50607748478436,1.95178100247984,0,101,60000,0,1
64,60,61.7657457235166,3.50607748478436,1.95178100247984,3.24,0,0,668,0
64,60,61.7657457235166,3.50607748478436,1.95178100247984,5.28,0,0,468,0
64,60,61.7657457235166,3.50607748478436,1.95178100247984,5.89,0,0,622,0
64,60,61.7657457235166,3.50607748478436,1.95178100247984,17.12,0,0,349,0
65,60,46.4059549731764,3.05159499067797,0.725634258359288,0,101,60000,0,1
65,60,46.4059549731764,3.05159499067797,0.725634258359288,0.8,0,0,507,0
65,60,46.4059549731764,3.05159499067797,0.725634258359288,5.91,0,0,1178,0
65,60,46.4059549731764,3.05159499067797,0.725634258359288,16.86,0,0,490,0
65,60,46.4059549731764,3.05159499067797,0.725634258359288,20.79,0,0,562,0
66,60,75.8162245525213,3.86591086642041,1.24437549787347,0,101,60000,0,1
66,60,75.8162245525213,3.86591086642041,1.24437549787347,1.84,0,0,648,0
66,60,75.8162245525213,3.86591086642041,1.24437549787347,4.54,0,0,880,0
66,60,75.8162245525213,3.86591086642041,1.24437549787347,13.46,0,0,346,0
66,60,75.8162245525213,3.86591086642041,1.24437549787347,15.2,0,0,370,0
67,60,84.4612568163238,4.42330369198556,0.852148778890241,0,101,60000,0,1
67,60,84.4612568163238,4.42330369198556,0.852148778890241,2.28,0,0,689,0
67,60,84.4612568163238,4.42330369198556,0.852148778890241,5.95,0,0,442,0
67,60,84.4612568163238,4.42330369198556,0.852148778890241,18.21,0,0,264,0
67,60,84.4612568163238,4.42330369198556,0.852148778890241,19.2,0,0,265,0
68,60,59.1047007231728,2.57928466568083,1.13008056317417,0,101,60000,0,1
68,60,59.1047007231728,2.57928466568083,1.13008056317417,1.99,0,0,747,0
68,60,59.1047007231728,2.57928466568083,1.13008056317417,16.45,0,0,565,0
68,60,59.1047007231728,2.57928466568083,1.13008056317417,16.74,0,0,589,0
68,60,59.1047007231728,2.57928466568083,1.13008056317417,23.32,0,0,372,0
69,60,72.9218667449576,4.47227649417234,0.787304263371923,0,101,60000,0,1
69,60,72.9218667449576,4.47227649417234,0.787304263371923,4.39,0,0,809,0
69,60,72.9218667449576,4.47227649417234,0.787304263371923,11.09,0,0,449,0
69,60,72.9218667449576,4.47227649417234,0.787304263371923,13.96,0,0,394,0
69,60,72.9218667449576,4.47227649417234,0.787304263371923,15.82,0,0,356,0
70,60,67.5618326986171,3.72767329770347,1.10985753132045,0,101,60000,0,1
70,60,67.5618326986171,3.72767329770347,1.10985753132045,1.01,0,0,648,0
70,60,67.5618326986171,3.72767329770347,1.10985753132045,6.31,0,0,1004,0
70,60,67.5618326986171,3.72767329770347,1.10985753132045,17.85,0,0,368,0
70,60,67.5618326986171,3.72767329770347,1.10985753132045,19.63,0,0,505,0
71,60,76.3559790461502,5.3550213005394,1.34675259883966,0,101,60000,0,1
71,60,76.3559790461502,5.3550213005394,1.34675259883966,8.09,0,0,424,0
71,60,76.3559790461502,5.3550213005394,1.34675259883966,9.21,0,0,431,0
71,60,76.3559790461502,5.3550213005394,1.34675259883966,15.9,0,0,340,0
71,60,76.3559790461502,5.3550213005394,1.34675259883966,19.85,0,0,167,0
72,60,75.7512568818019,3.14754785422576,0.86944037096904,0,101,60000,0,1
72,60,75.7512568818019,3.14754785422576,0.86944037096904,6.79,0,0,747,0
72,60,75.7512568818019,3.14754785422576,0.86944037096904,12.7,0,0,548,0
72,60,75.7512568818019,3.14754785422576,0.86944037096904,14.2,0,0,504,0
72,60,75.7512568818019,3.14754785422576,0.86944037096904,15.65,0,0,415,0
73,60,46.0470634875558,4.52144855874574,0.610950642843418,0,101,60000,0,1
73,60,46.0470634875558,4.52144855874574,0.610950642843418,1.17,0,0,794,0
73,60,46.0470634875558,4.52144855874574,0.610950642843418,3.97,0,0,869,0
73,60,46.0470634875558,4.52144855874574,0.610950642843418,4.04,0,0,779,0
73,60,46.0470634875558,4.52144855874574,0.610950642843418,5.53,0,0,1119,0
74,60,64.8932276016421,4.27873152298588,1.31007509483037,0,101,60000,0,1
74,60,64.8932276016421,4.27873152298588,1.31007509483037,2.81,0,0,1063,0
74,60,64.8932276016421,4.27873152298588,1.31007509483037,6.71,0,0,727,0
74,60,64.8932276016421,4.27873152298588,1.31007509483037,14.99,0,0,339,0
74,60,64.8932276016421,4.27873152298588,1.31007509483037,17.18,0,0,257,0
75,60,77.3735522686729,3.98601428289279,1.33945030653648,0,101,60000,0,1
75,60,77.3735522686729,3.98601428289279,1.33945030653648,3.57,0,0,543,0
75,60,77.3735522686729,3.98601428289279,1.33945030653648,7.33,0,0,460,0
75,60,77.3735522686729,3.98601428289279,1.33945030653648,7.69,0,0,416,0
75,60,77.3735522686729,3.98601428289279,1.33945030653648,23.1,0,0,222,0
76,60,83.2673771699011,3.64025695654512,0.968545630092629,0,101,60000,0,1
76,60,83.2673771699011,3.64025695654512,0.968545630092629,5.91,0,0,619,0
76,60,83.2673771699011,3.64025695654512,0.968545630092629,7.6,0,0,604,0
76,60,83.2673771699011,3.64025695654512,0.968545630092629,8.39,0,0,588,0
76,60,83.2673771699011,3.64025695654512,0.968545630092629,8.59,0,0,571,0
77,60,87.5838783911442,4.54904171744859,0.793412632379383,0,101,60000,0,1
77,60,87.5838783911442,4.54904171744859,0.793412632379383,1.62,0,0,400,0
77,60,87.5838783911442,4.54904171744859,0.793412632379383,8.73,0,0,467,0
77,60,87.5838783911442,4.54904171744859,0.793412632379383,11.38,0,0,405,0
77,60,87.5838783911442,4.54904171744859,0.793412632379383,22.36,0,0,422,0
78,60,77.4659586114026,4.42312324315451,1.07189554252705,0,101,60000,0,1
78,60,77.4659586114026,4.42312324315451,1.07189554252705,2.01,0,0,575,0
78,60,77.4659586114026,4.42312324315451,1.07189554252705,3.02,0,0,536,0
78,60,77.4659586114026,4.42312324315451,1.07189554252705,4.31,0,0,625,0
78,60,77.4659586114026,4.42312324315451,1.07189554252705,5.56,0,0,655,0
79,60,82.4846461128912,2.37231156124863,1.37549000624077,0,101,60000,0,1
79,60,82.4846461128912,2.37231156124863,1.37549000624077,11.92,0,0,635,0
79,60,82.4846461128912,2.37231156124863,1.37549000624077,16.38,0,0,563,0
79,60,82.4846461128912,2.37231156124863,1.37549000624077,20.26,0,0,245,0
79,60,82.4846461128912,2.37231156124863,1.37549000624077,21.6,0,0,511,0
80,60,78.0981462066754,4.51168285670053,0.855160761961419,0,101,60000,0,1
80,60,78.0981462066754,4.51168285670053,0.855160761961419,2.56,0,0,456,0
80,60,78.0981462066754,4.51168285670053,0.855160761961419,16.18,0,0,308,0
80,60,78.0981462066754,4.51168285670053,0.855160761961419,19.2,0,0,382,0
80,60,78.0981462066754,4.51168285670053,0.855160761961419,21.3,0,0,315,0
81,60,65.5179220674552,3.12189634919668,0.919400671643997,0,101,60000,0,1
81,60,65.5179220674552,3.12189634919668,0.919400671643997,6.01,0,0,802,0
81,60,65.5179220674552,3.12189634919668,0.919400671643997,10.86,0,0,712,0
81,60,65.5179220674552,3.12189634919668,0.919400671643997,11.67,0,0,543,0
81,60,65.5179220674552,3.12189634919668,0.919400671643997,21.58,0,0,486,0
82,60,44.3480799731565,4.37092239362593,0.889485436881571,0,101,60000,0,1
82,60,44.3480799731565,4.37092239362593,0.889485436881571,6.72,0,0,1117,0
82,60,44.3480799731565,4.37092239362593,0.889485436881571,14.4,0,0,325,0
82,60,44.3480799731565,4.37092239362593,0.889485436881571,15.79,0,0,374,0
82,60,44.3480799731565,4.37092239362593,0.889485436881571,17.68,0,0,249,0
83,60,63.5538498382017,2.95744346774918,0.93082453628174,0,101,60000,0,1
83,60,63.5538498382017,2.95744346774918,0.93082453628174,5.4,0,0,790,0
83,60,63.5538498382017,2.95744346774918,0.93082453628174,5.6,0,0,673,0
83,60,63.5538498382017,2.95744346774918,0.93082453628174,7.43,0,0,789,0
83,60,63.5538498382017,2.95744346774918,0.93082453628174,13.91,0,0,490,0
84,60,68.6461461631695,4.26907624589469,1.61056444805827,0,101,60000,0,1
84,60,68.6461461631695,4.26907624589469,1.61056444805827,3.52,0,0,537,0
84,60,68.6461461631695,4.26907624589469,1.61056444805827,5.42,0,0,495,0
84,60,68.6461461631695,4.26907624589469,1.61056444805827,10.21,0,0,478,0
84,60,68.6461461631695,4.26907624589469,1.61056444805827,16.25,0,0,548,0
85,60,60.8544626714434,3.79673248576134,1.32654784017553,0,101,60000,0,1
85,60,60.8544626714434,3.79673248576134,1.32654784017553,4.41,0,0,863,0
85,60,60.8544626714434,3.79673248576134,1.32654784017553,7.8,0,0,610,0
85,60,60.8544626714434,3.79673248576134,1.32654784017553,14.06,0,0,476,0
85,60,60.8544626714434,3.79673248576134,1.32654784017553,15.65,0,0,407,0
86,60,64.7931811863781,4.40517444690756,0.971746321292495,0,101,60000,0,1
86,60,64.7931811863781,4.40517444690756,0.971746321292495,14.3,0,0,542,0
86,60,64.7931811863781,4.40517444690756,0.971746321292495,16.4,0,0,327,0
86,60,64.7931811863781,4.40517444690756,0.971746321292495,20.38,0,0,196,0
86,60,64.7931811863781,4.40517444690756,0.971746321292495,21.51,0,0,223,0
87,60,65.4859536457744,3.97989740553704,1.10391709092319,0,101,60000,0,1
87,60,65.4859536457744,3.97989740553704,1.10391709092319,1.54,0,0,783,0
87,60,65.4859536457744,3.97989740553704,1.10391709092319,2.71,0,0,713,0
87,60,65.4859536457744,3.97989740553704,1.10391709092319,3.8,0,0,888,0
87,60,65.4859536457744,3.97989740553704,1.10391709092319,15.86,0,0,370,0
88,60,68.6970710529858,3.14091563850013,0.82979790683376,0,101,60000,0,1
88,60,68.6970710529858,3.14091563850013,0.82979790683376,3.45,0,0,963,0
88,60,68.6970710529858,3.14091563850013,0.82979790683376,7.11,0,0,604,0
88,60,68.6970710529858,3.14091563850013,0.82979790683376,15.12,0,0,429,0
88,60,68.6970710529858,3.14091563850013,0.82979790683376,17.48,0,0,377,0
89,60,50.7362004511379,3.89688703667535,0.837476321886778,0,101,60000,0,1
89,60,50.7362004511379,3.89688703667535,0.837476321886778,4.88,0,0,775,0
89,60,50.7362004511379,3.89688703667535,0.837476321886778,13.96,0,0,337,0
89,60,50.7362004511379,3.89688703667535,0.837476321886778,15.8,0,0,444,0
89,60,50.7362004511379,3.89688703667535,0.837476321886778,17.57,0,0,439,0
90,60,42.2895806302321,3.8500685033075,0.895744058289034,0,101,60000,0,1
90,60,42.2895806302321,3.8500685033075,0.895744058289034,5.16,0,0,926,0
90,60,42.2895806302321,3.8500685033075,0.895744058289034,5.4,0,0,999,0
90,60,42.2895806302321,3.8500685033075,0.895744058289034,8.31,0,0,753,0
90,60,42.2895806302321,3.8500685033075,0.895744058289034,19.18,0,0,287,0
91,120,41.3540116378097,4.95479384099736,1.06347715626095,0,101,120000,0,1
91,120,41.3540116378097,4.95479384099736,1.06347715626095,0.9,0,0,1397,0
91,120,41.3540116378097,4.95479384099736,1.06347715626095,2.59,0,0,1921,0
91,120,41.3540116378097,4.95479384099736,1.06347715626095,4.12,0,0,2064,0
91,120,41.3540116378097,4.95479384099736,1.06347715626095,6.42,0,0,1792,0
92,120,88.9488621904183,5.73124173962838,0.933090052064326,0,101,120000,0,1
92,120,88.9488621904183,5.73124173962838,0.933090052064326,0.48,0,0,496,0
92,120,88.9488621904183,5.73124173962838,0.933090052064326,5.55,0,0,1246,0
92,120,88.9488621904183,5.73124173962838,0.933090052064326,15.93,0,0,465,0
92,120,88.9488621904183,5.73124173962838,0.933090052064326,21.53,0,0,303,0
93,120,81.5948810718549,5.16568885927987,1.09446142990421,0,101,120000,0,1
93,120,81.5948810718549,5.16568885927987,1.09446142990421,1.21,0,0,1120,0
93,120,81.5948810718549,5.16568885927987,1.09446142990421,8.24,0,0,930,0
93,120,81.5948810718549,5.16568885927987,1.09446142990421,16.77,0,0,427,0
93,120,81.5948810718549,5.16568885927987,1.09446142990421,19.42,0,0,304,0
94,120,75.1605812179886,3.81399682058453,1.38395385621463,0,101,120000,0,1
94,120,75.1605812179886,3.81399682058453,1.38395385621463,10.73,0,0,956,0
94,120,75.1605812179886,3.81399682058453,1.38395385621463,10.9,0,0,791,0
94,120,75.1605812179886,3.81399682058453,1.38395385621463,11.35,0,0,859,0
94,120,75.1605812179886,3.81399682058453,1.38395385621463,13.32,0,0,1265,0
95,120,49.8867478460719,3.28533314676877,1.37654831611588,0,101,120000,0,1
95,120,49.8867478460719,3.28533314676877,1.37654831611588,13.65,0,0,1111,0
95,120,49.8867478460719,3.28533314676877,1.37654831611588,14.46,0,0,984,0
95,120,49.8867478460719,3.28533314676877,1.37654831611588,17.39,0,0,695,0
95,120,49.8867478460719,3.28533314676877,1.37654831611588,19.88,0,0,538,0
96,120,67.1251755006715,4.69234232936641,1.28097666522641,0,101,120000,0,1
96,120,67.1251755006715,4.69234232936641,1.28097666522641,2.57,0,0,1351,0
96,120,67.1251755006715,4.69234232936641,1.28097666522641,3.8,0,0,1293,0
96,120,67.1251755006715,4.69234232936641,1.28097666522641,19.1,0,0,416,0
96,120,67.1251755006715,4.69234232936641,1.28097666522641,22.91,0,0,352,0
97,120,133.78715339146,3.20096161394993,0.823922411230505,0,101,120000,0,1
97,120,133.78715339146,3.20096161394993,0.823922411230505,1.63,0,0,548,0
97,120,133.78715339146,3.20096161394993,0.823922411230505,5.71,0,0,1110,0
97,120,133.78715339146,3.20096161394993,0.823922411230505,11.84,0,0,719,0
97,120,133.78715339146,3.20096161394993,0.823922411230505,17.21,0,0,612,0
98,120,94.7041965045547,4.71195132271915,0.939988048220463,0,101,120000,0,1
98,120,94.7041965045547,4.71195132271915,0.939988048220463,0.85,0,0,566,0
98,120,94.7041965045547,4.71195132271915,0.939988048220463,5.3,0,0,686,0
98,120,94.7041965045547,4.71195132271915,0.939988048220463,11.71,0,0,703,0
98,120,94.7041965045547,4.71195132271915,0.939988048220463,13.02,0,0,672,0
99,120,94.7041965045547,4.71195132271915,0.939988048220463,0,101,120000,0,1
99,120,94.7041965045547,4.71195132271915,0.939988048220463,0.85,0,0,566,0
99,120,94.7041965045547,4.71195132271915,0.939988048220463,5.3,0,0,686,0
99,120,94.7041965045547,4.71195132271915,0.939988048220463,11.71,0,0,703,0
99,120,94.7041965045547,4.71195132271915,0.939988048220463,13.02,0,0,672,0
100,120,70.6439132357214,5.86479769937621,1.08884986507246,0,101,120000,0,1
100,120,70.6439132357214,5.86479769937621,1.08884986507246,6.21,0,0,1306,0
100,120,70.6439132357214,5.86479769937621,1.08884986507246,7.69,0,0,1036,0
100,120,70.6439132357214,5.86479769937621,1.08884986507246,18.02,0,0,298,0
100,120,70.6439132357214,5.86479769937621,1.08884986507246,19.4,0,0,445,0
101,120,72.5139128154558,4.53636103796821,1.28834891577823,0,101,120000,0,1
101,120,72.5139128154558,4.53636103796821,1.28834891577823,4.91,0,0,1262,0
101,120,72.5139128154558,4.53636103796821,1.28834891577823,15.11,0,0,722,0
101,120,72.5139128154558,4.53636103796821,1.28834891577823,16.99,0,0,653,0
101,120,72.5139128154558,4.53636103796821,1.28834891577823,22.5,0,0,446,0
102,120,54.5106241677251,2.70552118114107,0.776002789924871,0,101,120000,0,1
102,120,54.5106241677251,2.70552118114107,0.776002789924871,11.77,0,0,1021,0
102,120,54.5106241677251,2.70552118114107,0.776002789924871,17.38,0,0,789,0
102,120,54.5106241677251,2.70552118114107,0.776002789924871,17.49,0,0,1251,0
102,120,54.5106241677251,2.70552118114107,0.776002789924871,18.62,0,0,785,0
103,120,48.7872916914264,2.28832335343467,1.229454059884,0,101,120000,0,1
103,120,48.7872916914264,2.28832335343467,1.229454059884,7.22,0,0,1904,0
103,120,48.7872916914264,2.28832335343467,1.229454059884,13.73,0,0,1781,0
103,120,48.7872916914264,2.28832335343467,1.229454059884,17.42,0,0,1412,0
103,120,48.7872916914264,2.28832335343467,1.229454059884,22.82,0,0,962,0
104,120,142.389219155497,6.22943690090733,1.14136794602148,0,101,120000,0,1
104,120,142.389219155497,6.22943690090733,1.14136794602148,4.03,0,0,562,0
104,120,142.389219155497,6.22943690090733,1.14136794602148,6.55,0,0,635,0
104,120,142.389219155497,6.22943690090733,1.14136794602148,6.67,0,0,760,0
104,120,142.389219155497,6.22943690090733,1.14136794602148,11.19,0,0,643,0
105,120,67.6308844926657,2.77927669851696,0.735338648519398,0,101,120000,0,1
105,120,67.6308844926657,2.77927669851696,0.735338648519398,7.41,0,0,1210,0
105,120,67.6308844926657,2.77927669851696,0.735338648519398,8.82,0,0,1282,0
105,120,67.6308844926657,2.77927669851696,0.735338648519398,14.91,0,0,1273,0
105,120,67.6308844926657,2.77927669851696,0.735338648519398,20.9,0,0,774,0
106,120,47.0881576654446,5.93458861960507,1.26111105942288,0,101,120000,0,1
106,120,47.0881576654446,5.93458861960507,1.26111105942288,5.34,0,0,1266,0
106,120,47.0881576654446,5.93458861960507,1.26111105942288,12.3,0,0,578,0
106,120,47.0881576654446,5.93458861960507,1.26111105942288,14.61,0,0,390,0
106,120,47.0881576654446,5.93458861960507,1.26111105942288,16.08,0,0,488,0
107,120,80.2658437502679,4.33909914256154,0.947745973898655,0,101,120000,0,1
107,120,80.2658437502679,4.33909914256154,0.947745973898655,10.44,0,0,918,0
107,120,80.2658437502679,4.33909914256154,0.947745973898655,12.02,0,0,859,0
107,120,80.2658437502679,4.33909914256154,0.947745973898655,20.09,0,0,393,0
107,120,80.2658437502679,4.33909914256154,0.947745973898655,21.37,0,0,503,0
108,120,62.4912274013827,3.11754851358067,0.813555051561861,0,101,120000,0,1
108,120,62.4912274013827,3.11754851358067,0.813555051561861,6.69,0,0,1157,0
108,120,62.4912274013827,3.11754851358067,0.813555051561861,10.36,0,0,994,0
108,120,62.4912274013827,3.11754851358067,0.813555051561861,11.34,0,0,1323,0
108,120,62.4912274013827,3.11754851358067,0.813555051561861,14.94,0,0,1073,0
109,120,70.1269057335012,3.66229478370238,0.874542666641147,0,101,120000,0,1
109,120,70.1269057335012,3.66229478370238,0.874542666641147,4.24,0,0,1480,0
109,120,70.1269057335012,3.66229478370238,0.874542666641147,9.2,0,0,1025,0
109,120,70.1269057335012,3.66229478370238,0.874542666641147,10.83,0,0,865,0
109,120,70.1269057335012,3.66229478370238,0.874542666641147,16.85,0,0,912,0
110,120,62.945912614748,3.271831078169,1.08368372365713,0,101,120000,0,1
110,120,62.945912614748,3.271831078169,1.08368372365713,1.02,0,0,1077,0
110,120,62.945912614748,3.271831078169,1.08368372365713,9.63,0,0,1048,0
110,120,62.945912614748,3.271831078169,1.08368372365713,14.94,0,0,1327,0
110,120,62.945912614748,3.271831078169,1.08368372365713,23.41,0,0,529,0
111,120,92.5599180650698,3.73813782112566,1.76424938932065,0,101,120000,0,1
111,120,92.5599180650698,3.73813782112566,1.76424938932065,2.23,0,0,1358,0
111,120,92.5599180650698,3.73813782112566,1.76424938932065,13.04,0,0,708,0
111,120,92.5599180650698,3.73813782112566,1.76424938932065,20.41,0,0,959,0
111,120,92.5599180650698,3.73813782112566,1.76424938932065,22.84,0,0,512,0
112,120,46.8298060107633,4.13316042879871,0.675814716138033,0,101,120000,0,1
112,120,46.8298060107633,4.13316042879871,0.675814716138033,6.29,0,0,1184,0
112,120,46.8298060107633,4.13316042879871,0.675814716138033,7.18,0,0,1472,0
112,120,46.8298060107633,4.13316042879871,0.675814716138033,14.05,0,0,1064,0
112,120,46.8298060107633,4.13316042879871,0.675814716138033,19.64,0,0,625,0
113,120,61.052447625041,5.49261268688337,0.959182169497488,0,101,120000,0,1
113,120,61.052447625041,5.49261268688337,0.959182169497488,2.44,0,0,1195,0
113,120,61.052447625041,5.49261268688337,0.959182169497488,12.9,0,0,698,0
113,120,61.052447625041,5.49261268688337,0.959182169497488,13.79,0,0,725,0
113,120,61.052447625041,5.49261268688337,0.959182169497488,17.56,0,0,445,0
114,120,155.381952300884,4.46468614357945,0.875922433477873,0,101,120000,0,1
114,120,155.381952300884,4.46468614357945,0.875922433477873,5.8,0,0,720,0
114,120,155.381952300884,4.46468614357945,0.875922433477873,8.02,0,0,952,0
114,120,155.381952300884,4.46468614357945,0.875922433477873,11.16,0,0,565,0
114,120,155.381952300884,4.46468614357945,0.875922433477873,12.27,0,0,647,0
115,120,99.8734751774871,4.09676848551811,1.60370930157423,0,101,120000,0,1
115,120,99.8734751774871,4.09676848551811,1.60370930157423,12.7,0,0,874,0
115,120,99.8734751774871,4.09676848551811,1.60370930157423,16.94,0,0,448,0
115,120,99.8734751774871,4.09676848551811,1.60370930157423,21.09,0,0,464,0
115,120,99.8734751774871,4.09676848551811,1.60370930157423,23.89,0,0,363,0
116,120,62.0041272796367,3.8056894005652,0.953105346404222,0,101,120000,0,1
116,120,62.0041272796367,3.8056894005652,0.953105346404222,5.02,0,0,1360,0
116,120,62.0041272796367,3.8056894005652,0.953105346404222,6.1,0,0,1407,0
116,120,62.0041272796367,3.8056894005652,0.953105346404222,9.29,0,0,1051,0
116,120,62.0041272796367,3.8056894005652,0.953105346404222,12.19,0,0,958,0
117,120,50.9845332771302,5.10425536493634,1.13128381812388,0,101,120000,0,1
117,120,50.9845332771302,5.10425536493634,1.13128381812388,3.07,0,0,1863,0
117,120,50.9845332771302,5.10425536493634,1.13128381812388,6.68,0,0,1501,0
117,120,50.9845332771302,5.10425536493634,1.13128381812388,16.77,0,0,361,0
117,120,50.9845332771302,5.10425536493634,1.13128381812388,21.49,0,0,242,0
118,120,117.928182570131,4.05785151156057,0.861018971120828,0,101,120000,0,1
118,120,117.928182570131,4.05785151156057,0.861018971120828,5.86,0,0,832,0
118,120,117.928182570131,4.05785151156057,0.861018971120828,8.37,0,0,656,0
118,120,117.928182570131,4.05785151156057,0.861018971120828,11.84,0,0,660,0
118,120,117.928182570131,4.05785151156057,0.861018971120828,19.3,0,0,707,0
119,120,82.1111605398599,2.96285480058515,1.38604143772694,0,101,120000,0,1
119,120,82.1111605398599,2.96285480058515,1.38604143772694,5.41,0,0,1003,0
119,120,82.1111605398599,2.96285480058515,1.38604143772694,7.05,0,0,1173,0
119,120,82.1111605398599,2.96285480058515,1.38604143772694,18.89,0,0,794,0
119,120,82.1111605398599,2.96285480058515,1.38604143772694,19.62,0,0,570,0
120,120,90.13132345599,3.21066044903405,0.850155094702045,0,101,120000,0,1
120,120,90.13132345599,3.21066044903405,0.850155094702045,4.6,0,0,1478,0
120,120,90.13132345599,3.21066044903405,0.850155094702045,7.34,0,0,1675,0
120,120,90.13132345599,3.21066044903405,0.850155094702045,21.55,0,0,659,0
120,120,90.13132345599,3.21066044903405,0.850155094702045,23.1,0,0,749,0
