ID,DOSE,V,CL,KA,TIME,EVID,AMT,DV,EVIDNM
1,10,50.8321348998242,5.54244874053021,1.05756216954852,0,101,10000,0,1
1,10,50.8321348998242,5.54244874053021,1.05756216954852,4.22,0,0,130,0
1,10,50.8321348998242,5.54244874053021,1.05756216954852,12.34,0,0,45,0
1,10,50.8321348998242,5.54244874053021,1.05756216954852,14.63,0,0,57,0
1,10,50.8321348998242,5.54244874053021,1.05756216954852,14.7,0,0,57,0
2,10,58.5060330741396,4.93231600498653,0.974904590274148,0,101,10000,0,1
2,10,58.5060330741396,4.93231600498653,0.974904590274148,5.44,0,0,155,0
2,10,58.5060330741396,4.93231600498653,0.974904590274148,11.59,0,0,57,0
2,10,58.5060330741396,4.93231600498653,0.974904590274148,20.91,0,0,31,0
2,10,58.5060330741396,4.93231600498653,0.974904590274148,22.72,0,0,29,0
3,10,52.9560737717481,6.31625660050895,1.14226958640956,0,101,10000,0,1
3,10,52.9560737717481,6.31625660050895,1.14226958640956,3.73,0,0,113,0
3,10,52.9560737717481,6.31625660050895,1.14226958640956,4.27,0,0,134,0
3,10,52.9560737717481,6.31625660050895,1.14226958640956,7.99,0,0,69,0
3,10,52.9560737717481,6.31625660050895,1.14226958640956,12.87,0,0,55,0
4,10,62.2661577293549,6.66540704688192,1.20182039928911,0,101,10000,0,1
4,10,62.2661577293549,6.66540704688192,1.20182039928911,2.72,0,0,167,0
4,10,62.2661577293549,6.66540704688192,1.20182039928911,8.61,0,0,85,0
4,10,62.2661577293549,6.66540704688192,1.20182039928911,13.57,0,0,53,0
4,10,62.2661577293549,6.66540704688192,1.20182039928911,17.17,0,0,24,0
5,10,57.0912189747377,3.73723025228464,0.683887863115148,0,101,10000,0,1
5,10,57.0912189747377,3.73723025228464,0.683887863115148,8.41,0,0,112,0
5,10,57.0912189747377,3.73723025228464,0.683887863115148,8.82,0,0,74,0
5,10,57.0912189747377,3.73723025228464,0.683887863115148,17.19,0,0,63,0
5,10,57.0912189747377,3.73723025228464,0.683887863115148,22.73,0,0,57,0
6,10,63.7813722604433,2.84701538556289,1.07996495231037,0,101,10000,0,1
6,10,63.7813722604433,2.84701538556289,1.07996495231037,1.07,0,0,90,0
6,10,63.7813722604433,2.84701538556289,1.07996495231037,3.57,0,0,140,0
6,10,63.7813722604433,2.84701538556289,1.07996495231037,10.56,0,0,83,0
6,10,63.7813722604433,2.84701538556289,1.07996495231037,17.46,0,0,63,0
7,10,91.7039816551082,5.33926004383415,1.33704947429368,0,101,10000,0,1
7,10,91.7039816551082,5.33926004383415,1.33704947429368,8.11,0,0,73,0
7,10,91.7039816551082,5.33926004383415,1.33704947429368,12.24,0,0,54,0
7,10,91.7039816551082,5.33926004383415,1.33704947429368,17.07,0,0,37,0
7,10,91.7039816551082,5.33926004383415,1.33704947429368,22.73,0,0,27,0
8,10,135.202698152244,3.48017805450317,0.689955106407002,0,101,10000,0,1
8,10,135.202698152244,3.48017805450317,0.689955106407002,1.9,0,0,53,0
8,10,135.202698152244,3.48017805450317,0.689955106407002,7.65,0,0,46,0
8,10,135.202698152244,3.48017805450317,0.689955106407002,9.36,0,0,65,0
8,10,135.202698152244,3.48017805450317,0.689955106407002,13.41,0,0,42,0
9,10,55.8889833003082,7.53795574133899,1.20779129912724,0,101,10000,0,1
9,10,55.8889833003082,7.53795574133899,1.20779129912724,0.69,0,0,94,0
9,10,55.8889833003082,7.53795574133899,1.20779129912724,8.09,0,0,47,0
9,10,55.8889833003082,7.53795574133899,1.20779129912724,15.61,0,0,24,0
9,10,55.8889833003082,7.53795574133899,1.20779129912724,20.3,0,0,13,0
10,10,111.649279161891,3.24162826828255,1.48043606842949,0,101,10000,0,1
10,10,111.649279161891,3.24162826828255,1.48043606842949,0.03,0,0,3,0
10,10,111.649279161891,3.24162826828255,1.48043606842949,1.02,0,0,94,0
10,10,111.649279161891,3.24162826828255,1.48043606842949,12.35,0,0,64,0
10,10,111.649279161891,3.24162826828255,1.48043606842949,17.2,0,0,66,0
11,10,52.5626892896848,5.08403234380997,1.20572416316561,0,101,10000,0,1
11,10,52.5626892896848,5.08403234380997,1.20572416316561,2.75,0,0,137,0
11,10,52.5626892896848,5.08403234380997,1.20572416316561,2.76,0,0,157,0
11,10,52.5626892896848,5.08403234380997,1.20572416316561,15.49,0,0,53,0
11,10,52.5626892896848,5.08403234380997,1.20572416316561,22.88,0,0,18,0
12,10,98.4875968110684,7.39211165319907,0.758470681653843,0,101,10000,0,1
12,10,98.4875968110684,7.39211165319907,0.758470681653843,5.1,0,0,77,0
12,10,98.4875968110684,7.39211165319907,0.758470681653843,12.28,0,0,50,0
12,10,98.4875968110684,7.39211165319907,0.758470681653843,12.93,0,0,53,0
12,10,98.4875968110684,7.39211165319907,0.758470681653843,18.88,0,0,24,0
13,10,65.4776755308883,4.52865120856081,0.82679716404393,0,101,10000,0,1
13,10,65.4776755308883,4.52865120856081,0.82679716404393,2.64,0,0,114,0
13,10,65.4776755308883,4.52865120856081,0.82679716404393,4.39,0,0,113,0
13,10,65.4776755308883,4.52865120856081,0.82679716404393,4.87,0,0,174,0
13,10,65.4776755308883,4.52865120856081,0.82679716404393,12.67,0,0,76,0
14,10,58.1997283774048,3.56096192090719,1.45058133477208,0,101,10000,0,1
14,10,58.1997283774048,3.56096192090719,1.45058133477208,2.18,0,0,109,0
14,10,58.1997283774048,3.56096192090719,1.45058133477208,5.79,0,0,116,0
14,10,58.1997283774048,3.56096192090719,1.45058133477208,11.72,0,0,91,0
14,10,58.1997283774048,3.56096192090719,1.45058133477208,18.96,0,0,61,0
15,10,95.8641983458436,4.52447448217034,0.978060801893471,0,101,10000,0,1
15,10,95.8641983458436,4.52447448217034,0.978060801893471,5.3,0,0,77,0
15,10,95.8641983458436,4.52447448217034,0.978060801893471,12.81,0,0,54,0
15,10,95.8641983458436,4.52447448217034,0.978060801893471,18.28,0,0,57,0
15,10,95.8641983458436,4.52447448217034,0.978060801893471,21.72,0,0,41,0
16,10,67.6013755381711,3.43882442958518,1.17938643575805,0,101,10000,0,1
16,10,67.6013755381711,3.43882442958518,1.17938643575805,1.33,0,0,100,0
16,10,67.6013755381711,3.43882442958518,1.17938643575805,6.87,0,0,130,0
16,10,67.6013755381711,3.43882442958518,1.17938643575805,7.45,0,0,147,0
16,10,67.6013755381711,3.43882442958518,1.17938643575805,19.69,0,0,58,0
17,10,57.1644971449315,2.92342499839701,1.78396195946854,0,101,10000,0,1
17,10,57.1644971449315,2.92342499839701,1.78396195946854,7.79,0,0,98,0
17,10,57.1644971449315,2.92342499839701,1.78396195946854,9.21,0,0,103,0
17,10,57.1644971449315,2.92342499839701,1.78396195946854,10.72,0,0,92,0
17,10,57.1644971449315,2.92342499839701,1.78396195946854,11.07,0,0,84,0
18,10,62.209072627438,3.06236427374434,0.965233124980771,0,101,10000,0,1
18,10,62.209072627438,3.06236427374434,0.965233124980771,4.07,0,0,147,0
18,10,62.209072627438,3.06236427374434,0.965233124980771,5.59,0,0,102,0
18,10,62.209072627438,3.06236427374434,0.965233124980771,5.64,0,0,92,0
18,10,62.209072627438,3.06236427374434,0.965233124980771,8.54,0,0,143,0
19,10,57.9571262373624,6.84903624067611,1.38764575002105,0,101,10000,0,1
19,10,57.9571262373624,6.84903624067611,1.38764575002105,5.24,0,0,104,0
19,10,57.9571262373624,6.84903624067611,1.38764575002105,20.09,0,0,18,0
19,10,57.9571262373624,6.84903624067611,1.38764575002105,21.97,0,0,14,0
19,10,57.9571262373624,6.84903624067611,1.38764575002105,23.57,0,0,16,0
20,10,90.7163833881635,1.91390137915531,0.826425421133549,0,101,10000,0,1
20,10,90.7163833881635,1.91390137915531,0.826425421133549,1.47,0,0,56,0
20,10,90.7163833881635,1.91390137915531,0.826425421133549,4.81,0,0,101,0
20,10,90.7163833881635,1.91390137915531,0.826425421133549,15.59,0,0,94,0
20,10,90.7163833881635,1.91390137915531,0.826425421133549,19.92,0,0,80,0
21,10,48.1650812828671,4.94132612792672,1.0477570115752,0,101,10000,0,1
21,10,48.1650812828671,4.94132612792672,1.0477570115752,10.43,0,0,87,0
21,10,48.1650812828671,4.94132612792672,1.0477570115752,15.2,0,0,55,0
21,10,48.1650812828671,4.94132612792672,1.0477570115752,21.28,0,0,26,0
21,10,48.1650812828671,4.94132612792672,1.0477570115752,21.92,0,0,27,0
22,10,87.9034128040303,3.21944968920763,1.36798266044358,0,101,10000,0,1
22,10,87.9034128040303,3.21944968920763,1.36798266044358,3.73,0,0,137,0
22,10,87.9034128040303,3.21944968920763,1.36798266044358,8.55,0,0,65,0
22,10,87.9034128040303,3.21944968920763,1.36798266044358,9.36,0,0,67,0
22,10,87.9034128040303,3.21944968920763,1.36798266044358,16.38,0,0,47,0
23,10,72.3767560612676,3.52219269817419,0.698107771450953,0,101,10000,0,1
23,10,72.3767560612676,3.52219269817419,0.698107771450953,0.82,0,0,60,0
23,10,72.3767560612676,3.52219269817419,0.698107771450953,5.8,0,0,116,0
23,10,72.3767560612676,3.52219269817419,0.698107771450953,11.95,0,0,74,0
23,10,72.3767560612676,3.52219269817419,0.698107771450953,23.84,0,0,46,0
24,10,44.5222897741134,3.20734286172772,0.978886488925787,0,101,10000,0,1
24,10,44.5222897741134,3.20734286172772,0.978886488925787,13.34,0,0,100,0
24,10,44.5222897741134,3.20734286172772,0.978886488925787,14.79,0,0,87,0
24,10,44.5222897741134,3.20734286172772,0.978886488925787,15.58,0,0,104,0
24,10,44.5222897741134,3.20734286172772,0.978886488925787,17.22,0,0,101,0
25,10,75.7658060842814,3.32654774136923,0.816704196684992,0,101,10000,0,1
25,10,75.7658060842814,3.32654774136923,0.816704196684992,1.9,0,0,91,0
25,10,75.7658060842814,3.32654774136923,0.816704196684992,2.1,0,0,88,0
25,10,75.7658060842814,3.32654774136923,0.816704196684992,6.26,0,0,122,0
25,10,75.7658060842814,3.32654774136923,0.816704196684992,6.75,0,0,94,0
26,10,48.6983414923225,2.95769406569363,1.23397560420647,0,101,10000,0,1
26,10,48.6983414923225,2.95769406569363,1.23397560420647,9.52,0,0,113,0
26,10,48.6983414923225,2.95769406569363,1.23397560420647,19.08,0,0,86,0
26,10,48.6983414923225,2.95769406569363,1.23397560420647,19.53,0,0,65,0
26,10,48.6983414923225,2.95769406569363,1.23397560420647,21.48,0,0,68,0
27,10,83.5318459577611,3.65167496553903,1.37572522085261,0,101,10000,0,1
27,10,83.5318459577611,3.65167496553903,1.37572522085261,3.78,0,0,93,0
27,10,83.5318459577611,3.65167496553903,1.37572522085261,6.97,0,0,127,0
27,10,83.5318459577611,3.65167496553903,1.37572522085261,12.39,0,0,90,0
27,10,83.5318459577611,3.65167496553903,1.37572522085261,19.93,0,0,43,0
28,10,41.4636104214469,3.29409375627659,0.672800771130677,0,101,10000,0,1
28,10,41.4636104214469,3.29409375627659,0.672800771130677,9.07,0,0,104,0
28,10,41.4636104214469,3.29409375627659,0.672800771130677,10.16,0,0,149,0
28,10,41.4636104214469,3.29409375627659,0.672800771130677,15.45,0,0,78,0
28,10,41.4636104214469,3.29409375627659,0.672800771130677,19.93,0,0,46,0
29,10,42.6245176620428,5.29653680230448,0.911553238802764,0,101,10000,0,1
29,10,42.6245176620428,5.29653680230448,0.911553238802764,6.18,0,0,145,0
29,10,42.6245176620428,5.29653680230448,0.911553238802764,11.17,0,0,109,0
29,10,42.6245176620428,5.29653680230448,0.911553238802764,19.75,0,0,23,0
29,10,42.6245176620428,5.29653680230448,0.911553238802764,20.17,0,0,27,0
30,10,85.0830020485854,4.95464506032035,1.05875229822357,0,101,10000,0,1
30,10,85.0830020485854,4.95464506032035,1.05875229822357,2.59,0,0,111,0
30,10,85.0830020485854,4.95464506032035,1.05875229822357,12.64,0,0,58,0
30,10,85.0830020485854,4.95464506032035,1.05875229822357,19.98,0,0,51,0
30,10,85.0830020485854,4.95464506032035,1.05875229822357,22.55,0,0,35,0
31,30,63.72701141902,4.31514738889724,1.50374107851264,0,101,30000,0,1
31,30,63.72701141902,4.31514738889724,1.50374107851264,0.04,0,0,26,0
31,30,63.72701141902,4.31514738889724,1.50374107851264,1.5,0,0,312,0
31,30,63.72701141902,4.31514738889724,1.50374107851264,11.21,0,0,243,0
31,30,63.72701141902,4.31514738889724,1.50374107851264,14.54,0,0,241,0
32,30,83.0057815093131,3.91536836463635,0.755550797244226,0,101,30000,0,1
32,30,83.0057815093131,3.91536836463635,0.755550797244226,1.62,0,0,264,0
32,30,83.0057815093131,3.91536836463635,0.755550797244226,11.12,0,0,212,0
32,30,83.0057815093131,3.91536836463635,0.755550797244226,15.82,0,0,161,0
32,30,83.0057815093131,3.91536836463635,0.755550797244226,16.24,0,0,162,0
33,30,70.4153269836432,3.56390940140286,2.15704262493609,0,101,30000,0,1
33,30,70.4153269836432,3.56390940140286,2.15704262493609,0.17,0,0,107,0
33,30,70.4153269836432,3.56390940140286,2.15704262493609,0.44,0,0,192,0
33,30,70.4153269836432,3.56390940140286,2.15704262493609,19.3,0,0,170,0
33,30,70.4153269836432,3.56390940140286,2.15704262493609,23.03,0,0,161,0
34,30,67.6594183653562,3.49090212164931,0.564103571027305,0,101,30000,0,1
34,30,67.6594183653562,3.49090212164931,0.564103571027305,0.39,0,0,107,0
34,30,67.6594183653562,3.49090212164931,0.564103571027305,3.86,0,0,479,0
34,30,67.6594183653562,3.49090212164931,0.564103571027305,10.1,0,0,336,0
34,30,67.6594183653562,3.49090212164931,0.564103571027305,23.62,0,0,144,0
35,30,140.700567286039,6.22163866485816,0.992131091204316,0,101,30000,0,1
35,30,140.700567286039,6.22163866485816,0.992131091204316,5.77,0,0,187,0
35,30,140.700567286039,6.22163866485816,0.992131091204316,8.35,0,0,184,0
35,30,140.700567286039,6.22163866485816,0.992131091204316,20.88,0,0,115,0
35,30,140.700567286039,6.22163866485816,0.992131091204316,22.09,0,0,98,0
36,30,107.11328347793,3.7094121708096,1.02842902308085,0,101,30000,0,1
36,30,107.11328347793,3.7094121708096,1.02842902308085,0.78,0,0,127,0
36,30,107.11328347793,3.7094121708096,1.02842902308085,4.24,0,0,232,0
36,30,107.11328347793,3.7094121708096,1.02842902308085,7.42,0,0,163,0
36,30,107.11328347793,3.7094121708096,1.02842902308085,20.16,0,0,137,0
37,30,90.8719150366382,4.40727035560753,1.57215313922862,0,101,30000,0,1
37,30,90.8719150366382,4.40727035560753,1.57215313922862,1.18,0,0,240,0
37,30,90.8719150366382,4.40727035560753,1.57215313922862,11.03,0,0,276,0
37,30,90.8719150366382,4.40727035560753,1.57215313922862,13.38,0,0,155,0
37,30,90.8719150366382,4.40727035560753,1.57215313922862,23.81,0,0,73,0
38,30,95.0899366258539,3.37005221024322,0.739519832137311,0,101,30000,0,1
38,30,95.0899366258539,3.37005221024322,0.739519832137311,2.53,0,0,385,0
38,30,95.0899366258539,3.37005221024322,0.739519832137311,2.85,0,0,293,0
38,30,95.0899366258539,3.37005221024322,0.739519832137311,19.66,0,0,103,0
38,30,95.0899366258539,3.37005221024322,0.739519832137311,19.78,0,0,234,0
39,30,33.5829247057714,3.04485561177997,1.36963837158013,0,101,30000,0,1
39,30,33.5829247057714,3.04485561177997,1.36963837158013,0.36,0,0,329,0
39,30,33.5829247057714,3.04485561177997,1.36963837158013,0.38,0,0,457,0
39,30,33.5829247057714,3.04485561177997,1.36963837158013,14.81,0,0,236,0
39,30,33.5829247057714,3.04485561177997,1.36963837158013,16.28,0,0,190,0
40,30,64.2203464383971,5.19458469086969,1.09464689328757,0,101,30000,0,1
40,30,64.2203464383971,5.19458469086969,1.09464689328757,14.7,0,0,187,0
40,30,64.2203464383971,5.19458469086969,1.09464689328757,18,0,0,156,0
40,30,64.2203464383971,5.19458469086969,1.09464689328757,18.52,0,0,94,0
40,30,64.2203464383971,5.19458469086969,1.09464689328757,22.01,0,0,79,0
41,30,49.4207948304006,3.46853600849272,0.972226742123028,0,101,30000,0,1
41,30,49.4207948304006,3.46853600849272,0.972226742123028,2.52,0,0,466,0
41,30,49.4207948304006,3.46853600849272,0.972226742123028,16.06,0,0,240,0
41,30,49.4207948304006,3.46853600849272,0.972226742123028,17.02,0,0,237,0
41,30,49.4207948304006,3.46853600849272,0.972226742123028,21.86,0,0,164,0
42,30,80.1820896683023,5.38533057211812,1.11446264169654,0,101,30000,0,1
42,30,80.1820896683023,5.38533057211812,1.11446264169654,12.09,0,0,126,0
42,30,80.1820896683023,5.38533057211812,1.11446264169654,12.9,0,0,150,0
42,30,80.1820896683023,5.38533057211812,1.11446264169654,14.39,0,0,138,0
42,30,80.1820896683023,5.38533057211812,1.11446264169654,20.59,0,0,97,0
43,30,80.8375400866271,5.00230972969861,0.865848474627225,0,101,30000,0,1
43,30,80.8375400866271,5.00230972969861,0.865848474627225,3.29,0,0,372,0
43,30,80.8375400866271,5.00230972969861,0.865848474627225,6.02,0,0,305,0
43,30,80.8375400866271,5.00230972969861,0.865848474627225,12.84,0,0,132,0
43,30,80.8375400866271,5.00230972969861,0.865848474627225,19.53,0,0,135,0
44,30,95.0132326214031,4.74718817425084,0.960142149367687,0,101,30000,0,1
44,30,95.0132326214031,4.74718817425084,0.960142149367687,10.74,0,0,218,0
44,30,95.0132326214031,4.74718817425084,0.960142149367687,15.08,0,0,119,0
44,30,95.0132326214031,4.74718817425084,0.960142149367687,21.21,0,0,77,0
44,30,95.0132326214031,4.74718817425084,0.960142149367687,21.81,0,0,176,0
45,30,59.8416588129573,3.24432865312273,1.47789063764904,0,101,30000,0,1
45,30,59.8416588129573,3.24432865312273,1.47789063764904,5.95,0,0,400,0
45,30,59.8416588129573,3.24432865312273,1.47789063764904,8.12,0,0,338,0
45,30,59.8416588129573,3.24432865312273,1.47789063764904,10.13,0,0,310,0
45,30,59.8416588129573,3.24432865312273,1.47789063764904,16.07,0,0,277,0
46,30,69.1845642083709,3.3213942315477,1.31146178294597,0,101,30000,0,1
46,30,69.1845642083709,3.3213942315477,1.31146178294597,8.51,0,0,277,0
46,30,69.1845642083709,3.3213942315477,1.31146178294597,11.65,0,0,243,0
46,30,69.1845642083709,3.3213942315477,1.31146178294597,12.81,0,0,275,0
46,30,69.1845642083709,3.3213942315477,1.31146178294597,15.69,0,0,239,0
47,30,109.539218039091,3.83519112586216,1.06440035922565,0,101,30000,0,1
47,30,109.539218039091,3.83519112586216,1.06440035922565,12.73,0,0,158,0
47,30,109.539218039091,3.83519112586216,1.06440035922565,13.05,0,0,206,0
47,30,109.539218039091,3.83519112586216,1.06440035922565,16.9,0,0,187,0
47,30,109.539218039091,3.83519112586216,1.06440035922565,22.28,0,0,128,0
48,30,92.4972687648327,3.86968190173831,1.24178395054565,0,101,30000,0,1
48,30,92.4972687648327,3.86968190173831,1.24178395054565,1.84,0,0,352,0
48,30,92.4972687648327,3.86968190173831,1.24178395054565,2.26,0,0,189,0
48,30,92.4972687648327,3.86968190173831,1.24178395054565,11.34,0,0,243,0
48,30,92.4972687648327,3.86968190173831,1.24178395054565,23.56,0,0,122,0
49,30,61.763888302187,4.22958127432191,1.07687499736227,0,101,30000,0,1
49,30,61.763888302187,4.22958127432191,1.07687499736227,13.75,0,0,219,0
49,30,61.763888302187,4.22958127432191,1.07687499736227,15.02,0,0,169,0
49,30,61.763888302187,4.22958127432191,1.07687499736227,15.39,0,0,227,0
49,30,61.763888302187,4.22958127432191,1.07687499736227,22.78,0,0,76,0
50,30,97.7103208109396,4.71505291972771,1.20404992628301,0,101,30000,0,1
50,30,97.7103208109396,4.71505291972771,1.20404992628301,0.48,0,0,118,0
50,30,97.7103208109396,4.71505291972771,1.20404992628301,0.53,0,0,124,0
50,30,97.7103208109396,4.71505291972771,1.20404992628301,15.14,0,0,158,0
50,30,97.7103208109396,4.71505291972771,1.20404992628301,21.41,0,0,124,0
51,30,77.7324293530776,2.83043217798025,1.58183802118592,0,101,30000,0,1
51,30,77.7324293530776,2.83043217798025,1.58183802118592,2.95,0,0,428,0
51,30,77.7324293530776,2.83043217798025,1.58183802118592,8.1,0,0,322,0
51,30,77.7324293530776,2.83043217798025,1.58183802118592,13.72,0,0,301,0
51,30,77.7324293530776,2.83043217798025,1.58183802118592,15.71,0,0,153,0
52,30,90.9324430736094,5.89659982787346,1.27686132093831,0,101,30000,0,1
52,30,90.9324430736094,5.89659982787346,1.27686132093831,3.5,0,0,253,0
52,30,90.9324430736094,5.89659982787346,1.27686132093831,6.58,0,0,179,0
52,30,90.9324430736094,5.89659982787346,1.27686132093831,11.66,0,0,210,0
52,30,90.9324430736094,5.89659982787346,1.27686132093831,21.65,0,0,94,0
53,30,55.5157183570669,4.22335319381339,0.795032430754539,0,101,30000,0,1
53,30,55.5157183570669,4.22335319381339,0.795032430754539,0.12,0,0,47,0
53,30,55.5157183570669,4.22335319381339,0.795032430754539,4.79,0,0,468,0
53,30,55.5157183570669,4.22335319381339,0.795032430754539,9.72,0,0,219,0
53,30,55.5157183570669,4.22335319381339,0.795032430754539,20.38,0,0,159,0
54,30,95.8566204333816,3.82406434812898,0.889630155804893,0,101,30000,0,1
54,30,95.8566204333816,3.82406434812898,0.889630155804893,3.2,0,0,341,0
54,30,95.8566204333816,3.82406434812898,0.889630155804893,6.55,0,0,209,0
54,30,95.8566204333816,3.82406434812898,0.889630155804893,22.3,0,0,93,0
54,30,95.8566204333816,3.82406434812898,0.889630155804893,23.43,0,0,133,0
55,30,101.475422017064,2.12505838115595,0.981725600810323,0,101,30000,0,1
55,30,101.475422017064,2.12505838115595,0.981725600810323,4.18,0,0,377,0
55,30,101.475422017064,2.12505838115595,0.981725600810323,9.06,0,0,191,0
55,30,101.475422017064,2.12505838115595,0.981725600810323,13.02,0,0,225,0
55,30,101.475422017064,2.12505838115595,0.981725600810323,22.42,0,0,169,0
56,30,115.344010777357,3.55957551709105,1.17162101767508,0,101,30000,0,1
56,30,115.344010777357,3.55957551709105,1.17162101767508,2.44,0,0,246,0
56,30,115.344010777357,3.55957551709105,1.17162101767508,8.3,0,0,211,0
56,30,115.344010777357,3.55957551709105,1.17162101767508,15.14,0,0,167,0
56,30,115.344010777357,3.55957551709105,1.17162101767508,23.85,0,0,104,0
57,30,74.476911559496,4.26023036037644,0.56730398901814,0,101,30000,0,1
57,30,74.476911559496,4.26023036037644,0.56730398901814,5.92,0,0,335,0
57,30,74.476911559496,4.26023036037644,0.56730398901814,9.63,0,0,252,0
57,30,74.476911559496,4.26023036037644,0.56730398901814,9.93,0,0,244,0
57,30,74.476911559496,4.26023036037644,0.56730398901814,13.63,0,0,220,0
58,30,57.5895534339422,3.31748233919893,0.947560488138303,0,101,30000,0,1
58,30,57.5895534339422,3.31748233919893,0.947560488138303,2.08,0,0,482,0
58,30,57.5895534339422,3.31748233919893,0.947560488138303,4.11,0,0,381,0
58,30,57.5895534339422,3.31748233919893,0.947560488138303,5.85,0,0,362,0
58,30,57.5895534339422,3.31748233919893,0.947560488138303,19.39,0,0,259,0
59,30,62.8626198770093,4.62751578972291,0.666881183847414,0,101,30000,0,1
59,30,62.8626198770093,4.62751578972291,0.666881183847414,8.81,0,0,311,0
59,30,62.8626198770093,4.62751578972291,0.666881183847414,10.02,0,0,373,0
59,30,62.8626198770093,4.62751578972291,0.666881183847414,11.12,0,0,159,0
59,30,62.8626198770093,4.62751578972291,0.666881183847414,20.28,0,0,92,0
60,30,58.2345039873814,6.76531433816867,0.749962810791751,0,101,30000,0,1
60,30,58.2345039873814,6.76531433816867,0.749962810791751,4.07,0,0,279,0
60,30,58.2345039873814,6.76531433816867,0.749962810791751,4.63,0,0,455,0
60,30,58.2345039873814,6.76531433816867,0.749962810791751,22.66,0,0,53,0
60,30,58.2345039873814,6.76531433816867,0.749962810791751,22.8,0,0,36,0
61,60,107.420823371795,5.65238190727638,0.59598964475084,0,101,60000,0,1
61,60,107.420823371795,5.65238190727638,0.59598964475084,1.13,0,0,208,0
61,60,107.420823371795,5.65238190727638,0.59598964475084,4.76,0,0,496,0
61,60,107.420823371795,5.65238190727638,0.59598964475084,5.45,0,0,520,0
61,60,107.420823371795,5.65238190727638,0.59598964475084,7.21,0,0,296,0
62,60,109.40468892909,3.94358077701935,0.413408254033659,0,101,60000,0,1
62,60,109.40468892909,3.94358077701935,0.413408254033659,8.22,0,0,351,0
62,60,109.40468892909,3.94358077701935,0.413408254033659,16.85,0,0,253,0
62,60,109.40468892909,3.94358077701935,0.413408254033659,19.99,0,0,228,0
62,60,109.40468892909,3.94358077701935,0.413408254033659,20.23,0,0,282,0
63,60,99.274197772947,4.21486495295362,1.14955543990348,0,101,60000,0,1
63,60,99.274197772947,4.21486495295362,1.14955543990348,0.47,0,0,276,0
63,60,99.274197772947,4.21486495295362,1.14955543990348,2.43,0,0,428,0
63,60,99.274197772947,4.21486495295362,1.14955543990348,3.75,0,0,469,0
63,60,99.274197772947,4.21486495295362,1.14955543990348,14.57,0,0,293,0
64,60,57.5335894128005,2.56935125228437,1.12407195078569,0,101,60000,0,1
64,60,57.5335894128005,2.56935125228437,1.12407195078569,3,0,0,721,0
64,60,57.5335894128005,2.56935125228437,1.12407195078569,12.27,0,0,607,0
64,60,57.5335894128005,2.56935125228437,1.12407195078569,16.96,0,0,580,0
64,60,57.5335894128005,2.56935125228437,1.12407195078569,21.53,0,0,666,0
65,60,125.224432836733,4.81879483781824,0.970565650108596,0,101,60000,0,1
65,60,125.224432836733,4.81879483781824,0.970565650108596,5.5,0,0,399,0
65,60,125.224432836733,4.81879483781824,0.970565650108596,9.52,0,0,352,0
65,60,125.224432836733,4.81879483781824,0.970565650108596,10.81,0,0,363,0
65,60,125.224432836733,4.81879483781824,0.970565650108596,14.51,0,0,217,0
66,60,36.0502471955779,6.1780038835691,1.14144087195343,0,101,60000,0,1
66,60,36.0502471955779,6.1780038835691,1.14144087195343,4.19,0,0,1373,0
66,60,36.0502471955779,6.1780038835691,1.14144087195343,10.2,0,0,423,0
66,60,36.0502471955779,6.1780038835691,1.14144087195343,16.85,0,0,125,0
66,60,36.0502471955779,6.1780038835691,1.14144087195343,19.79,0,0,69,0
67,60,47.0648692537263,3.82450215755375,0.867784709898445,0,101,60000,0,1
67,60,47.0648692537263,3.82450215755375,0.867784709898445,0.94,0,0,692,0
67,60,47.0648692537263,3.82450215755375,0.867784709898445,4.08,0,0,1117,0
67,60,47.0648692537263,3.82450215755375,0.867784709898445,7.18,0,0,820,0
67,60,47.0648692537263,3.82450215755375,0.867784709898445,18.08,0,0,461,0
68,60,48.0187406321982,7.75990111870972,1.41535206030303,0,101,60000,0,1
68,60,48.0187406321982,7.75990111870972,1.41535206030303,12.14,0,0,195,0
68,60,48.0187406321982,7.75990111870972,1.41535206030303,12.65,0,0,189,0
68,60,48.0187406321982,7.75990111870972,1.41535206030303,18.79,0,0,62,0
68,60,48.0187406321982,7.75990111870972,1.41535206030303,23.5,0,0,30,0
69,60,91.6692951504402,4.87293985349806,0.886593417201573,0,101,60000,0,1
69,60,91.6692951504402,4.87293985349806,0.886593417201573,10.79,0,0,380,0
69,60,91.6692951504402,4.87293985349806,0.886593417201573,13.79,0,0,348,0
69,60,91.6692951504402,4.87293985349806,0.886593417201573,14.28,0,0,298,0
69,60,91.6692951504402,4.87293985349806,0.886593417201573,14.29,0,0,287,0
70,60,78.9621860352111,5.19112992642186,0.948712687056503,0,101,60000,0,1
70,60,78.9621860352111,5.19112992642186,0.948712687056503,3.45,0,0,742,0
70,60,78.9621860352111,5.19112992642186,0.948712687056503,8.14,0,0,465,0
70,60,78.9621860352111,5.19112992642186,0.948712687056503,8.57,0,0,677,0
70,60,78.9621860352111,5.19112992642186,0.948712687056503,14.71,0,0,312,0
71,60,67.4336791802722,3.36463947734655,1.37500765519219,0,101,60000,0,1
71,60,67.4336791802722,3.36463947734655,1.37500765519219,0.35,0,0,345,0
71,60,67.4336791802722,3.36463947734655,1.37500765519219,1.96,0,0,1023,0
71,60,67.4336791802722,3.36463947734655,1.37500765519219,14.01,0,0,579,0
71,60,67.4336791802722,3.36463947734655,1.37500765519219,16.92,0,0,445,0
72,60,62.2847280261372,3.78555517947202,0.656514487802344,0,101,60000,0,1
72,60,62.2847280261372,3.78555517947202,0.656514487802344,3.21,0,0,914,0
72,60,62.2847280261372,3.78555517947202,0.656514487802344,15.63,0,0,363,0
72,60,62.2847280261372,3.78555517947202,0.656514487802344,16.75,0,0,379,0
72,60,62.2847280261372,3.78555517947202,0.656514487802344,20.85,0,0,338,0
73,60,46.83898310628,4.22586502283071,0.79890882210408,0,101,60000,0,1
73,60,46.83898310628,4.22586502283071,0.79890882210408,3.01,0,0,871,0
73,60,46.83898310628,4.22586502283071,0.79890882210408,17.23,0,0,281,0
73,60,46.83898310628,4.22586502283071,0.79890882210408,18.58,0,0,332,0
73,60,46.83898310628,4.22586502283071,0.79890882210408,21.16,0,0,265,0
74,60,75.314770903833,4.04569717582233,0.984069944714747,0,101,60000,0,1
74,60,75.314770903833,4.04569717582233,0.984069944714747,5.53,0,0,611,0
74,60,75.314770903833,4.04569717582233,0.984069944714747,14.9,0,0,546,0
74,60,75.314770903833,4.04569717582233,0.984069944714747,19.43,0,0,240,0
74,60,75.314770903833,4.04569717582233,0.984069944714747,22.53,0,0,233,0
75,60,67.7451938350468,4.66280589443224,0.884926835441509,0,101,60000,0,1
75,60,67.7451938350468,4.66280589443224,0.884926835441509,10.21,0,0,550,0
75,60,67.7451938350468,4.66280589443224,0.884926835441509,19.11,0,0,198,0
75,60,67.7451938350468,4.66280589443224,0.884926835441509,21.03,0,0,173,0
75,60,67.7451938350468,4.66280589443224,0.884926835441509,22.3,0,0,121,0
76,60,79.5537670199284,3.44239648951954,0.681022205264151,0,101,60000,0,1
76,60,79.5537670199284,3.44239648951954,0.681022205264151,1.07,0,0,347,0
76,60,79.5537670199284,3.44239648951954,0.681022205264151,10.65,0,0,476,0
76,60,79.5537670199284,3.44239648951954,0.681022205264151,15.26,0,0,390,0
76,60,79.5537670199284,3.44239648951954,0.681022205264151,18.38,0,0,493,0
77,60,69.394069907261,9.2231946328033,1.33777823089116,0,101,60000,0,1
77,60,69.394069907261,9.2231946328033,1.33777823089116,1.33,0,0,634,0
77,60,69.394069907261,9.2231946328033,1.33777823089116,9.75,0,0,300,0
77,60,69.394069907261,9.2231946328033,1.33777823089116,15.59,0,0,119,0
77,60,69.394069907261,9.2231946328033,1.33777823089116,17.13,0,0,94,0
78,60,78.1446921791904,3.38744956770927,1.1428497700626,0,101,60000,0,1
78,60,78.1446921791904,3.38744956770927,1.1428497700626,0.07,0,0,73,0
78,60,78.1446921791904,3.38744956770927,1.1428497700626,2.36,0,0,532,0
78,60,78.1446921791904,3.38744956770927,1.1428497700626,12.1,0,0,712,0
78,60,78.1446921791904,3.38744956770927,1.1428497700626,17.41,0,0,366,0
79,60,91.348897535667,3.93577505148339,0.758014840315477,0,101,60000,0,1
79,60,91.348897535667,3.93577505148339,0.758014840315477,3.78,0,0,465,0
79,60,91.348897535667,3.93577505148339,0.758014840315477,15.22,0,0,341,0
79,60,91.348897535667,3.93577505148339,0.758014840315477,21.92,0,0,217,0
79,60,91.348897535667,3.93577505148339,0.758014840315477,23.27,0,0,222,0
80,60,46.602320444879,4.69854729559897,1.20667293288379,0,101,60000,0,1
80,60,46.602320444879,4.69854729559897,1.20667293288379,1.79,0,0,1475,0
80,60,46.602320444879,4.69854729559897,1.20667293288379,12.25,0,0,311,0
80,60,46.602320444879,4.69854729559897,1.20667293288379,20.25,0,0,211,0
80,60,46.602320444879,4.69854729559897,1.20667293288379,22.41,0,0,123,0
81,60,69.5102999353184,3.02110736241069,1.10318636999624,0,101,60000,0,1
81,60,69.5102999353184,3.02110736241069,1.10318636999624,0.91,0,0,446,0
81,60,69.5102999353184,3.02110736241069,1.10318636999624,2.62,0,0,775,0
81,60,69.5102999353184,3.02110736241069,1.10318636999624,13.27,0,0,586,0
81,60,69.5102999353184,3.02110736241069,1.10318636999624,19.21,0,0,591,0
82,60,69.4249897939637,4.58732581648869,1.23416610011053,0,101,60000,0,1
82,60,69.4249897939637,4.58732581648869,1.23416610011053,1.35,0,0,687,0
82,60,69.4249897939637,4.58732581648869,1.23416610011053,4.6,0,0,906,0
82,60,69.4249897939637,4.58732581648869,1.23416610011053,18.49,0,0,249,0
82,60,69.4249897939637,4.58732581648869,1.23416610011053,21.26,0,0,247,0
83,60,64.5174322185482,2.95977457145042,1.00648895996552,0,101,60000,0,1
83,60,64.5174322185482,2.95977457145042,1.00648895996552,3.07,0,0,1081,0
83,60,64.5174322185482,2.95977457145042,1.00648895996552,9.76,0,0,609,0
83,60,64.5174322185482,2.95977457145042,1.00648895996552,18.42,0,0,336,0
83,60,64.5174322185482,2.95977457145042,1.00648895996552,21.05,0,0,292,0
84,60,71.2590033085545,6.24442090172707,1.23715243634909,0,101,60000,0,1
84,60,71.2590033085545,6.24442090172707,1.23715243634909,2.85,0,0,589,0
84,60,71.2590033085545,6.24442090172707,1.23715243634909,14.09,0,0,165,0
84,60,71.2590033085545,6.24442090172707,1.23715243634909,16.04,0,0,216,0
84,60,71.2590033085545,6.24442090172707,1.23715243634909,20.54,0,0,137,0
85,60,81.8552751504918,3.29939422198705,1.28927490929432,0,101,60000,0,1
85,60,81.8552751504918,3.29939422198705,1.28927490929432,4.82,0,0,563,0
85,60,81.8552751504918,3.29939422198705,1.28927490929432,6.69,0,0,708,0
85,60,81.8552751504918,3.29939422198705,1.28927490929432,16.2,0,0,309,0
85,60,81.8552751504918,3.29939422198705,1.28927490929432,19.44,0,0,283,0
86,60,58.0793647362002,4.29247998334226,1.11000215812825,0,101,60000,0,1
86,60,58.0793647362002,4.29247998334226,1.11000215812825,1.55,0,0,904,0
86,60,58.0793647362002,4.29247998334226,1.11000215812825,9.25,0,0,582,0
86,60,58.0793647362002,4.29247998334226,1.11000215812825,13.06,0,0,439,0
86,60,58.0793647362002,4.29247998334226,1.11000215812825,19.58,0,0,236,0
87,60,77.8780725740784,5.34447462489115,0.885343348763216,0,101,60000,0,1
87,60,77.8780725740784,5.34447462489115,0.885343348763216,2.95,0,0,770,0
87,60,77.8780725740784,5.34447462489115,0.885343348763216,5.23,0,0,594,0
87,60,77.8780725740784,5.34447462489115,0.885343348763216,16.28,0,0,326,0
87,60,77.8780725740784,5.34447462489115,0.885343348763216,22.78,0,0,186,0
88,60,57.626938556809,3.15945183326625,0.973719792745954,0,101,60000,0,1
88,60,57.626938556809,3.15945183326625,0.973719792745954,10.26,0,0,555,0
88,60,57.626938556809,3.15945183326625,0.973719792745954,12.02,0,0,739,0
88,60,57.626938556809,3.15945183326625,0.973719792745954,15.99,0,0,526,0
88,60,57.626938556809,3.15945183326625,0.973719792745954,20.64,0,0,411,0
89,60,72.0880406216418,5.05556822048575,1.04082172280893,0,101,60000,0,1
89,60,72.0880406216418,5.05556822048575,1.04082172280893,9.04,0,0,516,0
89,60,72.0880406216418,5.05556822048575,1.04082172280893,10.61,0,0,401,0
89,60,72.0880406216418,5.05556822048575,1.04082172280893,14.21,0,0,370,0
89,60,72.0880406216418,5.05556822048575,1.04082172280893,14.77,0,0,294,0
90,60,110.848687361835,2.91686960759168,1.15564111260175,0,101,60000,0,1
90,60,110.848687361835,2.91686960759168,1.15564111260175,11.2,0,0,461,0
90,60,110.848687361835,2.91686960759168,1.15564111260175,16.22,0,0,373,0
90,60,110.848687361835,2.91686960759168,1.15564111260175,22.44,0,0,334,0
90,60,110.848687361835,2.91686960759168,1.15564111260175,22.53,0,0,374,0
91,120,35.0310862558449,5.587125029018,0.713915634069641,0,101,120000,0,1
91,120,35.0310862558449,5.587125029018,0.713915634069641,8.61,0,0,1106,0
91,120,35.0310862558449,5.587125029018,0.713915634069641,11.21,0,0,445,0
91,120,35.0310862558449,5.587125029018,0.713915634069641,12.83,0,0,576,0
91,120,35.0310862558449,5.587125029018,0.713915634069641,20.37,0,0,171,0
92,120,63.7127491768994,6.51618438739936,0.714385832010238,0,101,120000,0,1
92,120,63.7127491768994,6.51618438739936,0.714385832010238,3.73,0,0,1110,0
92,120,63.7127491768994,6.51618438739936,0.714385832010238,5.33,0,0,1243,0
92,120,63.7127491768994,6.51618438739936,0.714385832010238,20.51,0,0,343,0
92,120,63.7127491768994,6.51618438739936,0.714385832010238,21.49,0,0,244,0
93,120,80.5493776206546,4.59103098855562,0.667503917810787,0,101,120000,0,1
93,120,80.5493776206546,4.59103098855562,0.667503917810787,1.94,0,0,1134,0
93,120,80.5493776206546,4.59103098855562,0.667503917810787,4.64,0,0,920,0
93,120,80.5493776206546,4.59103098855562,0.667503917810787,6.14,0,0,1216,0
93,120,80.5493776206546,4.59103098855562,0.667503917810787,8.62,0,0,1195,0
94,120,61.1411996609179,6.19804056971128,0.985683596027913,0,101,120000,0,1
94,120,61.1411996609179,6.19804056971128,0.985683596027913,3.02,0,0,1636,0
94,120,61.1411996609179,6.19804056971128,0.985683596027913,3.66,0,0,1164,0
94,120,61.1411996609179,6.19804056971128,0.985683596027913,15.25,0,0,702,0
94,120,61.1411996609179,6.19804056971128,0.985683596027913,17.98,0,0,322,0
95,120,68.0821831025552,4.14148783588667,0.911131778544636,0,101,120000,0,1
95,120,68.0821831025552,4.14148783588667,0.911131778544636,5.32,0,0,1992,0
95,120,68.0821831025552,4.14148783588667,0.911131778544636,6.98,0,0,1223,0
95,120,68.0821831025552,4.14148783588667,0.911131778544636,9.86,0,0,1056,0
95,120,68.0821831025552,4.14148783588667,0.911131778544636,18.55,0,0,448,0
96,120,57.0164452361772,3.32921140468742,1.64333020091475,0,101,120000,0,1
96,120,57.0164452361772,3.32921140468742,1.64333020091475,9.28,0,0,1107,0
96,120,57.0164452361772,3.32921140468742,1.64333020091475,11.5,0,0,1138,0
96,120,57.0164452361772,3.32921140468742,1.64333020091475,12.34,0,0,1035,0
96,120,57.0164452361772,3.32921140468742,1.64333020091475,18.24,0,0,689,0
97,120,118.894460117309,5.38797678367724,1.09453545729781,0,101,120000,0,1
97,120,118.894460117309,5.38797678367724,1.09453545729781,15.19,0,0,602,0
97,120,118.894460117309,5.38797678367724,1.09453545729781,17.57,0,0,442,0
97,120,118.894460117309,5.38797678367724,1.09453545729781,19.58,0,0,612,0
97,120,118.894460117309,5.38797678367724,1.09453545729781,22.39,0,0,312,0
98,120,105.134596980806,4.09929617599658,0.708317055126379,0,101,120000,0,1
98,120,105.134596980806,4.09929617599658,0.708317055126379,11.25,0,0,891,0
98,120,105.134596980806,4.09929617599658,0.708317055126379,15.41,0,0,796,0
98,120,105.134596980806,4.09929617599658,0.708317055126379,18.47,0,0,658,0
98,120,105.134596980806,4.09929617599658,0.708317055126379,19.37,0,0,425,0
99,120,51.6613216215048,7.0590217959506,0.931229960339202,0,101,120000,0,1
99,120,51.6613216215048,7.0590217959506,0.931229960339202,0.76,0,0,880,0
99,120,51.6613216215048,7.0590217959506,0.931229960339202,6.42,0,0,1326,0
99,120,51.6613216215048,7.0590217959506,0.931229960339202,10.71,0,0,528,0
99,120,51.6613216215048,7.0590217959506,0.931229960339202,13.98,0,0,308,0
100,120,69.254405298481,5.21347058266952,0.569425691620219,0,101,120000,0,1
100,120,69.254405298481,5.21347058266952,0.569425691620219,0.74,0,0,540,0
100,120,69.254405298481,5.21347058266952,0.569425691620219,4.11,0,0,1146,0
100,120,69.254405298481,5.21347058266952,0.569425691620219,5.06,0,0,1372,0
100,120,69.254405298481,5.21347058266952,0.569425691620219,12.83,0,0,717,0
101,120,55.1200702466886,4.51395323005144,0.985836151682201,0,101,120000,0,1
101,120,55.1200702466886,4.51395323005144,0.985836151682201,1.3,0,0,1408,0
101,120,55.1200702466886,4.51395323005144,0.985836151682201,3.3,0,0,1623,0
101,120,55.1200702466886,4.51395323005144,0.985836151682201,13.39,0,0,722,0
101,120,55.1200702466886,4.51395323005144,0.985836151682201,14.16,0,0,640,0
102,120,64.8437799104225,2.48910054575184,0.641635745353152,0,101,120000,0,1
102,120,64.8437799104225,2.48910054575184,0.641635745353152,1.7,0,0,1047,0
102,120,64.8437799104225,2.48910054575184,0.641635745353152,9.87,0,0,2069,0
102,120,64.8437799104225,2.48910054575184,0.641635745353152,18.12,0,0,857,0
102,120,64.8437799104225,2.48910054575184,0.641635745353152,18.53,0,0,1409,0
103,120,80.3510502082252,2.93557645540606,0.913368979703753,0,101,120000,0,1
103,120,80.3510502082252,2.93557645540606,0.913368979703753,0.24,0,0,307,0
103,120,80.3510502082252,2.93557645540606,0.913368979703753,4.89,0,0,1312,0
103,120,80.3510502082252,2.93557645540606,0.913368979703753,12.1,0,0,773,0
103,120,80.3510502082252,2.93557645540606,0.913368979703753,21.61,0,0,642,0
104,120,87.6605390466017,7.12166823620057,0.77272750519009,0,101,120000,0,1
104,120,87.6605390466017,7.12166823620057,0.77272750519009,0.86,0,0,668,0
104,120,87.6605390466017,7.12166823620057,0.77272750519009,13.43,0,0,523,0
104,120,87.6605390466017,7.12166823620057,0.77272750519009,18.17,0,0,309,0
104,120,87.6605390466017,7.12166823620057,0.77272750519009,22.53,0,0,267,0
105,120,83.5969848470215,4.09766315962753,1.07270893313471,0,101,120000,0,1
105,120,83.5969848470215,4.09766315962753,1.07270893313471,4.91,0,0,1315,0
105,120,83.5969848470215,4.09766315962753,1.07270893313471,8.76,0,0,1199,0
105,120,83.5969848470215,4.09766315962753,1.07270893313471,10.45,0,0,1105,0
105,120,83.5969848470215,4.09766315962753,1.07270893313471,19.34,0,0,499,0
106,120,68.5959595947102,2.52137979923482,0.941356362343687,0,101,120000,0,1
106,120,68.5959595947102,2.52137979923482,0.941356362343687,5.52,0,0,1647,0
106,120,68.5959595947102,2.52137979923482,0.941356362343687,12.42,0,0,891,0
106,120,68.5959595947102,2.52137979923482,0.941356362343687,14.32,0,0,1436,0
106,120,68.5959595947102,2.52137979923482,0.941356362343687,17.65,0,0,713,0
107,120,85.9860176532846,3.88755543752339,1.02091910151615,0,101,120000,0,1
107,120,85.9860176532846,3.88755543752339,1.02091910151615,10.33,0,0,1250,0
107,120,85.9860176532846,3.88755543752339,1.02091910151615,11.28,0,0,641,0
107,120,85.9860176532846,3.88755543752339,1.02091910151615,12.89,0,0,1072,0
107,120,85.9860176532846,3.88755543752339,1.02091910151615,15.55,0,0,995,0
108,120,66.7458483231442,5.22601867963188,0.840185494938401,0,101,120000,0,1
108,120,66.7458483231442,5.22601867963188,0.840185494938401,0.04,0,0,37,0
108,120,66.7458483231442,5.22601867963188,0.840185494938401,8.48,0,0,766,0
108,120,66.7458483231442,5.22601867963188,0.840185494938401,10.66,0,0,943,0
108,120,66.7458483231442,5.22601867963188,0.840185494938401,15.82,0,0,453,0
109,120,69.460387610109,6.16748737781282,1.24661347779071,0,101,120000,0,1
109,120,69.460387610109,6.16748737781282,1.24661347779071,6.16,0,0,1391,0
109,120,69.460387610109,6.16748737781282,1.24661347779071,6.94,0,0,1650,0
109,120,69.460387610109,6.16748737781282,1.24661347779071,10.31,0,0,705,0
109,120,69.460387610109,6.16748737781282,1.24661347779071,21.8,0,0,345,0
110,120,88.8448579736601,4.07922001672368,0.783360245237055,0,101,120000,0,1
110,120,88.8448579736601,4.07922001672368,0.783360245237055,0.37,0,0,399,0
110,120,88.8448579736601,4.07922001672368,0.783360245237055,2.87,0,0,1208,0
110,120,88.8448579736601,4.07922001672368,0.783360245237055,3.55,0,0,1010,0
110,120,88.8448579736601,4.07922001672368,0.783360245237055,20.01,0,0,635,0
111,120,78.9369095917024,5.15542656002495,1.11791235881767,0,101,120000,0,1
111,120,78.9369095917024,5.15542656002495,1.11791235881767,1.43,0,0,1620,0
111,120,78.9369095917024,5.15542656002495,1.11791235881767,15.99,0,0,470,0
111,120,78.9369095917024,5.15542656002495,1.11791235881767,16.67,0,0,570,0
111,120,78.9369095917024,5.15542656002495,1.11791235881767,20.4,0,0,564,0
112,120,66.6794086628408,2.4642071938905,1.11848083598963,0,101,120000,0,1
112,120,66.6794086628408,2.4642071938905,1.11848083598963,1.39,0,0,1138,0
112,120,66.6794086628408,2.4642071938905,1.11848083598963,5.07,0,0,1067,0
112,120,66.6794086628408,2.4642071938905,1.11848083598963,7.62,0,0,1673,0
112,120,66.6794086628408,2.4642071938905,1.11848083598963,14.53,0,0,723,0
113,120,78.3393289380204,3.62754513926551,0.707267359867321,0,101,120000,0,1
113,120,78.3393289380204,3.62754513926551,0.707267359867321,1.37,0,0,940,0
113,120,78.3393289380204,3.62754513926551,0.707267359867321,5.59,0,0,1090,0
113,120,78.3393289380204,3.62754513926551,0.707267359867321,9.07,0,0,902,0
113,120,78.3393289380204,3.62754513926551,0.707267359867321,18,0,0,741,0
114,120,61.052447625041,5.49261268688337,0.959182169497488,0,101,120000,0,1
114,120,61.052447625041,5.49261268688337,0.959182169497488,2.44,0,0,1195,0
114,120,61.052447625041,5.49261268688337,0.959182169497488,12.9,0,0,698,0
114,120,61.052447625041,5.49261268688337,0.959182169497488,13.79,0,0,725,0
114,120,61.052447625041,5.49261268688337,0.959182169497488,17.56,0,0,445,0
115,120,65.6214558715029,6.37098738444466,0.613191120053035,0,101,120000,0,1
115,120,65.6214558715029,6.37098738444466,0.613191120053035,7.74,0,0,1676,0
115,120,65.6214558715029,6.37098738444466,0.613191120053035,10.47,0,0,807,0
115,120,65.6214558715029,6.37098738444466,0.613191120053035,16.84,0,0,497,0
115,120,65.6214558715029,6.37098738444466,0.613191120053035,17.06,0,0,427,0
116,120,43.7603047673164,5.46872158120969,0.608296681363401,0,101,120000,0,1
116,120,43.7603047673164,5.46872158120969,0.608296681363401,18.37,0,0,343,0
116,120,43.7603047673164,5.46872158120969,0.608296681363401,20.25,0,0,282,0
116,120,43.7603047673164,5.46872158120969,0.608296681363401,22.33,0,0,265,0
116,120,43.7603047673164,5.46872158120969,0.608296681363401,23.31,0,0,231,0
117,120,87.9956360699496,4.90762917820924,1.07665280012552,0,101,120000,0,1
117,120,87.9956360699496,4.90762917820924,1.07665280012552,6.85,0,0,962,0
117,120,87.9956360699496,4.90762917820924,1.07665280012552,14.43,0,0,580,0
117,120,87.9956360699496,4.90762917820924,1.07665280012552,20.49,0,0,412,0
117,120,87.9956360699496,4.90762917820924,1.07665280012552,21.19,0,0,406,0
118,120,69.9922883885842,5.65230001897309,0.788653525294875,0,101,120000,0,1
118,120,69.9922883885842,5.65230001897309,0.788653525294875,6.52,0,0,862,0
118,120,69.9922883885842,5.65230001897309,0.788653525294875,6.72,0,0,1097,0
118,120,69.9922883885842,5.65230001897309,0.788653525294875,6.93,0,0,1286,0
118,120,69.9922883885842,5.65230001897309,0.788653525294875,14.78,0,0,428,0
119,120,51.0622515607862,5.99851163980997,1.279022713368,0,101,120000,0,1
119,120,51.0622515607862,5.99851163980997,1.279022713368,15.11,0,0,431,0
119,120,51.0622515607862,5.99851163980997,1.279022713368,18.11,0,0,300,0
119,120,51.0622515607862,5.99851163980997,1.279022713368,20.78,0,0,288,0
119,120,51.0622515607862,5.99851163980997,1.279022713368,21.28,0,0,266,0
120,120,86.4686757036008,2.85584709750031,1.55353452204286,0,101,120000,0,1
120,120,86.4686757036008,2.85584709750031,1.55353452204286,4.3,0,0,942,0
120,120,86.4686757036008,2.85584709750031,1.55353452204286,7.74,0,0,1010,0
120,120,86.4686757036008,2.85584709750031,1.55353452204286,10.24,0,0,1098,0
120,120,86.4686757036008,2.85584709750031,1.55353452204286,15.48,0,0,1224,0
