ID,DOSE,V,CL,KA,TIME,EVID,AMT,DV,EVIDNM
1,10,55.5898653618853,4.50862190249679,1.13858982711457,0,101,10000,0,1
1,10,55.5898653618853,4.50862190249679,1.13858982711457,4.31,0,0,77,0
1,10,55.5898653618853,4.50862190249679,1.13858982711457,10.09,0,0,62,0
1,10,55.5898653618853,4.50862190249679,1.13858982711457,18.7,0,0,72,0
1,10,55.5898653618853,4.50862190249679,1.13858982711457,21.46,0,0,34,0
2,10,80.6244272851531,4.25411814900135,1.16996373917712,0,101,10000,0,1
2,10,80.6244272851531,4.25411814900135,1.16996373917712,7.11,0,0,99,0
2,10,80.6244272851531,4.25411814900135,1.16996373917712,14.18,0,0,88,0
2,10,80.6244272851531,4.25411814900135,1.16996373917712,17.34,0,0,45,0
2,10,80.6244272851531,4.25411814900135,1.16996373917712,22.92,0,0,35,0
3,10,67.8464191104486,3.49590640293585,0.802017291538824,0,101,10000,0,1
3,10,67.8464191104486,3.49590640293585,0.802017291538824,2.49,0,0,99,0
3,10,67.8464191104486,3.49590640293585,0.802017291538824,5.41,0,0,97,0
3,10,67.8464191104486,3.49590640293585,0.802017291538824,14.4,0,0,72,0
3,10,67.8464191104486,3.49590640293585,0.802017291538824,15.03,0,0,74,0
4,10,45.4563392998914,4.07208925796783,1.47923500686916,0,101,10000,0,1
4,10,45.4563392998914,4.07208925796783,1.47923500686916,3.38,0,0,214,0
4,10,45.4563392998914,4.07208925796783,1.47923500686916,3.95,0,0,132,0
4,10,45.4563392998914,4.07208925796783,1.47923500686916,14.73,0,0,55,0
4,10,45.4563392998914,4.07208925796783,1.47923500686916,17.68,0,0,47,0
5,10,73.7451485579407,3.24060607562719,1.16106477531728,0,101,10000,0,1
5,10,73.7451485579407,3.24060607562719,1.16106477531728,1.56,0,0,76,0
5,10,73.7451485579407,3.24060607562719,1.16106477531728,5.16,0,0,131,0
5,10,73.7451485579407,3.24060607562719,1.16106477531728,8.48,0,0,118,0
5,10,73.7451485579407,3.24060607562719,1.16106477531728,21.79,0,0,80,0
6,10,119.659006796354,7.82556554254768,1.29632488909729,0,101,10000,0,1
6,10,119.659006796354,7.82556554254768,1.29632488909729,0.26,0,0,27,0
6,10,119.659006796354,7.82556554254768,1.29632488909729,6.32,0,0,70,0
6,10,119.659006796354,7.82556554254768,1.29632488909729,13.53,0,0,34,0
6,10,119.659006796354,7.82556554254768,1.29632488909729,14.76,0,0,37,0
7,10,69.1095313151466,3.09308013807333,1.00227779184937,0,101,10000,0,1
7,10,69.1095313151466,3.09308013807333,1.00227779184937,2.17,0,0,147,0
7,10,69.1095313151466,3.09308013807333,1.00227779184937,17.38,0,0,84,0
7,10,69.1095313151466,3.09308013807333,1.00227779184937,20.04,0,0,52,0
7,10,69.1095313151466,3.09308013807333,1.00227779184937,20.15,0,0,61,0
8,10,48.2211853083714,4.25995497790697,0.621875719036562,0,101,10000,0,1
8,10,48.2211853083714,4.25995497790697,0.621875719036562,3.41,0,0,168,0
8,10,48.2211853083714,4.25995497790697,0.621875719036562,13.22,0,0,57,0
8,10,48.2211853083714,4.25995497790697,0.621875719036562,19.32,0,0,53,0
8,10,48.2211853083714,4.25995497790697,0.621875719036562,23.05,0,0,38,0
9,10,133.40963191789,6.58152056214211,0.971284596562219,0,101,10000,0,1
9,10,133.40963191789,6.58152056214211,0.971284596562219,3.49,0,0,65,0
9,10,133.40963191789,6.58152056214211,0.971284596562219,4.65,0,0,87,0
9,10,133.40963191789,6.58152056214211,0.971284596562219,4.87,0,0,52,0
9,10,133.40963191789,6.58152056214211,0.971284596562219,15.42,0,0,39,0
10,10,72.4725647251231,3.14705487844787,0.963897117463505,0,101,10000,0,1
10,10,72.4725647251231,3.14705487844787,0.963897117463505,0.82,0,0,80,0
10,10,72.4725647251231,3.14705487844787,0.963897117463505,3.32,0,0,135,0
10,10,72.4725647251231,3.14705487844787,0.963897117463505,20.54,0,0,60,0
10,10,72.4725647251231,3.14705487844787,0.963897117463505,23.91,0,0,47,0
11,10,62.1521334804778,6.74116981868825,1.27267091436385,0,101,10000,0,1
11,10,62.1521334804778,6.74116981868825,1.27267091436385,0.41,0,0,68,0
11,10,62.1521334804778,6.74116981868825,1.27267091436385,12.24,0,0,40,0
11,10,62.1521334804778,6.74116981868825,1.27267091436385,12.44,0,0,54,0
11,10,62.1521334804778,6.74116981868825,1.27267091436385,13.07,0,0,47,0
12,10,39.5816644928632,4.29529041572402,2.13775984230601,0,101,10000,0,1
12,10,39.5816644928632,4.29529041572402,2.13775984230601,1.61,0,0,249,0
12,10,39.5816644928632,4.29529041572402,2.13775984230601,4.98,0,0,103,0
12,10,39.5816644928632,4.29529041572402,2.13775984230601,6.78,0,0,144,0
12,10,39.5816644928632,4.29529041572402,2.13775984230601,9.27,0,0,92,0
13,10,58.3171077967385,4.49509501647055,1.3480333994239,0,101,10000,0,1
13,10,58.3171077967385,4.49509501647055,1.3480333994239,2.07,0,0,134,0
13,10,58.3171077967385,4.49509501647055,1.3480333994239,2.97,0,0,202,0
13,10,58.3171077967385,4.49509501647055,1.3480333994239,7.2,0,0,103,0
13,10,58.3171077967385,4.49509501647055,1.3480333994239,22.7,0,0,28,0
14,10,66.692905085454,4.08543342522603,1.45348386100952,0,101,10000,0,1
14,10,66.692905085454,4.08543342522603,1.45348386100952,3.68,0,0,113,0
14,10,66.692905085454,4.08543342522603,1.45348386100952,10.51,0,0,95,0
14,10,66.692905085454,4.08543342522603,1.45348386100952,10.75,0,0,94,0
14,10,66.692905085454,4.08543342522603,1.45348386100952,20.37,0,0,42,0
15,10,69.1690478456183,5.03692357174348,1.25048346355247,0,101,10000,0,1
15,10,69.1690478456183,5.03692357174348,1.25048346355247,2.09,0,0,131,0
15,10,69.1690478456183,5.03692357174348,1.25048346355247,5.48,0,0,122,0
15,10,69.1690478456183,5.03692357174348,1.25048346355247,16.09,0,0,47,0
15,10,69.1690478456183,5.03692357174348,1.25048346355247,20.91,0,0,36,0
16,10,93.2505511550226,5.02985535819884,0.726390165416407,0,101,10000,0,1
16,10,93.2505511550226,5.02985535819884,0.726390165416407,0.63,0,0,30,0
16,10,93.2505511550226,5.02985535819884,0.726390165416407,8.8,0,0,68,0
16,10,93.2505511550226,5.02985535819884,0.726390165416407,13.27,0,0,67,0
16,10,93.2505511550226,5.02985535819884,0.726390165416407,22.64,0,0,40,0
17,10,50.5095034045895,4.31931687503129,0.676056490859487,0,101,10000,0,1
17,10,50.5095034045895,4.31931687503129,0.676056490859487,2.66,0,0,118,0
17,10,50.5095034045895,4.31931687503129,0.676056490859487,12.29,0,0,85,0
17,10,50.5095034045895,4.31931687503129,0.676056490859487,15.79,0,0,58,0
17,10,50.5095034045895,4.31931687503129,0.676056490859487,23.81,0,0,30,0
18,10,70.8038836488281,5.32819381200274,1.10841772833632,0,101,10000,0,1
18,10,70.8038836488281,5.32819381200274,1.10841772833632,6.96,0,0,78,0
18,10,70.8038836488281,5.32819381200274,1.10841772833632,13.63,0,0,53,0
18,10,70.8038836488281,5.32819381200274,1.10841772833632,19.53,0,0,38,0
18,10,70.8038836488281,5.32819381200274,1.10841772833632,21.1,0,0,49,0
19,10,58.636344187502,4.07372688901261,0.724380186124541,0,101,10000,0,1
19,10,58.636344187502,4.07372688901261,0.724380186124541,4.79,0,0,158,0
19,10,58.636344187502,4.07372688901261,0.724380186124541,10.74,0,0,99,0
19,10,58.636344187502,4.07372688901261,0.724380186124541,22.74,0,0,37,0
19,10,58.636344187502,4.07372688901261,0.724380186124541,23,0,0,42,0
20,10,77.1398417431039,7.0268258963865,1.05412775141597,0,101,10000,0,1
20,10,77.1398417431039,7.0268258963865,1.05412775141597,0.38,0,0,47,0
20,10,77.1398417431039,7.0268258963865,1.05412775141597,13.13,0,0,39,0
20,10,77.1398417431039,7.0268258963865,1.05412775141597,16.85,0,0,30,0
20,10,77.1398417431039,7.0268258963865,1.05412775141597,21.3,0,0,23,0
21,10,71.2875661226039,2.96927960431267,0.777495433336816,0,101,10000,0,1
21,10,71.2875661226039,2.96927960431267,0.777495433336816,10.03,0,0,96,0
21,10,71.2875661226039,2.96927960431267,0.777495433336816,12.64,0,0,93,0
21,10,71.2875661226039,2.96927960431267,0.777495433336816,20.54,0,0,55,0
21,10,71.2875661226039,2.96927960431267,0.777495433336816,22.05,0,0,77,0
22,10,147.803072082597,4.05891781687575,1.09618813051549,0,101,10000,0,1
22,10,147.803072082597,4.05891781687575,1.09618813051549,7.13,0,0,50,0
22,10,147.803072082597,4.05891781687575,1.09618813051549,9.99,0,0,37,0
22,10,147.803072082597,4.05891781687575,1.09618813051549,13.2,0,0,39,0
22,10,147.803072082597,4.05891781687575,1.09618813051549,21.95,0,0,32,0
23,10,98.4875968110684,7.39211165319907,0.758470681653843,0,101,10000,0,1
23,10,98.4875968110684,7.39211165319907,0.758470681653843,5.1,0,0,77,0
23,10,98.4875968110684,7.39211165319907,0.758470681653843,12.28,0,0,50,0
23,10,98.4875968110684,7.39211165319907,0.758470681653843,12.93,0,0,53,0
23,10,98.4875968110684,7.39211165319907,0.758470681653843,18.88,0,0,24,0
24,10,82.3073468618995,4.27615260386856,1.40482839550529,0,101,10000,0,1
24,10,82.3073468618995,4.27615260386856,1.40482839550529,1.79,0,0,89,0
24,10,82.3073468618995,4.27615260386856,1.40482839550529,3.38,0,0,126,0
24,10,82.3073468618995,4.27615260386856,1.40482839550529,10.05,0,0,91,0
24,10,82.3073468618995,4.27615260386856,1.40482839550529,11.98,0,0,68,0
25,10,44.9236086090485,3.08990531751355,0.876006050151373,0,101,10000,0,1
25,10,44.9236086090485,3.08990531751355,0.876006050151373,6.38,0,0,154,0
25,10,44.9236086090485,3.08990531751355,0.876006050151373,9.15,0,0,145,0
25,10,44.9236086090485,3.08990531751355,0.876006050151373,13.08,0,0,75,0
25,10,44.9236086090485,3.08990531751355,0.876006050151373,13.7,0,0,76,0
26,10,87.9794351411413,5.1203772266873,0.783718249964909,0,101,10000,0,1
26,10,87.9794351411413,5.1203772266873,0.783718249964909,13.77,0,0,61,0
26,10,87.9794351411413,5.1203772266873,0.783718249964909,14.83,0,0,51,0
26,10,87.9794351411413,5.1203772266873,0.783718249964909,21.97,0,0,35,0
26,10,87.9794351411413,5.1203772266873,0.783718249964909,22.52,0,0,30,0
27,10,66.3351521317521,3.31931529869526,1.24958445174015,0,101,10000,0,1
27,10,66.3351521317521,3.31931529869526,1.24958445174015,4.69,0,0,144,0
27,10,66.3351521317521,3.31931529869526,1.24958445174015,9.64,0,0,86,0
27,10,66.3351521317521,3.31931529869526,1.24958445174015,12.88,0,0,136,0
27,10,66.3351521317521,3.31931529869526,1.24958445174015,14.36,0,0,51,0
28,10,74.0030613073829,6.50776084447779,1.67616573436443,0,101,10000,0,1
28,10,74.0030613073829,6.50776084447779,1.67616573436443,8.96,0,0,75,0
28,10,74.0030613073829,6.50776084447779,1.67616573436443,9.76,0,0,49,0
28,10,74.0030613073829,6.50776084447779,1.67616573436443,10.98,0,0,64,0
28,10,74.0030613073829,6.50776084447779,1.67616573436443,19.64,0,0,28,0
29,10,57.4311452448825,7.40426769953771,1.44171453568991,0,101,10000,0,1
29,10,57.4311452448825,7.40426769953771,1.44171453568991,7.13,0,0,79,0
29,10,57.4311452448825,7.40426769953771,1.44171453568991,13.62,0,0,35,0
29,10,57.4311452448825,7.40426769953771,1.44171453568991,18.5,0,0,16,0
29,10,57.4311452448825,7.40426769953771,1.44171453568991,19.03,0,0,22,0
30,10,58.7000731046828,3.47381056321226,0.75039084690099,0,101,10000,0,1
30,10,58.7000731046828,3.47381056321226,0.75039084690099,0.81,0,0,80,0
30,10,58.7000731046828,3.47381056321226,0.75039084690099,3.5,0,0,191,0
30,10,58.7000731046828,3.47381056321226,0.75039084690099,6.72,0,0,99,0
30,10,58.7000731046828,3.47381056321226,0.75039084690099,21.47,0,0,53,0
31,30,83.8370828684449,2.91421886888659,1.10903522762293,0,101,30000,0,1
31,30,83.8370828684449,2.91421886888659,1.10903522762293,1.75,0,0,296,0
31,30,83.8370828684449,2.91421886888659,1.10903522762293,7.8,0,0,214,0
31,30,83.8370828684449,2.91421886888659,1.10903522762293,21.51,0,0,202,0
31,30,83.8370828684449,2.91421886888659,1.10903522762293,21.61,0,0,175,0
32,30,82.2145130189464,5.4167128007604,1.07202261605648,0,101,30000,0,1
32,30,82.2145130189464,5.4167128007604,1.07202261605648,0.11,0,0,37,0
32,30,82.2145130189464,5.4167128007604,1.07202261605648,6.03,0,0,331,0
32,30,82.2145130189464,5.4167128007604,1.07202261605648,10.03,0,0,189,0
32,30,82.2145130189464,5.4167128007604,1.07202261605648,10.08,0,0,167,0
33,30,74.5159140523369,2.25991374512764,1.19757330963857,0,101,30000,0,1
33,30,74.5159140523369,2.25991374512764,1.19757330963857,0.65,0,0,212,0
33,30,74.5159140523369,2.25991374512764,1.19757330963857,12.53,0,0,224,0
33,30,74.5159140523369,2.25991374512764,1.19757330963857,17.78,0,0,192,0
33,30,74.5159140523369,2.25991374512764,1.19757330963857,21.05,0,0,221,0
34,30,72.3423991209933,3.20253613948356,0.92734193324482,0,101,30000,0,1
34,30,72.3423991209933,3.20253613948356,0.92734193324482,4.22,0,0,526,0
34,30,72.3423991209933,3.20253613948356,0.92734193324482,17.98,0,0,228,0
34,30,72.3423991209933,3.20253613948356,0.92734193324482,18.39,0,0,232,0
34,30,72.3423991209933,3.20253613948356,0.92734193324482,22.7,0,0,173,0
35,30,92.2658884479076,6.7373515523703,0.515427173944346,0,101,30000,0,1
35,30,92.2658884479076,6.7373515523703,0.515427173944346,0.66,0,0,97,0
35,30,92.2658884479076,6.7373515523703,0.515427173944346,11.05,0,0,117,0
35,30,92.2658884479076,6.7373515523703,0.515427173944346,13.51,0,0,180,0
35,30,92.2658884479076,6.7373515523703,0.515427173944346,20.03,0,0,93,0
36,30,81.4959484193387,4.59876271905882,0.854039663257182,0,101,30000,0,1
36,30,81.4959484193387,4.59876271905882,0.854039663257182,5.05,0,0,225,0
36,30,81.4959484193387,4.59876271905882,0.854039663257182,7.93,0,0,247,0
36,30,81.4959484193387,4.59876271905882,0.854039663257182,13.69,0,0,223,0
36,30,81.4959484193387,4.59876271905882,0.854039663257182,18.63,0,0,84,0
37,30,55.8469932774026,5.0519686201787,1.20967954255624,0,101,30000,0,1
37,30,55.8469932774026,5.0519686201787,1.20967954255624,4.82,0,0,473,0
37,30,55.8469932774026,5.0519686201787,1.20967954255624,4.83,0,0,410,0
37,30,55.8469932774026,5.0519686201787,1.20967954255624,14.66,0,0,142,0
37,30,55.8469932774026,5.0519686201787,1.20967954255624,19.97,0,0,110,0
38,30,50.2821155830059,2.15178484168158,1.62715802327181,0,101,30000,0,1
38,30,50.2821155830059,2.15178484168158,1.62715802327181,14.54,0,0,541,0
38,30,50.2821155830059,2.15178484168158,1.62715802327181,17.82,0,0,282,0
38,30,50.2821155830059,2.15178484168158,1.62715802327181,22.4,0,0,270,0
38,30,50.2821155830059,2.15178484168158,1.62715802327181,23.51,0,0,251,0
39,30,96.5518731200182,7.572247870984,0.761839657435752,0,101,30000,0,1
39,30,96.5518731200182,7.572247870984,0.761839657435752,3.7,0,0,169,0
39,30,96.5518731200182,7.572247870984,0.761839657435752,4.2,0,0,247,0
39,30,96.5518731200182,7.572247870984,0.761839657435752,7.54,0,0,159,0
39,30,96.5518731200182,7.572247870984,0.761839657435752,18.45,0,0,125,0
40,30,60.6098349361524,3.50157772702085,0.791889917431,0,101,30000,0,1
40,30,60.6098349361524,3.50157772702085,0.791889917431,6.45,0,0,302,0
40,30,60.6098349361524,3.50157772702085,0.791889917431,11.39,0,0,221,0
40,30,60.6098349361524,3.50157772702085,0.791889917431,11.92,0,0,332,0
40,30,60.6098349361524,3.50157772702085,0.791889917431,21.32,0,0,217,0
41,30,51.0016386129572,3.01047303234109,0.958744715365423,0,101,30000,0,1
41,30,51.0016386129572,3.01047303234109,0.958744715365423,0.42,0,0,182,0
41,30,51.0016386129572,3.01047303234109,0.958744715365423,2.33,0,0,535,0
41,30,51.0016386129572,3.01047303234109,0.958744715365423,5.85,0,0,539,0
41,30,51.0016386129572,3.01047303234109,0.958744715365423,17.49,0,0,254,0
42,30,82.0334129540665,5.46094491731054,1.277358439107,0,101,30000,0,1
42,30,82.0334129540665,5.46094491731054,1.277358439107,2.88,0,0,257,0
42,30,82.0334129540665,5.46094491731054,1.277358439107,16.96,0,0,165,0
42,30,82.0334129540665,5.46094491731054,1.277358439107,21.46,0,0,81,0
42,30,82.0334129540665,5.46094491731054,1.277358439107,22.08,0,0,132,0
43,30,80.8375400866271,5.00230972969861,0.865848474627225,0,101,30000,0,1
43,30,80.8375400866271,5.00230972969861,0.865848474627225,3.29,0,0,372,0
43,30,80.8375400866271,5.00230972969861,0.865848474627225,6.02,0,0,305,0
43,30,80.8375400866271,5.00230972969861,0.865848474627225,12.84,0,0,132,0
43,30,80.8375400866271,5.00230972969861,0.865848474627225,19.53,0,0,135,0
44,30,50.408422218598,2.09172108595948,1.00660180990454,0,101,30000,0,1
44,30,50.408422218598,2.09172108595948,1.00660180990454,4.44,0,0,637,0
44,30,50.408422218598,2.09172108595948,1.00660180990454,12.84,0,0,386,0
44,30,50.408422218598,2.09172108595948,1.00660180990454,14.76,0,0,354,0
44,30,50.408422218598,2.09172108595948,1.00660180990454,21.31,0,0,189,0
45,30,63.114738822991,2.62671819408301,1.30242491968223,0,101,30000,0,1
45,30,63.114738822991,2.62671819408301,1.30242491968223,2.31,0,0,400,0
45,30,63.114738822991,2.62671819408301,1.30242491968223,3.09,0,0,318,0
45,30,63.114738822991,2.62671819408301,1.30242491968223,11.35,0,0,351,0
45,30,63.114738822991,2.62671819408301,1.30242491968223,17.8,0,0,301,0
46,30,103.123515066153,3.18012539659878,0.827170265768189,0,101,30000,0,1
46,30,103.123515066153,3.18012539659878,0.827170265768189,4.22,0,0,339,0
46,30,103.123515066153,3.18012539659878,0.827170265768189,5.35,0,0,244,0
46,30,103.123515066153,3.18012539659878,0.827170265768189,7.79,0,0,410,0
46,30,103.123515066153,3.18012539659878,0.827170265768189,10.48,0,0,164,0
47,30,66.6436720525709,3.4446036014945,0.861471113649509,0,101,30000,0,1
47,30,66.6436720525709,3.4446036014945,0.861471113649509,1.32,0,0,235,0
47,30,66.6436720525709,3.4446036014945,0.861471113649509,7.46,0,0,278,0
47,30,66.6436720525709,3.4446036014945,0.861471113649509,17.48,0,0,187,0
47,30,66.6436720525709,3.4446036014945,0.861471113649509,22.02,0,0,213,0
48,30,50.0888043772793,4.37815987562543,0.921604839249327,0,101,30000,0,1
48,30,50.0888043772793,4.37815987562543,0.921604839249327,0.49,0,0,185,0
48,30,50.0888043772793,4.37815987562543,0.921604839249327,2.49,0,0,710,0
48,30,50.0888043772793,4.37815987562543,0.921604839249327,11.92,0,0,202,0
48,30,50.0888043772793,4.37815987562543,0.921604839249327,14.31,0,0,150,0
49,30,57.8529341560405,2.55882388728329,1.53988568768485,0,101,30000,0,1
49,30,57.8529341560405,2.55882388728329,1.53988568768485,1.21,0,0,423,0
49,30,57.8529341560405,2.55882388728329,1.53988568768485,6.39,0,0,483,0
49,30,57.8529341560405,2.55882388728329,1.53988568768485,8.22,0,0,263,0
49,30,57.8529341560405,2.55882388728329,1.53988568768485,14.65,0,0,235,0
50,30,77.7418563199572,4.05257406245829,0.726484101480304,0,101,30000,0,1
50,30,77.7418563199572,4.05257406245829,0.726484101480304,3.1,0,0,345,0
50,30,77.7418563199572,4.05257406245829,0.726484101480304,12.58,0,0,305,0
50,30,77.7418563199572,4.05257406245829,0.726484101480304,15.29,0,0,156,0
50,30,77.7418563199572,4.05257406245829,0.726484101480304,16.17,0,0,159,0
51,30,72.9174962094983,2.90680090715969,0.889161199755431,0,101,30000,0,1
51,30,72.9174962094983,2.90680090715969,0.889161199755431,3.63,0,0,412,0
51,30,72.9174962094983,2.90680090715969,0.889161199755431,9.98,0,0,257,0
51,30,72.9174962094983,2.90680090715969,0.889161199755431,11.35,0,0,229,0
51,30,72.9174962094983,2.90680090715969,0.889161199755431,15.63,0,0,272,0
52,30,53.8333002079547,5.1153693904332,1.56916261169817,0,101,30000,0,1
52,30,53.8333002079547,5.1153693904332,1.56916261169817,0.2,0,0,140,0
52,30,53.8333002079547,5.1153693904332,1.56916261169817,1.98,0,0,593,0
52,30,53.8333002079547,5.1153693904332,1.56916261169817,7.48,0,0,300,0
52,30,53.8333002079547,5.1153693904332,1.56916261169817,7.85,0,0,382,0
53,30,41.5522139191861,3.19325542362628,0.94994103345591,0,101,30000,0,1
53,30,41.5522139191861,3.19325542362628,0.94994103345591,8.65,0,0,252,0
53,30,41.5522139191861,3.19325542362628,0.94994103345591,14.65,0,0,408,0
53,30,41.5522139191861,3.19325542362628,0.94994103345591,17.54,0,0,245,0
53,30,41.5522139191861,3.19325542362628,0.94994103345591,18.91,0,0,134,0
54,30,65.8226715006153,3.71370692881861,0.952582232564757,0,101,30000,0,1
54,30,65.8226715006153,3.71370692881861,0.952582232564757,1.09,0,0,261,0
54,30,65.8226715006153,3.71370692881861,0.952582232564757,9.02,0,0,336,0
54,30,65.8226715006153,3.71370692881861,0.952582232564757,14.25,0,0,153,0
54,30,65.8226715006153,3.71370692881861,0.952582232564757,14.88,0,0,231,0
55,30,58.232382814708,3.81068373843644,0.893220063702374,0,101,30000,0,1
55,30,58.232382814708,3.81068373843644,0.893220063702374,0.07,0,0,29,0
55,30,58.232382814708,3.81068373843644,0.893220063702374,19.9,0,0,135,0
55,30,58.232382814708,3.81068373843644,0.893220063702374,20.26,0,0,179,0
55,30,58.232382814708,3.81068373843644,0.893220063702374,23.63,0,0,82,0
56,30,91.8037552997694,5.17456943909339,1.47133588709399,0,101,30000,0,1
56,30,91.8037552997694,5.17456943909339,1.47133588709399,2.9,0,0,245,0
56,30,91.8037552997694,5.17456943909339,1.47133588709399,12.26,0,0,184,0
56,30,91.8037552997694,5.17456943909339,1.47133588709399,15.33,0,0,147,0
56,30,91.8037552997694,5.17456943909339,1.47133588709399,20.92,0,0,73,0
57,30,53.6644984070699,4.99647362236263,0.859139638305419,0,101,30000,0,1
57,30,53.6644984070699,4.99647362236263,0.859139638305419,2.23,0,0,527,0
57,30,53.6644984070699,4.99647362236263,0.859139638305419,3.73,0,0,389,0
57,30,53.6644984070699,4.99647362236263,0.859139638305419,9.97,0,0,245,0
57,30,53.6644984070699,4.99647362236263,0.859139638305419,15.91,0,0,138,0
58,30,38.2282359680797,5.99143735011972,1.00774529821828,0,101,30000,0,1
58,30,38.2282359680797,5.99143735011972,1.00774529821828,9.92,0,0,124,0
58,30,38.2282359680797,5.99143735011972,1.00774529821828,17.59,0,0,69,0
58,30,38.2282359680797,5.99143735011972,1.00774529821828,20.1,0,0,41,0
58,30,38.2282359680797,5.99143735011972,1.00774529821828,21.98,0,0,31,0
59,30,43.4516403900687,4.24509242652769,0.692981055463002,0,101,30000,0,1
59,30,43.4516403900687,4.24509242652769,0.692981055463002,10.98,0,0,201,0
59,30,43.4516403900687,4.24509242652769,0.692981055463002,16.69,0,0,225,0
59,30,43.4516403900687,4.24509242652769,0.692981055463002,18.12,0,0,199,0
59,30,43.4516403900687,4.24509242652769,0.692981055463002,23.32,0,0,63,0
60,30,98.2215795831632,4.30497568189648,0.608809766503713,0,101,30000,0,1
60,30,98.2215795831632,4.30497568189648,0.608809766503713,5.16,0,0,224,0
60,30,98.2215795831632,4.30497568189648,0.608809766503713,14.43,0,0,127,0
60,30,98.2215795831632,4.30497568189648,0.608809766503713,16.64,0,0,184,0
60,30,98.2215795831632,4.30497568189648,0.608809766503713,21.97,0,0,113,0
61,60,51.0977153216651,5.14579496187186,1.03268363376701,0,101,60000,0,1
61,60,51.0977153216651,5.14579496187186,1.03268363376701,1.43,0,0,706,0
61,60,51.0977153216651,5.14579496187186,1.03268363376701,9.46,0,0,515,0
61,60,51.0977153216651,5.14579496187186,1.03268363376701,16.16,0,0,289,0
61,60,51.0977153216651,5.14579496187186,1.03268363376701,23.08,0,0,120,0
62,60,83.96739150077,4.33237327234151,0.869066209124545,0,101,60000,0,1
62,60,83.96739150077,4.33237327234151,0.869066209124545,2.74,0,0,751,0
62,60,83.96739150077,4.33237327234151,0.869066209124545,4.09,0,0,580,0
62,60,83.96739150077,4.33237327234151,0.869066209124545,9.6,0,0,315,0
62,60,83.96739150077,4.33237327234151,0.869066209124545,9.94,0,0,499,0
63,60,68.0319548041963,5.81632692545306,1.17445017626609,0,101,60000,0,1
63,60,68.0319548041963,5.81632692545306,1.17445017626609,4.59,0,0,544,0
63,60,68.0319548041963,5.81632692545306,1.17445017626609,8.32,0,0,437,0
63,60,68.0319548041963,5.81632692545306,1.17445017626609,13.86,0,0,255,0
63,60,68.0319548041963,5.81632692545306,1.17445017626609,17.91,0,0,240,0
64,60,60.5531927991946,6.47967572818447,0.869974200084306,0,101,60000,0,1
64,60,60.5531927991946,6.47967572818447,0.869974200084306,8.35,0,0,709,0
64,60,60.5531927991946,6.47967572818447,0.869974200084306,14.96,0,0,250,0
64,60,60.5531927991946,6.47967572818447,0.869974200084306,19.22,0,0,164,0
64,60,60.5531927991946,6.47967572818447,0.869974200084306,23.59,0,0,93,0
65,60,65.0987872170597,3.4010102107135,0.729411800026497,0,101,60000,0,1
65,60,65.0987872170597,3.4010102107135,0.729411800026497,1.12,0,0,577,0
65,60,65.0987872170597,3.4010102107135,0.729411800026497,18.11,0,0,340,0
65,60,65.0987872170597,3.4010102107135,0.729411800026497,20.59,0,0,442,0
65,60,65.0987872170597,3.4010102107135,0.729411800026497,21.04,0,0,320,0
66,60,76.0609683067481,2.43580075498518,0.764392046110825,0,101,60000,0,1
66,60,76.0609683067481,2.43580075498518,0.764392046110825,10.93,0,0,782,0
66,60,76.0609683067481,2.43580075498518,0.764392046110825,14.49,0,0,587,0
66,60,76.0609683067481,2.43580075498518,0.764392046110825,14.85,0,0,524,0
66,60,76.0609683067481,2.43580075498518,0.764392046110825,20.57,0,0,468,0
67,60,69.6050775081575,2.30906878812035,0.882946857470223,0,101,60000,0,1
67,60,69.6050775081575,2.30906878812035,0.882946857470223,7.26,0,0,653,0
67,60,69.6050775081575,2.30906878812035,0.882946857470223,10.62,0,0,569,0
67,60,69.6050775081575,2.30906878812035,0.882946857470223,11.93,0,0,573,0
67,60,69.6050775081575,2.30906878812035,0.882946857470223,14.35,0,0,537,0
68,60,52.8071309123491,2.76788745323616,0.817795244565896,0,101,60000,0,1
68,60,52.8071309123491,2.76788745323616,0.817795244565896,3.62,0,0,640,0
68,60,52.8071309123491,2.76788745323616,0.817795244565896,4.7,0,0,1036,0
68,60,52.8071309123491,2.76788745323616,0.817795244565896,9.28,0,0,720,0
68,60,52.8071309123491,2.76788745323616,0.817795244565896,19.8,0,0,476,0
69,60,60.6742660715517,3.71450073274495,1.07393524568256,0,101,60000,0,1
69,60,60.6742660715517,3.71450073274495,1.07393524568256,2.55,0,0,734,0
69,60,60.6742660715517,3.71450073274495,1.07393524568256,3.88,0,0,648,0
69,60,60.6742660715517,3.71450073274495,1.07393524568256,4.52,0,0,705,0
69,60,60.6742660715517,3.71450073274495,1.07393524568256,22.21,0,0,314,0
70,60,48.4734374465731,4.75707269351948,0.923997033959711,0,101,60000,0,1
70,60,48.4734374465731,4.75707269351948,0.923997033959711,4.67,0,0,697,0
70,60,48.4734374465731,4.75707269351948,0.923997033959711,14.34,0,0,329,0
70,60,48.4734374465731,4.75707269351948,0.923997033959711,17.45,0,0,292,0
70,60,48.4734374465731,4.75707269351948,0.923997033959711,20.76,0,0,205,0
71,60,97.2579687936898,4.43474844654826,0.919413954849668,0,101,60000,0,1
71,60,97.2579687936898,4.43474844654826,0.919413954849668,2.01,0,0,558,0
71,60,97.2579687936898,4.43474844654826,0.919413954849668,3.64,0,0,436,0
71,60,97.2579687936898,4.43474844654826,0.919413954849668,5.49,0,0,517,0
71,60,97.2579687936898,4.43474844654826,0.919413954849668,12.67,0,0,475,0
72,60,31.1971437737409,4.55129000980082,1.4687267292144,0,101,60000,0,1
72,60,31.1971437737409,4.55129000980082,1.4687267292144,7.24,0,0,1031,0
72,60,31.1971437737409,4.55129000980082,1.4687267292144,16.92,0,0,150,0
72,60,31.1971437737409,4.55129000980082,1.4687267292144,17.88,0,0,160,0
72,60,31.1971437737409,4.55129000980082,1.4687267292144,21.86,0,0,63,0
73,60,91.295954667353,2.98062623052262,1.42342188386541,0,101,60000,0,1
73,60,91.295954667353,2.98062623052262,1.42342188386541,3.71,0,0,512,0
73,60,91.295954667353,2.98062623052262,1.42342188386541,11.42,0,0,498,0
73,60,91.295954667353,2.98062623052262,1.42342188386541,12.9,0,0,359,0
73,60,91.295954667353,2.98062623052262,1.42342188386541,16.98,0,0,302,0
74,60,79.3127024686564,4.04853691649006,0.784640274284609,0,101,60000,0,1
74,60,79.3127024686564,4.04853691649006,0.784640274284609,3.5,0,0,693,0
74,60,79.3127024686564,4.04853691649006,0.784640274284609,8.05,0,0,548,0
74,60,79.3127024686564,4.04853691649006,0.784640274284609,10.81,0,0,370,0
74,60,79.3127024686564,4.04853691649006,0.784640274284609,12.37,0,0,489,0
75,60,98.6172396376808,4.61206731473392,0.80372683804381,0,101,60000,0,1
75,60,98.6172396376808,4.61206731473392,0.80372683804381,4.58,0,0,534,0
75,60,98.6172396376808,4.61206731473392,0.80372683804381,9.47,0,0,421,0
75,60,98.6172396376808,4.61206731473392,0.80372683804381,22.36,0,0,177,0
75,60,98.6172396376808,4.61206731473392,0.80372683804381,23.82,0,0,185,0
76,60,115.344592716626,4.4014446388948,1.04535602690995,0,101,60000,0,1
76,60,115.344592716626,4.4014446388948,1.04535602690995,0.78,0,0,316,0
76,60,115.344592716626,4.4014446388948,1.04535602690995,10.66,0,0,336,0
76,60,115.344592716626,4.4014446388948,1.04535602690995,21.75,0,0,167,0
76,60,115.344592716626,4.4014446388948,1.04535602690995,23.08,0,0,164,0
77,60,73.4097494853511,3.22185876572094,1.06668651938801,0,101,60000,0,1
77,60,73.4097494853511,3.22185876572094,1.06668651938801,1.14,0,0,615,0
77,60,73.4097494853511,3.22185876572094,1.06668651938801,12.63,0,0,363,0
77,60,73.4097494853511,3.22185876572094,1.06668651938801,22.32,0,0,331,0
77,60,73.4097494853511,3.22185876572094,1.06668651938801,23.55,0,0,322,0
78,60,53.7604096771263,5.68166878039748,1.56923931692568,0,101,60000,0,1
78,60,53.7604096771263,5.68166878039748,1.56923931692568,2.44,0,0,1104,0
78,60,53.7604096771263,5.68166878039748,1.56923931692568,16.04,0,0,226,0
78,60,53.7604096771263,5.68166878039748,1.56923931692568,16.22,0,0,361,0
78,60,53.7604096771263,5.68166878039748,1.56923931692568,18.57,0,0,191,0
79,60,108.733266672883,2.74330848239977,1.48472277250496,0,101,60000,0,1
79,60,108.733266672883,2.74330848239977,1.48472277250496,9.01,0,0,547,0
79,60,108.733266672883,2.74330848239977,1.48472277250496,16.17,0,0,359,0
79,60,108.733266672883,2.74330848239977,1.48472277250496,18.89,0,0,361,0
79,60,108.733266672883,2.74330848239977,1.48472277250496,23.26,0,0,262,0
80,60,77.1378717197028,7.66957614340973,1.06767741962088,0,101,60000,0,1
80,60,77.1378717197028,7.66957614340973,1.06767741962088,0.15,0,0,99,0
80,60,77.1378717197028,7.66957614340973,1.06767741962088,0.37,0,0,381,0
80,60,77.1378717197028,7.66957614340973,1.06767741962088,12.64,0,0,183,0
80,60,77.1378717197028,7.66957614340973,1.06767741962088,17.87,0,0,133,0
81,60,98.2825994329182,3.69996362249466,0.864586851712151,0,101,60000,0,1
81,60,98.2825994329182,3.69996362249466,0.864586851712151,4.86,0,0,403,0
81,60,98.2825994329182,3.69996362249466,0.864586851712151,6.55,0,0,480,0
81,60,98.2825994329182,3.69996362249466,0.864586851712151,18.5,0,0,244,0
81,60,98.2825994329182,3.69996362249466,0.864586851712151,19.72,0,0,386,0
82,60,80.7804684486461,4.57292089147659,1.01083851114931,0,101,60000,0,1
82,60,80.7804684486461,4.57292089147659,1.01083851114931,0.95,0,0,404,0
82,60,80.7804684486461,4.57292089147659,1.01083851114931,12.67,0,0,438,0
82,60,80.7804684486461,4.57292089147659,1.01083851114931,14.85,0,0,286,0
82,60,80.7804684486461,4.57292089147659,1.01083851114931,15.77,0,0,322,0
83,60,97.3162772120963,4.63197255292224,0.774632077005491,0,101,60000,0,1
83,60,97.3162772120963,4.63197255292224,0.774632077005491,7.08,0,0,364,0
83,60,97.3162772120963,4.63197255292224,0.774632077005491,8.9,0,0,479,0
83,60,97.3162772120963,4.63197255292224,0.774632077005491,9.89,0,0,304,0
83,60,97.3162772120963,4.63197255292224,0.774632077005491,21.75,0,0,174,0
84,60,58.536729659131,4.33157124373257,0.564363206673503,0,101,60000,0,1
84,60,58.536729659131,4.33157124373257,0.564363206673503,1.68,0,0,565,0
84,60,58.536729659131,4.33157124373257,0.564363206673503,12.11,0,0,482,0
84,60,58.536729659131,4.33157124373257,0.564363206673503,15.6,0,0,362,0
84,60,58.536729659131,4.33157124373257,0.564363206673503,21.53,0,0,228,0
85,60,81.3644089431359,5.84045706114373,0.90817109231368,0,101,60000,0,1
85,60,81.3644089431359,5.84045706114373,0.90817109231368,8.49,0,0,235,0
85,60,81.3644089431359,5.84045706114373,0.90817109231368,10.42,0,0,326,0
85,60,81.3644089431359,5.84045706114373,0.90817109231368,16.89,0,0,171,0
85,60,81.3644089431359,5.84045706114373,0.90817109231368,19.7,0,0,157,0
86,60,52.9117708915461,4.39410191996848,0.592588530460565,0,101,60000,0,1
86,60,52.9117708915461,4.39410191996848,0.592588530460565,7.32,0,0,757,0
86,60,52.9117708915461,4.39410191996848,0.592588530460565,8.34,0,0,615,0
86,60,52.9117708915461,4.39410191996848,0.592588530460565,11.5,0,0,671,0
86,60,52.9117708915461,4.39410191996848,0.592588530460565,22.99,0,0,220,0
87,60,82.2046470583799,4.14389025206895,0.784555986448023,0,101,60000,0,1
87,60,82.2046470583799,4.14389025206895,0.784555986448023,8.36,0,0,406,0
87,60,82.2046470583799,4.14389025206895,0.784555986448023,13.55,0,0,420,0
87,60,82.2046470583799,4.14389025206895,0.784555986448023,18.54,0,0,242,0
87,60,82.2046470583799,4.14389025206895,0.784555986448023,21.8,0,0,216,0
88,60,71.1379751112518,3.76821474943088,0.927954098712789,0,101,60000,0,1
88,60,71.1379751112518,3.76821474943088,0.927954098712789,0.53,0,0,439,0
88,60,71.1379751112518,3.76821474943088,0.927954098712789,11.54,0,0,457,0
88,60,71.1379751112518,3.76821474943088,0.927954098712789,15.6,0,0,373,0
88,60,71.1379751112518,3.76821474943088,0.927954098712789,16.53,0,0,372,0
89,60,71.880267239765,2.31630284645897,1.04190962546093,0,101,60000,0,1
89,60,71.880267239765,2.31630284645897,1.04190962546093,1.09,0,0,656,0
89,60,71.880267239765,2.31630284645897,1.04190962546093,4.24,0,0,784,0
89,60,71.880267239765,2.31630284645897,1.04190962546093,5.87,0,0,758,0
89,60,71.880267239765,2.31630284645897,1.04190962546093,21.49,0,0,442,0
90,60,83.0734058741381,4.98130184843162,0.777858419502767,0,101,60000,0,1
90,60,83.0734058741381,4.98130184843162,0.777858419502767,0.57,0,0,334,0
90,60,83.0734058741381,4.98130184843162,0.777858419502767,10.32,0,0,612,0
90,60,83.0734058741381,4.98130184843162,0.777858419502767,18.75,0,0,249,0
90,60,83.0734058741381,4.98130184843162,0.777858419502767,19.54,0,0,216,0
91,120,51.8404670563949,5.56685254059049,0.960105837656739,0,101,120000,0,1
91,120,51.8404670563949,5.56685254059049,0.960105837656739,5.93,0,0,1110,0
91,120,51.8404670563949,5.56685254059049,0.960105837656739,6.16,0,0,1203,0
91,120,51.8404670563949,5.56685254059049,0.960105837656739,11.22,0,0,990,0
91,120,51.8404670563949,5.56685254059049,0.960105837656739,22.78,0,0,156,0
92,120,76.2026579286039,4.20109144190691,0.782441720486777,0,101,120000,0,1
92,120,76.2026579286039,4.20109144190691,0.782441720486777,12.1,0,0,839,0
92,120,76.2026579286039,4.20109144190691,0.782441720486777,12.9,0,0,1074,0
92,120,76.2026579286039,4.20109144190691,0.782441720486777,17.17,0,0,541,0
92,120,76.2026579286039,4.20109144190691,0.782441720486777,17.79,0,0,777,0
93,120,60.5715687179313,6.34468992926714,1.06451819363347,0,101,120000,0,1
93,120,60.5715687179313,6.34468992926714,1.06451819363347,8.14,0,0,1096,0
93,120,60.5715687179313,6.34468992926714,1.06451819363347,19.74,0,0,285,0
93,120,60.5715687179313,6.34468992926714,1.06451819363347,23.35,0,0,214,0
93,120,60.5715687179313,6.34468992926714,1.06451819363347,23.94,0,0,167,0
94,120,59.5136065419446,2.75351345633699,1.34949070091867,0,101,120000,0,1
94,120,59.5136065419446,2.75351345633699,1.34949070091867,2.44,0,0,2150,0
94,120,59.5136065419446,2.75351345633699,1.34949070091867,8.81,0,0,1206,0
94,120,59.5136065419446,2.75351345633699,1.34949070091867,9.29,0,0,1044,0
94,120,59.5136065419446,2.75351345633699,1.34949070091867,14.37,0,0,1187,0
95,120,69.476415665394,4.01557133417522,0.786107726515256,0,101,120000,0,1
95,120,69.476415665394,4.01557133417522,0.786107726515256,3.97,0,0,1039,0
95,120,69.476415665394,4.01557133417522,0.786107726515256,5.3,0,0,1293,0
95,120,69.476415665394,4.01557133417522,0.786107726515256,8.06,0,0,1269,0
95,120,69.476415665394,4.01557133417522,0.786107726515256,21.74,0,0,614,0
96,120,74.5271776576942,2.53575819171155,0.781223774008524,0,101,120000,0,1
96,120,74.5271776576942,2.53575819171155,0.781223774008524,6.72,0,0,1186,0
96,120,74.5271776576942,2.53575819171155,0.781223774008524,12.07,0,0,984,0
96,120,74.5271776576942,2.53575819171155,0.781223774008524,12.45,0,0,1059,0
96,120,74.5271776576942,2.53575819171155,0.781223774008524,16.31,0,0,817,0
97,120,52.9764482259322,5.32727013974283,1.37689578357968,0,101,120000,0,1
97,120,52.9764482259322,5.32727013974283,1.37689578357968,10.13,0,0,716,0
97,120,52.9764482259322,5.32727013974283,1.37689578357968,15.92,0,0,520,0
97,120,52.9764482259322,5.32727013974283,1.37689578357968,17.41,0,0,455,0
97,120,52.9764482259322,5.32727013974283,1.37689578357968,20.32,0,0,312,0
98,120,74.8868586035452,4.40071775259519,1.46949059478609,0,101,120000,0,1
98,120,74.8868586035452,4.40071775259519,1.46949059478609,4.77,0,0,786,0
98,120,74.8868586035452,4.40071775259519,1.46949059478609,6.49,0,0,1218,0
98,120,74.8868586035452,4.40071775259519,1.46949059478609,7.41,0,0,945,0
98,120,74.8868586035452,4.40071775259519,1.46949059478609,11.23,0,0,1026,0
99,120,119.069877705221,3.96938634559904,0.721580242851826,0,101,120000,0,1
99,120,119.069877705221,3.96938634559904,0.721580242851826,4.93,0,0,959,0
99,120,119.069877705221,3.96938634559904,0.721580242851826,5.13,0,0,1016,0
99,120,119.069877705221,3.96938634559904,0.721580242851826,5.72,0,0,920,0
99,120,119.069877705221,3.96938634559904,0.721580242851826,13.26,0,0,656,0
100,120,90.7023798231425,3.20605219668751,0.8675665528966,0,101,120000,0,1
100,120,90.7023798231425,3.20605219668751,0.8675665528966,6.1,0,0,1152,0
100,120,90.7023798231425,3.20605219668751,0.8675665528966,7.88,0,0,1010,0
100,120,90.7023798231425,3.20605219668751,0.8675665528966,15.66,0,0,516,0
100,120,90.7023798231425,3.20605219668751,0.8675665528966,16.67,0,0,558,0
101,120,66.8155420554274,5.42807348596825,0.771590701578381,0,101,120000,0,1
101,120,66.8155420554274,5.42807348596825,0.771590701578381,5.71,0,0,1224,0
101,120,66.8155420554274,5.42807348596825,0.771590701578381,8.77,0,0,1187,0
101,120,66.8155420554274,5.42807348596825,0.771590701578381,19.56,0,0,417,0
101,120,66.8155420554274,5.42807348596825,0.771590701578381,23.08,0,0,307,0
102,120,72.8117693502257,4.52167844756212,1.12189131576092,0,101,120000,0,1
102,120,72.8117693502257,4.52167844756212,1.12189131576092,3.86,0,0,1720,0
102,120,72.8117693502257,4.52167844756212,1.12189131576092,5.45,0,0,1277,0
102,120,72.8117693502257,4.52167844756212,1.12189131576092,11.64,0,0,718,0
102,120,72.8117693502257,4.52167844756212,1.12189131576092,22.76,0,0,497,0
103,120,74.6655089818426,4.72236871616406,1.7241953487887,0,101,120000,0,1
103,120,74.6655089818426,4.72236871616406,1.7241953487887,5.18,0,0,1291,0
103,120,74.6655089818426,4.72236871616406,1.7241953487887,8.9,0,0,586,0
103,120,74.6655089818426,4.72236871616406,1.7241953487887,14.86,0,0,950,0
103,120,74.6655089818426,4.72236871616406,1.7241953487887,19.02,0,0,402,0
104,120,48.3581462841461,2.91819075674196,0.878464382330273,0,101,120000,0,1
104,120,48.3581462841461,2.91819075674196,0.878464382330273,1.36,0,0,1910,0
104,120,48.3581462841461,2.91819075674196,0.878464382330273,5.99,0,0,1545,0
104,120,48.3581462841461,2.91819075674196,0.878464382330273,7.39,0,0,2972,0
104,120,48.3581462841461,2.91819075674196,0.878464382330273,8.67,0,0,1195,0
105,120,53.9387901993644,3.2468468730686,2.77230376071437,0,101,120000,0,1
105,120,53.9387901993644,3.2468468730686,2.77230376071437,2.42,0,0,2528,0
105,120,53.9387901993644,3.2468468730686,2.77230376071437,2.95,0,0,2095,0
105,120,53.9387901993644,3.2468468730686,2.77230376071437,10.9,0,0,1692,0
105,120,53.9387901993644,3.2468468730686,2.77230376071437,14.06,0,0,1310,0
106,120,64.7657702179073,2.68843648619014,0.701034508376656,0,101,120000,0,1
106,120,64.7657702179073,2.68843648619014,0.701034508376656,6.99,0,0,1682,0
106,120,64.7657702179073,2.68843648619014,0.701034508376656,7.46,0,0,1138,0
106,120,64.7657702179073,2.68843648619014,0.701034508376656,7.98,0,0,1283,0
106,120,64.7657702179073,2.68843648619014,0.701034508376656,19.81,0,0,841,0
107,120,48.4684807376099,5.98290916125941,0.758974475344869,0,101,120000,0,1
107,120,48.4684807376099,5.98290916125941,0.758974475344869,4.84,0,0,1859,0
107,120,48.4684807376099,5.98290916125941,0.758974475344869,7.53,0,0,928,0
107,120,48.4684807376099,5.98290916125941,0.758974475344869,14.96,0,0,417,0
107,120,48.4684807376099,5.98290916125941,0.758974475344869,17.51,0,0,418,0
108,120,76.3766806766539,5.40044291658435,0.863324290227676,0,101,120000,0,1
108,120,76.3766806766539,5.40044291658435,0.863324290227676,0.56,0,0,445,0
108,120,76.3766806766539,5.40044291658435,0.863324290227676,5.07,0,0,1087,0
108,120,76.3766806766539,5.40044291658435,0.863324290227676,7.65,0,0,1233,0
108,120,76.3766806766539,5.40044291658435,0.863324290227676,20.65,0,0,522,0
109,120,76.789275755491,2.81276996038399,0.922272485458444,0,101,120000,0,1
109,120,76.789275755491,2.81276996038399,0.922272485458444,8.64,0,0,1239,0
109,120,76.789275755491,2.81276996038399,0.922272485458444,13.4,0,0,1286,0
109,120,76.789275755491,2.81276996038399,0.922272485458444,13.76,0,0,805,0
109,120,76.789275755491,2.81276996038399,0.922272485458444,23.85,0,0,581,0
110,120,56.1019078389731,3.42907706483303,1.1363797409322,0,101,120000,0,1
110,120,56.1019078389731,3.42907706483303,1.1363797409322,0.33,0,0,547,0
110,120,56.1019078389731,3.42907706483303,1.1363797409322,4.17,0,0,1720,0
110,120,56.1019078389731,3.42907706483303,1.1363797409322,4.93,0,0,1838,0
110,120,56.1019078389731,3.42907706483303,1.1363797409322,7.15,0,0,1441,0
111,120,63.9948155340968,3.93081864252355,1.26077014568331,0,101,120000,0,1
111,120,63.9948155340968,3.93081864252355,1.26077014568331,5.46,0,0,1206,0
111,120,63.9948155340968,3.93081864252355,1.26077014568331,9.52,0,0,1176,0
111,120,63.9948155340968,3.93081864252355,1.26077014568331,12.99,0,0,818,0
111,120,63.9948155340968,3.93081864252355,1.26077014568331,21.44,0,0,730,0
112,120,78.0224086317212,4.40978300340624,1.03578401663354,0,101,120000,0,1
112,120,78.0224086317212,4.40978300340624,1.03578401663354,4.14,0,0,1509,0
112,120,78.0224086317212,4.40978300340624,1.03578401663354,12.44,0,0,958,0
112,120,78.0224086317212,4.40978300340624,1.03578401663354,18.38,0,0,704,0
112,120,78.0224086317212,4.40978300340624,1.03578401663354,18.6,0,0,747,0
113,120,88.5634536174532,3.04028520681397,0.992080081978093,0,101,120000,0,1
113,120,88.5634536174532,3.04028520681397,0.992080081978093,2.77,0,0,628,0
113,120,88.5634536174532,3.04028520681397,0.992080081978093,5.5,0,0,1070,0
113,120,88.5634536174532,3.04028520681397,0.992080081978093,13.95,0,0,634,0
113,120,88.5634536174532,3.04028520681397,0.992080081978093,16.3,0,0,599,0
114,120,47.5496086871983,3.15123252936363,0.657576343581449,0,101,120000,0,1
114,120,47.5496086871983,3.15123252936363,0.657576343581449,8.68,0,0,1600,0
114,120,47.5496086871983,3.15123252936363,0.657576343581449,13.29,0,0,1253,0
114,120,47.5496086871983,3.15123252936363,0.657576343581449,16.17,0,0,866,0
114,120,47.5496086871983,3.15123252936363,0.657576343581449,22.77,0,0,409,0
115,120,71.889525367523,7.67983989100469,0.913528529012739,0,101,120000,0,1
115,120,71.889525367523,7.67983989100469,0.913528529012739,7.75,0,0,615,0
115,120,71.889525367523,7.67983989100469,0.913528529012739,9.16,0,0,932,0
115,120,71.889525367523,7.67983989100469,0.913528529012739,10.89,0,0,685,0
115,120,71.889525367523,7.67983989100469,0.913528529012739,18.59,0,0,360,0
116,120,36.6193236369585,4.49667796254174,1.00483355982528,0,101,120000,0,1
116,120,36.6193236369585,4.49667796254174,1.00483355982528,1.8,0,0,1782,0
116,120,36.6193236369585,4.49667796254174,1.00483355982528,5.32,0,0,1981,0
116,120,36.6193236369585,4.49667796254174,1.00483355982528,9.58,0,0,953,0
116,120,36.6193236369585,4.49667796254174,1.00483355982528,21.85,0,0,243,0
117,120,54.4861228097277,4.75798517084254,1.7121445130582,0,101,120000,0,1
117,120,54.4861228097277,4.75798517084254,1.7121445130582,4.37,0,0,1759,0
117,120,54.4861228097277,4.75798517084254,1.7121445130582,6.35,0,0,1149,0
117,120,54.4861228097277,4.75798517084254,1.7121445130582,9.23,0,0,919,0
117,120,54.4861228097277,4.75798517084254,1.7121445130582,18.81,0,0,403,0
118,120,56.1825860678778,2.86807629477435,0.699613501710659,0,101,120000,0,1
118,120,56.1825860678778,2.86807629477435,0.699613501710659,0.73,0,0,888,0
118,120,56.1825860678778,2.86807629477435,0.699613501710659,3.94,0,0,1827,0
118,120,56.1825860678778,2.86807629477435,0.699613501710659,11.21,0,0,1307,0
118,120,56.1825860678778,2.86807629477435,0.699613501710659,22.65,0,0,673,0
119,120,76.1877215448793,4.77219775874354,0.785691866750524,0,101,120000,0,1
119,120,76.1877215448793,4.77219775874354,0.785691866750524,9.28,0,0,793,0
119,120,76.1877215448793,4.77219775874354,0.785691866750524,20.61,0,0,595,0
119,120,76.1877215448793,4.77219775874354,0.785691866750524,21.19,0,0,528,0
119,120,76.1877215448793,4.77219775874354,0.785691866750524,23.76,0,0,366,0
120,120,102.579399636262,4.06845868927848,1.21966064399356,0,101,120000,0,1
120,120,102.579399636262,4.06845868927848,1.21966064399356,2.98,0,0,981,0
120,120,102.579399636262,4.06845868927848,1.21966064399356,3.42,0,0,1085,0
120,120,102.579399636262,4.06845868927848,1.21966064399356,7.15,0,0,856,0
120,120,102.579399636262,4.06845868927848,1.21966064399356,21.54,0,0,468,0
