ID,DOSE,V,CL,KA,TIME,EVID,AMT,DV,EVIDNM
1,10,93.3838323263384,4.38910687767419,0.687768593767127,0,101,10000,0,1
1,10,93.3838323263384,4.38910687767419,0.687768593767127,1.73,0,0,49,0
1,10,93.3838323263384,4.38910687767419,0.687768593767127,14.74,0,0,91,0
1,10,93.3838323263384,4.38910687767419,0.687768593767127,19.6,0,0,63,0
1,10,93.3838323263384,4.38910687767419,0.687768593767127,22.28,0,0,35,0
2,10,81.8841103650313,7.25281154840916,1.57533551809848,0,101,10000,0,1
2,10,81.8841103650313,7.25281154840916,1.57533551809848,13.21,0,0,33,0
2,10,81.8841103650313,7.25281154840916,1.57533551809848,13.62,0,0,29,0
2,10,81.8841103650313,7.25281154840916,1.57533551809848,23.16,0,0,16,0
2,10,81.8841103650313,7.25281154840916,1.57533551809848,23.5,0,0,17,0
3,10,57.1825151489106,4.49100146605714,0.59908441385366,0,101,10000,0,1
3,10,57.1825151489106,4.49100146605714,0.59908441385366,0.62,0,0,51,0
3,10,57.1825151489106,4.49100146605714,0.59908441385366,8.47,0,0,82,0
3,10,57.1825151489106,4.49100146605714,0.59908441385366,14.97,0,0,46,0
3,10,57.1825151489106,4.49100146605714,0.59908441385366,21.47,0,0,49,0
4,10,100.271570019999,3.7202923816135,0.942189503479676,0,101,10000,0,1
4,10,100.271570019999,3.7202923816135,0.942189503479676,5.98,0,0,94,0
4,10,100.271570019999,3.7202923816135,0.942189503479676,6.33,0,0,72,0
4,10,100.271570019999,3.7202923816135,0.942189503479676,17.4,0,0,62,0
4,10,100.271570019999,3.7202923816135,0.942189503479676,23.98,0,0,46,0
5,10,67.8183815015319,5.45872755765488,1.03522833945725,0,101,10000,0,1
5,10,67.8183815015319,5.45872755765488,1.03522833945725,5.87,0,0,83,0
5,10,67.8183815015319,5.45872755765488,1.03522833945725,11.11,0,0,58,0
5,10,67.8183815015319,5.45872755765488,1.03522833945725,11.52,0,0,67,0
5,10,67.8183815015319,5.45872755765488,1.03522833945725,16.53,0,0,50,0
6,10,88.4452951166805,4.30165983368657,1.40624669841963,0,101,10000,0,1
6,10,88.4452951166805,4.30165983368657,1.40624669841963,0.46,0,0,58,0
6,10,88.4452951166805,4.30165983368657,1.40624669841963,14.02,0,0,54,0
6,10,88.4452951166805,4.30165983368657,1.40624669841963,14.69,0,0,46,0
6,10,88.4452951166805,4.30165983368657,1.40624669841963,18.21,0,0,59,0
7,10,55.6792306341265,3.56983015356936,0.812660147751396,0,101,10000,0,1
7,10,55.6792306341265,3.56983015356936,0.812660147751396,5.63,0,0,162,0
7,10,55.6792306341265,3.56983015356936,0.812660147751396,7.12,0,0,118,0
7,10,55.6792306341265,3.56983015356936,0.812660147751396,21.67,0,0,45,0
7,10,55.6792306341265,3.56983015356936,0.812660147751396,22.59,0,0,60,0
8,10,74.0101364484809,8.34771776118644,0.813555521068524,0,101,10000,0,1
8,10,74.0101364484809,8.34771776118644,0.813555521068524,3.31,0,0,106,0
8,10,74.0101364484809,8.34771776118644,0.813555521068524,10.95,0,0,34,0
8,10,74.0101364484809,8.34771776118644,0.813555521068524,12.95,0,0,21,0
8,10,74.0101364484809,8.34771776118644,0.813555521068524,23.69,0,0,8,0
9,10,76.6649690077629,5.19181552958719,1.12250420814557,0,101,10000,0,1
9,10,76.6649690077629,5.19181552958719,1.12250420814557,3.92,0,0,151,0
9,10,76.6649690077629,5.19181552958719,1.12250420814557,5.03,0,0,145,0
9,10,76.6649690077629,5.19181552958719,1.12250420814557,6.28,0,0,124,0
9,10,76.6649690077629,5.19181552958719,1.12250420814557,10.33,0,0,87,0
10,10,45.6201294679985,3.31248747838158,1.05616074858938,0,101,10000,0,1
10,10,45.6201294679985,3.31248747838158,1.05616074858938,2.65,0,0,226,0
10,10,45.6201294679985,3.31248747838158,1.05616074858938,11.21,0,0,105,0
10,10,45.6201294679985,3.31248747838158,1.05616074858938,15.6,0,0,64,0
10,10,45.6201294679985,3.31248747838158,1.05616074858938,18.31,0,0,71,0
11,10,49.0001549034151,3.27993980256544,0.565522960785555,0,101,10000,0,1
11,10,49.0001549034151,3.27993980256544,0.565522960785555,2.01,0,0,140,0
11,10,49.0001549034151,3.27993980256544,0.565522960785555,5.75,0,0,150,0
11,10,49.0001549034151,3.27993980256544,0.565522960785555,7.62,0,0,96,0
11,10,49.0001549034151,3.27993980256544,0.565522960785555,15.92,0,0,96,0
12,10,49.7036912824311,4.70660899856234,1.05307214936092,0,101,10000,0,1
12,10,49.7036912824311,4.70660899856234,1.05307214936092,8.75,0,0,62,0
12,10,49.7036912824311,4.70660899856234,1.05307214936092,12.52,0,0,69,0
12,10,49.7036912824311,4.70660899856234,1.05307214936092,14.81,0,0,51,0
12,10,49.7036912824311,4.70660899856234,1.05307214936092,21.66,0,0,30,0
13,10,85.8076422786791,4.3381942308771,1.17161031531619,0,101,10000,0,1
13,10,85.8076422786791,4.3381942308771,1.17161031531619,17.33,0,0,48,0
13,10,85.8076422786791,4.3381942308771,1.17161031531619,17.59,0,0,51,0
13,10,85.8076422786791,4.3381942308771,1.17161031531619,19.35,0,0,40,0
13,10,85.8076422786791,4.3381942308771,1.17161031531619,21.66,0,0,27,0
14,10,103.906827999623,3.17985175549802,0.963502580047027,0,101,10000,0,1
14,10,103.906827999623,3.17985175549802,0.963502580047027,3.81,0,0,95,0
14,10,103.906827999623,3.17985175549802,0.963502580047027,4.29,0,0,99,0
14,10,103.906827999623,3.17985175549802,0.963502580047027,13.22,0,0,44,0
14,10,103.906827999623,3.17985175549802,0.963502580047027,22.95,0,0,56,0
15,10,73.747635690308,4.51088843163661,0.799241743653001,0,101,10000,0,1
15,10,73.747635690308,4.51088843163661,0.799241743653001,6.17,0,0,98,0
15,10,73.747635690308,4.51088843163661,0.799241743653001,13.98,0,0,52,0
15,10,73.747635690308,4.51088843163661,0.799241743653001,14.55,0,0,51,0
15,10,73.747635690308,4.51088843163661,0.799241743653001,17.77,0,0,47,0
16,10,68.1541340348848,3.93356896185673,1.28590365431532,0,101,10000,0,1
16,10,68.1541340348848,3.93356896185673,1.28590365431532,0.59,0,0,71,0
16,10,68.1541340348848,3.93356896185673,1.28590365431532,2.63,0,0,99,0
16,10,68.1541340348848,3.93356896185673,1.28590365431532,5.16,0,0,119,0
16,10,68.1541340348848,3.93356896185673,1.28590365431532,9.09,0,0,144,0
17,10,53.7580520015301,3.42457291927398,1.20478850902659,0,101,10000,0,1
17,10,53.7580520015301,3.42457291927398,1.20478850902659,9.48,0,0,117,0
17,10,53.7580520015301,3.42457291927398,1.20478850902659,15.25,0,0,65,0
17,10,53.7580520015301,3.42457291927398,1.20478850902659,19.64,0,0,66,0
17,10,53.7580520015301,3.42457291927398,1.20478850902659,22.99,0,0,27,0
18,10,128.897211201565,3.51347730338192,0.976871384657523,0,101,10000,0,1
18,10,128.897211201565,3.51347730338192,0.976871384657523,7.48,0,0,56,0
18,10,128.897211201565,3.51347730338192,0.976871384657523,11.08,0,0,38,0
18,10,128.897211201565,3.51347730338192,0.976871384657523,14.55,0,0,50,0
18,10,128.897211201565,3.51347730338192,0.976871384657523,20.44,0,0,42,0
19,10,70.4640297472835,3.96920465101219,0.555575632313543,0,101,10000,0,1
19,10,70.4640297472835,3.96920465101219,0.555575632313543,12.57,0,0,75,0
19,10,70.4640297472835,3.96920465101219,0.555575632313543,13.95,0,0,77,0
19,10,70.4640297472835,3.96920465101219,0.555575632313543,16.34,0,0,63,0
19,10,70.4640297472835,3.96920465101219,0.555575632313543,20.65,0,0,58,0
20,10,84.3555599668995,3.39316384696442,1.01269963723706,0,101,10000,0,1
20,10,84.3555599668995,3.39316384696442,1.01269963723706,0.81,0,0,49,0
20,10,84.3555599668995,3.39316384696442,1.01269963723706,0.87,0,0,54,0
20,10,84.3555599668995,3.39316384696442,1.01269963723706,1.89,0,0,127,0
20,10,84.3555599668995,3.39316384696442,1.01269963723706,17.43,0,0,49,0
21,10,86.3976876513574,2.91219049941065,1.66243452662285,0,101,10000,0,1
21,10,86.3976876513574,2.91219049941065,1.66243452662285,2.49,0,0,99,0
21,10,86.3976876513574,2.91219049941065,1.66243452662285,14.09,0,0,101,0
21,10,86.3976876513574,2.91219049941065,1.66243452662285,17.9,0,0,58,0
21,10,86.3976876513574,2.91219049941065,1.66243452662285,19.68,0,0,52,0
22,10,82.0145009718594,3.81234443139017,1.42068487236479,0,101,10000,0,1
22,10,82.0145009718594,3.81234443139017,1.42068487236479,3.03,0,0,125,0
22,10,82.0145009718594,3.81234443139017,1.42068487236479,12.22,0,0,77,0
22,10,82.0145009718594,3.81234443139017,1.42068487236479,12.72,0,0,89,0
22,10,82.0145009718594,3.81234443139017,1.42068487236479,20,0,0,72,0
23,10,58.5112931781142,2.95424818756738,0.757014811564033,0,101,10000,0,1
23,10,58.5112931781142,2.95424818756738,0.757014811564033,4.17,0,0,91,0
23,10,58.5112931781142,2.95424818756738,0.757014811564033,4.99,0,0,175,0
23,10,58.5112931781142,2.95424818756738,0.757014811564033,14.11,0,0,79,0
23,10,58.5112931781142,2.95424818756738,0.757014811564033,18.57,0,0,63,0
24,10,53.1067222298559,3.27860608792611,1.49567552759723,0,101,10000,0,1
24,10,53.1067222298559,3.27860608792611,1.49567552759723,1.06,0,0,205,0
24,10,53.1067222298559,3.27860608792611,1.49567552759723,1.09,0,0,124,0
24,10,53.1067222298559,3.27860608792611,1.49567552759723,6.49,0,0,97,0
24,10,53.1067222298559,3.27860608792611,1.49567552759723,15.02,0,0,70,0
25,10,72.0388755302129,4.65702102639381,1.37420522987016,0,101,10000,0,1
25,10,72.0388755302129,4.65702102639381,1.37420522987016,0.28,0,0,56,0
25,10,72.0388755302129,4.65702102639381,1.37420522987016,5.26,0,0,97,0
25,10,72.0388755302129,4.65702102639381,1.37420522987016,8.06,0,0,100,0
25,10,72.0388755302129,4.65702102639381,1.37420522987016,15.6,0,0,49,0
26,10,57.5954580202267,5.60312625169582,1.03404797811475,0,101,10000,0,1
26,10,57.5954580202267,5.60312625169582,1.03404797811475,8.73,0,0,108,0
26,10,57.5954580202267,5.60312625169582,1.03404797811475,10.52,0,0,63,0
26,10,57.5954580202267,5.60312625169582,1.03404797811475,11.66,0,0,65,0
26,10,57.5954580202267,5.60312625169582,1.03404797811475,14.92,0,0,38,0
27,10,80.2926520901002,3.19545186124199,0.87210188261872,0,101,10000,0,1
27,10,80.2926520901002,3.19545186124199,0.87210188261872,3.01,0,0,102,0
27,10,80.2926520901002,3.19545186124199,0.87210188261872,11.71,0,0,73,0
27,10,80.2926520901002,3.19545186124199,0.87210188261872,15.38,0,0,61,0
27,10,80.2926520901002,3.19545186124199,0.87210188261872,23.56,0,0,53,0
28,10,58.3214203707742,2.84499053668735,1.23511978876763,0,101,10000,0,1
28,10,58.3214203707742,2.84499053668735,1.23511978876763,15.45,0,0,92,0
28,10,58.3214203707742,2.84499053668735,1.23511978876763,17.78,0,0,80,0
28,10,58.3214203707742,2.84499053668735,1.23511978876763,19.08,0,0,72,0
28,10,58.3214203707742,2.84499053668735,1.23511978876763,20.72,0,0,49,0
29,10,91.1155265120279,3.454017377807,1.14117159618267,0,101,10000,0,1
29,10,91.1155265120279,3.454017377807,1.14117159618267,6.31,0,0,61,0
29,10,91.1155265120279,3.454017377807,1.14117159618267,7.32,0,0,88,0
29,10,91.1155265120279,3.454017377807,1.14117159618267,11.41,0,0,42,0
29,10,91.1155265120279,3.454017377807,1.14117159618267,19.28,0,0,43,0
30,10,62.7056214813519,3.63462462871426,1.21367392492719,0,101,10000,0,1
30,10,62.7056214813519,3.63462462871426,1.21367392492719,0.65,0,0,75,0
30,10,62.7056214813519,3.63462462871426,1.21367392492719,7.46,0,0,123,0
30,10,62.7056214813519,3.63462462871426,1.21367392492719,14.2,0,0,56,0
30,10,62.7056214813519,3.63462462871426,1.21367392492719,23.75,0,0,46,0
31,30,87.2160082164284,5.91771659666664,0.492615712846256,0,101,30000,0,1
31,30,87.2160082164284,5.91771659666664,0.492615712846256,7.17,0,0,197,0
31,30,87.2160082164284,5.91771659666664,0.492615712846256,10.65,0,0,140,0
31,30,87.2160082164284,5.91771659666664,0.492615712846256,11.22,0,0,200,0
31,30,87.2160082164284,5.91771659666664,0.492615712846256,15.2,0,0,126,0
32,30,68.544056435907,3.52076344064045,0.731449150470517,0,101,30000,0,1
32,30,68.544056435907,3.52076344064045,0.731449150470517,6.75,0,0,344,0
32,30,68.544056435907,3.52076344064045,0.731449150470517,9.28,0,0,357,0
32,30,68.544056435907,3.52076344064045,0.731449150470517,12.67,0,0,318,0
32,30,68.544056435907,3.52076344064045,0.731449150470517,23.39,0,0,134,0
33,30,79.0701161014509,2.77445167775137,0.872042823478669,0,101,30000,0,1
33,30,79.0701161014509,2.77445167775137,0.872042823478669,4.03,0,0,284,0
33,30,79.0701161014509,2.77445167775137,0.872042823478669,8.05,0,0,343,0
33,30,79.0701161014509,2.77445167775137,0.872042823478669,10.96,0,0,319,0
33,30,79.0701161014509,2.77445167775137,0.872042823478669,16.38,0,0,192,0
34,30,52.9497219828785,3.32318213830918,1.41061065155397,0,101,30000,0,1
34,30,52.9497219828785,3.32318213830918,1.41061065155397,0.5,0,0,280,0
34,30,52.9497219828785,3.32318213830918,1.41061065155397,4.62,0,0,488,0
34,30,52.9497219828785,3.32318213830918,1.41061065155397,6.01,0,0,493,0
34,30,52.9497219828785,3.32318213830918,1.41061065155397,6.35,0,0,365,0
35,30,68.4264144704631,3.3119427082125,0.81519596071996,0,101,30000,0,1
35,30,68.4264144704631,3.3119427082125,0.81519596071996,15.27,0,0,224,0
35,30,68.4264144704631,3.3119427082125,0.81519596071996,15.91,0,0,230,0
35,30,68.4264144704631,3.3119427082125,0.81519596071996,20.07,0,0,262,0
35,30,68.4264144704631,3.3119427082125,0.81519596071996,23.53,0,0,136,0
36,30,79.724457852212,6.04280067368157,1.96103908438768,0,101,30000,0,1
36,30,79.724457852212,6.04280067368157,1.96103908438768,9.75,0,0,205,0
36,30,79.724457852212,6.04280067368157,1.96103908438768,11.94,0,0,156,0
36,30,79.724457852212,6.04280067368157,1.96103908438768,12.23,0,0,148,0
36,30,79.724457852212,6.04280067368157,1.96103908438768,15.05,0,0,159,0
37,30,60.1880169836287,4.4266649389382,0.992539342560624,0,101,30000,0,1
37,30,60.1880169836287,4.4266649389382,0.992539342560624,5.91,0,0,333,0
37,30,60.1880169836287,4.4266649389382,0.992539342560624,10.75,0,0,246,0
37,30,60.1880169836287,4.4266649389382,0.992539342560624,16.18,0,0,171,0
37,30,60.1880169836287,4.4266649389382,0.992539342560624,18.87,0,0,167,0
38,30,67.9864584275319,2.93605832779105,1.49115951885775,0,101,30000,0,1
38,30,67.9864584275319,2.93605832779105,1.49115951885775,0.14,0,0,71,0
38,30,67.9864584275319,2.93605832779105,1.49115951885775,16.48,0,0,232,0
38,30,67.9864584275319,2.93605832779105,1.49115951885775,19.65,0,0,145,0
38,30,67.9864584275319,2.93605832779105,1.49115951885775,21.84,0,0,188,0
39,30,80.8375400866271,5.00230972969861,0.865848474627225,0,101,30000,0,1
39,30,80.8375400866271,5.00230972969861,0.865848474627225,3.29,0,0,372,0
39,30,80.8375400866271,5.00230972969861,0.865848474627225,6.02,0,0,305,0
39,30,80.8375400866271,5.00230972969861,0.865848474627225,12.84,0,0,132,0
39,30,80.8375400866271,5.00230972969861,0.865848474627225,19.53,0,0,135,0
40,30,80.3691103460265,5.04352507593035,0.416382269950291,0,101,30000,0,1
40,30,80.3691103460265,5.04352507593035,0.416382269950291,4.99,0,0,333,0
40,30,80.3691103460265,5.04352507593035,0.416382269950291,12.98,0,0,192,0
40,30,80.3691103460265,5.04352507593035,0.416382269950291,13.19,0,0,191,0
40,30,80.3691103460265,5.04352507593035,0.416382269950291,22.59,0,0,103,0
41,30,100.409425404381,2.52185880657886,0.67871210564365,0,101,30000,0,1
41,30,100.409425404381,2.52185880657886,0.67871210564365,0.18,0,0,38,0
41,30,100.409425404381,2.52185880657886,0.67871210564365,3.1,0,0,234,0
41,30,100.409425404381,2.52185880657886,0.67871210564365,6.7,0,0,297,0
41,30,100.409425404381,2.52185880657886,0.67871210564365,13.78,0,0,177,0
42,30,75.4788663635645,5.52945498665027,1.2774014746241,0,101,30000,0,1
42,30,75.4788663635645,5.52945498665027,1.2774014746241,4.28,0,0,337,0
42,30,75.4788663635645,5.52945498665027,1.2774014746241,4.91,0,0,296,0
42,30,75.4788663635645,5.52945498665027,1.2774014746241,8.14,0,0,284,0
42,30,75.4788663635645,5.52945498665027,1.2774014746241,20.44,0,0,77,0
43,30,45.1264377538156,3.48946618385368,1.54316356745588,0,101,30000,0,1
43,30,45.1264377538156,3.48946618385368,1.54316356745588,3.88,0,0,645,0
43,30,45.1264377538156,3.48946618385368,1.54316356745588,9.57,0,0,389,0
43,30,45.1264377538156,3.48946618385368,1.54316356745588,11.72,0,0,321,0
43,30,45.1264377538156,3.48946618385368,1.54316356745588,16.22,0,0,193,0
44,30,53.6644984070699,4.99647362236263,0.859139638305419,0,101,30000,0,1
44,30,53.6644984070699,4.99647362236263,0.859139638305419,2.23,0,0,527,0
44,30,53.6644984070699,4.99647362236263,0.859139638305419,3.73,0,0,389,0
44,30,53.6644984070699,4.99647362236263,0.859139638305419,9.97,0,0,245,0
44,30,53.6644984070699,4.99647362236263,0.859139638305419,15.91,0,0,138,0
45,30,78.1859248263373,3.13694793681772,1.40483591593562,0,101,30000,0,1
45,30,78.1859248263373,3.13694793681772,1.40483591593562,11.86,0,0,225,0
45,30,78.1859248263373,3.13694793681772,1.40483591593562,16.16,0,0,169,0
45,30,78.1859248263373,3.13694793681772,1.40483591593562,19.45,0,0,130,0
45,30,78.1859248263373,3.13694793681772,1.40483591593562,22.31,0,0,167,0
46,30,74.0029913406259,2.75977330367399,1.21935014195783,0,101,30000,0,1
46,30,74.0029913406259,2.75977330367399,1.21935014195783,0.95,0,0,276,0
46,30,74.0029913406259,2.75977330367399,1.21935014195783,9.99,0,0,222,0
46,30,74.0029913406259,2.75977330367399,1.21935014195783,12.66,0,0,233,0
46,30,74.0029913406259,2.75977330367399,1.21935014195783,18.58,0,0,187,0
47,30,35.544751919309,4.93401443937612,0.807177063588247,0,101,30000,0,1
47,30,35.544751919309,4.93401443937612,0.807177063588247,1.59,0,0,582,0
47,30,35.544751919309,4.93401443937612,0.807177063588247,5.53,0,0,375,0
47,30,35.544751919309,4.93401443937612,0.807177063588247,8.09,0,0,419,0
47,30,35.544751919309,4.93401443937612,0.807177063588247,16.98,0,0,51,0
48,30,78.9675305369315,3.12471108274973,1.28907838610684,0,101,30000,0,1
48,30,78.9675305369315,3.12471108274973,1.28907838610684,9.65,0,0,256,0
48,30,78.9675305369315,3.12471108274973,1.28907838610684,9.8,0,0,227,0
48,30,78.9675305369315,3.12471108274973,1.28907838610684,14.88,0,0,232,0
48,30,78.9675305369315,3.12471108274973,1.28907838610684,22.84,0,0,176,0
49,30,65.3929697297738,5.85943387359043,1.28923946241471,0,101,30000,0,1
49,30,65.3929697297738,5.85943387359043,1.28923946241471,1.72,0,0,387,0
49,30,65.3929697297738,5.85943387359043,1.28923946241471,13.62,0,0,183,0
49,30,65.3929697297738,5.85943387359043,1.28923946241471,18.58,0,0,106,0
49,30,65.3929697297738,5.85943387359043,1.28923946241471,21.48,0,0,61,0
50,30,56.8573154229235,3.26912737231905,1.44587520696184,0,101,30000,0,1
50,30,56.8573154229235,3.26912737231905,1.44587520696184,9.64,0,0,323,0
50,30,56.8573154229235,3.26912737231905,1.44587520696184,10.21,0,0,276,0
50,30,56.8573154229235,3.26912737231905,1.44587520696184,13.56,0,0,272,0
50,30,56.8573154229235,3.26912737231905,1.44587520696184,16.77,0,0,213,0
51,30,65.041548061862,4.09530298463393,0.822693159566834,0,101,30000,0,1
51,30,65.041548061862,4.09530298463393,0.822693159566834,11.04,0,0,297,0
51,30,65.041548061862,4.09530298463393,0.822693159566834,20.83,0,0,99,0
51,30,65.041548061862,4.09530298463393,0.822693159566834,23.53,0,0,146,0
51,30,65.041548061862,4.09530298463393,0.822693159566834,23.61,0,0,125,0
52,30,68.7738695489876,3.03683979211955,0.735731847371628,0,101,30000,0,1
52,30,68.7738695489876,3.03683979211955,0.735731847371628,3.29,0,0,371,0
52,30,68.7738695489876,3.03683979211955,0.735731847371628,7.39,0,0,249,0
52,30,68.7738695489876,3.03683979211955,0.735731847371628,12.57,0,0,302,0
52,30,68.7738695489876,3.03683979211955,0.735731847371628,22.75,0,0,219,0
53,30,124.765796064336,3.51779264910424,1.1270110833584,0,101,30000,0,1
53,30,124.765796064336,3.51779264910424,1.1270110833584,0.32,0,0,86,0
53,30,124.765796064336,3.51779264910424,1.1270110833584,2.23,0,0,214,0
53,30,124.765796064336,3.51779264910424,1.1270110833584,15.42,0,0,208,0
53,30,124.765796064336,3.51779264910424,1.1270110833584,16.79,0,0,111,0
54,30,80.9779821292154,4.53131408725858,0.849712688720481,0,101,30000,0,1
54,30,80.9779821292154,4.53131408725858,0.849712688720481,2.43,0,0,316,0
54,30,80.9779821292154,4.53131408725858,0.849712688720481,14.12,0,0,178,0
54,30,80.9779821292154,4.53131408725858,0.849712688720481,17.76,0,0,210,0
54,30,80.9779821292154,4.53131408725858,0.849712688720481,20.98,0,0,90,0
55,30,77.8697557234087,2.65987094508745,0.612188297652175,0,101,30000,0,1
55,30,77.8697557234087,2.65987094508745,0.612188297652175,10.19,0,0,301,0
55,30,77.8697557234087,2.65987094508745,0.612188297652175,11.9,0,0,235,0
55,30,77.8697557234087,2.65987094508745,0.612188297652175,16.86,0,0,206,0
55,30,77.8697557234087,2.65987094508745,0.612188297652175,19.67,0,0,345,0
56,30,55.3017490337455,4.84791189603151,1.48980410158382,0,101,30000,0,1
56,30,55.3017490337455,4.84791189603151,1.48980410158382,0.5,0,0,347,0
56,30,55.3017490337455,4.84791189603151,1.48980410158382,4.34,0,0,388,0
56,30,55.3017490337455,4.84791189603151,1.48980410158382,11.58,0,0,143,0
56,30,55.3017490337455,4.84791189603151,1.48980410158382,12.48,0,0,283,0
57,30,69.6062739568422,3.67843890761713,0.996887500371627,0,101,30000,0,1
57,30,69.6062739568422,3.67843890761713,0.996887500371627,18.58,0,0,205,0
57,30,69.6062739568422,3.67843890761713,0.996887500371627,20.43,0,0,122,0
57,30,69.6062739568422,3.67843890761713,0.996887500371627,23.55,0,0,120,0
57,30,69.6062739568422,3.67843890761713,0.996887500371627,23.84,0,0,141,0
58,30,83.8370828684449,2.91421886888659,1.10903522762293,0,101,30000,0,1
58,30,83.8370828684449,2.91421886888659,1.10903522762293,1.75,0,0,296,0
58,30,83.8370828684449,2.91421886888659,1.10903522762293,7.8,0,0,214,0
58,30,83.8370828684449,2.91421886888659,1.10903522762293,21.51,0,0,202,0
58,30,83.8370828684449,2.91421886888659,1.10903522762293,21.61,0,0,175,0
59,30,102.422900991802,3.98135460606823,0.834702900975713,0,101,30000,0,1
59,30,102.422900991802,3.98135460606823,0.834702900975713,2.27,0,0,236,0
59,30,102.422900991802,3.98135460606823,0.834702900975713,3.78,0,0,297,0
59,30,102.422900991802,3.98135460606823,0.834702900975713,8.14,0,0,351,0
59,30,102.422900991802,3.98135460606823,0.834702900975713,16.72,0,0,178,0
60,30,81.7263336199967,4.4942558359677,1.03530006945821,0,101,30000,0,1
60,30,81.7263336199967,4.4942558359677,1.03530006945821,6.56,0,0,323,0
60,30,81.7263336199967,4.4942558359677,1.03530006945821,8.53,0,0,239,0
60,30,81.7263336199967,4.4942558359677,1.03530006945821,13.01,0,0,207,0
60,30,81.7263336199967,4.4942558359677,1.03530006945821,19.02,0,0,190,0
61,60,83.473521619673,4.18273883227779,0.552141597393026,0,101,60000,0,1
61,60,83.473521619673,4.18273883227779,0.552141597393026,18.53,0,0,408,0
61,60,83.473521619673,4.18273883227779,0.552141597393026,23.31,0,0,292,0
61,60,83.473521619673,4.18273883227779,0.552141597393026,23.82,0,0,229,0
61,60,83.473521619673,4.18273883227779,0.552141597393026,23.96,0,0,229,0
62,60,54.770700452673,4.65623918513757,1.14683272055638,0,101,60000,0,1
62,60,54.770700452673,4.65623918513757,1.14683272055638,3.16,0,0,932,0
62,60,54.770700452673,4.65623918513757,1.14683272055638,12.96,0,0,463,0
62,60,54.770700452673,4.65623918513757,1.14683272055638,13.65,0,0,579,0
62,60,54.770700452673,4.65623918513757,1.14683272055638,23.99,0,0,119,0
63,60,123.457740201037,4.51622245541366,0.955184505316804,0,101,60000,0,1
63,60,123.457740201037,4.51622245541366,0.955184505316804,2.39,0,0,322,0
63,60,123.457740201037,4.51622245541366,0.955184505316804,12.44,0,0,343,0
63,60,123.457740201037,4.51622245541366,0.955184505316804,16.41,0,0,339,0
63,60,123.457740201037,4.51622245541366,0.955184505316804,18,0,0,210,0
64,60,100.959140186559,3.52591290556401,0.502926178983226,0,101,60000,0,1
64,60,100.959140186559,3.52591290556401,0.502926178983226,14.4,0,0,319,0
64,60,100.959140186559,3.52591290556401,0.502926178983226,17.36,0,0,342,0
64,60,100.959140186559,3.52591290556401,0.502926178983226,21.05,0,0,300,0
64,60,100.959140186559,3.52591290556401,0.502926178983226,23.2,0,0,261,0
65,60,64.427499768872,2.79621054683852,1.52238246346357,0,101,60000,0,1
65,60,64.427499768872,2.79621054683852,1.52238246346357,5.44,0,0,692,0
65,60,64.427499768872,2.79621054683852,1.52238246346357,11.03,0,0,445,0
65,60,64.427499768872,2.79621054683852,1.52238246346357,12.56,0,0,490,0
65,60,64.427499768872,2.79621054683852,1.52238246346357,14.65,0,0,491,0
66,60,165.978339936593,2.88724666726213,0.677793870982241,0,101,60000,0,1
66,60,165.978339936593,2.88724666726213,0.677793870982241,5.65,0,0,219,0
66,60,165.978339936593,2.88724666726213,0.677793870982241,12.83,0,0,291,0
66,60,165.978339936593,2.88724666726213,0.677793870982241,15.27,0,0,320,0
66,60,165.978339936593,2.88724666726213,0.677793870982241,19.36,0,0,358,0
67,60,83.1274678092837,2.74692069699694,0.558895680190842,0,101,60000,0,1
67,60,83.1274678092837,2.74692069699694,0.558895680190842,5.09,0,0,305,0
67,60,83.1274678092837,2.74692069699694,0.558895680190842,6.02,0,0,922,0
67,60,83.1274678092837,2.74692069699694,0.558895680190842,11.89,0,0,509,0
67,60,83.1274678092837,2.74692069699694,0.558895680190842,21.07,0,0,339,0
68,60,103.513548241214,5.33135673503393,0.816158950741648,0,101,60000,0,1
68,60,103.513548241214,5.33135673503393,0.816158950741648,4.66,0,0,630,0
68,60,103.513548241214,5.33135673503393,0.816158950741648,5.76,0,0,418,0
68,60,103.513548241214,5.33135673503393,0.816158950741648,9.17,0,0,320,0
68,60,103.513548241214,5.33135673503393,0.816158950741648,20.81,0,0,173,0
69,60,71.6917895795778,4.47209547654742,0.548184282959808,0,101,60000,0,1
69,60,71.6917895795778,4.47209547654742,0.548184282959808,8.97,0,0,730,0
69,60,71.6917895795778,4.47209547654742,0.548184282959808,9.18,0,0,663,0
69,60,71.6917895795778,4.47209547654742,0.548184282959808,19.7,0,0,302,0
69,60,71.6917895795778,4.47209547654742,0.548184282959808,22.91,0,0,149,0
70,60,158.200793098516,2.70117915309818,0.756028723685516,0,101,60000,0,1
70,60,158.200793098516,2.70117915309818,0.756028723685516,3.84,0,0,376,0
70,60,158.200793098516,2.70117915309818,0.756028723685516,17.43,0,0,286,0
70,60,158.200793098516,2.70117915309818,0.756028723685516,19.13,0,0,347,0
70,60,158.200793098516,2.70117915309818,0.756028723685516,22.4,0,0,335,0
71,60,53.7604096771263,5.68166878039748,1.56923931692568,0,101,60000,0,1
71,60,53.7604096771263,5.68166878039748,1.56923931692568,2.44,0,0,1104,0
71,60,53.7604096771263,5.68166878039748,1.56923931692568,16.04,0,0,226,0
71,60,53.7604096771263,5.68166878039748,1.56923931692568,16.22,0,0,361,0
71,60,53.7604096771263,5.68166878039748,1.56923931692568,18.57,0,0,191,0
72,60,66.8458402817382,4.00115294487644,1.68036935339135,0,101,60000,0,1
72,60,66.8458402817382,4.00115294487644,1.68036935339135,6.51,0,0,559,0
72,60,66.8458402817382,4.00115294487644,1.68036935339135,11.08,0,0,574,0
72,60,66.8458402817382,4.00115294487644,1.68036935339135,12.49,0,0,466,0
72,60,66.8458402817382,4.00115294487644,1.68036935339135,20.52,0,0,255,0
73,60,55.9931532086289,5.03692496856171,0.872896366695334,0,101,60000,0,1
73,60,55.9931532086289,5.03692496856171,0.872896366695334,1.81,0,0,745,0
73,60,55.9931532086289,5.03692496856171,0.872896366695334,5.47,0,0,616,0
73,60,55.9931532086289,5.03692496856171,0.872896366695334,17.41,0,0,238,0
73,60,55.9931532086289,5.03692496856171,0.872896366695334,23.18,0,0,158,0
74,60,61.3785440008479,5.63048017096605,1.07478044031073,0,101,60000,0,1
74,60,61.3785440008479,5.63048017096605,1.07478044031073,5.58,0,0,588,0
74,60,61.3785440008479,5.63048017096605,1.07478044031073,11.44,0,0,378,0
74,60,61.3785440008479,5.63048017096605,1.07478044031073,18.23,0,0,143,0
74,60,61.3785440008479,5.63048017096605,1.07478044031073,21.29,0,0,191,0
75,60,95.523395156644,4.14896489957958,0.899653276676915,0,101,60000,0,1
75,60,95.523395156644,4.14896489957958,0.899653276676915,14.56,0,0,385,0
75,60,95.523395156644,4.14896489957958,0.899653276676915,16.48,0,0,387,0
75,60,95.523395156644,4.14896489957958,0.899653276676915,16.97,0,0,274,0
75,60,95.523395156644,4.14896489957958,0.899653276676915,18.81,0,0,219,0
76,60,80.1070574389957,3.10337335710263,0.913650325961396,0,101,60000,0,1
76,60,80.1070574389957,3.10337335710263,0.913650325961396,1.36,0,0,566,0
76,60,80.1070574389957,3.10337335710263,0.913650325961396,1.43,0,0,462,0
76,60,80.1070574389957,3.10337335710263,0.913650325961396,9,0,0,872,0
76,60,80.1070574389957,3.10337335710263,0.913650325961396,21.62,0,0,335,0
77,60,73.0484166883019,5.69075274379982,1.21344196239855,0,101,60000,0,1
77,60,73.0484166883019,5.69075274379982,1.21344196239855,3.6,0,0,678,0
77,60,73.0484166883019,5.69075274379982,1.21344196239855,12.48,0,0,291,0
77,60,73.0484166883019,5.69075274379982,1.21344196239855,13.55,0,0,239,0
77,60,73.0484166883019,5.69075274379982,1.21344196239855,16.81,0,0,177,0
78,60,75.7512568818019,3.14754785422576,0.86944037096904,0,101,60000,0,1
78,60,75.7512568818019,3.14754785422576,0.86944037096904,6.79,0,0,747,0
78,60,75.7512568818019,3.14754785422576,0.86944037096904,12.7,0,0,548,0
78,60,75.7512568818019,3.14754785422576,0.86944037096904,14.2,0,0,504,0
78,60,75.7512568818019,3.14754785422576,0.86944037096904,15.65,0,0,415,0
79,60,77.8826140011609,4.02744966020669,0.931311601712259,0,101,60000,0,1
79,60,77.8826140011609,4.02744966020669,0.931311601712259,0.53,0,0,232,0
79,60,77.8826140011609,4.02744966020669,0.931311601712259,1.75,0,0,665,0
79,60,77.8826140011609,4.02744966020669,0.931311601712259,7.96,0,0,653,0
79,60,77.8826140011609,4.02744966020669,0.931311601712259,12.7,0,0,449,0
80,60,78.1078882339405,4.00912421987317,0.752023605313123,0,101,60000,0,1
80,60,78.1078882339405,4.00912421987317,0.752023605313123,11.82,0,0,476,0
80,60,78.1078882339405,4.00912421987317,0.752023605313123,13.87,0,0,421,0
80,60,78.1078882339405,4.00912421987317,0.752023605313123,16.17,0,0,327,0
80,60,78.1078882339405,4.00912421987317,0.752023605313123,17.46,0,0,300,0
81,60,71.5682435276453,4.38750874625167,1.09054213539243,0,101,60000,0,1
81,60,71.5682435276453,4.38750874625167,1.09054213539243,5.29,0,0,838,0
81,60,71.5682435276453,4.38750874625167,1.09054213539243,11.86,0,0,500,0
81,60,71.5682435276453,4.38750874625167,1.09054213539243,12.06,0,0,481,0
81,60,71.5682435276453,4.38750874625167,1.09054213539243,12.81,0,0,284,0
82,60,60.6344628653096,4.05920947591721,0.887727407143751,0,101,60000,0,1
82,60,60.6344628653096,4.05920947591721,0.887727407143751,6.88,0,0,654,0
82,60,60.6344628653096,4.05920947591721,0.887727407143751,8.72,0,0,722,0
82,60,60.6344628653096,4.05920947591721,0.887727407143751,13.97,0,0,419,0
82,60,60.6344628653096,4.05920947591721,0.887727407143751,23.55,0,0,137,0
83,60,61.694267613915,4.4910897630975,1.33431712774265,0,101,60000,0,1
83,60,61.694267613915,4.4910897630975,1.33431712774265,2.34,0,0,704,0
83,60,61.694267613915,4.4910897630975,1.33431712774265,2.96,0,0,614,0
83,60,61.694267613915,4.4910897630975,1.33431712774265,10.39,0,0,506,0
83,60,61.694267613915,4.4910897630975,1.33431712774265,18.23,0,0,216,0
84,60,118.420343328373,3.25097008871145,0.889862133845832,0,101,60000,0,1
84,60,118.420343328373,3.25097008871145,0.889862133845832,9.95,0,0,422,0
84,60,118.420343328373,3.25097008871145,0.889862133845832,16.05,0,0,255,0
84,60,118.420343328373,3.25097008871145,0.889862133845832,16.83,0,0,383,0
84,60,118.420343328373,3.25097008871145,0.889862133845832,21.47,0,0,191,0
85,60,83.2861101686313,3.48812128992706,0.953812127688336,0,101,60000,0,1
85,60,83.2861101686313,3.48812128992706,0.953812127688336,11.94,0,0,359,0
85,60,83.2861101686313,3.48812128992706,0.953812127688336,16.09,0,0,563,0
85,60,83.2861101686313,3.48812128992706,0.953812127688336,17.15,0,0,554,0
85,60,83.2861101686313,3.48812128992706,0.953812127688336,18.54,0,0,505,0
86,60,59.9805898587519,4.57305387443332,0.97183264444602,0,101,60000,0,1
86,60,59.9805898587519,4.57305387443332,0.97183264444602,7.17,0,0,775,0
86,60,59.9805898587519,4.57305387443332,0.97183264444602,9.94,0,0,522,0
86,60,59.9805898587519,4.57305387443332,0.97183264444602,22.23,0,0,205,0
86,60,59.9805898587519,4.57305387443332,0.97183264444602,22.87,0,0,185,0
87,60,57.49303147903,5.71155849144996,1.0348123971605,0,101,60000,0,1
87,60,57.49303147903,5.71155849144996,1.0348123971605,3.27,0,0,569,0
87,60,57.49303147903,5.71155849144996,1.0348123971605,3.96,0,0,949,0
87,60,57.49303147903,5.71155849144996,1.0348123971605,13.38,0,0,271,0
87,60,57.49303147903,5.71155849144996,1.0348123971605,15.61,0,0,208,0
88,60,73.7061601241302,4.24842123749909,0.840521604220845,0,101,60000,0,1
88,60,73.7061601241302,4.24842123749909,0.840521604220845,3.65,0,0,855,0
88,60,73.7061601241302,4.24842123749909,0.840521604220845,10.67,0,0,492,0
88,60,73.7061601241302,4.24842123749909,0.840521604220845,16.02,0,0,370,0
88,60,73.7061601241302,4.24842123749909,0.840521604220845,17.61,0,0,329,0
89,60,69.6682115765554,2.6902819685962,1.76413869772599,0,101,60000,0,1
89,60,69.6682115765554,2.6902819685962,1.76413869772599,4.46,0,0,605,0
89,60,69.6682115765554,2.6902819685962,1.76413869772599,6.76,0,0,648,0
89,60,69.6682115765554,2.6902819685962,1.76413869772599,9.92,0,0,580,0
89,60,69.6682115765554,2.6902819685962,1.76413869772599,23.3,0,0,291,0
90,60,31.9588332185313,3.69375005373355,0.753057245156082,0,101,60000,0,1
90,60,31.9588332185313,3.69375005373355,0.753057245156082,3.05,0,0,1181,0
90,60,31.9588332185313,3.69375005373355,0.753057245156082,4.97,0,0,1211,0
90,60,31.9588332185313,3.69375005373355,0.753057245156082,11.9,0,0,552,0
90,60,31.9588332185313,3.69375005373355,0.753057245156082,21.41,0,0,171,0
91,120,56.2902557965035,4.31738584812449,0.939843086948472,0,101,120000,0,1
91,120,56.2902557965035,4.31738584812449,0.939843086948472,6.57,0,0,1129,0
91,120,56.2902557965035,4.31738584812449,0.939843086948472,7.13,0,0,1747,0
91,120,56.2902557965035,4.31738584812449,0.939843086948472,12.9,0,0,981,0
91,120,56.2902557965035,4.31738584812449,0.939843086948472,23.91,0,0,428,0
92,120,71.5464364920633,3.78006388214299,2.024145753667,0,101,120000,0,1
92,120,71.5464364920633,3.78006388214299,2.024145753667,13.52,0,0,1249,0
92,120,71.5464364920633,3.78006388214299,2.024145753667,16.17,0,0,791,0
92,120,71.5464364920633,3.78006388214299,2.024145753667,16.21,0,0,826,0
92,120,71.5464364920633,3.78006388214299,2.024145753667,23.3,0,0,640,0
93,120,44.6049999017103,5.85983256429254,0.857056388608434,0,101,120000,0,1
93,120,44.6049999017103,5.85983256429254,0.857056388608434,14.35,0,0,592,0
93,120,44.6049999017103,5.85983256429254,0.857056388608434,15.18,0,0,388,0
93,120,44.6049999017103,5.85983256429254,0.857056388608434,18.42,0,0,350,0
93,120,44.6049999017103,5.85983256429254,0.857056388608434,21.76,0,0,272,0
94,120,54.9243992791397,5.17072316685377,1.10031256975039,0,101,120000,0,1
94,120,54.9243992791397,5.17072316685377,1.10031256975039,5.85,0,0,1316,0
94,120,54.9243992791397,5.17072316685377,1.10031256975039,9.68,0,0,715,0
94,120,54.9243992791397,5.17072316685377,1.10031256975039,11.11,0,0,870,0
94,120,54.9243992791397,5.17072316685377,1.10031256975039,18.2,0,0,554,0
95,120,88.9314989782321,4.32016578187085,1.39156726222416,0,101,120000,0,1
95,120,88.9314989782321,4.32016578187085,1.39156726222416,3.98,0,0,1175,0
95,120,88.9314989782321,4.32016578187085,1.39156726222416,14.93,0,0,678,0
95,120,88.9314989782321,4.32016578187085,1.39156726222416,17.21,0,0,707,0
95,120,88.9314989782321,4.32016578187085,1.39156726222416,18.18,0,0,685,0
96,120,74.1070167325676,4.45476497706353,1.30022539923766,0,101,120000,0,1
96,120,74.1070167325676,4.45476497706353,1.30022539923766,7.37,0,0,978,0
96,120,74.1070167325676,4.45476497706353,1.30022539923766,9.63,0,0,997,0
96,120,74.1070167325676,4.45476497706353,1.30022539923766,11.92,0,0,736,0
96,120,74.1070167325676,4.45476497706353,1.30022539923766,20.25,0,0,466,0
97,120,76.8265372611317,7.55468774277976,1.96538150905871,0,101,120000,0,1
97,120,76.8265372611317,7.55468774277976,1.96538150905871,3.64,0,0,1150,0
97,120,76.8265372611317,7.55468774277976,1.96538150905871,4.97,0,0,1423,0
97,120,76.8265372611317,7.55468774277976,1.96538150905871,8.38,0,0,653,0
97,120,76.8265372611317,7.55468774277976,1.96538150905871,21,0,0,191,0
98,120,83.5267515416809,3.30144445999581,0.927114802462035,0,101,120000,0,1
98,120,83.5267515416809,3.30144445999581,0.927114802462035,7.52,0,0,959,0
98,120,83.5267515416809,3.30144445999581,0.927114802462035,9.2,0,0,806,0
98,120,83.5267515416809,3.30144445999581,0.927114802462035,11.1,0,0,1041,0
98,120,83.5267515416809,3.30144445999581,0.927114802462035,23.49,0,0,478,0
99,120,109.177423246183,2.83809635980859,0.889745391301678,0,101,120000,0,1
99,120,109.177423246183,2.83809635980859,0.889745391301678,0.56,0,0,568,0
99,120,109.177423246183,2.83809635980859,0.889745391301678,11.17,0,0,857,0
99,120,109.177423246183,2.83809635980859,0.889745391301678,12.16,0,0,801,0
99,120,109.177423246183,2.83809635980859,0.889745391301678,15.94,0,0,884,0
100,120,82.1111605398599,2.96285480058515,1.38604143772694,0,101,120000,0,1
100,120,82.1111605398599,2.96285480058515,1.38604143772694,5.41,0,0,1003,0
100,120,82.1111605398599,2.96285480058515,1.38604143772694,7.05,0,0,1173,0
100,120,82.1111605398599,2.96285480058515,1.38604143772694,18.89,0,0,794,0
100,120,82.1111605398599,2.96285480058515,1.38604143772694,19.62,0,0,570,0
101,120,56.220060337529,5.48578811441576,0.997624897336565,0,101,120000,0,1
101,120,56.220060337529,5.48578811441576,0.997624897336565,10.27,0,0,716,0
101,120,56.220060337529,5.48578811441576,0.997624897336565,14.57,0,0,624,0
101,120,56.220060337529,5.48578811441576,0.997624897336565,17.78,0,0,518,0
101,120,56.220060337529,5.48578811441576,0.997624897336565,20.04,0,0,440,0
102,120,69.4692587945346,1.96459587426966,1.93161054515075,0,101,120000,0,1
102,120,69.4692587945346,1.96459587426966,1.93161054515075,0.3,0,0,898,0
102,120,69.4692587945346,1.96459587426966,1.93161054515075,1.38,0,0,1720,0
102,120,69.4692587945346,1.96459587426966,1.93161054515075,9.64,0,0,1325,0
102,120,69.4692587945346,1.96459587426966,1.93161054515075,21.33,0,0,769,0
103,120,62.9902556724975,3.6714460029998,1.03256760520084,0,101,120000,0,1
103,120,62.9902556724975,3.6714460029998,1.03256760520084,2.5,0,0,1840,0
103,120,62.9902556724975,3.6714460029998,1.03256760520084,3.44,0,0,1652,0
103,120,62.9902556724975,3.6714460029998,1.03256760520084,21.66,0,0,639,0
103,120,62.9902556724975,3.6714460029998,1.03256760520084,22.74,0,0,629,0
104,120,63.662903549373,1.81435467335233,0.919174709360189,0,101,120000,0,1
104,120,63.662903549373,1.81435467335233,0.919174709360189,10.83,0,0,1185,0
104,120,63.662903549373,1.81435467335233,0.919174709360189,15.97,0,0,1099,0
104,120,63.662903549373,1.81435467335233,0.919174709360189,17.38,0,0,847,0
104,120,63.662903549373,1.81435467335233,0.919174709360189,23,0,0,798,0
105,120,62.4839141104248,2.16637665497838,1.22060242539213,0,101,120000,0,1
105,120,62.4839141104248,2.16637665497838,1.22060242539213,3.08,0,0,1692,0
105,120,62.4839141104248,2.16637665497838,1.22060242539213,5.14,0,0,1276,0
105,120,62.4839141104248,2.16637665497838,1.22060242539213,9.32,0,0,1579,0
105,120,62.4839141104248,2.16637665497838,1.22060242539213,10.44,0,0,1679,0
106,120,89.4252865383541,5.03939348182006,1.1839796400688,0,101,120000,0,1
106,120,89.4252865383541,5.03939348182006,1.1839796400688,4.27,0,0,1326,0
106,120,89.4252865383541,5.03939348182006,1.1839796400688,5.32,0,0,936,0
106,120,89.4252865383541,5.03939348182006,1.1839796400688,8.95,0,0,1123,0
106,120,89.4252865383541,5.03939348182006,1.1839796400688,16.84,0,0,470,0
107,120,84.8979698181721,2.8446463215819,0.993500342377649,0,101,120000,0,1
107,120,84.8979698181721,2.8446463215819,0.993500342377649,14.63,0,0,1258,0
107,120,84.8979698181721,2.8446463215819,0.993500342377649,15.56,0,0,916,0
107,120,84.8979698181721,2.8446463215819,0.993500342377649,17.8,0,0,668,0
107,120,84.8979698181721,2.8446463215819,0.993500342377649,19.95,0,0,737,0
108,120,72.4664179207879,3.27935281534647,0.743797945985105,0,101,120000,0,1
108,120,72.4664179207879,3.27935281534647,0.743797945985105,0.66,0,0,736,0
108,120,72.4664179207879,3.27935281534647,0.743797945985105,11.74,0,0,1077,0
108,120,72.4664179207879,3.27935281534647,0.743797945985105,19.89,0,0,635,0
108,120,72.4664179207879,3.27935281534647,0.743797945985105,20.65,0,0,559,0
109,120,81.9032860908353,4.38110731545676,1.69915193780421,0,101,120000,0,1
109,120,81.9032860908353,4.38110731545676,1.69915193780421,7.17,0,0,1073,0
109,120,81.9032860908353,4.38110731545676,1.69915193780421,11.4,0,0,899,0
109,120,81.9032860908353,4.38110731545676,1.69915193780421,14.79,0,0,826,0
109,120,81.9032860908353,4.38110731545676,1.69915193780421,15.96,0,0,891,0
110,120,73.4949559752428,3.89900853431981,1.14571391489526,0,101,120000,0,1
110,120,73.4949559752428,3.89900853431981,1.14571391489526,4.36,0,0,871,0
110,120,73.4949559752428,3.89900853431981,1.14571391489526,9.22,0,0,1381,0
110,120,73.4949559752428,3.89900853431981,1.14571391489526,14.1,0,0,896,0
110,120,73.4949559752428,3.89900853431981,1.14571391489526,15.96,0,0,895,0
111,120,80.7716146833162,5.21283572304459,0.773006573053704,0,101,120000,0,1
111,120,80.7716146833162,5.21283572304459,0.773006573053704,7.07,0,0,793,0
111,120,80.7716146833162,5.21283572304459,0.773006573053704,11.34,0,0,674,0
111,120,80.7716146833162,5.21283572304459,0.773006573053704,16.11,0,0,687,0
111,120,80.7716146833162,5.21283572304459,0.773006573053704,16.78,0,0,732,0
112,120,101.403853324975,2.15591280788608,0.797086487869144,0,101,120000,0,1
112,120,101.403853324975,2.15591280788608,0.797086487869144,6.91,0,0,1001,0
112,120,101.403853324975,2.15591280788608,0.797086487869144,11.13,0,0,962,0
112,120,101.403853324975,2.15591280788608,0.797086487869144,11.85,0,0,853,0
112,120,101.403853324975,2.15591280788608,0.797086487869144,18.98,0,0,761,0
113,120,41.7611786779864,2.75655472675337,1.05087051455671,0,101,120000,0,1
113,120,41.7611786779864,2.75655472675337,1.05087051455671,5.53,0,0,1366,0
113,120,41.7611786779864,2.75655472675337,1.05087051455671,14.17,0,0,1078,0
113,120,41.7611786779864,2.75655472675337,1.05087051455671,14.44,0,0,1102,0
113,120,41.7611786779864,2.75655472675337,1.05087051455671,14.57,0,0,877,0
114,120,77.6695751294284,3.39097696013501,0.932031477424802,0,101,120000,0,1
114,120,77.6695751294284,3.39097696013501,0.932031477424802,2.4,0,0,1199,0
114,120,77.6695751294284,3.39097696013501,0.932031477424802,15.65,0,0,1061,0
114,120,77.6695751294284,3.39097696013501,0.932031477424802,16.1,0,0,793,0
114,120,77.6695751294284,3.39097696013501,0.932031477424802,20.66,0,0,561,0
115,120,154.925360480571,4.25669925200505,0.781749680415965,0,101,120000,0,1
115,120,154.925360480571,4.25669925200505,0.781749680415965,2.87,0,0,579,0
115,120,154.925360480571,4.25669925200505,0.781749680415965,5.54,0,0,630,0
115,120,154.925360480571,4.25669925200505,0.781749680415965,21.27,0,0,435,0
115,120,154.925360480571,4.25669925200505,0.781749680415965,23.74,0,0,336,0
116,120,108.536564194004,2.91358819492882,0.728960273665827,0,101,120000,0,1
116,120,108.536564194004,2.91358819492882,0.728960273665827,0.4,0,0,278,0
116,120,108.536564194004,2.91358819492882,0.728960273665827,8.87,0,0,725,0
116,120,108.536564194004,2.91358819492882,0.728960273665827,10.13,0,0,752,0
116,120,108.536564194004,2.91358819492882,0.728960273665827,12.61,0,0,823,0
117,120,77.6695751294284,3.39097696013501,0.932031477424802,0,101,120000,0,1
117,120,77.6695751294284,3.39097696013501,0.932031477424802,2.4,0,0,1199,0
117,120,77.6695751294284,3.39097696013501,0.932031477424802,15.65,0,0,1061,0
117,120,77.6695751294284,3.39097696013501,0.932031477424802,16.1,0,0,793,0
117,120,77.6695751294284,3.39097696013501,0.932031477424802,20.66,0,0,561,0
118,120,113.007561139645,5.08411753469486,0.705544792657597,0,101,120000,0,1
118,120,113.007561139645,5.08411753469486,0.705544792657597,11.22,0,0,476,0
118,120,113.007561139645,5.08411753469486,0.705544792657597,11.56,0,0,652,0
118,120,113.007561139645,5.08411753469486,0.705544792657597,16.48,0,0,559,0
118,120,113.007561139645,5.08411753469486,0.705544792657597,17.53,0,0,528,0
119,120,66.0507566140785,3.49648289140555,0.876480144942781,0,101,120000,0,1
119,120,66.0507566140785,3.49648289140555,0.876480144942781,0.04,0,0,72,0
119,120,66.0507566140785,3.49648289140555,0.876480144942781,4.31,0,0,1391,0
119,120,66.0507566140785,3.49648289140555,0.876480144942781,12.56,0,0,859,0
119,120,66.0507566140785,3.49648289140555,0.876480144942781,15.06,0,0,896,0
120,120,52.7644643745016,3.3947796421371,0.929311697999152,0,101,120000,0,1
120,120,52.7644643745016,3.3947796421371,0.929311697999152,8.25,0,0,1455,0
120,120,52.7644643745016,3.3947796421371,0.929311697999152,15.35,0,0,997,0
120,120,52.7644643745016,3.3947796421371,0.929311697999152,19.35,0,0,561,0
120,120,52.7644643745016,3.3947796421371,0.929311697999152,23.91,0,0,367,0
