ID,DOSE,V,CL,KA,TIME,EVID,AMT,DV,EVIDNM
1,10,45.6638885436655,5.68020072346881,0.979288676214266,0,101,10000,0,1
1,10,45.6638885436655,5.68020072346881,0.979288676214266,4.36,0,0,141,0
1,10,45.6638885436655,5.68020072346881,0.979288676214266,7.13,0,0,79,0
1,10,45.6638885436655,5.68020072346881,0.979288676214266,9.24,0,0,59,0
1,10,45.6638885436655,5.68020072346881,0.979288676214266,15.98,0,0,30,0
2,10,54.1874858363346,3.86737229552425,2.45221998109244,0,101,10000,0,1
2,10,54.1874858363346,3.86737229552425,2.45221998109244,0.8,0,0,222,0
2,10,54.1874858363346,3.86737229552425,2.45221998109244,5.6,0,0,121,0
2,10,54.1874858363346,3.86737229552425,2.45221998109244,12.6,0,0,59,0
2,10,54.1874858363346,3.86737229552425,2.45221998109244,15.43,0,0,80,0
3,10,71.2312150046444,3.39449278079676,1.43271117597067,0,101,10000,0,1
3,10,71.2312150046444,3.39449278079676,1.43271117597067,5.4,0,0,100,0
3,10,71.2312150046444,3.39449278079676,1.43271117597067,8.68,0,0,107,0
3,10,71.2312150046444,3.39449278079676,1.43271117597067,10.9,0,0,56,0
3,10,71.2312150046444,3.39449278079676,1.43271117597067,12.8,0,0,66,0
4,10,61.6023187744218,6.37884530935155,0.696643117805767,0,101,10000,0,1
4,10,61.6023187744218,6.37884530935155,0.696643117805767,9.41,0,0,44,0
4,10,61.6023187744218,6.37884530935155,0.696643117805767,14.33,0,0,45,0
4,10,61.6023187744218,6.37884530935155,0.696643117805767,14.85,0,0,33,0
4,10,61.6023187744218,6.37884530935155,0.696643117805767,15.73,0,0,31,0
5,10,61.7410010011203,4.57303157578612,0.973820738328196,0,101,10000,0,1
5,10,61.7410010011203,4.57303157578612,0.973820738328196,1.14,0,0,93,0
5,10,61.7410010011203,4.57303157578612,0.973820738328196,2.95,0,0,100,0
5,10,61.7410010011203,4.57303157578612,0.973820738328196,3.78,0,0,87,0
5,10,61.7410010011203,4.57303157578612,0.973820738328196,16.66,0,0,50,0
6,10,68.5090983363755,3.63028385901028,0.949046040521378,0,101,10000,0,1
6,10,68.5090983363755,3.63028385901028,0.949046040521378,1.31,0,0,77,0
6,10,68.5090983363755,3.63028385901028,0.949046040521378,11.97,0,0,66,0
6,10,68.5090983363755,3.63028385901028,0.949046040521378,12.64,0,0,71,0
6,10,68.5090983363755,3.63028385901028,0.949046040521378,20.22,0,0,49,0
7,10,94.2843640507784,4.50147857096228,0.99796404475207,0,101,10000,0,1
7,10,94.2843640507784,4.50147857096228,0.99796404475207,8.85,0,0,71,0
7,10,94.2843640507784,4.50147857096228,0.99796404475207,8.96,0,0,68,0
7,10,94.2843640507784,4.50147857096228,0.99796404475207,11.9,0,0,53,0
7,10,94.2843640507784,4.50147857096228,0.99796404475207,13.54,0,0,61,0
8,10,90.006924461082,4.47753592841948,0.978326915819094,0,101,10000,0,1
8,10,90.006924461082,4.47753592841948,0.978326915819094,1.14,0,0,82,0
8,10,90.006924461082,4.47753592841948,0.978326915819094,3.37,0,0,80,0
8,10,90.006924461082,4.47753592841948,0.978326915819094,10.31,0,0,81,0
8,10,90.006924461082,4.47753592841948,0.978326915819094,15.89,0,0,40,0
9,10,112.895371199679,3.47701796612858,0.725751492397728,0,101,10000,0,1
9,10,112.895371199679,3.47701796612858,0.725751492397728,5.33,0,0,85,0
9,10,112.895371199679,3.47701796612858,0.725751492397728,6.3,0,0,110,0
9,10,112.895371199679,3.47701796612858,0.725751492397728,6.31,0,0,87,0
9,10,112.895371199679,3.47701796612858,0.725751492397728,10.71,0,0,62,0
10,10,83.5303007838252,2.38592207064005,0.796642932081584,0,101,10000,0,1
10,10,83.5303007838252,2.38592207064005,0.796642932081584,4.74,0,0,94,0
10,10,83.5303007838252,2.38592207064005,0.796642932081584,5.06,0,0,130,0
10,10,83.5303007838252,2.38592207064005,0.796642932081584,12.94,0,0,91,0
10,10,83.5303007838252,2.38592207064005,0.796642932081584,16.86,0,0,67,0
11,10,64.3681684677138,5.80825662910347,0.698551458782495,0,101,10000,0,1
11,10,64.3681684677138,5.80825662910347,0.698551458782495,5.01,0,0,121,0
11,10,64.3681684677138,5.80825662910347,0.698551458782495,10.74,0,0,83,0
11,10,64.3681684677138,5.80825662910347,0.698551458782495,14.2,0,0,40,0
11,10,64.3681684677138,5.80825662910347,0.698551458782495,20.65,0,0,35,0
12,10,67.6013755381711,3.43882442958518,1.17938643575805,0,101,10000,0,1
12,10,67.6013755381711,3.43882442958518,1.17938643575805,1.33,0,0,100,0
12,10,67.6013755381711,3.43882442958518,1.17938643575805,6.87,0,0,130,0
12,10,67.6013755381711,3.43882442958518,1.17938643575805,7.45,0,0,147,0
12,10,67.6013755381711,3.43882442958518,1.17938643575805,19.69,0,0,58,0
13,10,75.3979306556517,4.43150286580109,1.33540116339927,0,101,10000,0,1
13,10,75.3979306556517,4.43150286580109,1.33540116339927,1.11,0,0,91,0
13,10,75.3979306556517,4.43150286580109,1.33540116339927,5.63,0,0,101,0
13,10,75.3979306556517,4.43150286580109,1.33540116339927,10.6,0,0,99,0
13,10,75.3979306556517,4.43150286580109,1.33540116339927,13.22,0,0,53,0
14,10,74.4378412067567,2.90060178175532,0.85233776704237,0,101,10000,0,1
14,10,74.4378412067567,2.90060178175532,0.85233776704237,1.64,0,0,112,0
14,10,74.4378412067567,2.90060178175532,0.85233776704237,14.1,0,0,77,0
14,10,74.4378412067567,2.90060178175532,0.85233776704237,19.93,0,0,57,0
14,10,74.4378412067567,2.90060178175532,0.85233776704237,23.3,0,0,62,0
15,10,83.3310721381566,5.32297464711028,1.19726647474356,0,101,10000,0,1
15,10,83.3310721381566,5.32297464711028,1.19726647474356,9.65,0,0,84,0
15,10,83.3310721381566,5.32297464711028,1.19726647474356,17.06,0,0,39,0
15,10,83.3310721381566,5.32297464711028,1.19726647474356,22.42,0,0,32,0
15,10,83.3310721381566,5.32297464711028,1.19726647474356,23.16,0,0,28,0
16,10,79.9419055088834,3.2721808515501,0.973508391168503,0,101,10000,0,1
16,10,79.9419055088834,3.2721808515501,0.973508391168503,1.4,0,0,101,0
16,10,79.9419055088834,3.2721808515501,0.973508391168503,4.45,0,0,121,0
16,10,79.9419055088834,3.2721808515501,0.973508391168503,9.68,0,0,124,0
16,10,79.9419055088834,3.2721808515501,0.973508391168503,13.5,0,0,87,0
17,10,142.395108542229,2.82497669852172,1.27581297059242,0,101,10000,0,1
17,10,142.395108542229,2.82497669852172,1.27581297059242,0.13,0,0,14,0
17,10,142.395108542229,2.82497669852172,1.27581297059242,5.85,0,0,53,0
17,10,142.395108542229,2.82497669852172,1.27581297059242,7.38,0,0,65,0
17,10,142.395108542229,2.82497669852172,1.27581297059242,15.61,0,0,52,0
18,10,85.0017468544671,4.45466610693589,0.991287850937419,0,101,10000,0,1
18,10,85.0017468544671,4.45466610693589,0.991287850937419,2.36,0,0,80,0
18,10,85.0017468544671,4.45466610693589,0.991287850937419,5.8,0,0,81,0
18,10,85.0017468544671,4.45466610693589,0.991287850937419,12.14,0,0,70,0
18,10,85.0017468544671,4.45466610693589,0.991287850937419,15.01,0,0,57,0
19,10,104.801587181563,5.89674898505552,1.34517216264226,0,101,10000,0,1
19,10,104.801587181563,5.89674898505552,1.34517216264226,2.14,0,0,84,0
19,10,104.801587181563,5.89674898505552,1.34517216264226,2.85,0,0,79,0
19,10,104.801587181563,5.89674898505552,1.34517216264226,16.48,0,0,42,0
19,10,104.801587181563,5.89674898505552,1.34517216264226,20.83,0,0,31,0
20,10,93.7168913672883,3.79782717286845,0.935901925413738,0,101,10000,0,1
20,10,93.7168913672883,3.79782717286845,0.935901925413738,0.2,0,0,17,0
20,10,93.7168913672883,3.79782717286845,0.935901925413738,6.01,0,0,79,0
20,10,93.7168913672883,3.79782717286845,0.935901925413738,20.45,0,0,53,0
20,10,93.7168913672883,3.79782717286845,0.935901925413738,23.64,0,0,60,0
21,10,87.4393691777066,3.84860791354759,1.19841942431384,0,101,10000,0,1
21,10,87.4393691777066,3.84860791354759,1.19841942431384,4.98,0,0,86,0
21,10,87.4393691777066,3.84860791354759,1.19841942431384,7.38,0,0,136,0
21,10,87.4393691777066,3.84860791354759,1.19841942431384,15.89,0,0,55,0
21,10,87.4393691777066,3.84860791354759,1.19841942431384,19.56,0,0,56,0
22,10,91.9082280785063,2.47255986917689,0.716433001149847,0,101,10000,0,1
22,10,91.9082280785063,2.47255986917689,0.716433001149847,5.48,0,0,99,0
22,10,91.9082280785063,2.47255986917689,0.716433001149847,6.32,0,0,74,0
22,10,91.9082280785063,2.47255986917689,0.716433001149847,8.84,0,0,85,0
22,10,91.9082280785063,2.47255986917689,0.716433001149847,14.7,0,0,90,0
23,10,66.3131194283372,3.42805146575521,0.809430251884371,0,101,10000,0,1
23,10,66.3131194283372,3.42805146575521,0.809430251884371,11.22,0,0,131,0
23,10,66.3131194283372,3.42805146575521,0.809430251884371,14.12,0,0,84,0
23,10,66.3131194283372,3.42805146575521,0.809430251884371,20.47,0,0,52,0
23,10,66.3131194283372,3.42805146575521,0.809430251884371,23.42,0,0,39,0
24,10,79.1578602196383,3.93952086664577,0.976301980260274,0,101,10000,0,1
24,10,79.1578602196383,3.93952086664577,0.976301980260274,6.97,0,0,98,0
24,10,79.1578602196383,3.93952086664577,0.976301980260274,7.07,0,0,99,0
24,10,79.1578602196383,3.93952086664577,0.976301980260274,11.59,0,0,59,0
24,10,79.1578602196383,3.93952086664577,0.976301980260274,21.67,0,0,50,0
25,10,53.6736634041743,2.83495759000185,1.23332140065993,0,101,10000,0,1
25,10,53.6736634041743,2.83495759000185,1.23332140065993,4.49,0,0,136,0
25,10,53.6736634041743,2.83495759000185,1.23332140065993,4.85,0,0,138,0
25,10,53.6736634041743,2.83495759000185,1.23332140065993,15.18,0,0,60,0
25,10,53.6736634041743,2.83495759000185,1.23332140065993,16.86,0,0,108,0
26,10,83.9343162593118,3.92188869463683,1.31288121480096,0,101,10000,0,1
26,10,83.9343162593118,3.92188869463683,1.31288121480096,7.61,0,0,97,0
26,10,83.9343162593118,3.92188869463683,1.31288121480096,11.84,0,0,67,0
26,10,83.9343162593118,3.92188869463683,1.31288121480096,17.45,0,0,75,0
26,10,83.9343162593118,3.92188869463683,1.31288121480096,19.11,0,0,62,0
27,10,86.3976876513574,2.91219049941065,1.66243452662285,0,101,10000,0,1
27,10,86.3976876513574,2.91219049941065,1.66243452662285,2.49,0,0,99,0
27,10,86.3976876513574,2.91219049941065,1.66243452662285,14.09,0,0,101,0
27,10,86.3976876513574,2.91219049941065,1.66243452662285,17.9,0,0,58,0
27,10,86.3976876513574,2.91219049941065,1.66243452662285,19.68,0,0,52,0
28,10,91.0232401461632,3.98049639906073,2.03974613158877,0,101,10000,0,1
28,10,91.0232401461632,3.98049639906073,2.03974613158877,3.43,0,0,104,0
28,10,91.0232401461632,3.98049639906073,2.03974613158877,10.18,0,0,88,0
28,10,91.0232401461632,3.98049639906073,2.03974613158877,11.88,0,0,87,0
28,10,91.0232401461632,3.98049639906073,2.03974613158877,21.97,0,0,39,0
29,10,90.9466243242647,4.22401215050886,0.835338802967931,0,101,10000,0,1
29,10,90.9466243242647,4.22401215050886,0.835338802967931,0.65,0,0,52,0
29,10,90.9466243242647,4.22401215050886,0.835338802967931,13.48,0,0,96,0
29,10,90.9466243242647,4.22401215050886,0.835338802967931,13.92,0,0,41,0
29,10,90.9466243242647,4.22401215050886,0.835338802967931,21.44,0,0,45,0
30,10,60.7427452740707,5.01542036033311,0.700958936678513,0,101,10000,0,1
30,10,60.7427452740707,5.01542036033311,0.700958936678513,0.27,0,0,28,0
30,10,60.7427452740707,5.01542036033311,0.700958936678513,4.81,0,0,114,0
30,10,60.7427452740707,5.01542036033311,0.700958936678513,10.66,0,0,93,0
30,10,60.7427452740707,5.01542036033311,0.700958936678513,21.12,0,0,32,0
31,30,90.7560822328602,3.58184392772311,0.65801067326238,0,101,30000,0,1
31,30,90.7560822328602,3.58184392772311,0.65801067326238,7.23,0,0,228,0
31,30,90.7560822328602,3.58184392772311,0.65801067326238,11.67,0,0,246,0
31,30,90.7560822328602,3.58184392772311,0.65801067326238,13.06,0,0,179,0
31,30,90.7560822328602,3.58184392772311,0.65801067326238,22.61,0,0,137,0
32,30,52.1434602703231,4.72012864170162,1.15987547505867,0,101,30000,0,1
32,30,52.1434602703231,4.72012864170162,1.15987547505867,1.77,0,0,430,0
32,30,52.1434602703231,4.72012864170162,1.15987547505867,14.25,0,0,184,0
32,30,52.1434602703231,4.72012864170162,1.15987547505867,14.59,0,0,144,0
32,30,52.1434602703231,4.72012864170162,1.15987547505867,18.5,0,0,127,0
33,30,48.3840801613013,5.27981360630109,0.84044856899871,0,101,30000,0,1
33,30,48.3840801613013,5.27981360630109,0.84044856899871,1.37,0,0,463,0
33,30,48.3840801613013,5.27981360630109,0.84044856899871,10.99,0,0,197,0
33,30,48.3840801613013,5.27981360630109,0.84044856899871,13.41,0,0,180,0
33,30,48.3840801613013,5.27981360630109,0.84044856899871,18.27,0,0,78,0
34,30,60.8540261505072,3.53547851749302,0.812922369882466,0,101,30000,0,1
34,30,60.8540261505072,3.53547851749302,0.812922369882466,10.65,0,0,258,0
34,30,60.8540261505072,3.53547851749302,0.812922369882466,18.04,0,0,164,0
34,30,60.8540261505072,3.53547851749302,0.812922369882466,18.59,0,0,200,0
34,30,60.8540261505072,3.53547851749302,0.812922369882466,21.72,0,0,159,0
35,30,79.7577042224509,3.74226275614504,1.12232047741904,0,101,30000,0,1
35,30,79.7577042224509,3.74226275614504,1.12232047741904,9.27,0,0,322,0
35,30,79.7577042224509,3.74226275614504,1.12232047741904,16.74,0,0,259,0
35,30,79.7577042224509,3.74226275614504,1.12232047741904,18.12,0,0,181,0
35,30,79.7577042224509,3.74226275614504,1.12232047741904,22.29,0,0,92,0
36,30,86.8040861300167,2.70703049111799,1.01463101058223,0,101,30000,0,1
36,30,86.8040861300167,2.70703049111799,1.01463101058223,8.35,0,0,333,0
36,30,86.8040861300167,2.70703049111799,1.01463101058223,9.9,0,0,186,0
36,30,86.8040861300167,2.70703049111799,1.01463101058223,13.76,0,0,203,0
36,30,86.8040861300167,2.70703049111799,1.01463101058223,16.12,0,0,172,0
37,30,64.1933188539485,7.3478994708698,1.06248245556621,0,101,30000,0,1
37,30,64.1933188539485,7.3478994708698,1.06248245556621,12.82,0,0,117,0
37,30,64.1933188539485,7.3478994708698,1.06248245556621,17.89,0,0,71,0
37,30,64.1933188539485,7.3478994708698,1.06248245556621,19.17,0,0,68,0
37,30,64.1933188539485,7.3478994708698,1.06248245556621,23.92,0,0,32,0
38,30,50.8862175404029,2.81499442728414,1.13076623533597,0,101,30000,0,1
38,30,50.8862175404029,2.81499442728414,1.13076623533597,0.42,0,0,234,0
38,30,50.8862175404029,2.81499442728414,1.13076623533597,15.76,0,0,194,0
38,30,50.8862175404029,2.81499442728414,1.13076623533597,16.18,0,0,352,0
38,30,50.8862175404029,2.81499442728414,1.13076623533597,22,0,0,216,0
39,30,68.7738695489876,3.03683979211955,0.735731847371628,0,101,30000,0,1
39,30,68.7738695489876,3.03683979211955,0.735731847371628,3.29,0,0,371,0
39,30,68.7738695489876,3.03683979211955,0.735731847371628,7.39,0,0,249,0
39,30,68.7738695489876,3.03683979211955,0.735731847371628,12.57,0,0,302,0
39,30,68.7738695489876,3.03683979211955,0.735731847371628,22.75,0,0,219,0
40,30,169.730191256583,2.60714198911231,1.12679659489154,0,101,30000,0,1
40,30,169.730191256583,2.60714198911231,1.12679659489154,3,0,0,176,0
40,30,169.730191256583,2.60714198911231,1.12679659489154,16.72,0,0,117,0
40,30,169.730191256583,2.60714198911231,1.12679659489154,17.59,0,0,140,0
40,30,169.730191256583,2.60714198911231,1.12679659489154,18.98,0,0,132,0
41,30,80.4799804907575,3.66557764632793,0.700808894491355,0,101,30000,0,1
41,30,80.4799804907575,3.66557764632793,0.700808894491355,1.89,0,0,296,0
41,30,80.4799804907575,3.66557764632793,0.700808894491355,4.57,0,0,333,0
41,30,80.4799804907575,3.66557764632793,0.700808894491355,9.77,0,0,338,0
41,30,80.4799804907575,3.66557764632793,0.700808894491355,18.88,0,0,245,0
42,30,50.6176587646922,2.4316360098248,1.52467203751467,0,101,30000,0,1
42,30,50.6176587646922,2.4316360098248,1.52467203751467,0.29,0,0,332,0
42,30,50.6176587646922,2.4316360098248,1.52467203751467,2.21,0,0,681,0
42,30,50.6176587646922,2.4316360098248,1.52467203751467,7.96,0,0,358,0
42,30,50.6176587646922,2.4316360098248,1.52467203751467,14.62,0,0,293,0
43,30,109.022006514545,2.98435961802374,1.09920392130476,0,101,30000,0,1
43,30,109.022006514545,2.98435961802374,1.09920392130476,8.12,0,0,245,0
43,30,109.022006514545,2.98435961802374,1.09920392130476,12.79,0,0,166,0
43,30,109.022006514545,2.98435961802374,1.09920392130476,14,0,0,188,0
43,30,109.022006514545,2.98435961802374,1.09920392130476,17.18,0,0,144,0
44,30,60.5173482590374,8.45846563309988,1.68981978078691,0,101,30000,0,1
44,30,60.5173482590374,8.45846563309988,1.68981978078691,1.39,0,0,360,0
44,30,60.5173482590374,8.45846563309988,1.68981978078691,6.82,0,0,163,0
44,30,60.5173482590374,8.45846563309988,1.68981978078691,6.96,0,0,245,0
44,30,60.5173482590374,8.45846563309988,1.68981978078691,16.45,0,0,37,0
45,30,79.5519243213224,3.9094314521861,1.00451337626104,0,101,30000,0,1
45,30,79.5519243213224,3.9094314521861,1.00451337626104,3.52,0,0,337,0
45,30,79.5519243213224,3.9094314521861,1.00451337626104,10.36,0,0,254,0
45,30,79.5519243213224,3.9094314521861,1.00451337626104,19.02,0,0,159,0
45,30,79.5519243213224,3.9094314521861,1.00451337626104,19.19,0,0,147,0
46,30,65.041548061862,4.09530298463393,0.822693159566834,0,101,30000,0,1
46,30,65.041548061862,4.09530298463393,0.822693159566834,11.04,0,0,297,0
46,30,65.041548061862,4.09530298463393,0.822693159566834,20.83,0,0,99,0
46,30,65.041548061862,4.09530298463393,0.822693159566834,23.53,0,0,146,0
46,30,65.041548061862,4.09530298463393,0.822693159566834,23.61,0,0,125,0
47,30,107.679634435586,4.34377098337181,1.00488438695792,0,101,30000,0,1
47,30,107.679634435586,4.34377098337181,1.00488438695792,2.01,0,0,288,0
47,30,107.679634435586,4.34377098337181,1.00488438695792,3.19,0,0,196,0
47,30,107.679634435586,4.34377098337181,1.00488438695792,13.37,0,0,179,0
47,30,107.679634435586,4.34377098337181,1.00488438695792,19.18,0,0,158,0
48,30,73.7138557129655,4.03934699083276,0.828646432682141,0,101,30000,0,1
48,30,73.7138557129655,4.03934699083276,0.828646432682141,8.22,0,0,252,0
48,30,73.7138557129655,4.03934699083276,0.828646432682141,12.34,0,0,158,0
48,30,73.7138557129655,4.03934699083276,0.828646432682141,15.86,0,0,155,0
48,30,73.7138557129655,4.03934699083276,0.828646432682141,23.57,0,0,100,0
49,30,60.2373376433209,4.39612746188785,0.935338841633858,0,101,30000,0,1
49,30,60.2373376433209,4.39612746188785,0.935338841633858,1.31,0,0,318,0
49,30,60.2373376433209,4.39612746188785,0.935338841633858,10.35,0,0,231,0
49,30,60.2373376433209,4.39612746188785,0.935338841633858,14.25,0,0,181,0
49,30,60.2373376433209,4.39612746188785,0.935338841633858,16.98,0,0,151,0
50,30,38.0707584338615,3.46069953140137,0.63006668541722,0,101,30000,0,1
50,30,38.0707584338615,3.46069953140137,0.63006668541722,0.04,0,0,25,0
50,30,38.0707584338615,3.46069953140137,0.63006668541722,2.88,0,0,584,0
50,30,38.0707584338615,3.46069953140137,0.63006668541722,10.37,0,0,315,0
50,30,38.0707584338615,3.46069953140137,0.63006668541722,20.98,0,0,117,0
51,30,68.4212054093992,3.00677461009832,0.965891849799964,0,101,30000,0,1
51,30,68.4212054093992,3.00677461009832,0.965891849799964,11.76,0,0,283,0
51,30,68.4212054093992,3.00677461009832,0.965891849799964,11.9,0,0,332,0
51,30,68.4212054093992,3.00677461009832,0.965891849799964,12.02,0,0,389,0
51,30,68.4212054093992,3.00677461009832,0.965891849799964,14.01,0,0,300,0
52,30,51.2977053323988,2.55472068253765,1.60722294100064,0,101,30000,0,1
52,30,51.2977053323988,2.55472068253765,1.60722294100064,6.84,0,0,452,0
52,30,51.2977053323988,2.55472068253765,1.60722294100064,13.88,0,0,286,0
52,30,51.2977053323988,2.55472068253765,1.60722294100064,15.98,0,0,281,0
52,30,51.2977053323988,2.55472068253765,1.60722294100064,22.78,0,0,272,0
53,30,73.9897261280157,5.44043879713324,0.862137752887319,0,101,30000,0,1
53,30,73.9897261280157,5.44043879713324,0.862137752887319,4.96,0,0,275,0
53,30,73.9897261280157,5.44043879713324,0.862137752887319,8.75,0,0,234,0
53,30,73.9897261280157,5.44043879713324,0.862137752887319,13.83,0,0,162,0
53,30,73.9897261280157,5.44043879713324,0.862137752887319,14.88,0,0,164,0
54,30,65.8226715006153,3.71370692881861,0.952582232564757,0,101,30000,0,1
54,30,65.8226715006153,3.71370692881861,0.952582232564757,1.09,0,0,261,0
54,30,65.8226715006153,3.71370692881861,0.952582232564757,9.02,0,0,336,0
54,30,65.8226715006153,3.71370692881861,0.952582232564757,14.25,0,0,153,0
54,30,65.8226715006153,3.71370692881861,0.952582232564757,14.88,0,0,231,0
55,30,56.9968308858017,4.09149870341152,0.984888319629914,0,101,30000,0,1
55,30,56.9968308858017,4.09149870341152,0.984888319629914,4.93,0,0,325,0
55,30,56.9968308858017,4.09149870341152,0.984888319629914,6.38,0,0,429,0
55,30,56.9968308858017,4.09149870341152,0.984888319629914,6.69,0,0,435,0
55,30,56.9968308858017,4.09149870341152,0.984888319629914,14.2,0,0,253,0
56,30,58.3208557662977,3.44630708699224,0.999846870857836,0,101,30000,0,1
56,30,58.3208557662977,3.44630708699224,0.999846870857836,3.83,0,0,479,0
56,30,58.3208557662977,3.44630708699224,0.999846870857836,7.57,0,0,350,0
56,30,58.3208557662977,3.44630708699224,0.999846870857836,7.69,0,0,361,0
56,30,58.3208557662977,3.44630708699224,0.999846870857836,15.38,0,0,217,0
57,30,81.2132336709236,3.9654572772047,1.08201833048262,0,101,30000,0,1
57,30,81.2132336709236,3.9654572772047,1.08201833048262,13.14,0,0,198,0
57,30,81.2132336709236,3.9654572772047,1.08201833048262,18.95,0,0,171,0
57,30,81.2132336709236,3.9654572772047,1.08201833048262,21.03,0,0,107,0
57,30,81.2132336709236,3.9654572772047,1.08201833048262,22.34,0,0,103,0
58,30,42.2132403058496,4.64430906708838,0.801005457144742,0,101,30000,0,1
58,30,42.2132403058496,4.64430906708838,0.801005457144742,8.15,0,0,479,0
58,30,42.2132403058496,4.64430906708838,0.801005457144742,14.18,0,0,131,0
58,30,42.2132403058496,4.64430906708838,0.801005457144742,18.71,0,0,101,0
58,30,42.2132403058496,4.64430906708838,0.801005457144742,19.31,0,0,105,0
59,30,102.512121131601,2.46494945762223,1.02434279450932,0,101,30000,0,1
59,30,102.512121131601,2.46494945762223,1.02434279450932,0.78,0,0,160,0
59,30,102.512121131601,2.46494945762223,1.02434279450932,15.48,0,0,194,0
59,30,102.512121131601,2.46494945762223,1.02434279450932,18.37,0,0,200,0
59,30,102.512121131601,2.46494945762223,1.02434279450932,23.68,0,0,216,0
60,30,97.7103208109396,4.71505291972771,1.20404992628301,0,101,30000,0,1
60,30,97.7103208109396,4.71505291972771,1.20404992628301,0.48,0,0,118,0
60,30,97.7103208109396,4.71505291972771,1.20404992628301,0.53,0,0,124,0
60,30,97.7103208109396,4.71505291972771,1.20404992628301,15.14,0,0,158,0
60,30,97.7103208109396,4.71505291972771,1.20404992628301,21.41,0,0,124,0
61,60,30.4134489641872,5.72432369379633,1.08565588952077,0,101,60000,0,1
61,60,30.4134489641872,5.72432369379633,1.08565588952077,7.08,0,0,745,0
61,60,30.4134489641872,5.72432369379633,1.08565588952077,9.14,0,0,340,0
61,60,30.4134489641872,5.72432369379633,1.08565588952077,9.61,0,0,583,0
61,60,30.4134489641872,5.72432369379633,1.08565588952077,14.05,0,0,214,0
62,60,51.3452175581905,3.50142134443207,0.8817312899063,0,101,60000,0,1
62,60,51.3452175581905,3.50142134443207,0.8817312899063,4.63,0,0,988,0
62,60,51.3452175581905,3.50142134443207,0.8817312899063,5.8,0,0,836,0
62,60,51.3452175581905,3.50142134443207,0.8817312899063,17.34,0,0,461,0
62,60,51.3452175581905,3.50142134443207,0.8817312899063,20.99,0,0,293,0
63,60,67.8024558933376,3.77829770310207,1.55578043607704,0,101,60000,0,1
63,60,67.8024558933376,3.77829770310207,1.55578043607704,9.03,0,0,334,0
63,60,67.8024558933376,3.77829770310207,1.55578043607704,12.34,0,0,520,0
63,60,67.8024558933376,3.77829770310207,1.55578043607704,14.48,0,0,343,0
63,60,67.8024558933376,3.77829770310207,1.55578043607704,18.17,0,0,543,0
64,60,41.6404890998383,8.10790256083404,1.09639740100198,0,101,60000,0,1
64,60,41.6404890998383,8.10790256083404,1.09639740100198,4.19,0,0,951,0
64,60,41.6404890998383,8.10790256083404,1.09639740100198,17.61,0,0,52,0
64,60,41.6404890998383,8.10790256083404,1.09639740100198,20.38,0,0,30,0
64,60,41.6404890998383,8.10790256083404,1.09639740100198,22.58,0,0,14,0
65,60,48.2034657860721,1.81680773418603,0.855900216795896,0,101,60000,0,1
65,60,48.2034657860721,1.81680773418603,0.855900216795896,6.19,0,0,1080,0
65,60,48.2034657860721,1.81680773418603,0.855900216795896,11.28,0,0,991,0
65,60,48.2034657860721,1.81680773418603,0.855900216795896,17.61,0,0,645,0
65,60,48.2034657860721,1.81680773418603,0.855900216795896,18.38,0,0,458,0
66,60,77.2202236780232,3.52976340580022,0.98877496188233,0,101,60000,0,1
66,60,77.2202236780232,3.52976340580022,0.98877496188233,1.12,0,0,403,0
66,60,77.2202236780232,3.52976340580022,0.98877496188233,6.29,0,0,587,0
66,60,77.2202236780232,3.52976340580022,0.98877496188233,21.83,0,0,228,0
66,60,77.2202236780232,3.52976340580022,0.98877496188233,23,0,0,412,0
67,60,57.4901818525362,2.99262973768086,1.07394959225786,0,101,60000,0,1
67,60,57.4901818525362,2.99262973768086,1.07394959225786,4.68,0,0,697,0
67,60,57.4901818525362,2.99262973768086,1.07394959225786,6.13,0,0,551,0
67,60,57.4901818525362,2.99262973768086,1.07394959225786,11.32,0,0,555,0
67,60,57.4901818525362,2.99262973768086,1.07394959225786,13.33,0,0,609,0
68,60,67.7747418172943,4.47207494091844,0.571080394446717,0,101,60000,0,1
68,60,67.7747418172943,4.47207494091844,0.571080394446717,0.12,0,0,84,0
68,60,67.7747418172943,4.47207494091844,0.571080394446717,0.14,0,0,76,0
68,60,67.7747418172943,4.47207494091844,0.571080394446717,15.86,0,0,310,0
68,60,67.7747418172943,4.47207494091844,0.571080394446717,18.65,0,0,305,0
69,60,67.4336791802722,3.36463947734655,1.37500765519219,0,101,60000,0,1
69,60,67.4336791802722,3.36463947734655,1.37500765519219,0.35,0,0,345,0
69,60,67.4336791802722,3.36463947734655,1.37500765519219,1.96,0,0,1023,0
69,60,67.4336791802722,3.36463947734655,1.37500765519219,14.01,0,0,579,0
69,60,67.4336791802722,3.36463947734655,1.37500765519219,16.92,0,0,445,0
70,60,93.6627956287287,3.42477540820241,1.70817137217765,0,101,60000,0,1
70,60,93.6627956287287,3.42477540820241,1.70817137217765,4.02,0,0,493,0
70,60,93.6627956287287,3.42477540820241,1.70817137217765,8.32,0,0,474,0
70,60,93.6627956287287,3.42477540820241,1.70817137217765,19.78,0,0,372,0
70,60,93.6627956287287,3.42477540820241,1.70817137217765,21.9,0,0,212,0
71,60,53.5348016238223,4.67179553140404,0.954703963562598,0,101,60000,0,1
71,60,53.5348016238223,4.67179553140404,0.954703963562598,0.67,0,0,548,0
71,60,53.5348016238223,4.67179553140404,0.954703963562598,1.21,0,0,785,0
71,60,53.5348016238223,4.67179553140404,0.954703963562598,10.9,0,0,472,0
71,60,53.5348016238223,4.67179553140404,0.954703963562598,16.04,0,0,259,0
72,60,49.6963138241654,3.49994290381215,0.67391339303094,0,101,60000,0,1
72,60,49.6963138241654,3.49994290381215,0.67391339303094,5.6,0,0,946,0
72,60,49.6963138241654,3.49994290381215,0.67391339303094,5.65,0,0,577,0
72,60,49.6963138241654,3.49994290381215,0.67391339303094,16.47,0,0,473,0
72,60,49.6963138241654,3.49994290381215,0.67391339303094,21.67,0,0,314,0
73,60,87.5499261656006,7.39541165751286,0.826258130805146,0,101,60000,0,1
73,60,87.5499261656006,7.39541165751286,0.826258130805146,8.61,0,0,302,0
73,60,87.5499261656006,7.39541165751286,0.826258130805146,11.92,0,0,262,0
73,60,87.5499261656006,7.39541165751286,0.826258130805146,16.05,0,0,200,0
73,60,87.5499261656006,7.39541165751286,0.826258130805146,20.07,0,0,154,0
74,60,31.8936186167763,2.62485356605735,1.43580552832783,0,101,60000,0,1
74,60,31.8936186167763,2.62485356605735,1.43580552832783,3.95,0,0,2086,0
74,60,31.8936186167763,2.62485356605735,1.43580552832783,5.71,0,0,1332,0
74,60,31.8936186167763,2.62485356605735,1.43580552832783,11.6,0,0,866,0
74,60,31.8936186167763,2.62485356605735,1.43580552832783,14.56,0,0,520,0
75,60,102.635199923904,4.50332224074201,1.12033123496316,0,101,60000,0,1
75,60,102.635199923904,4.50332224074201,1.12033123496316,1.59,0,0,658,0
75,60,102.635199923904,4.50332224074201,1.12033123496316,1.79,0,0,484,0
75,60,102.635199923904,4.50332224074201,1.12033123496316,6.49,0,0,390,0
75,60,102.635199923904,4.50332224074201,1.12033123496316,16.24,0,0,286,0
76,60,64.5344570608754,5.35268168274626,1.11542830000111,0,101,60000,0,1
76,60,64.5344570608754,5.35268168274626,1.11542830000111,5.88,0,0,608,0
76,60,64.5344570608754,5.35268168274626,1.11542830000111,16.82,0,0,250,0
76,60,64.5344570608754,5.35268168274626,1.11542830000111,16.9,0,0,238,0
76,60,64.5344570608754,5.35268168274626,1.11542830000111,20.26,0,0,222,0
77,60,53.5348016238223,4.67179553140404,0.954703963562598,0,101,60000,0,1
77,60,53.5348016238223,4.67179553140404,0.954703963562598,0.67,0,0,548,0
77,60,53.5348016238223,4.67179553140404,0.954703963562598,1.21,0,0,785,0
77,60,53.5348016238223,4.67179553140404,0.954703963562598,10.9,0,0,472,0
77,60,53.5348016238223,4.67179553140404,0.954703963562598,16.04,0,0,259,0
78,60,58.5286604023672,3.282537838941,1.10831285639975,0,101,60000,0,1
78,60,58.5286604023672,3.282537838941,1.10831285639975,0.1,0,0,119,0
78,60,58.5286604023672,3.282537838941,1.10831285639975,0.28,0,0,322,0
78,60,58.5286604023672,3.282537838941,1.10831285639975,9.63,0,0,353,0
78,60,58.5286604023672,3.282537838941,1.10831285639975,23.15,0,0,337,0
79,60,57.8347242876739,5.59924260920209,1.21118335179764,0,101,60000,0,1
79,60,57.8347242876739,5.59924260920209,1.21118335179764,15.19,0,0,185,0
79,60,57.8347242876739,5.59924260920209,1.21118335179764,17.68,0,0,278,0
79,60,57.8347242876739,5.59924260920209,1.21118335179764,19.89,0,0,137,0
79,60,57.8347242876739,5.59924260920209,1.21118335179764,21.36,0,0,178,0
80,60,77.3920627067876,4.70954455365703,1.14365052651669,0,101,60000,0,1
80,60,77.3920627067876,4.70954455365703,1.14365052651669,4.26,0,0,580,0
80,60,77.3920627067876,4.70954455365703,1.14365052651669,8.71,0,0,473,0
80,60,77.3920627067876,4.70954455365703,1.14365052651669,15.04,0,0,600,0
80,60,77.3920627067876,4.70954455365703,1.14365052651669,17.44,0,0,212,0
81,60,44.7123032469801,3.9496761022575,0.85538830701991,0,101,60000,0,1
81,60,44.7123032469801,3.9496761022575,0.85538830701991,6.1,0,0,809,0
81,60,44.7123032469801,3.9496761022575,0.85538830701991,7.17,0,0,635,0
81,60,44.7123032469801,3.9496761022575,0.85538830701991,8.1,0,0,602,0
81,60,44.7123032469801,3.9496761022575,0.85538830701991,11.88,0,0,496,0
82,60,51.3494296224676,4.54522912681052,0.613312238496335,0,101,60000,0,1
82,60,51.3494296224676,4.54522912681052,0.613312238496335,0.3,0,0,169,0
82,60,51.3494296224676,4.54522912681052,0.613312238496335,17.01,0,0,214,0
82,60,51.3494296224676,4.54522912681052,0.613312238496335,17.72,0,0,284,0
82,60,51.3494296224676,4.54522912681052,0.613312238496335,22.45,0,0,170,0
83,60,36.4873716451837,4.33940012534821,0.850469948921935,0,101,60000,0,1
83,60,36.4873716451837,4.33940012534821,0.850469948921935,6.91,0,0,686,0
83,60,36.4873716451837,4.33940012534821,0.850469948921935,11.51,0,0,330,0
83,60,36.4873716451837,4.33940012534821,0.850469948921935,19.67,0,0,206,0
83,60,36.4873716451837,4.33940012534821,0.850469948921935,23.41,0,0,116,0
84,60,78.9243399465637,2.52544854727615,1.80501588640875,0,101,60000,0,1
84,60,78.9243399465637,2.52544854727615,1.80501588640875,4.3,0,0,639,0
84,60,78.9243399465637,2.52544854727615,1.80501588640875,4.71,0,0,583,0
84,60,78.9243399465637,2.52544854727615,1.80501588640875,14.55,0,0,589,0
84,60,78.9243399465637,2.52544854727615,1.80501588640875,16.34,0,0,338,0
85,60,72.5427600509508,5.04194230195583,0.830862134425689,0,101,60000,0,1
85,60,72.5427600509508,5.04194230195583,0.830862134425689,8.66,0,0,343,0
85,60,72.5427600509508,5.04194230195583,0.830862134425689,10.13,0,0,440,0
85,60,72.5427600509508,5.04194230195583,0.830862134425689,14.09,0,0,262,0
85,60,72.5427600509508,5.04194230195583,0.830862134425689,18.68,0,0,363,0
86,60,117.191464912466,5.12783234715961,0.621669563948465,0,101,60000,0,1
86,60,117.191464912466,5.12783234715961,0.621669563948465,9.06,0,0,404,0
86,60,117.191464912466,5.12783234715961,0.621669563948465,12.5,0,0,282,0
86,60,117.191464912466,5.12783234715961,0.621669563948465,17.62,0,0,300,0
86,60,117.191464912466,5.12783234715961,0.621669563948465,21.34,0,0,311,0
87,60,48.0367036514884,2.83228911542692,1.24378108997991,0,101,60000,0,1
87,60,48.0367036514884,2.83228911542692,1.24378108997991,3.58,0,0,1606,0
87,60,48.0367036514884,2.83228911542692,1.24378108997991,13.48,0,0,733,0
87,60,48.0367036514884,2.83228911542692,1.24378108997991,15.63,0,0,479,0
87,60,48.0367036514884,2.83228911542692,1.24378108997991,23.23,0,0,390,0
88,60,100.051346360158,4.44641039848167,0.681125237516652,0,101,60000,0,1
88,60,100.051346360158,4.44641039848167,0.681125237516652,0.4,0,0,156,0
88,60,100.051346360158,4.44641039848167,0.681125237516652,2.65,0,0,303,0
88,60,100.051346360158,4.44641039848167,0.681125237516652,3.3,0,0,483,0
88,60,100.051346360158,4.44641039848167,0.681125237516652,7.44,0,0,375,0
89,60,83.7935586860131,2.47238175192999,0.848231329935942,0,101,60000,0,1
89,60,83.7935586860131,2.47238175192999,0.848231329935942,2.94,0,0,599,0
89,60,83.7935586860131,2.47238175192999,0.848231329935942,9.97,0,0,697,0
89,60,83.7935586860131,2.47238175192999,0.848231329935942,18.25,0,0,419,0
89,60,83.7935586860131,2.47238175192999,0.848231329935942,22.93,0,0,235,0
90,60,60.5110715177615,2.64248059957798,0.93724606050827,0,101,60000,0,1
90,60,60.5110715177615,2.64248059957798,0.93724606050827,6.2,0,0,825,0
90,60,60.5110715177615,2.64248059957798,0.93724606050827,15.46,0,0,348,0
90,60,60.5110715177615,2.64248059957798,0.93724606050827,19.01,0,0,457,0
90,60,60.5110715177615,2.64248059957798,0.93724606050827,19.85,0,0,558,0
91,120,46.9996622324792,3.03072571366968,1.68706915846795,0,101,120000,0,1
91,120,46.9996622324792,3.03072571366968,1.68706915846795,3.28,0,0,2230,0
91,120,46.9996622324792,3.03072571366968,1.68706915846795,17.22,0,0,756,0
91,120,46.9996622324792,3.03072571366968,1.68706915846795,19.51,0,0,577,0
91,120,46.9996622324792,3.03072571366968,1.68706915846795,21.06,0,0,788,0
92,120,59.2173690645294,4.82622263143039,0.712793224983605,0,101,120000,0,1
92,120,59.2173690645294,4.82622263143039,0.712793224983605,5.94,0,0,1654,0
92,120,59.2173690645294,4.82622263143039,0.712793224983605,8.98,0,0,1689,0
92,120,59.2173690645294,4.82622263143039,0.712793224983605,14.18,0,0,719,0
92,120,59.2173690645294,4.82622263143039,0.712793224983605,19.08,0,0,484,0
93,120,47.0787551379618,2.52807662103255,1.16888285712656,0,101,120000,0,1
93,120,47.0787551379618,2.52807662103255,1.16888285712656,5.03,0,0,2413,0
93,120,47.0787551379618,2.52807662103255,1.16888285712656,7.93,0,0,1804,0
93,120,47.0787551379618,2.52807662103255,1.16888285712656,10.64,0,0,1843,0
93,120,47.0787551379618,2.52807662103255,1.16888285712656,20.58,0,0,694,0
94,120,68.479376202157,4.40114385442005,0.837204031578209,0,101,120000,0,1
94,120,68.479376202157,4.40114385442005,0.837204031578209,11.35,0,0,947,0
94,120,68.479376202157,4.40114385442005,0.837204031578209,12.82,0,0,951,0
94,120,68.479376202157,4.40114385442005,0.837204031578209,15.92,0,0,759,0
94,120,68.479376202157,4.40114385442005,0.837204031578209,21.35,0,0,518,0
95,120,88.7580083312245,3.91913406564488,0.950662492871943,0,101,120000,0,1
95,120,88.7580083312245,3.91913406564488,0.950662492871943,12.94,0,0,797,0
95,120,88.7580083312245,3.91913406564488,0.950662492871943,17.77,0,0,689,0
95,120,88.7580083312245,3.91913406564488,0.950662492871943,20.06,0,0,544,0
95,120,88.7580083312245,3.91913406564488,0.950662492871943,21.64,0,0,513,0
96,120,114.020970802552,6.01653995213222,0.991211982825444,0,101,120000,0,1
96,120,114.020970802552,6.01653995213222,0.991211982825444,0.81,0,0,582,0
96,120,114.020970802552,6.01653995213222,0.991211982825444,8.94,0,0,890,0
96,120,114.020970802552,6.01653995213222,0.991211982825444,10.92,0,0,538,0
96,120,114.020970802552,6.01653995213222,0.991211982825444,15.83,0,0,394,0
97,120,90.861431780615,3.72922725726142,1.4286114116562,0,101,120000,0,1
97,120,90.861431780615,3.72922725726142,1.4286114116562,0.06,0,0,102,0
97,120,90.861431780615,3.72922725726142,1.4286114116562,9.57,0,0,978,0
97,120,90.861431780615,3.72922725726142,1.4286114116562,15.07,0,0,449,0
97,120,90.861431780615,3.72922725726142,1.4286114116562,19.61,0,0,772,0
98,120,68.1651871087853,2.97585200870712,0.832427819602021,0,101,120000,0,1
98,120,68.1651871087853,2.97585200870712,0.832427819602021,1.97,0,0,1346,0
98,120,68.1651871087853,2.97585200870712,0.832427819602021,7.78,0,0,1540,0
98,120,68.1651871087853,2.97585200870712,0.832427819602021,10.75,0,0,1109,0
98,120,68.1651871087853,2.97585200870712,0.832427819602021,19.01,0,0,681,0
99,120,57.9385454524541,2.20744019374105,1.51460565324737,0,101,120000,0,1
99,120,57.9385454524541,2.20744019374105,1.51460565324737,6.83,0,0,1407,0
99,120,57.9385454524541,2.20744019374105,1.51460565324737,15.71,0,0,817,0
99,120,57.9385454524541,2.20744019374105,1.51460565324737,22.4,0,0,727,0
99,120,57.9385454524541,2.20744019374105,1.51460565324737,23.15,0,0,917,0
100,120,70.6496774343716,4.33002077590949,0.732633244840622,0,101,120000,0,1
100,120,70.6496774343716,4.33002077590949,0.732633244840622,2.7,0,0,1379,0
100,120,70.6496774343716,4.33002077590949,0.732633244840622,13.5,0,0,795,0
100,120,70.6496774343716,4.33002077590949,0.732633244840622,14.97,0,0,570,0
100,120,70.6496774343716,4.33002077590949,0.732633244840622,16.22,0,0,814,0
101,120,91.6965031834011,3.58214992035055,1.07912133101215,0,101,120000,0,1
101,120,91.6965031834011,3.58214992035055,1.07912133101215,0.17,0,0,257,0
101,120,91.6965031834011,3.58214992035055,1.07912133101215,5.17,0,0,1601,0
101,120,91.6965031834011,3.58214992035055,1.07912133101215,20.85,0,0,544,0
101,120,91.6965031834011,3.58214992035055,1.07912133101215,22.08,0,0,492,0
102,120,104.233435838373,4.79424811030528,2.16279115036773,0,101,120000,0,1
102,120,104.233435838373,4.79424811030528,2.16279115036773,4.98,0,0,765,0
102,120,104.233435838373,4.79424811030528,2.16279115036773,11.34,0,0,665,0
102,120,104.233435838373,4.79424811030528,2.16279115036773,21.08,0,0,504,0
102,120,104.233435838373,4.79424811030528,2.16279115036773,23.72,0,0,303,0
103,120,120.368492626552,5.30030143897888,0.99883897584683,0,101,120000,0,1
103,120,120.368492626552,5.30030143897888,0.99883897584683,3.92,0,0,591,0
103,120,120.368492626552,5.30030143897888,0.99883897584683,5.96,0,0,708,0
103,120,120.368492626552,5.30030143897888,0.99883897584683,6.93,0,0,716,0
103,120,120.368492626552,5.30030143897888,0.99883897584683,23.62,0,0,371,0
104,120,44.7896516863174,2.47666562104997,1.00358561623576,0,101,120000,0,1
104,120,44.7896516863174,2.47666562104997,1.00358561623576,5.29,0,0,2236,0
104,120,44.7896516863174,2.47666562104997,1.00358561623576,11.52,0,0,1675,0
104,120,44.7896516863174,2.47666562104997,1.00358561623576,18.26,0,0,1080,0
104,120,44.7896516863174,2.47666562104997,1.00358561623576,19.88,0,0,950,0
105,120,62.134984885556,4.53609210347109,0.775958902660485,0,101,120000,0,1
105,120,62.134984885556,4.53609210347109,0.775958902660485,3.47,0,0,1643,0
105,120,62.134984885556,4.53609210347109,0.775958902660485,4.77,0,0,1351,0
105,120,62.134984885556,4.53609210347109,0.775958902660485,6.97,0,0,1235,0
105,120,62.134984885556,4.53609210347109,0.775958902660485,20.86,0,0,555,0
106,120,68.0821831025552,4.14148783588667,0.911131778544636,0,101,120000,0,1
106,120,68.0821831025552,4.14148783588667,0.911131778544636,5.32,0,0,1992,0
106,120,68.0821831025552,4.14148783588667,0.911131778544636,6.98,0,0,1223,0
106,120,68.0821831025552,4.14148783588667,0.911131778544636,9.86,0,0,1056,0
106,120,68.0821831025552,4.14148783588667,0.911131778544636,18.55,0,0,448,0
107,120,81.0300066066365,3.57462940464489,0.826504793353052,0,101,120000,0,1
107,120,81.0300066066365,3.57462940464489,0.826504793353052,8.71,0,0,1031,0
107,120,81.0300066066365,3.57462940464489,0.826504793353052,11.63,0,0,963,0
107,120,81.0300066066365,3.57462940464489,0.826504793353052,14.51,0,0,972,0
107,120,81.0300066066365,3.57462940464489,0.826504793353052,16.57,0,0,825,0
108,120,63.9948155340968,3.93081864252355,1.26077014568331,0,101,120000,0,1
108,120,63.9948155340968,3.93081864252355,1.26077014568331,5.46,0,0,1206,0
108,120,63.9948155340968,3.93081864252355,1.26077014568331,9.52,0,0,1176,0
108,120,63.9948155340968,3.93081864252355,1.26077014568331,12.99,0,0,818,0
108,120,63.9948155340968,3.93081864252355,1.26077014568331,21.44,0,0,730,0
109,120,75.6260511731986,3.60767086189312,1.41185100435581,0,101,120000,0,1
109,120,75.6260511731986,3.60767086189312,1.41185100435581,2.97,0,0,922,0
109,120,75.6260511731986,3.60767086189312,1.41185100435581,11.06,0,0,836,0
109,120,75.6260511731986,3.60767086189312,1.41185100435581,23.06,0,0,520,0
109,120,75.6260511731986,3.60767086189312,1.41185100435581,23.33,0,0,729,0
110,120,65.8183968796822,3.75569210705637,0.589684858005815,0,101,120000,0,1
110,120,65.8183968796822,3.75569210705637,0.589684858005815,7.2,0,0,1277,0
110,120,65.8183968796822,3.75569210705637,0.589684858005815,13.06,0,0,870,0
110,120,65.8183968796822,3.75569210705637,0.589684858005815,22.09,0,0,598,0
110,120,65.8183968796822,3.75569210705637,0.589684858005815,23.17,0,0,649,0
111,120,69.476415665394,4.01557133417522,0.786107726515256,0,101,120000,0,1
111,120,69.476415665394,4.01557133417522,0.786107726515256,3.97,0,0,1039,0
111,120,69.476415665394,4.01557133417522,0.786107726515256,5.3,0,0,1293,0
111,120,69.476415665394,4.01557133417522,0.786107726515256,8.06,0,0,1269,0
111,120,69.476415665394,4.01557133417522,0.786107726515256,21.74,0,0,614,0
112,120,63.3060172894981,3.56644902635136,1.69718621911156,0,101,120000,0,1
112,120,63.3060172894981,3.56644902635136,1.69718621911156,3.3,0,0,1502,0
112,120,63.3060172894981,3.56644902635136,1.69718621911156,11.1,0,0,949,0
112,120,63.3060172894981,3.56644902635136,1.69718621911156,13.05,0,0,1237,0
112,120,63.3060172894981,3.56644902635136,1.69718621911156,18.71,0,0,805,0
113,120,91.1728371120312,4.20939105230688,0.700166612204801,0,101,120000,0,1
113,120,91.1728371120312,4.20939105230688,0.700166612204801,12.24,0,0,1020,0
113,120,91.1728371120312,4.20939105230688,0.700166612204801,12.56,0,0,903,0
113,120,91.1728371120312,4.20939105230688,0.700166612204801,13.65,0,0,638,0
113,120,91.1728371120312,4.20939105230688,0.700166612204801,15.15,0,0,714,0
114,120,68.875118262244,5.97801206521967,0.856001833097144,0,101,120000,0,1
114,120,68.875118262244,5.97801206521967,0.856001833097144,2.97,0,0,1187,0
114,120,68.875118262244,5.97801206521967,0.856001833097144,3.97,0,0,1294,0
114,120,68.875118262244,5.97801206521967,0.856001833097144,12.1,0,0,800,0
114,120,68.875118262244,5.97801206521967,0.856001833097144,21.77,0,0,325,0
115,120,60.9533521325722,5.24502968768164,1.04057924332747,0,101,120000,0,1
115,120,60.9533521325722,5.24502968768164,1.04057924332747,5.77,0,0,864,0
115,120,60.9533521325722,5.24502968768164,1.04057924332747,6.39,0,0,1832,0
115,120,60.9533521325722,5.24502968768164,1.04057924332747,9.79,0,0,861,0
115,120,60.9533521325722,5.24502968768164,1.04057924332747,18.68,0,0,397,0
116,120,71.9491367546099,2.78773655191165,1.15369645433268,0,101,120000,0,1
116,120,71.9491367546099,2.78773655191165,1.15369645433268,8.5,0,0,1132,0
116,120,71.9491367546099,2.78773655191165,1.15369645433268,10.93,0,0,1465,0
116,120,71.9491367546099,2.78773655191165,1.15369645433268,12.28,0,0,1573,0
116,120,71.9491367546099,2.78773655191165,1.15369645433268,21.85,0,0,946,0
117,120,53.6641069722385,4.82104180407606,1.03897546263607,0,101,120000,0,1
117,120,53.6641069722385,4.82104180407606,1.03897546263607,2.46,0,0,1682,0
117,120,53.6641069722385,4.82104180407606,1.03897546263607,9.85,0,0,929,0
117,120,53.6641069722385,4.82104180407606,1.03897546263607,9.87,0,0,773,0
117,120,53.6641069722385,4.82104180407606,1.03897546263607,18.08,0,0,362,0
118,120,60.2344968603225,4.87341520026634,0.502657437806736,0,101,120000,0,1
118,120,60.2344968603225,4.87341520026634,0.502657437806736,4.48,0,0,1329,0
118,120,60.2344968603225,4.87341520026634,0.502657437806736,8.2,0,0,1099,0
118,120,60.2344968603225,4.87341520026634,0.502657437806736,19.2,0,0,591,0
118,120,60.2344968603225,4.87341520026634,0.502657437806736,21.28,0,0,323,0
119,120,69.9927099629118,4.02526347053466,1.00959617378415,0,101,120000,0,1
119,120,69.9927099629118,4.02526347053466,1.00959617378415,0.65,0,0,704,0
119,120,69.9927099629118,4.02526347053466,1.00959617378415,16.96,0,0,670,0
119,120,69.9927099629118,4.02526347053466,1.00959617378415,21.98,0,0,548,0
119,120,69.9927099629118,4.02526347053466,1.00959617378415,22.86,0,0,365,0
120,120,87.9562954832852,4.70215553483918,1.89033781264107,0,101,120000,0,1
120,120,87.9562954832852,4.70215553483918,1.89033781264107,5.22,0,0,1052,0
120,120,87.9562954832852,4.70215553483918,1.89033781264107,5.57,0,0,1114,0
120,120,87.9562954832852,4.70215553483918,1.89033781264107,11.26,0,0,1128,0
120,120,87.9562954832852,4.70215553483918,1.89033781264107,23.5,0,0,386,0
