ID,DOSE,V,CL,KA,TIME,EVID,AMT,DV,EVIDNM
1,10,52.42081782852,3.88428921905986,0.926894649555546,0,101,10000,0,1
1,10,52.42081782852,3.88428921905986,0.926894649555546,2.43,0,0,191,0
1,10,52.42081782852,3.88428921905986,0.926894649555546,4.75,0,0,125,0
1,10,52.42081782852,3.88428921905986,0.926894649555546,13.57,0,0,58,0
1,10,52.42081782852,3.88428921905986,0.926894649555546,16.07,0,0,66,0
2,10,63.772809188209,6.57463577754215,1.20439179691197,0,101,10000,0,1
2,10,63.772809188209,6.57463577754215,1.20439179691197,2.84,0,0,141,0
2,10,63.772809188209,6.57463577754215,1.20439179691197,16.46,0,0,25,0
2,10,63.772809188209,6.57463577754215,1.20439179691197,17.73,0,0,25,0
2,10,63.772809188209,6.57463577754215,1.20439179691197,20.75,0,0,12,0
3,10,122.442822410968,7.0899348583819,1.32957319561525,0,101,10000,0,1
3,10,122.442822410968,7.0899348583819,1.32957319561525,0.78,0,0,63,0
3,10,122.442822410968,7.0899348583819,1.32957319561525,6.79,0,0,42,0
3,10,122.442822410968,7.0899348583819,1.32957319561525,21.93,0,0,23,0
3,10,122.442822410968,7.0899348583819,1.32957319561525,22.97,0,0,17,0
4,10,71.6506076452767,3.84251381839912,1.5212018995902,0,101,10000,0,1
4,10,71.6506076452767,3.84251381839912,1.5212018995902,5.48,0,0,83,0
4,10,71.6506076452767,3.84251381839912,1.5212018995902,12.86,0,0,97,0
4,10,71.6506076452767,3.84251381839912,1.5212018995902,15.54,0,0,72,0
4,10,71.6506076452767,3.84251381839912,1.5212018995902,19.89,0,0,67,0
5,10,49.6676502789256,3.48158021984659,1.11430731953533,0,101,10000,0,1
5,10,49.6676502789256,3.48158021984659,1.11430731953533,0.4,0,0,76,0
5,10,49.6676502789256,3.48158021984659,1.11430731953533,4.57,0,0,134,0
5,10,49.6676502789256,3.48158021984659,1.11430731953533,4.95,0,0,131,0
5,10,49.6676502789256,3.48158021984659,1.11430731953533,16.33,0,0,55,0
6,10,41.4995412162659,3.58479216682722,0.960993323717344,0,101,10000,0,1
6,10,41.4995412162659,3.58479216682722,0.960993323717344,1.04,0,0,199,0
6,10,41.4995412162659,3.58479216682722,0.960993323717344,8.84,0,0,141,0
6,10,41.4995412162659,3.58479216682722,0.960993323717344,9.39,0,0,123,0
6,10,41.4995412162659,3.58479216682722,0.960993323717344,14.55,0,0,60,0
7,10,105.342303785701,7.86641753263166,1.83225029034964,0,101,10000,0,1
7,10,105.342303785701,7.86641753263166,1.83225029034964,11.09,0,0,48,0
7,10,105.342303785701,7.86641753263166,1.83225029034964,13.84,0,0,40,0
7,10,105.342303785701,7.86641753263166,1.83225029034964,17.9,0,0,26,0
7,10,105.342303785701,7.86641753263166,1.83225029034964,18.67,0,0,21,0
8,10,52.5907466899662,2.56915479395779,0.965550963881923,0,101,10000,0,1
8,10,52.5907466899662,2.56915479395779,0.965550963881923,1.54,0,0,167,0
8,10,52.5907466899662,2.56915479395779,0.965550963881923,9.07,0,0,157,0
8,10,52.5907466899662,2.56915479395779,0.965550963881923,10.49,0,0,118,0
8,10,52.5907466899662,2.56915479395779,0.965550963881923,17.86,0,0,81,0
9,10,101.150282195208,4.14618091925766,1.40664188888244,0,101,10000,0,1
9,10,101.150282195208,4.14618091925766,1.40664188888244,3.99,0,0,94,0
9,10,101.150282195208,4.14618091925766,1.40664188888244,6.27,0,0,78,0
9,10,101.150282195208,4.14618091925766,1.40664188888244,14.34,0,0,61,0
9,10,101.150282195208,4.14618091925766,1.40664188888244,22.31,0,0,36,0
10,10,80.205180161308,7.48299142444395,1.22874490407518,0,101,10000,0,1
10,10,80.205180161308,7.48299142444395,1.22874490407518,4.05,0,0,100,0
10,10,80.205180161308,7.48299142444395,1.22874490407518,11.01,0,0,48,0
10,10,80.205180161308,7.48299142444395,1.22874490407518,20.96,0,0,20,0
10,10,80.205180161308,7.48299142444395,1.22874490407518,21.15,0,0,17,0
11,10,45.4952964195173,3.59969138979375,1.0043381659046,0,101,10000,0,1
11,10,45.4952964195173,3.59969138979375,1.0043381659046,2.19,0,0,161,0
11,10,45.4952964195173,3.59969138979375,1.0043381659046,5.21,0,0,222,0
11,10,45.4952964195173,3.59969138979375,1.0043381659046,8.39,0,0,99,0
11,10,45.4952964195173,3.59969138979375,1.0043381659046,16.18,0,0,61,0
12,10,107.455447809367,2.87598929829768,0.887638470117155,0,101,10000,0,1
12,10,107.455447809367,2.87598929829768,0.887638470117155,3.08,0,0,70,0
12,10,107.455447809367,2.87598929829768,0.887638470117155,5.29,0,0,70,0
12,10,107.455447809367,2.87598929829768,0.887638470117155,15.4,0,0,60,0
12,10,107.455447809367,2.87598929829768,0.887638470117155,18.63,0,0,39,0
13,10,64.1064354119128,5.64017151622392,1.12377079481902,0,101,10000,0,1
13,10,64.1064354119128,5.64017151622392,1.12377079481902,5.78,0,0,75,0
13,10,64.1064354119128,5.64017151622392,1.12377079481902,9.12,0,0,64,0
13,10,64.1064354119128,5.64017151622392,1.12377079481902,12.22,0,0,72,0
13,10,64.1064354119128,5.64017151622392,1.12377079481902,22.89,0,0,21,0
14,10,51.5575971382091,4.44938273660987,1.34445062583191,0,101,10000,0,1
14,10,51.5575971382091,4.44938273660987,1.34445062583191,1.9,0,0,122,0
14,10,51.5575971382091,4.44938273660987,1.34445062583191,5.03,0,0,174,0
14,10,51.5575971382091,4.44938273660987,1.34445062583191,14.65,0,0,57,0
14,10,51.5575971382091,4.44938273660987,1.34445062583191,19.85,0,0,38,0
15,10,71.8368817284146,4.67861007306099,1.10647111152028,0,101,10000,0,1
15,10,71.8368817284146,4.67861007306099,1.10647111152028,6.62,0,0,61,0
15,10,71.8368817284146,4.67861007306099,1.10647111152028,18.4,0,0,36,0
15,10,71.8368817284146,4.67861007306099,1.10647111152028,19.41,0,0,42,0
15,10,71.8368817284146,4.67861007306099,1.10647111152028,20.47,0,0,34,0
16,10,65.3561851459628,2.59554752651075,0.527735426702489,0,101,10000,0,1
16,10,65.3561851459628,2.59554752651075,0.527735426702489,2.05,0,0,92,0
16,10,65.3561851459628,2.59554752651075,0.527735426702489,12.9,0,0,123,0
16,10,65.3561851459628,2.59554752651075,0.527735426702489,14.38,0,0,119,0
16,10,65.3561851459628,2.59554752651075,0.527735426702489,21.07,0,0,87,0
17,10,80.7869743595063,2.69482624521119,1.46267876225854,0,101,10000,0,1
17,10,80.7869743595063,2.69482624521119,1.46267876225854,0.92,0,0,66,0
17,10,80.7869743595063,2.69482624521119,1.46267876225854,4.81,0,0,123,0
17,10,80.7869743595063,2.69482624521119,1.46267876225854,18.12,0,0,92,0
17,10,80.7869743595063,2.69482624521119,1.46267876225854,19.63,0,0,63,0
18,10,37.8371888997286,3.88700969713156,0.969843215616918,0,101,10000,0,1
18,10,37.8371888997286,3.88700969713156,0.969843215616918,4.6,0,0,176,0
18,10,37.8371888997286,3.88700969713156,0.969843215616918,6.22,0,0,167,0
18,10,37.8371888997286,3.88700969713156,0.969843215616918,13.92,0,0,113,0
18,10,37.8371888997286,3.88700969713156,0.969843215616918,16.29,0,0,56,0
19,10,59.2920867647778,2.26754267571532,0.675630399504101,0,101,10000,0,1
19,10,59.2920867647778,2.26754267571532,0.675630399504101,0.92,0,0,90,0
19,10,59.2920867647778,2.26754267571532,0.675630399504101,6.87,0,0,106,0
19,10,59.2920867647778,2.26754267571532,0.675630399504101,17.06,0,0,82,0
19,10,59.2920867647778,2.26754267571532,0.675630399504101,20.26,0,0,132,0
20,10,96.78901408618,4.87105171702827,0.86877295955502,0,101,10000,0,1
20,10,96.78901408618,4.87105171702827,0.86877295955502,11.95,0,0,51,0
20,10,96.78901408618,4.87105171702827,0.86877295955502,16.19,0,0,38,0
20,10,96.78901408618,4.87105171702827,0.86877295955502,17.65,0,0,34,0
20,10,96.78901408618,4.87105171702827,0.86877295955502,23.49,0,0,34,0
21,10,114.554708599256,3.32856971474196,1.14260033661101,0,101,10000,0,1
21,10,114.554708599256,3.32856971474196,1.14260033661101,1.09,0,0,49,0
21,10,114.554708599256,3.32856971474196,1.14260033661101,9.53,0,0,77,0
21,10,114.554708599256,3.32856971474196,1.14260033661101,12.32,0,0,65,0
21,10,114.554708599256,3.32856971474196,1.14260033661101,21.77,0,0,36,0
22,10,94.0922179005351,3.21741545576252,0.799458792257354,0,101,10000,0,1
22,10,94.0922179005351,3.21741545576252,0.799458792257354,3.01,0,0,77,0
22,10,94.0922179005351,3.21741545576252,0.799458792257354,3.61,0,0,100,0
22,10,94.0922179005351,3.21741545576252,0.799458792257354,9.36,0,0,92,0
22,10,94.0922179005351,3.21741545576252,0.799458792257354,20.99,0,0,55,0
23,10,107.465451373778,3.28431981077134,0.971027969542085,0,101,10000,0,1
23,10,107.465451373778,3.28431981077134,0.971027969542085,5.94,0,0,87,0
23,10,107.465451373778,3.28431981077134,0.971027969542085,10.81,0,0,78,0
23,10,107.465451373778,3.28431981077134,0.971027969542085,13.16,0,0,57,0
23,10,107.465451373778,3.28431981077134,0.971027969542085,17.38,0,0,51,0
24,10,50.7966211213379,4.70813667678416,0.4678099845326,0,101,10000,0,1
24,10,50.7966211213379,4.70813667678416,0.4678099845326,1.11,0,0,69,0
24,10,50.7966211213379,4.70813667678416,0.4678099845326,12.82,0,0,75,0
24,10,50.7966211213379,4.70813667678416,0.4678099845326,18.69,0,0,39,0
24,10,50.7966211213379,4.70813667678416,0.4678099845326,20.85,0,0,32,0
25,10,62.2096718405204,2.91474630522358,1.6860131354319,0,101,10000,0,1
25,10,62.2096718405204,2.91474630522358,1.6860131354319,3.78,0,0,140,0
25,10,62.2096718405204,2.91474630522358,1.6860131354319,12.12,0,0,104,0
25,10,62.2096718405204,2.91474630522358,1.6860131354319,18.71,0,0,51,0
25,10,62.2096718405204,2.91474630522358,1.6860131354319,22.07,0,0,58,0
26,10,44.7507611542548,6.35404176854049,1.35332083457255,0,101,10000,0,1
26,10,44.7507611542548,6.35404176854049,1.35332083457255,6.49,0,0,75,0
26,10,44.7507611542548,6.35404176854049,1.35332083457255,10.37,0,0,69,0
26,10,44.7507611542548,6.35404176854049,1.35332083457255,10.81,0,0,44,0
26,10,44.7507611542548,6.35404176854049,1.35332083457255,23.11,0,0,9,0
27,10,95.1059401707828,3.03573314263158,0.709683023961075,0,101,10000,0,1
27,10,95.1059401707828,3.03573314263158,0.709683023961075,5.13,0,0,104,0
27,10,95.1059401707828,3.03573314263158,0.709683023961075,10.3,0,0,63,0
27,10,95.1059401707828,3.03573314263158,0.709683023961075,14.12,0,0,52,0
27,10,95.1059401707828,3.03573314263158,0.709683023961075,21.17,0,0,51,0
28,10,113.375200764474,3.68065685354335,0.951075117037814,0,101,10000,0,1
28,10,113.375200764474,3.68065685354335,0.951075117037814,7.69,0,0,79,0
28,10,113.375200764474,3.68065685354335,0.951075117037814,13.74,0,0,43,0
28,10,113.375200764474,3.68065685354335,0.951075117037814,13.89,0,0,50,0
28,10,113.375200764474,3.68065685354335,0.951075117037814,21.44,0,0,32,0
29,10,37.8728843666493,2.66760784883454,0.776454039815143,0,101,10000,0,1
29,10,37.8728843666493,2.66760784883454,0.776454039815143,3.14,0,0,186,0
29,10,37.8728843666493,2.66760784883454,0.776454039815143,7.63,0,0,162,0
29,10,37.8728843666493,2.66760784883454,0.776454039815143,9.47,0,0,127,0
29,10,37.8728843666493,2.66760784883454,0.776454039815143,13.18,0,0,108,0
30,10,53.7599048717354,3.79068019565247,0.721739288218951,0,101,10000,0,1
30,10,53.7599048717354,3.79068019565247,0.721739288218951,10.03,0,0,117,0
30,10,53.7599048717354,3.79068019565247,0.721739288218951,11.73,0,0,68,0
30,10,53.7599048717354,3.79068019565247,0.721739288218951,16.08,0,0,73,0
30,10,53.7599048717354,3.79068019565247,0.721739288218951,23.43,0,0,31,0
31,30,90.4530268463812,2.95442393245098,1.34169844090599,0,101,30000,0,1
31,30,90.4530268463812,2.95442393245098,1.34169844090599,9.82,0,0,257,0
31,30,90.4530268463812,2.95442393245098,1.34169844090599,10.09,0,0,266,0
31,30,90.4530268463812,2.95442393245098,1.34169844090599,15.61,0,0,235,0
31,30,90.4530268463812,2.95442393245098,1.34169844090599,19.3,0,0,182,0
32,30,67.433151351765,3.39722645198565,1.28925341294477,0,101,30000,0,1
32,30,67.433151351765,3.39722645198565,1.28925341294477,7.82,0,0,272,0
32,30,67.433151351765,3.39722645198565,1.28925341294477,12.07,0,0,243,0
32,30,67.433151351765,3.39722645198565,1.28925341294477,15.79,0,0,186,0
32,30,67.433151351765,3.39722645198565,1.28925341294477,21.07,0,0,183,0
33,30,63.3078878497523,3.16746352502748,1.62917776250133,0,101,30000,0,1
33,30,63.3078878497523,3.16746352502748,1.62917776250133,0.19,0,0,132,0
33,30,63.3078878497523,3.16746352502748,1.62917776250133,11.11,0,0,271,0
33,30,63.3078878497523,3.16746352502748,1.62917776250133,14.54,0,0,289,0
33,30,63.3078878497523,3.16746352502748,1.62917776250133,16.41,0,0,206,0
34,30,60.2399408512566,3.30091903073965,0.701200293945463,0,101,30000,0,1
34,30,60.2399408512566,3.30091903073965,0.701200293945463,3.64,0,0,285,0
34,30,60.2399408512566,3.30091903073965,0.701200293945463,6.78,0,0,389,0
34,30,60.2399408512566,3.30091903073965,0.701200293945463,14.71,0,0,257,0
34,30,60.2399408512566,3.30091903073965,0.701200293945463,17.43,0,0,169,0
35,30,97.475596471114,3.70997520043272,0.87478341435798,0,101,30000,0,1
35,30,97.475596471114,3.70997520043272,0.87478341435798,0.08,0,0,28,0
35,30,97.475596471114,3.70997520043272,0.87478341435798,11.79,0,0,245,0
35,30,97.475596471114,3.70997520043272,0.87478341435798,17.89,0,0,110,0
35,30,97.475596471114,3.70997520043272,0.87478341435798,23.69,0,0,142,0
36,30,96.1873664781447,8.55722609349328,1.17272461406697,0,101,30000,0,1
36,30,96.1873664781447,8.55722609349328,1.17272461406697,7.9,0,0,167,0
36,30,96.1873664781447,8.55722609349328,1.17272461406697,7.92,0,0,181,0
36,30,96.1873664781447,8.55722609349328,1.17272461406697,14.28,0,0,106,0
36,30,96.1873664781447,8.55722609349328,1.17272461406697,23.01,0,0,51,0
37,30,41.7701131825274,3.68517606978883,0.568059915184171,0,101,30000,0,1
37,30,41.7701131825274,3.68517606978883,0.568059915184171,0.84,0,0,343,0
37,30,41.7701131825274,3.68517606978883,0.568059915184171,11.94,0,0,296,0
37,30,41.7701131825274,3.68517606978883,0.568059915184171,15.26,0,0,258,0
37,30,41.7701131825274,3.68517606978883,0.568059915184171,21.23,0,0,141,0
38,30,61.3634171748957,5.39855909839893,1.33226829484805,0,101,30000,0,1
38,30,61.3634171748957,5.39855909839893,1.33226829484805,0.93,0,0,355,0
38,30,61.3634171748957,5.39855909839893,1.33226829484805,13.84,0,0,152,0
38,30,61.3634171748957,5.39855909839893,1.33226829484805,20.19,0,0,88,0
38,30,61.3634171748957,5.39855909839893,1.33226829484805,22.63,0,0,80,0
39,30,68.9794596302675,3.0743476761246,0.828108913836255,0,101,30000,0,1
39,30,68.9794596302675,3.0743476761246,0.828108913836255,4.67,0,0,315,0
39,30,68.9794596302675,3.0743476761246,0.828108913836255,6.93,0,0,333,0
39,30,68.9794596302675,3.0743476761246,0.828108913836255,8.49,0,0,563,0
39,30,68.9794596302675,3.0743476761246,0.828108913836255,10.65,0,0,228,0
40,30,84.0292339846517,7.95802624004068,0.831222970871179,0,101,30000,0,1
40,30,84.0292339846517,7.95802624004068,0.831222970871179,7.27,0,0,169,0
40,30,84.0292339846517,7.95802624004068,0.831222970871179,11.45,0,0,115,0
40,30,84.0292339846517,7.95802624004068,0.831222970871179,13.01,0,0,129,0
40,30,84.0292339846517,7.95802624004068,0.831222970871179,21.03,0,0,55,0
41,30,46.9961863344469,4.38874785184634,1.09245948752128,0,101,30000,0,1
41,30,46.9961863344469,4.38874785184634,1.09245948752128,8.26,0,0,373,0
41,30,46.9961863344469,4.38874785184634,1.09245948752128,17.09,0,0,175,0
41,30,46.9961863344469,4.38874785184634,1.09245948752128,22.26,0,0,80,0
41,30,46.9961863344469,4.38874785184634,1.09245948752128,22.88,0,0,115,0
42,30,34.949781420211,2.51445188128015,1.01141770013832,0,101,30000,0,1
42,30,34.949781420211,2.51445188128015,1.01141770013832,3.31,0,0,868,0
42,30,34.949781420211,2.51445188128015,1.01141770013832,6.71,0,0,624,0
42,30,34.949781420211,2.51445188128015,1.01141770013832,18.53,0,0,294,0
42,30,34.949781420211,2.51445188128015,1.01141770013832,19.82,0,0,158,0
43,30,48.3561072994349,3.91510869189613,0.78077980453742,0,101,30000,0,1
43,30,48.3561072994349,3.91510869189613,0.78077980453742,0.81,0,0,189,0
43,30,48.3561072994349,3.91510869189613,0.78077980453742,13.12,0,0,251,0
43,30,48.3561072994349,3.91510869189613,0.78077980453742,13.78,0,0,221,0
43,30,48.3561072994349,3.91510869189613,0.78077980453742,17.84,0,0,182,0
44,30,56.9968308858017,4.09149870341152,0.984888319629914,0,101,30000,0,1
44,30,56.9968308858017,4.09149870341152,0.984888319629914,4.93,0,0,325,0
44,30,56.9968308858017,4.09149870341152,0.984888319629914,6.38,0,0,429,0
44,30,56.9968308858017,4.09149870341152,0.984888319629914,6.69,0,0,435,0
44,30,56.9968308858017,4.09149870341152,0.984888319629914,14.2,0,0,253,0
45,30,72.0467889997658,2.71697605314106,0.530517806970876,0,101,30000,0,1
45,30,72.0467889997658,2.71697605314106,0.530517806970876,7.86,0,0,421,0
45,30,72.0467889997658,2.71697605314106,0.530517806970876,10.07,0,0,332,0
45,30,72.0467889997658,2.71697605314106,0.530517806970876,11.67,0,0,252,0
45,30,72.0467889997658,2.71697605314106,0.530517806970876,12.78,0,0,299,0
46,30,58.3208557662977,3.44630708699224,0.999846870857836,0,101,30000,0,1
46,30,58.3208557662977,3.44630708699224,0.999846870857836,3.83,0,0,479,0
46,30,58.3208557662977,3.44630708699224,0.999846870857836,7.57,0,0,350,0
46,30,58.3208557662977,3.44630708699224,0.999846870857836,7.69,0,0,361,0
46,30,58.3208557662977,3.44630708699224,0.999846870857836,15.38,0,0,217,0
47,30,65.9720432277319,4.1751395821949,1.04045913721113,0,101,30000,0,1
47,30,65.9720432277319,4.1751395821949,1.04045913721113,1.28,0,0,282,0
47,30,65.9720432277319,4.1751395821949,1.04045913721113,11.05,0,0,307,0
47,30,65.9720432277319,4.1751395821949,1.04045913721113,11.55,0,0,277,0
47,30,65.9720432277319,4.1751395821949,1.04045913721113,14.47,0,0,231,0
48,30,72.2213446387043,3.49540408526359,1.2567913677659,0,101,30000,0,1
48,30,72.2213446387043,3.49540408526359,1.2567913677659,0.1,0,0,29,0
48,30,72.2213446387043,3.49540408526359,1.2567913677659,10.76,0,0,316,0
48,30,72.2213446387043,3.49540408526359,1.2567913677659,15.04,0,0,175,0
48,30,72.2213446387043,3.49540408526359,1.2567913677659,20.25,0,0,219,0
49,30,32.9636072496484,4.06258874330774,0.897957289475539,0,101,30000,0,1
49,30,32.9636072496484,4.06258874330774,0.897957289475539,8.49,0,0,370,0
49,30,32.9636072496484,4.06258874330774,0.897957289475539,18.21,0,0,126,0
49,30,32.9636072496484,4.06258874330774,0.897957289475539,21.14,0,0,97,0
49,30,32.9636072496484,4.06258874330774,0.897957289475539,23.64,0,0,51,0
50,30,62.3256445485032,4.7216417093834,1.2159455023642,0,101,30000,0,1
50,30,62.3256445485032,4.7216417093834,1.2159455023642,0.88,0,0,315,0
50,30,62.3256445485032,4.7216417093834,1.2159455023642,3.45,0,0,469,0
50,30,62.3256445485032,4.7216417093834,1.2159455023642,7.44,0,0,359,0
50,30,62.3256445485032,4.7216417093834,1.2159455023642,9.1,0,0,288,0
51,30,53.3072502577528,4.42174201423825,0.88482674201076,0,101,30000,0,1
51,30,53.3072502577528,4.42174201423825,0.88482674201076,1.49,0,0,392,0
51,30,53.3072502577528,4.42174201423825,0.88482674201076,10.53,0,0,280,0
51,30,53.3072502577528,4.42174201423825,0.88482674201076,15.75,0,0,265,0
51,30,53.3072502577528,4.42174201423825,0.88482674201076,17.53,0,0,153,0
52,30,78.1977133721965,3.52095161661877,1.3397952286139,0,101,30000,0,1
52,30,78.1977133721965,3.52095161661877,1.3397952286139,2.29,0,0,373,0
52,30,78.1977133721965,3.52095161661877,1.3397952286139,12.73,0,0,241,0
52,30,78.1977133721965,3.52095161661877,1.3397952286139,14.72,0,0,139,0
52,30,78.1977133721965,3.52095161661877,1.3397952286139,14.97,0,0,208,0
53,30,47.0213761972604,3.1148059765911,1.01903671680851,0,101,30000,0,1
53,30,47.0213761972604,3.1148059765911,1.01903671680851,9.19,0,0,473,0
53,30,47.0213761972604,3.1148059765911,1.01903671680851,13.13,0,0,226,0
53,30,47.0213761972604,3.1148059765911,1.01903671680851,18.6,0,0,256,0
53,30,47.0213761972604,3.1148059765911,1.01903671680851,22.55,0,0,139,0
54,30,47.139698184351,3.89410153872452,1.24419791483931,0,101,30000,0,1
54,30,47.139698184351,3.89410153872452,1.24419791483931,9.38,0,0,478,0
54,30,47.139698184351,3.89410153872452,1.24419791483931,9.97,0,0,322,0
54,30,47.139698184351,3.89410153872452,1.24419791483931,12.9,0,0,275,0
54,30,47.139698184351,3.89410153872452,1.24419791483931,15.12,0,0,211,0
55,30,98.0388972547899,3.6924146862019,1.10048815303584,0,101,30000,0,1
55,30,98.0388972547899,3.6924146862019,1.10048815303584,2.79,0,0,315,0
55,30,98.0388972547899,3.6924146862019,1.10048815303584,5.22,0,0,210,0
55,30,98.0388972547899,3.6924146862019,1.10048815303584,8.21,0,0,182,0
55,30,98.0388972547899,3.6924146862019,1.10048815303584,18.38,0,0,118,0
56,30,86.7277764143618,2.17005786993366,0.919968773676755,0,101,30000,0,1
56,30,86.7277764143618,2.17005786993366,0.919968773676755,5.55,0,0,444,0
56,30,86.7277764143618,2.17005786993366,0.919968773676755,6.46,0,0,309,0
56,30,86.7277764143618,2.17005786993366,0.919968773676755,18.4,0,0,270,0
56,30,86.7277764143618,2.17005786993366,0.919968773676755,18.66,0,0,206,0
57,30,79.8246238638624,3.64911227532444,0.680110005443231,0,101,30000,0,1
57,30,79.8246238638624,3.64911227532444,0.680110005443231,0.52,0,0,123,0
57,30,79.8246238638624,3.64911227532444,0.680110005443231,15.35,0,0,247,0
57,30,79.8246238638624,3.64911227532444,0.680110005443231,16.74,0,0,127,0
57,30,79.8246238638624,3.64911227532444,0.680110005443231,17.75,0,0,159,0
58,30,72.2213446387043,3.49540408526359,1.2567913677659,0,101,30000,0,1
58,30,72.2213446387043,3.49540408526359,1.2567913677659,0.1,0,0,29,0
58,30,72.2213446387043,3.49540408526359,1.2567913677659,10.76,0,0,316,0
58,30,72.2213446387043,3.49540408526359,1.2567913677659,15.04,0,0,175,0
58,30,72.2213446387043,3.49540408526359,1.2567913677659,20.25,0,0,219,0
59,30,54.2606000220087,4.22543883023723,1.43801542509727,0,101,30000,0,1
59,30,54.2606000220087,4.22543883023723,1.43801542509727,2.23,0,0,487,0
59,30,54.2606000220087,4.22543883023723,1.43801542509727,3.03,0,0,431,0
59,30,54.2606000220087,4.22543883023723,1.43801542509727,11.22,0,0,295,0
59,30,54.2606000220087,4.22543883023723,1.43801542509727,16.55,0,0,167,0
60,30,100.986035414432,3.68558807212337,1.69914417199351,0,101,30000,0,1
60,30,100.986035414432,3.68558807212337,1.69914417199351,3.11,0,0,309,0
60,30,100.986035414432,3.68558807212337,1.69914417199351,6.23,0,0,281,0
60,30,100.986035414432,3.68558807212337,1.69914417199351,20.28,0,0,161,0
60,30,100.986035414432,3.68558807212337,1.69914417199351,23.74,0,0,131,0
61,60,56.411954880954,5.79398322092959,0.718691477856924,0,101,60000,0,1
61,60,56.411954880954,5.79398322092959,0.718691477856924,0.14,0,0,82,0
61,60,56.411954880954,5.79398322092959,0.718691477856924,3.3,0,0,843,0
61,60,56.411954880954,5.79398322092959,0.718691477856924,14.48,0,0,365,0
61,60,56.411954880954,5.79398322092959,0.718691477856924,14.98,0,0,252,0
62,60,76.6388616072589,4.65527174499764,1.68253838800026,0,101,60000,0,1
62,60,76.6388616072589,4.65527174499764,1.68253838800026,2.04,0,0,858,0
62,60,76.6388616072589,4.65527174499764,1.68253838800026,5.71,0,0,443,0
62,60,76.6388616072589,4.65527174499764,1.68253838800026,11.68,0,0,381,0
62,60,76.6388616072589,4.65527174499764,1.68253838800026,15.31,0,0,480,0
63,60,89.5323015167184,5.23813506646031,1.15607092937037,0,101,60000,0,1
63,60,89.5323015167184,5.23813506646031,1.15607092937037,9.75,0,0,407,0
63,60,89.5323015167184,5.23813506646031,1.15607092937037,11.2,0,0,299,0
63,60,89.5323015167184,5.23813506646031,1.15607092937037,15.8,0,0,311,0
63,60,89.5323015167184,5.23813506646031,1.15607092937037,17.21,0,0,297,0
64,60,47.0648692537263,3.82450215755375,0.867784709898445,0,101,60000,0,1
64,60,47.0648692537263,3.82450215755375,0.867784709898445,0.94,0,0,692,0
64,60,47.0648692537263,3.82450215755375,0.867784709898445,4.08,0,0,1117,0
64,60,47.0648692537263,3.82450215755375,0.867784709898445,7.18,0,0,820,0
64,60,47.0648692537263,3.82450215755375,0.867784709898445,18.08,0,0,461,0
65,60,89.2043582515943,4.64578930318291,0.759422793926457,0,101,60000,0,1
65,60,89.2043582515943,4.64578930318291,0.759422793926457,3.55,0,0,541,0
65,60,89.2043582515943,4.64578930318291,0.759422793926457,4.18,0,0,540,0
65,60,89.2043582515943,4.64578930318291,0.759422793926457,8.87,0,0,444,0
65,60,89.2043582515943,4.64578930318291,0.759422793926457,12.18,0,0,331,0
66,60,56.0762680982291,4.41607848609403,0.894648835893055,0,101,60000,0,1
66,60,56.0762680982291,4.41607848609403,0.894648835893055,0.74,0,0,775,0
66,60,56.0762680982291,4.41607848609403,0.894648835893055,7.2,0,0,677,0
66,60,56.0762680982291,4.41607848609403,0.894648835893055,7.81,0,0,430,0
66,60,56.0762680982291,4.41607848609403,0.894648835893055,21.11,0,0,261,0
67,60,100.521856486283,3.11323529662947,1.25167061302208,0,101,60000,0,1
67,60,100.521856486283,3.11323529662947,1.25167061302208,3.35,0,0,759,0
67,60,100.521856486283,3.11323529662947,1.25167061302208,5.62,0,0,541,0
67,60,100.521856486283,3.11323529662947,1.25167061302208,19,0,0,323,0
67,60,100.521856486283,3.11323529662947,1.25167061302208,21.28,0,0,289,0
68,60,47.1998144104021,5.56938300507666,0.917553422851517,0,101,60000,0,1
68,60,47.1998144104021,5.56938300507666,0.917553422851517,7.92,0,0,745,0
68,60,47.1998144104021,5.56938300507666,0.917553422851517,7.95,0,0,632,0
68,60,47.1998144104021,5.56938300507666,0.917553422851517,8.57,0,0,656,0
68,60,47.1998144104021,5.56938300507666,0.917553422851517,14.43,0,0,275,0
69,60,56.3650544486478,3.21889937348245,1.02829888085419,0,101,60000,0,1
69,60,56.3650544486478,3.21889937348245,1.02829888085419,4.66,0,0,701,0
69,60,56.3650544486478,3.21889937348245,1.02829888085419,8.82,0,0,467,0
69,60,56.3650544486478,3.21889937348245,1.02829888085419,16.4,0,0,465,0
69,60,56.3650544486478,3.21889937348245,1.02829888085419,17.52,0,0,363,0
70,60,67.98323379171,2.54504466981496,0.959037103130511,0,101,60000,0,1
70,60,67.98323379171,2.54504466981496,0.959037103130511,4.28,0,0,961,0
70,60,67.98323379171,2.54504466981496,0.959037103130511,12.82,0,0,844,0
70,60,67.98323379171,2.54504466981496,0.959037103130511,20.91,0,0,486,0
70,60,67.98323379171,2.54504466981496,0.959037103130511,21.15,0,0,660,0
71,60,75.196213472514,3.67449587841637,0.915966040830468,0,101,60000,0,1
71,60,75.196213472514,3.67449587841637,0.915966040830468,4.93,0,0,807,0
71,60,75.196213472514,3.67449587841637,0.915966040830468,11.18,0,0,465,0
71,60,75.196213472514,3.67449587841637,0.915966040830468,16.69,0,0,356,0
71,60,75.196213472514,3.67449587841637,0.915966040830468,23.94,0,0,318,0
72,60,45.5794794346541,2.86443252548466,0.686238939099026,0,101,60000,0,1
72,60,45.5794794346541,2.86443252548466,0.686238939099026,1.14,0,0,957,0
72,60,45.5794794346541,2.86443252548466,0.686238939099026,2.25,0,0,860,0
72,60,45.5794794346541,2.86443252548466,0.686238939099026,16.34,0,0,352,0
72,60,45.5794794346541,2.86443252548466,0.686238939099026,21.05,0,0,383,0
73,60,77.8804576972291,4.10343729437382,2.47984437315896,0,101,60000,0,1
73,60,77.8804576972291,4.10343729437382,2.47984437315896,1.98,0,0,648,0
73,60,77.8804576972291,4.10343729437382,2.47984437315896,7.14,0,0,545,0
73,60,77.8804576972291,4.10343729437382,2.47984437315896,7.52,0,0,552,0
73,60,77.8804576972291,4.10343729437382,2.47984437315896,23.33,0,0,224,0
74,60,101.352790112745,4.86820636916732,1.78502810797398,0,101,60000,0,1
74,60,101.352790112745,4.86820636916732,1.78502810797398,2.1,0,0,514,0
74,60,101.352790112745,4.86820636916732,1.78502810797398,2.71,0,0,590,0
74,60,101.352790112745,4.86820636916732,1.78502810797398,8.55,0,0,668,0
74,60,101.352790112745,4.86820636916732,1.78502810797398,15.07,0,0,396,0
75,60,75.9657165179112,4.68512116618708,0.958562538254133,0,101,60000,0,1
75,60,75.9657165179112,4.68512116618708,0.958562538254133,1.2,0,0,724,0
75,60,75.9657165179112,4.68512116618708,0.958562538254133,17.51,0,0,254,0
75,60,75.9657165179112,4.68512116618708,0.958562538254133,18.51,0,0,329,0
75,60,75.9657165179112,4.68512116618708,0.958562538254133,20.42,0,0,253,0
76,60,118.716131611043,4.08769688287835,1.10899549421653,0,101,60000,0,1
76,60,118.716131611043,4.08769688287835,1.10899549421653,0.43,0,0,171,0
76,60,118.716131611043,4.08769688287835,1.10899549421653,5.73,0,0,509,0
76,60,118.716131611043,4.08769688287835,1.10899549421653,11.59,0,0,366,0
76,60,118.716131611043,4.08769688287835,1.10899549421653,13.37,0,0,382,0
77,60,73.0139297541391,3.21828039167526,0.485117074389168,0,101,60000,0,1
77,60,73.0139297541391,3.21828039167526,0.485117074389168,5.13,0,0,642,0
77,60,73.0139297541391,3.21828039167526,0.485117074389168,18,0,0,443,0
77,60,73.0139297541391,3.21828039167526,0.485117074389168,19.08,0,0,349,0
77,60,73.0139297541391,3.21828039167526,0.485117074389168,20.45,0,0,436,0
78,60,50.4553306081841,3.23567693603392,0.840419228453533,0,101,60000,0,1
78,60,50.4553306081841,3.23567693603392,0.840419228453533,7.87,0,0,745,0
78,60,50.4553306081841,3.23567693603392,0.840419228453533,8.7,0,0,815,0
78,60,50.4553306081841,3.23567693603392,0.840419228453533,10.09,0,0,653,0
78,60,50.4553306081841,3.23567693603392,0.840419228453533,19.01,0,0,372,0
79,60,77.789150568798,3.50533866836048,0.923111285932267,0,101,60000,0,1
79,60,77.789150568798,3.50533866836048,0.923111285932267,13.15,0,0,558,0
79,60,77.789150568798,3.50533866836048,0.923111285932267,17.3,0,0,236,0
79,60,77.789150568798,3.50533866836048,0.923111285932267,19.26,0,0,278,0
79,60,77.789150568798,3.50533866836048,0.923111285932267,23.49,0,0,256,0
80,60,76.8464959447473,5.14708203503575,1.48906264806685,0,101,60000,0,1
80,60,76.8464959447473,5.14708203503575,1.48906264806685,0.68,0,0,407,0
80,60,76.8464959447473,5.14708203503575,1.48906264806685,9.19,0,0,349,0
80,60,76.8464959447473,5.14708203503575,1.48906264806685,19.86,0,0,180,0
80,60,76.8464959447473,5.14708203503575,1.48906264806685,21.72,0,0,177,0
81,60,72.5750765890907,3.43173097746247,1.55125320239554,0,101,60000,0,1
81,60,72.5750765890907,3.43173097746247,1.55125320239554,3.56,0,0,658,0
81,60,72.5750765890907,3.43173097746247,1.55125320239554,5.18,0,0,491,0
81,60,72.5750765890907,3.43173097746247,1.55125320239554,18.69,0,0,392,0
81,60,72.5750765890907,3.43173097746247,1.55125320239554,20.11,0,0,308,0
82,60,71.7895759870148,2.52083030829611,0.90390357627815,0,101,60000,0,1
82,60,71.7895759870148,2.52083030829611,0.90390357627815,20.15,0,0,504,0
82,60,71.7895759870148,2.52083030829611,0.90390357627815,20.32,0,0,573,0
82,60,71.7895759870148,2.52083030829611,0.90390357627815,21.13,0,0,364,0
82,60,71.7895759870148,2.52083030829611,0.90390357627815,23.25,0,0,383,0
83,60,63.5909093488436,2.84021963302787,1.09770464769375,0,101,60000,0,1
83,60,63.5909093488436,2.84021963302787,1.09770464769375,3.95,0,0,633,0
83,60,63.5909093488436,2.84021963302787,1.09770464769375,9.21,0,0,725,0
83,60,63.5909093488436,2.84021963302787,1.09770464769375,16.67,0,0,392,0
83,60,63.5909093488436,2.84021963302787,1.09770464769375,20.65,0,0,464,0
84,60,57.626938556809,3.15945183326625,0.973719792745954,0,101,60000,0,1
84,60,57.626938556809,3.15945183326625,0.973719792745954,10.26,0,0,555,0
84,60,57.626938556809,3.15945183326625,0.973719792745954,12.02,0,0,739,0
84,60,57.626938556809,3.15945183326625,0.973719792745954,15.99,0,0,526,0
84,60,57.626938556809,3.15945183326625,0.973719792745954,20.64,0,0,411,0
85,60,50.4980636743172,4.86476646495877,1.35095270507448,0,101,60000,0,1
85,60,50.4980636743172,4.86476646495877,1.35095270507448,7.79,0,0,449,0
85,60,50.4980636743172,4.86476646495877,1.35095270507448,10.83,0,0,395,0
85,60,50.4980636743172,4.86476646495877,1.35095270507448,16.25,0,0,227,0
85,60,50.4980636743172,4.86476646495877,1.35095270507448,19.05,0,0,178,0
86,60,57.0516171285618,4.95210874481993,0.828118934643417,0,101,60000,0,1
86,60,57.0516171285618,4.95210874481993,0.828118934643417,0.66,0,0,621,0
86,60,57.0516171285618,4.95210874481993,0.828118934643417,14.04,0,0,269,0
86,60,57.0516171285618,4.95210874481993,0.828118934643417,17.46,0,0,326,0
86,60,57.0516171285618,4.95210874481993,0.828118934643417,20.79,0,0,253,0
87,60,69.5102999353184,3.02110736241069,1.10318636999624,0,101,60000,0,1
87,60,69.5102999353184,3.02110736241069,1.10318636999624,0.91,0,0,446,0
87,60,69.5102999353184,3.02110736241069,1.10318636999624,2.62,0,0,775,0
87,60,69.5102999353184,3.02110736241069,1.10318636999624,13.27,0,0,586,0
87,60,69.5102999353184,3.02110736241069,1.10318636999624,19.21,0,0,591,0
88,60,76.6850636296513,4.26779922717021,1.292507747341,0,101,60000,0,1
88,60,76.6850636296513,4.26779922717021,1.292507747341,7.57,0,0,397,0
88,60,76.6850636296513,4.26779922717021,1.292507747341,7.94,0,0,604,0
88,60,76.6850636296513,4.26779922717021,1.292507747341,12.86,0,0,327,0
88,60,76.6850636296513,4.26779922717021,1.292507747341,22.66,0,0,233,0
89,60,52.8117131388617,3.35659902500296,1.20295924417658,0,101,60000,0,1
89,60,52.8117131388617,3.35659902500296,1.20295924417658,1,0,0,1184,0
89,60,52.8117131388617,3.35659902500296,1.20295924417658,8.67,0,0,826,0
89,60,52.8117131388617,3.35659902500296,1.20295924417658,12.4,0,0,635,0
89,60,52.8117131388617,3.35659902500296,1.20295924417658,21.35,0,0,281,0
90,60,54.7280022799318,5.43560645706695,1.29453987901698,0,101,60000,0,1
90,60,54.7280022799318,5.43560645706695,1.29453987901698,2.18,0,0,835,0
90,60,54.7280022799318,5.43560645706695,1.29453987901698,2.88,0,0,869,0
90,60,54.7280022799318,5.43560645706695,1.29453987901698,4.33,0,0,975,0
90,60,54.7280022799318,5.43560645706695,1.29453987901698,7.49,0,0,507,0
91,120,53.1483224575844,4.18481906650398,1.00053710853541,0,101,120000,0,1
91,120,53.1483224575844,4.18481906650398,1.00053710853541,5.91,0,0,1245,0
91,120,53.1483224575844,4.18481906650398,1.00053710853541,6.12,0,0,1899,0
91,120,53.1483224575844,4.18481906650398,1.00053710853541,7.72,0,0,1522,0
91,120,53.1483224575844,4.18481906650398,1.00053710853541,13.06,0,0,919,0
92,120,51.5858253260037,4.90978206469412,1.16258499041692,0,101,120000,0,1
92,120,51.5858253260037,4.90978206469412,1.16258499041692,12.52,0,0,1034,0
92,120,51.5858253260037,4.90978206469412,1.16258499041692,13.75,0,0,684,0
92,120,51.5858253260037,4.90978206469412,1.16258499041692,14.19,0,0,485,0
92,120,51.5858253260037,4.90978206469412,1.16258499041692,21.98,0,0,350,0
93,120,82.8738050996199,3.01906455209823,1.21489324085669,0,101,120000,0,1
93,120,82.8738050996199,3.01906455209823,1.21489324085669,5.87,0,0,924,0
93,120,82.8738050996199,3.01906455209823,1.21489324085669,10.28,0,0,1120,0
93,120,82.8738050996199,3.01906455209823,1.21489324085669,10.51,0,0,1150,0
93,120,82.8738050996199,3.01906455209823,1.21489324085669,10.59,0,0,1243,0
94,120,76.0023306589238,2.78048741836975,0.673806557474828,0,101,120000,0,1
94,120,76.0023306589238,2.78048741836975,0.673806557474828,2.56,0,0,954,0
94,120,76.0023306589238,2.78048741836975,0.673806557474828,3.02,0,0,1192,0
94,120,76.0023306589238,2.78048741836975,0.673806557474828,8.15,0,0,1216,0
94,120,76.0023306589238,2.78048741836975,0.673806557474828,21.21,0,0,714,0
95,120,98.287692048199,3.01792747383498,1.54171651226702,0,101,120000,0,1
95,120,98.287692048199,3.01792747383498,1.54171651226702,5.83,0,0,858,0
95,120,98.287692048199,3.01792747383498,1.54171651226702,15.95,0,0,645,0
95,120,98.287692048199,3.01792747383498,1.54171651226702,17.1,0,0,634,0
95,120,98.287692048199,3.01792747383498,1.54171651226702,22.78,0,0,599,0
96,120,108.908127752225,3.82988057160049,1.23929113569507,0,101,120000,0,1
96,120,108.908127752225,3.82988057160049,1.23929113569507,12.59,0,0,667,0
96,120,108.908127752225,3.82988057160049,1.23929113569507,18.34,0,0,594,0
96,120,108.908127752225,3.82988057160049,1.23929113569507,22.36,0,0,448,0
96,120,108.908127752225,3.82988057160049,1.23929113569507,22.65,0,0,582,0
97,120,129.316281442828,3.92582997209581,1.3441617095139,0,101,120000,0,1
97,120,129.316281442828,3.92582997209581,1.3441617095139,13.32,0,0,564,0
97,120,129.316281442828,3.92582997209581,1.3441617095139,14.19,0,0,657,0
97,120,129.316281442828,3.92582997209581,1.3441617095139,21.57,0,0,360,0
97,120,129.316281442828,3.92582997209581,1.3441617095139,23.9,0,0,381,0
98,120,73.9420593670938,6.52299296420518,0.824852191173379,0,101,120000,0,1
98,120,73.9420593670938,6.52299296420518,0.824852191173379,0.04,0,0,52,0
98,120,73.9420593670938,6.52299296420518,0.824852191173379,1.54,0,0,1379,0
98,120,73.9420593670938,6.52299296420518,0.824852191173379,15.94,0,0,557,0
98,120,73.9420593670938,6.52299296420518,0.824852191173379,19.3,0,0,344,0
99,120,51.1183345434034,6.66603313721629,1.04444722766519,0,101,120000,0,1
99,120,51.1183345434034,6.66603313721629,1.04444722766519,3.09,0,0,1633,0
99,120,51.1183345434034,6.66603313721629,1.04444722766519,5.16,0,0,1136,0
99,120,51.1183345434034,6.66603313721629,1.04444722766519,11.47,0,0,726,0
99,120,51.1183345434034,6.66603313721629,1.04444722766519,15.17,0,0,273,0
100,120,65.9833138837873,2.67998316562815,1.14410873303687,0,101,120000,0,1
100,120,65.9833138837873,2.67998316562815,1.14410873303687,8.73,0,0,989,0
100,120,65.9833138837873,2.67998316562815,1.14410873303687,10.99,0,0,1359,0
100,120,65.9833138837873,2.67998316562815,1.14410873303687,19.16,0,0,689,0
100,120,65.9833138837873,2.67998316562815,1.14410873303687,23.57,0,0,802,0
101,120,65.5010309297464,5.07440082503387,1.15802099852787,0,101,120000,0,1
101,120,65.5010309297464,5.07440082503387,1.15802099852787,5.53,0,0,1039,0
101,120,65.5010309297464,5.07440082503387,1.15802099852787,9.07,0,0,1295,0
101,120,65.5010309297464,5.07440082503387,1.15802099852787,9.25,0,0,893,0
101,120,65.5010309297464,5.07440082503387,1.15802099852787,13.16,0,0,915,0
102,120,37.1604574031213,2.94412913215732,0.839503463617603,0,101,120000,0,1
102,120,37.1604574031213,2.94412913215732,0.839503463617603,4.98,0,0,2235,0
102,120,37.1604574031213,2.94412913215732,0.839503463617603,7.23,0,0,2340,0
102,120,37.1604574031213,2.94412913215732,0.839503463617603,10.91,0,0,1340,0
102,120,37.1604574031213,2.94412913215732,0.839503463617603,20.54,0,0,631,0
103,120,36.1638689345549,2.4777325304042,0.884527053759766,0,101,120000,0,1
103,120,36.1638689345549,2.4777325304042,0.884527053759766,0.52,0,0,1231,0
103,120,36.1638689345549,2.4777325304042,0.884527053759766,5.41,0,0,3095,0
103,120,36.1638689345549,2.4777325304042,0.884527053759766,16.25,0,0,1000,0
103,120,36.1638689345549,2.4777325304042,0.884527053759766,20.61,0,0,810,0
104,120,90.0002797926148,3.45807819878657,0.99312672808598,0,101,120000,0,1
104,120,90.0002797926148,3.45807819878657,0.99312672808598,6.35,0,0,1485,0
104,120,90.0002797926148,3.45807819878657,0.99312672808598,10.62,0,0,898,0
104,120,90.0002797926148,3.45807819878657,0.99312672808598,13,0,0,877,0
104,120,90.0002797926148,3.45807819878657,0.99312672808598,18.59,0,0,686,0
105,120,59.5554481261453,2.81266785358776,1.21108843239886,0,101,120000,0,1
105,120,59.5554481261453,2.81266785358776,1.21108843239886,5.97,0,0,1256,0
105,120,59.5554481261453,2.81266785358776,1.21108843239886,12.7,0,0,1215,0
105,120,59.5554481261453,2.81266785358776,1.21108843239886,20.47,0,0,612,0
105,120,59.5554481261453,2.81266785358776,1.21108843239886,23.93,0,0,486,0
106,120,81.7094317073166,1.87115500605756,0.737683994411068,0,101,120000,0,1
106,120,81.7094317073166,1.87115500605756,0.737683994411068,2.35,0,0,1088,0
106,120,81.7094317073166,1.87115500605756,0.737683994411068,3.61,0,0,996,0
106,120,81.7094317073166,1.87115500605756,0.737683994411068,17.35,0,0,929,0
106,120,81.7094317073166,1.87115500605756,0.737683994411068,18.36,0,0,1017,0
107,120,52.0533282275658,4.55317130401751,0.670659593758637,0,101,120000,0,1
107,120,52.0533282275658,4.55317130401751,0.670659593758637,5.68,0,0,1112,0
107,120,52.0533282275658,4.55317130401751,0.670659593758637,9.55,0,0,1126,0
107,120,52.0533282275658,4.55317130401751,0.670659593758637,18.11,0,0,383,0
107,120,52.0533282275658,4.55317130401751,0.670659593758637,18.12,0,0,427,0
108,120,49.8867478460719,3.28533314676877,1.37654831611588,0,101,120000,0,1
108,120,49.8867478460719,3.28533314676877,1.37654831611588,13.65,0,0,1111,0
108,120,49.8867478460719,3.28533314676877,1.37654831611588,14.46,0,0,984,0
108,120,49.8867478460719,3.28533314676877,1.37654831611588,17.39,0,0,695,0
108,120,49.8867478460719,3.28533314676877,1.37654831611588,19.88,0,0,538,0
109,120,72.0107380552601,6.03557475754597,1.31231527662459,0,101,120000,0,1
109,120,72.0107380552601,6.03557475754597,1.31231527662459,0.87,0,0,1067,0
109,120,72.0107380552601,6.03557475754597,1.31231527662459,1.49,0,0,1510,0
109,120,72.0107380552601,6.03557475754597,1.31231527662459,19.19,0,0,326,0
109,120,72.0107380552601,6.03557475754597,1.31231527662459,20.71,0,0,353,0
110,120,67.8303851078627,3.13067372303225,1.24575162595885,0,101,120000,0,1
110,120,67.8303851078627,3.13067372303225,1.24575162595885,2.6,0,0,1460,0
110,120,67.8303851078627,3.13067372303225,1.24575162595885,2.81,0,0,1793,0
110,120,67.8303851078627,3.13067372303225,1.24575162595885,3.05,0,0,1668,0
110,120,67.8303851078627,3.13067372303225,1.24575162595885,5.57,0,0,1431,0
111,120,58.7232674470533,4.45688253516921,1.23820113235048,0,101,120000,0,1
111,120,58.7232674470533,4.45688253516921,1.23820113235048,13.7,0,0,566,0
111,120,58.7232674470533,4.45688253516921,1.23820113235048,16.15,0,0,862,0
111,120,58.7232674470533,4.45688253516921,1.23820113235048,16.95,0,0,615,0
111,120,58.7232674470533,4.45688253516921,1.23820113235048,18.34,0,0,332,0
112,120,35.0851448923147,2.62103441100721,0.99085333544098,0,101,120000,0,1
112,120,35.0851448923147,2.62103441100721,0.99085333544098,10.14,0,0,1323,0
112,120,35.0851448923147,2.62103441100721,0.99085333544098,12.96,0,0,1011,0
112,120,35.0851448923147,2.62103441100721,0.99085333544098,15.53,0,0,844,0
112,120,35.0851448923147,2.62103441100721,0.99085333544098,18.65,0,0,953,0
113,120,68.6048009555102,2.7925183242667,1.21269288383364,0,101,120000,0,1
113,120,68.6048009555102,2.7925183242667,1.21269288383364,12.58,0,0,1150,0
113,120,68.6048009555102,2.7925183242667,1.21269288383364,16.44,0,0,1058,0
113,120,68.6048009555102,2.7925183242667,1.21269288383364,18.16,0,0,936,0
113,120,68.6048009555102,2.7925183242667,1.21269288383364,18.83,0,0,933,0
114,120,63.716815974228,2.95989657158436,0.892237421251504,0,101,120000,0,1
114,120,63.716815974228,2.95989657158436,0.892237421251504,11.17,0,0,1254,0
114,120,63.716815974228,2.95989657158436,0.892237421251504,13.87,0,0,1336,0
114,120,63.716815974228,2.95989657158436,0.892237421251504,14.66,0,0,1195,0
114,120,63.716815974228,2.95989657158436,0.892237421251504,22.37,0,0,796,0
115,120,46.8694436469171,4.94545669719801,0.714144912567698,0,101,120000,0,1
115,120,46.8694436469171,4.94545669719801,0.714144912567698,6.85,0,0,1580,0
115,120,46.8694436469171,4.94545669719801,0.714144912567698,7.22,0,0,1583,0
115,120,46.8694436469171,4.94545669719801,0.714144912567698,10.05,0,0,1264,0
115,120,46.8694436469171,4.94545669719801,0.714144912567698,22.21,0,0,424,0
116,120,58.4124440077415,4.61386499780473,0.75314795986154,0,101,120000,0,1
116,120,58.4124440077415,4.61386499780473,0.75314795986154,4.53,0,0,2067,0
116,120,58.4124440077415,4.61386499780473,0.75314795986154,14.52,0,0,705,0
116,120,58.4124440077415,4.61386499780473,0.75314795986154,16.25,0,0,1038,0
116,120,58.4124440077415,4.61386499780473,0.75314795986154,23.4,0,0,307,0
117,120,100.855040377527,2.78356967017552,0.931734644229942,0,101,120000,0,1
117,120,100.855040377527,2.78356967017552,0.931734644229942,1.01,0,0,793,0
117,120,100.855040377527,2.78356967017552,0.931734644229942,11.38,0,0,648,0
117,120,100.855040377527,2.78356967017552,0.931734644229942,19.34,0,0,884,0
117,120,100.855040377527,2.78356967017552,0.931734644229942,22.5,0,0,771,0
118,120,141.43485025694,2.70418695590447,2.67906859632081,0,101,120000,0,1
118,120,141.43485025694,2.70418695590447,2.67906859632081,0.18,0,0,382,0
118,120,141.43485025694,2.70418695590447,2.67906859632081,5.83,0,0,821,0
118,120,141.43485025694,2.70418695590447,2.67906859632081,17.53,0,0,675,0
118,120,141.43485025694,2.70418695590447,2.67906859632081,17.82,0,0,683,0
119,120,68.0326150970558,3.62193261511449,1.03924304727003,0,101,120000,0,1
119,120,68.0326150970558,3.62193261511449,1.03924304727003,1.25,0,0,912,0
119,120,68.0326150970558,3.62193261511449,1.03924304727003,6.98,0,0,1426,0
119,120,68.0326150970558,3.62193261511449,1.03924304727003,7.73,0,0,1637,0
119,120,68.0326150970558,3.62193261511449,1.03924304727003,23.8,0,0,525,0
120,120,67.0344833410444,6.51265609994471,0.523981440268883,0,101,120000,0,1
120,120,67.0344833410444,6.51265609994471,0.523981440268883,10.06,0,0,829,0
120,120,67.0344833410444,6.51265609994471,0.523981440268883,13.33,0,0,453,0
120,120,67.0344833410444,6.51265609994471,0.523981440268883,16.35,0,0,463,0
120,120,67.0344833410444,6.51265609994471,0.523981440268883,23.98,0,0,193,0
