ID,DOSE,V,CL,KA,TIME,EVID,AMT,DV,EVIDNM
1,10,85.4699255827928,3.95496115304894,0.984887977319766,0,101,10000,0,1
1,10,85.4699255827928,3.95496115304894,0.984887977319766,5.06,0,0,103,0
1,10,85.4699255827928,3.95496115304894,0.984887977319766,11.66,0,0,71,0
1,10,85.4699255827928,3.95496115304894,0.984887977319766,13.42,0,0,63,0
1,10,85.4699255827928,3.95496115304894,0.984887977319766,21.17,0,0,51,0
2,10,76.7672188701764,4.26468524892123,1.45952166574016,0,101,10000,0,1
2,10,76.7672188701764,4.26468524892123,1.45952166574016,7.5,0,0,101,0
2,10,76.7672188701764,4.26468524892123,1.45952166574016,9.68,0,0,109,0
2,10,76.7672188701764,4.26468524892123,1.45952166574016,13.56,0,0,81,0
2,10,76.7672188701764,4.26468524892123,1.45952166574016,23.08,0,0,47,0
3,10,65.0414167770798,3.57032268150532,0.823939393762516,0,101,10000,0,1
3,10,65.0414167770798,3.57032268150532,0.823939393762516,2.52,0,0,112,0
3,10,65.0414167770798,3.57032268150532,0.823939393762516,2.73,0,0,123,0
3,10,65.0414167770798,3.57032268150532,0.823939393762516,10.99,0,0,80,0
3,10,65.0414167770798,3.57032268150532,0.823939393762516,21.3,0,0,59,0
4,10,52.5003886373405,3.05490098617671,1.08958864225309,0,101,10000,0,1
4,10,52.5003886373405,3.05490098617671,1.08958864225309,7.08,0,0,100,0
4,10,52.5003886373405,3.05490098617671,1.08958864225309,8.94,0,0,88,0
4,10,52.5003886373405,3.05490098617671,1.08958864225309,11.21,0,0,83,0
4,10,52.5003886373405,3.05490098617671,1.08958864225309,12.59,0,0,115,0
5,10,83.6069916136716,5.78396761164651,1.07058427382706,0,101,10000,0,1
5,10,83.6069916136716,5.78396761164651,1.07058427382706,3.46,0,0,131,0
5,10,83.6069916136716,5.78396761164651,1.07058427382706,7.86,0,0,76,0
5,10,83.6069916136716,5.78396761164651,1.07058427382706,9,0,0,69,0
5,10,83.6069916136716,5.78396761164651,1.07058427382706,22.7,0,0,30,0
6,10,55.4752897290594,5.62331405108525,0.810423190269011,0,101,10000,0,1
6,10,55.4752897290594,5.62331405108525,0.810423190269011,11.45,0,0,60,0
6,10,55.4752897290594,5.62331405108525,0.810423190269011,18.32,0,0,39,0
6,10,55.4752897290594,5.62331405108525,0.810423190269011,18.36,0,0,24,0
6,10,55.4752897290594,5.62331405108525,0.810423190269011,21.02,0,0,18,0
7,10,61.7786132461588,4.69920278167333,0.859194877641184,0,101,10000,0,1
7,10,61.7786132461588,4.69920278167333,0.859194877641184,1.1,0,0,86,0
7,10,61.7786132461588,4.69920278167333,0.859194877641184,9.63,0,0,89,0
7,10,61.7786132461588,4.69920278167333,0.859194877641184,13.98,0,0,46,0
7,10,61.7786132461588,4.69920278167333,0.859194877641184,17.07,0,0,64,0
8,10,45.2389750527882,3.41599155573239,0.673867887822088,0,101,10000,0,1
8,10,45.2389750527882,3.41599155573239,0.673867887822088,2.29,0,0,197,0
8,10,45.2389750527882,3.41599155573239,0.673867887822088,9.92,0,0,123,0
8,10,45.2389750527882,3.41599155573239,0.673867887822088,16.25,0,0,97,0
8,10,45.2389750527882,3.41599155573239,0.673867887822088,19.07,0,0,46,0
9,10,52.9475803581077,3.32874483078307,1.20813951238629,0,101,10000,0,1
9,10,52.9475803581077,3.32874483078307,1.20813951238629,7.01,0,0,135,0
9,10,52.9475803581077,3.32874483078307,1.20813951238629,8.78,0,0,107,0
9,10,52.9475803581077,3.32874483078307,1.20813951238629,10.64,0,0,102,0
9,10,52.9475803581077,3.32874483078307,1.20813951238629,21.36,0,0,44,0
10,10,74.7415654146484,5.94784340593389,1.20838404815893,0,101,10000,0,1
10,10,74.7415654146484,5.94784340593389,1.20838404815893,2.23,0,0,133,0
10,10,74.7415654146484,5.94784340593389,1.20838404815893,10.92,0,0,43,0
10,10,74.7415654146484,5.94784340593389,1.20838404815893,14.69,0,0,37,0
10,10,74.7415654146484,5.94784340593389,1.20838404815893,21.31,0,0,22,0
11,10,74.1508272920228,4.69348565431064,1.07785068211236,0,101,10000,0,1
11,10,74.1508272920228,4.69348565431064,1.07785068211236,8.14,0,0,72,0
11,10,74.1508272920228,4.69348565431064,1.07785068211236,8.83,0,0,91,0
11,10,74.1508272920228,4.69348565431064,1.07785068211236,14.4,0,0,67,0
11,10,74.1508272920228,4.69348565431064,1.07785068211236,16.74,0,0,64,0
12,10,62.6621521606463,3.29312676672414,1.23028130943588,0,101,10000,0,1
12,10,62.6621521606463,3.29312676672414,1.23028130943588,2.08,0,0,111,0
12,10,62.6621521606463,3.29312676672414,1.23028130943588,6.25,0,0,99,0
12,10,62.6621521606463,3.29312676672414,1.23028130943588,9.48,0,0,109,0
12,10,62.6621521606463,3.29312676672414,1.23028130943588,20.74,0,0,48,0
13,10,77.5096140181238,3.57326791405516,0.945486295713681,0,101,10000,0,1
13,10,77.5096140181238,3.57326791405516,0.945486295713681,1.36,0,0,125,0
13,10,77.5096140181238,3.57326791405516,0.945486295713681,7.51,0,0,99,0
13,10,77.5096140181238,3.57326791405516,0.945486295713681,7.64,0,0,84,0
13,10,77.5096140181238,3.57326791405516,0.945486295713681,12.16,0,0,85,0
14,10,68.1792571831558,4.73902534402174,0.851291937579367,0,101,10000,0,1
14,10,68.1792571831558,4.73902534402174,0.851291937579367,9.83,0,0,116,0
14,10,68.1792571831558,4.73902534402174,0.851291937579367,15.65,0,0,40,0
14,10,68.1792571831558,4.73902534402174,0.851291937579367,16.67,0,0,45,0
14,10,68.1792571831558,4.73902534402174,0.851291937579367,17.08,0,0,39,0
15,10,42.5280359662457,2.15013845379702,0.581671681890023,0,101,10000,0,1
15,10,42.5280359662457,2.15013845379702,0.581671681890023,0.78,0,0,88,0
15,10,42.5280359662457,2.15013845379702,0.581671681890023,3.99,0,0,147,0
15,10,42.5280359662457,2.15013845379702,0.581671681890023,13.65,0,0,107,0
15,10,42.5280359662457,2.15013845379702,0.581671681890023,14.18,0,0,158,0
16,10,70.4372085834104,3.82082144716509,1.37945397133327,0,101,10000,0,1
16,10,70.4372085834104,3.82082144716509,1.37945397133327,1.1,0,0,89,0
16,10,70.4372085834104,3.82082144716509,1.37945397133327,4.86,0,0,84,0
16,10,70.4372085834104,3.82082144716509,1.37945397133327,12.87,0,0,64,0
16,10,70.4372085834104,3.82082144716509,1.37945397133327,23.49,0,0,47,0
17,10,68.557022536871,5.54168907368453,0.786366013398702,0,101,10000,0,1
17,10,68.557022536871,5.54168907368453,0.786366013398702,4.39,0,0,133,0
17,10,68.557022536871,5.54168907368453,0.786366013398702,6.06,0,0,126,0
17,10,68.557022536871,5.54168907368453,0.786366013398702,7.3,0,0,91,0
17,10,68.557022536871,5.54168907368453,0.786366013398702,17.1,0,0,40,0
18,10,76.1915042848452,4.19706822435925,0.985617041946487,0,101,10000,0,1
18,10,76.1915042848452,4.19706822435925,0.985617041946487,3.2,0,0,91,0
18,10,76.1915042848452,4.19706822435925,0.985617041946487,9.69,0,0,69,0
18,10,76.1915042848452,4.19706822435925,0.985617041946487,11.43,0,0,97,0
18,10,76.1915042848452,4.19706822435925,0.985617041946487,20.21,0,0,70,0
19,10,57.5756343845755,7.25762123760454,0.849962494015854,0,101,10000,0,1
19,10,57.5756343845755,7.25762123760454,0.849962494015854,1.98,0,0,183,0
19,10,57.5756343845755,7.25762123760454,0.849962494015854,3.39,0,0,142,0
19,10,57.5756343845755,7.25762123760454,0.849962494015854,5.28,0,0,133,0
19,10,57.5756343845755,7.25762123760454,0.849962494015854,5.83,0,0,88,0
20,10,60.1967324785589,3.81741217708873,1.35579664802578,0,101,10000,0,1
20,10,60.1967324785589,3.81741217708873,1.35579664802578,9.84,0,0,108,0
20,10,60.1967324785589,3.81741217708873,1.35579664802578,11.96,0,0,106,0
20,10,60.1967324785589,3.81741217708873,1.35579664802578,13.14,0,0,92,0
20,10,60.1967324785589,3.81741217708873,1.35579664802578,16.58,0,0,53,0
21,10,63.6496101328807,2.93005983907806,1.5659457788721,0,101,10000,0,1
21,10,63.6496101328807,2.93005983907806,1.5659457788721,2.88,0,0,128,0
21,10,63.6496101328807,2.93005983907806,1.5659457788721,11.74,0,0,95,0
21,10,63.6496101328807,2.93005983907806,1.5659457788721,16.72,0,0,77,0
21,10,63.6496101328807,2.93005983907806,1.5659457788721,22.92,0,0,56,0
22,10,76.1803474210781,2.90896448582985,1.18220665774034,0,101,10000,0,1
22,10,76.1803474210781,2.90896448582985,1.18220665774034,9.02,0,0,102,0
22,10,76.1803474210781,2.90896448582985,1.18220665774034,14.33,0,0,81,0
22,10,76.1803474210781,2.90896448582985,1.18220665774034,17.21,0,0,71,0
22,10,76.1803474210781,2.90896448582985,1.18220665774034,23.09,0,0,54,0
23,10,36.1221231100767,7.1995339648639,1.3615955369503,0,101,10000,0,1
23,10,36.1221231100767,7.1995339648639,1.3615955369503,7.52,0,0,72,0
23,10,36.1221231100767,7.1995339648639,1.3615955369503,12.97,0,0,24,0
23,10,36.1221231100767,7.1995339648639,1.3615955369503,14.01,0,0,12,0
23,10,36.1221231100767,7.1995339648639,1.3615955369503,17.15,0,0,9,0
24,10,52.821117604115,4.34156160543899,1.10878385201876,0,101,10000,0,1
24,10,52.821117604115,4.34156160543899,1.10878385201876,6.43,0,0,106,0
24,10,52.821117604115,4.34156160543899,1.10878385201876,8.42,0,0,114,0
24,10,52.821117604115,4.34156160543899,1.10878385201876,10.63,0,0,78,0
24,10,52.821117604115,4.34156160543899,1.10878385201876,15.04,0,0,70,0
25,10,72.5850780046467,5.53420757788602,1.5111720024892,0,101,10000,0,1
25,10,72.5850780046467,5.53420757788602,1.5111720024892,3.25,0,0,90,0
25,10,72.5850780046467,5.53420757788602,1.5111720024892,5.36,0,0,96,0
25,10,72.5850780046467,5.53420757788602,1.5111720024892,20.73,0,0,22,0
25,10,72.5850780046467,5.53420757788602,1.5111720024892,20.97,0,0,30,0
26,10,141.218188126969,3.53178325882174,1.17066257194371,0,101,10000,0,1
26,10,141.218188126969,3.53178325882174,1.17066257194371,11.61,0,0,56,0
26,10,141.218188126969,3.53178325882174,1.17066257194371,12.58,0,0,63,0
26,10,141.218188126969,3.53178325882174,1.17066257194371,18.02,0,0,43,0
26,10,141.218188126969,3.53178325882174,1.17066257194371,18.19,0,0,46,0
27,10,111.068023422618,3.83493646741275,0.866862008079596,0,101,10000,0,1
27,10,111.068023422618,3.83493646741275,0.866862008079596,7.11,0,0,92,0
27,10,111.068023422618,3.83493646741275,0.866862008079596,8.48,0,0,72,0
27,10,111.068023422618,3.83493646741275,0.866862008079596,12.67,0,0,56,0
27,10,111.068023422618,3.83493646741275,0.866862008079596,20.74,0,0,68,0
28,10,84.2829009047373,2.44005150036413,1.27776876535554,0,101,10000,0,1
28,10,84.2829009047373,2.44005150036413,1.27776876535554,0.95,0,0,71,0
28,10,84.2829009047373,2.44005150036413,1.27776876535554,6.7,0,0,142,0
28,10,84.2829009047373,2.44005150036413,1.27776876535554,13.13,0,0,86,0
28,10,84.2829009047373,2.44005150036413,1.27776876535554,15,0,0,112,0
29,10,64.0201354157899,4.98202127864853,0.60874892445641,0,101,10000,0,1
29,10,64.0201354157899,4.98202127864853,0.60874892445641,2.76,0,0,100,0
29,10,64.0201354157899,4.98202127864853,0.60874892445641,2.82,0,0,109,0
29,10,64.0201354157899,4.98202127864853,0.60874892445641,10.72,0,0,83,0
29,10,64.0201354157899,4.98202127864853,0.60874892445641,22.97,0,0,31,0
30,10,67.4348722863227,5.03549891192796,0.962409900087517,0,101,10000,0,1
30,10,67.4348722863227,5.03549891192796,0.962409900087517,0.25,0,0,29,0
30,10,67.4348722863227,5.03549891192796,0.962409900087517,3.05,0,0,139,0
30,10,67.4348722863227,5.03549891192796,0.962409900087517,6.39,0,0,109,0
30,10,67.4348722863227,5.03549891192796,0.962409900087517,6.42,0,0,124,0
31,30,87.3104138487641,3.50810185669952,1.02618931452318,0,101,30000,0,1
31,30,87.3104138487641,3.50810185669952,1.02618931452318,14.43,0,0,197,0
31,30,87.3104138487641,3.50810185669952,1.02618931452318,15.22,0,0,183,0
31,30,87.3104138487641,3.50810185669952,1.02618931452318,15.79,0,0,151,0
31,30,87.3104138487641,3.50810185669952,1.02618931452318,22.73,0,0,100,0
32,30,41.333971505426,3.17118497650748,0.893720313525904,0,101,30000,0,1
32,30,41.333971505426,3.17118497650748,0.893720313525904,0.02,0,0,13,0
32,30,41.333971505426,3.17118497650748,0.893720313525904,2.72,0,0,683,0
32,30,41.333971505426,3.17118497650748,0.893720313525904,3.25,0,0,504,0
32,30,41.333971505426,3.17118497650748,0.893720313525904,7.16,0,0,450,0
33,30,87.9832425953985,3.51963927529716,0.981251060050535,0,101,30000,0,1
33,30,87.9832425953985,3.51963927529716,0.981251060050535,3.81,0,0,313,0
33,30,87.9832425953985,3.51963927529716,0.981251060050535,7.42,0,0,401,0
33,30,87.9832425953985,3.51963927529716,0.981251060050535,21.71,0,0,120,0
33,30,87.9832425953985,3.51963927529716,0.981251060050535,22.02,0,0,117,0
34,30,65.8131253542497,3.43904650021547,0.585378483920541,0,101,30000,0,1
34,30,65.8131253542497,3.43904650021547,0.585378483920541,1.4,0,0,229,0
34,30,65.8131253542497,3.43904650021547,0.585378483920541,7.75,0,0,319,0
34,30,65.8131253542497,3.43904650021547,0.585378483920541,14.49,0,0,198,0
34,30,65.8131253542497,3.43904650021547,0.585378483920541,15.9,0,0,229,0
35,30,49.1322242890802,4.07327622467808,1.09391698211298,0,101,30000,0,1
35,30,49.1322242890802,4.07327622467808,1.09391698211298,5.84,0,0,474,0
35,30,49.1322242890802,4.07327622467808,1.09391698211298,6.94,0,0,328,0
35,30,49.1322242890802,4.07327622467808,1.09391698211298,7.63,0,0,287,0
35,30,49.1322242890802,4.07327622467808,1.09391698211298,20.14,0,0,105,0
36,30,96.8672443744232,3.90171940288509,0.924097696276627,0,101,30000,0,1
36,30,96.8672443744232,3.90171940288509,0.924097696276627,1.07,0,0,180,0
36,30,96.8672443744232,3.90171940288509,0.924097696276627,1.19,0,0,221,0
36,30,96.8672443744232,3.90171940288509,0.924097696276627,7.68,0,0,296,0
36,30,96.8672443744232,3.90171940288509,0.924097696276627,21.99,0,0,150,0
37,30,68.0648578109931,4.38932301330909,0.739985342079349,0,101,30000,0,1
37,30,68.0648578109931,4.38932301330909,0.739985342079349,1.73,0,0,237,0
37,30,68.0648578109931,4.38932301330909,0.739985342079349,8.08,0,0,200,0
37,30,68.0648578109931,4.38932301330909,0.739985342079349,22.39,0,0,117,0
37,30,68.0648578109931,4.38932301330909,0.739985342079349,22.63,0,0,94,0
38,30,57.9755375922619,3.78691938924106,1.15694573710694,0,101,30000,0,1
38,30,57.9755375922619,3.78691938924106,1.15694573710694,3.52,0,0,521,0
38,30,57.9755375922619,3.78691938924106,1.15694573710694,11.23,0,0,274,0
38,30,57.9755375922619,3.78691938924106,1.15694573710694,14.21,0,0,181,0
38,30,57.9755375922619,3.78691938924106,1.15694573710694,16,0,0,198,0
39,30,69.2830987476258,4.10865215623289,1.61293098823435,0,101,30000,0,1
39,30,69.2830987476258,4.10865215623289,1.61293098823435,8.68,0,0,270,0
39,30,69.2830987476258,4.10865215623289,1.61293098823435,9.07,0,0,228,0
39,30,69.2830987476258,4.10865215623289,1.61293098823435,11.8,0,0,167,0
39,30,69.2830987476258,4.10865215623289,1.61293098823435,20.33,0,0,85,0
40,30,71.1525416878722,8.74357644141284,0.866509807491922,0,101,30000,0,1
40,30,71.1525416878722,8.74357644141284,0.866509807491922,0.31,0,0,102,0
40,30,71.1525416878722,8.74357644141284,0.866509807491922,2.11,0,0,399,0
40,30,71.1525416878722,8.74357644141284,0.866509807491922,8.29,0,0,173,0
40,30,71.1525416878722,8.74357644141284,0.866509807491922,17.75,0,0,51,0
41,30,77.8024979332984,1.95744262255865,0.635768255447041,0,101,30000,0,1
41,30,77.8024979332984,1.95744262255865,0.635768255447041,5.36,0,0,385,0
41,30,77.8024979332984,1.95744262255865,0.635768255447041,13.85,0,0,221,0
41,30,77.8024979332984,1.95744262255865,0.635768255447041,15.94,0,0,261,0
41,30,77.8024979332984,1.95744262255865,0.635768255447041,17.03,0,0,158,0
42,30,114.291007577962,6.92666967978319,0.880187602913378,0,101,30000,0,1
42,30,114.291007577962,6.92666967978319,0.880187602913378,4.7,0,0,171,0
42,30,114.291007577962,6.92666967978319,0.880187602913378,13.11,0,0,84,0
42,30,114.291007577962,6.92666967978319,0.880187602913378,16.04,0,0,124,0
42,30,114.291007577962,6.92666967978319,0.880187602913378,19.53,0,0,114,0
43,30,53.2996981214301,3.73976283549159,1.48720545456489,0,101,30000,0,1
43,30,53.2996981214301,3.73976283549159,1.48720545456489,1.4,0,0,518,0
43,30,53.2996981214301,3.73976283549159,1.48720545456489,10.29,0,0,302,0
43,30,53.2996981214301,3.73976283549159,1.48720545456489,20.7,0,0,105,0
43,30,53.2996981214301,3.73976283549159,1.48720545456489,23.71,0,0,158,0
44,30,77.9478773893828,4.60237285651082,0.820154294328216,0,101,30000,0,1
44,30,77.9478773893828,4.60237285651082,0.820154294328216,8.44,0,0,341,0
44,30,77.9478773893828,4.60237285651082,0.820154294328216,9.07,0,0,222,0
44,30,77.9478773893828,4.60237285651082,0.820154294328216,11.64,0,0,159,0
44,30,77.9478773893828,4.60237285651082,0.820154294328216,19.58,0,0,153,0
45,30,72.9174962094983,2.90680090715969,0.889161199755431,0,101,30000,0,1
45,30,72.9174962094983,2.90680090715969,0.889161199755431,3.63,0,0,412,0
45,30,72.9174962094983,2.90680090715969,0.889161199755431,9.98,0,0,257,0
45,30,72.9174962094983,2.90680090715969,0.889161199755431,11.35,0,0,229,0
45,30,72.9174962094983,2.90680090715969,0.889161199755431,15.63,0,0,272,0
46,30,50.710671802909,3.45599019065361,0.675338027369456,0,101,30000,0,1
46,30,50.710671802909,3.45599019065361,0.675338027369456,3.14,0,0,381,0
46,30,50.710671802909,3.45599019065361,0.675338027369456,10.12,0,0,361,0
46,30,50.710671802909,3.45599019065361,0.675338027369456,11.76,0,0,228,0
46,30,50.710671802909,3.45599019065361,0.675338027369456,19.29,0,0,111,0
47,30,45.6859248085206,4.40743635828937,1.03122738306349,0,101,30000,0,1
47,30,45.6859248085206,4.40743635828937,1.03122738306349,11.86,0,0,259,0
47,30,45.6859248085206,4.40743635828937,1.03122738306349,12.99,0,0,176,0
47,30,45.6859248085206,4.40743635828937,1.03122738306349,14.88,0,0,140,0
47,30,45.6859248085206,4.40743635828937,1.03122738306349,22.74,0,0,88,0
48,30,66.3667799852632,3.391314648329,0.748290046722554,0,101,30000,0,1
48,30,66.3667799852632,3.391314648329,0.748290046722554,3.24,0,0,279,0
48,30,66.3667799852632,3.391314648329,0.748290046722554,9.02,0,0,327,0
48,30,66.3667799852632,3.391314648329,0.748290046722554,10.24,0,0,211,0
48,30,66.3667799852632,3.391314648329,0.748290046722554,22.56,0,0,122,0
49,30,65.2867307074343,6.56002013394369,0.79526273789167,0,101,30000,0,1
49,30,65.2867307074343,6.56002013394369,0.79526273789167,2.95,0,0,319,0
49,30,65.2867307074343,6.56002013394369,0.79526273789167,3.92,0,0,400,0
49,30,65.2867307074343,6.56002013394369,0.79526273789167,6.54,0,0,215,0
49,30,65.2867307074343,6.56002013394369,0.79526273789167,23.49,0,0,58,0
50,30,169.535518523315,2.7551884247195,1.52179030594358,0,101,30000,0,1
50,30,169.535518523315,2.7551884247195,1.52179030594358,2.97,0,0,176,0
50,30,169.535518523315,2.7551884247195,1.52179030594358,10.03,0,0,232,0
50,30,169.535518523315,2.7551884247195,1.52179030594358,14.59,0,0,116,0
50,30,169.535518523315,2.7551884247195,1.52179030594358,15.61,0,0,161,0
51,30,66.6003414811123,3.37145150308576,1.15940446904486,0,101,30000,0,1
51,30,66.6003414811123,3.37145150308576,1.15940446904486,2.3,0,0,366,0
51,30,66.6003414811123,3.37145150308576,1.15940446904486,2.39,0,0,363,0
51,30,66.6003414811123,3.37145150308576,1.15940446904486,3.39,0,0,456,0
51,30,66.6003414811123,3.37145150308576,1.15940446904486,10.4,0,0,274,0
52,30,129.477920389351,3.3507879474397,1.02056328853784,0,101,30000,0,1
52,30,129.477920389351,3.3507879474397,1.02056328853784,1.41,0,0,137,0
52,30,129.477920389351,3.3507879474397,1.02056328853784,1.56,0,0,151,0
52,30,129.477920389351,3.3507879474397,1.02056328853784,2.88,0,0,168,0
52,30,129.477920389351,3.3507879474397,1.02056328853784,4.14,0,0,420,0
53,30,64.4203048613266,4.90784060577037,0.833743588183361,0,101,30000,0,1
53,30,64.4203048613266,4.90784060577037,0.833743588183361,0.68,0,0,178,0
53,30,64.4203048613266,4.90784060577037,0.833743588183361,1.88,0,0,305,0
53,30,64.4203048613266,4.90784060577037,0.833743588183361,3.32,0,0,275,0
53,30,64.4203048613266,4.90784060577037,0.833743588183361,22.96,0,0,77,0
54,30,76.4556569615812,3.66017588009559,0.715788968164473,0,101,30000,0,1
54,30,76.4556569615812,3.66017588009559,0.715788968164473,1.93,0,0,275,0
54,30,76.4556569615812,3.66017588009559,0.715788968164473,8.52,0,0,358,0
54,30,76.4556569615812,3.66017588009559,0.715788968164473,17.74,0,0,195,0
54,30,76.4556569615812,3.66017588009559,0.715788968164473,22.96,0,0,114,0
55,30,47.8677136587306,4.59899559627758,1.19872483457685,0,101,30000,0,1
55,30,47.8677136587306,4.59899559627758,1.19872483457685,3.84,0,0,440,0
55,30,47.8677136587306,4.59899559627758,1.19872483457685,4.41,0,0,542,0
55,30,47.8677136587306,4.59899559627758,1.19872483457685,4.7,0,0,360,0
55,30,47.8677136587306,4.59899559627758,1.19872483457685,20.08,0,0,64,0
56,30,47.139698184351,3.89410153872452,1.24419791483931,0,101,30000,0,1
56,30,47.139698184351,3.89410153872452,1.24419791483931,9.38,0,0,478,0
56,30,47.139698184351,3.89410153872452,1.24419791483931,9.97,0,0,322,0
56,30,47.139698184351,3.89410153872452,1.24419791483931,12.9,0,0,275,0
56,30,47.139698184351,3.89410153872452,1.24419791483931,15.12,0,0,211,0
57,30,94.3169878894477,3.63332699404816,0.896511316186381,0,101,30000,0,1
57,30,94.3169878894477,3.63332699404816,0.896511316186381,0.48,0,0,120,0
57,30,94.3169878894477,3.63332699404816,0.896511316186381,7.96,0,0,254,0
57,30,94.3169878894477,3.63332699404816,0.896511316186381,13.6,0,0,228,0
57,30,94.3169878894477,3.63332699404816,0.896511316186381,13.64,0,0,136,0
58,30,78.0482586529457,3.7570189245993,1.34698901376637,0,101,30000,0,1
58,30,78.0482586529457,3.7570189245993,1.34698901376637,0.73,0,0,278,0
58,30,78.0482586529457,3.7570189245993,1.34698901376637,3.2,0,0,327,0
58,30,78.0482586529457,3.7570189245993,1.34698901376637,7.77,0,0,246,0
58,30,78.0482586529457,3.7570189245993,1.34698901376637,15.28,0,0,215,0
59,30,96.8672443744232,3.90171940288509,0.924097696276627,0,101,30000,0,1
59,30,96.8672443744232,3.90171940288509,0.924097696276627,1.07,0,0,180,0
59,30,96.8672443744232,3.90171940288509,0.924097696276627,1.19,0,0,221,0
59,30,96.8672443744232,3.90171940288509,0.924097696276627,7.68,0,0,296,0
59,30,96.8672443744232,3.90171940288509,0.924097696276627,21.99,0,0,150,0
60,30,53.6081878075576,7.99228198677138,0.562134653356334,0,101,30000,0,1
60,30,53.6081878075576,7.99228198677138,0.562134653356334,9.01,0,0,151,0
60,30,53.6081878075576,7.99228198677138,0.562134653356334,16.69,0,0,47,0
60,30,53.6081878075576,7.99228198677138,0.562134653356334,17.44,0,0,49,0
60,30,53.6081878075576,7.99228198677138,0.562134653356334,19.47,0,0,34,0
61,60,40.8900835738729,2.66891489660577,1.1090910523607,0,101,60000,0,1
61,60,40.8900835738729,2.66891489660577,1.1090910523607,0.67,0,0,775,0
61,60,40.8900835738729,2.66891489660577,1.1090910523607,2.52,0,0,1376,0
61,60,40.8900835738729,2.66891489660577,1.1090910523607,2.8,0,0,847,0
61,60,40.8900835738729,2.66891489660577,1.1090910523607,7.41,0,0,1011,0
62,60,74.3850433117523,2.8843282049609,0.91350790506833,0,101,60000,0,1
62,60,74.3850433117523,2.8843282049609,0.91350790506833,2.22,0,0,659,0
62,60,74.3850433117523,2.8843282049609,0.91350790506833,8,0,0,622,0
62,60,74.3850433117523,2.8843282049609,0.91350790506833,13.37,0,0,536,0
62,60,74.3850433117523,2.8843282049609,0.91350790506833,20.19,0,0,347,0
63,60,54.7709183172421,3.5608225740342,0.952936362507781,0,101,60000,0,1
63,60,54.7709183172421,3.5608225740342,0.952936362507781,1.07,0,0,933,0
63,60,54.7709183172421,3.5608225740342,0.952936362507781,7.08,0,0,577,0
63,60,54.7709183172421,3.5608225740342,0.952936362507781,12.41,0,0,439,0
63,60,54.7709183172421,3.5608225740342,0.952936362507781,21.56,0,0,280,0
64,60,52.2531444587787,3.87196314326644,2.35247073247884,0,101,60000,0,1
64,60,52.2531444587787,3.87196314326644,2.35247073247884,4.33,0,0,1134,0
64,60,52.2531444587787,3.87196314326644,2.35247073247884,14.33,0,0,545,0
64,60,52.2531444587787,3.87196314326644,2.35247073247884,14.34,0,0,319,0
64,60,52.2531444587787,3.87196314326644,2.35247073247884,15.41,0,0,717,0
65,60,44.5376642533775,1.7736236221254,1.24646187326996,0,101,60000,0,1
65,60,44.5376642533775,1.7736236221254,1.24646187326996,3.22,0,0,1417,0
65,60,44.5376642533775,1.7736236221254,1.24646187326996,4.1,0,0,845,0
65,60,44.5376642533775,1.7736236221254,1.24646187326996,5.64,0,0,1160,0
65,60,44.5376642533775,1.7736236221254,1.24646187326996,5.98,0,0,816,0
66,60,83.3663102150006,3.34056404944068,1.33093971676666,0,101,60000,0,1
66,60,83.3663102150006,3.34056404944068,1.33093971676666,5.81,0,0,640,0
66,60,83.3663102150006,3.34056404944068,1.33093971676666,6.66,0,0,418,0
66,60,83.3663102150006,3.34056404944068,1.33093971676666,21.24,0,0,255,0
66,60,83.3663102150006,3.34056404944068,1.33093971676666,22.13,0,0,415,0
67,60,85.3306761432528,3.34797585331888,0.616199527370037,0,101,60000,0,1
67,60,85.3306761432528,3.34797585331888,0.616199527370037,1.57,0,0,412,0
67,60,85.3306761432528,3.34797585331888,0.616199527370037,15.72,0,0,355,0
67,60,85.3306761432528,3.34797585331888,0.616199527370037,18.17,0,0,309,0
67,60,85.3306761432528,3.34797585331888,0.616199527370037,20.05,0,0,458,0
68,60,57.1775189773946,3.0193736918897,0.839020772244601,0,101,60000,0,1
68,60,57.1775189773946,3.0193736918897,0.839020772244601,7.63,0,0,847,0
68,60,57.1775189773946,3.0193736918897,0.839020772244601,13.59,0,0,342,0
68,60,57.1775189773946,3.0193736918897,0.839020772244601,13.94,0,0,354,0
68,60,57.1775189773946,3.0193736918897,0.839020772244601,21.45,0,0,439,0
69,60,59.0232238844275,2.34052399793751,0.709075821910196,0,101,60000,0,1
69,60,59.0232238844275,2.34052399793751,0.709075821910196,3.37,0,0,1077,0
69,60,59.0232238844275,2.34052399793751,0.709075821910196,12.12,0,0,707,0
69,60,59.0232238844275,2.34052399793751,0.709075821910196,15.65,0,0,617,0
69,60,59.0232238844275,2.34052399793751,0.709075821910196,17.54,0,0,661,0
70,60,102.267075581915,3.4088628655671,0.59515421225438,0,101,60000,0,1
70,60,102.267075581915,3.4088628655671,0.59515421225438,3.15,0,0,411,0
70,60,102.267075581915,3.4088628655671,0.59515421225438,9.69,0,0,678,0
70,60,102.267075581915,3.4088628655671,0.59515421225438,14.26,0,0,267,0
70,60,102.267075581915,3.4088628655671,0.59515421225438,19.22,0,0,330,0
71,60,60.7502522480526,2.53994891302332,1.31932673943553,0,101,60000,0,1
71,60,60.7502522480526,2.53994891302332,1.31932673943553,9.77,0,0,521,0
71,60,60.7502522480526,2.53994891302332,1.31932673943553,18.61,0,0,416,0
71,60,60.7502522480526,2.53994891302332,1.31932673943553,18.73,0,0,649,0
71,60,60.7502522480526,2.53994891302332,1.31932673943553,21.01,0,0,350,0
72,60,68.8849813051547,6.78060577117238,0.829444450197959,0,101,60000,0,1
72,60,68.8849813051547,6.78060577117238,0.829444450197959,5.85,0,0,640,0
72,60,68.8849813051547,6.78060577117238,0.829444450197959,9.24,0,0,393,0
72,60,68.8849813051547,6.78060577117238,0.829444450197959,11.37,0,0,269,0
72,60,68.8849813051547,6.78060577117238,0.829444450197959,18.54,0,0,194,0
73,60,67.1330904123079,2.18345372569949,0.956200864005377,0,101,60000,0,1
73,60,67.1330904123079,2.18345372569949,0.956200864005377,15.94,0,0,688,0
73,60,67.1330904123079,2.18345372569949,0.956200864005377,16.44,0,0,398,0
73,60,67.1330904123079,2.18345372569949,0.956200864005377,20,0,0,503,0
73,60,67.1330904123079,2.18345372569949,0.956200864005377,22.8,0,0,425,0
74,60,88.6756675211274,5.18747633491255,1.13174604325811,0,101,60000,0,1
74,60,88.6756675211274,5.18747633491255,1.13174604325811,3.65,0,0,613,0
74,60,88.6756675211274,5.18747633491255,1.13174604325811,6.02,0,0,565,0
74,60,88.6756675211274,5.18747633491255,1.13174604325811,8,0,0,475,0
74,60,88.6756675211274,5.18747633491255,1.13174604325811,17.19,0,0,304,0
75,60,81.159351612548,2.79086957412488,0.904745431066269,0,101,60000,0,1
75,60,81.159351612548,2.79086957412488,0.904745431066269,15.42,0,0,394,0
75,60,81.159351612548,2.79086957412488,0.904745431066269,15.56,0,0,370,0
75,60,81.159351612548,2.79086957412488,0.904745431066269,19.09,0,0,455,0
75,60,81.159351612548,2.79086957412488,0.904745431066269,22.42,0,0,288,0
76,60,54.8730585028374,3.10118119318106,1.27928672736471,0,101,60000,0,1
76,60,54.8730585028374,3.10118119318106,1.27928672736471,3,0,0,735,0
76,60,54.8730585028374,3.10118119318106,1.27928672736471,6.01,0,0,936,0
76,60,54.8730585028374,3.10118119318106,1.27928672736471,6.89,0,0,1284,0
76,60,54.8730585028374,3.10118119318106,1.27928672736471,14.05,0,0,449,0
77,60,71.6595292523085,6.90701786020789,1.25152892936946,0,101,60000,0,1
77,60,71.6595292523085,6.90701786020789,1.25152892936946,3.45,0,0,761,0
77,60,71.6595292523085,6.90701786020789,1.25152892936946,13.72,0,0,411,0
77,60,71.6595292523085,6.90701786020789,1.25152892936946,15.3,0,0,170,0
77,60,71.6595292523085,6.90701786020789,1.25152892936946,22.14,0,0,98,0
78,60,62.1098422914211,3.1671954016501,1.40434168652166,0,101,60000,0,1
78,60,62.1098422914211,3.1671954016501,1.40434168652166,2.84,0,0,622,0
78,60,62.1098422914211,3.1671954016501,1.40434168652166,6.92,0,0,977,0
78,60,62.1098422914211,3.1671954016501,1.40434168652166,15.88,0,0,385,0
78,60,62.1098422914211,3.1671954016501,1.40434168652166,16.4,0,0,458,0
79,60,129.580779886189,3.19128460628979,0.952871000318713,0,101,60000,0,1
79,60,129.580779886189,3.19128460628979,0.952871000318713,8.23,0,0,404,0
79,60,129.580779886189,3.19128460628979,0.952871000318713,14.07,0,0,323,0
79,60,129.580779886189,3.19128460628979,0.952871000318713,14.72,0,0,332,0
79,60,129.580779886189,3.19128460628979,0.952871000318713,21.66,0,0,249,0
80,60,42.6190821745025,2.93114739827147,0.847482546077353,0,101,60000,0,1
80,60,42.6190821745025,2.93114739827147,0.847482546077353,2.34,0,0,892,0
80,60,42.6190821745025,2.93114739827147,0.847482546077353,6.98,0,0,1062,0
80,60,42.6190821745025,2.93114739827147,0.847482546077353,11.04,0,0,681,0
80,60,42.6190821745025,2.93114739827147,0.847482546077353,11.2,0,0,864,0
81,60,79.7501446652606,4.63559928809174,1.04588441877502,0,101,60000,0,1
81,60,79.7501446652606,4.63559928809174,1.04588441877502,5.57,0,0,762,0
81,60,79.7501446652606,4.63559928809174,1.04588441877502,6.15,0,0,476,0
81,60,79.7501446652606,4.63559928809174,1.04588441877502,6.67,0,0,434,0
81,60,79.7501446652606,4.63559928809174,1.04588441877502,20.5,0,0,259,0
82,60,68.6396883654706,2.13595820907536,1.3912564020163,0,101,60000,0,1
82,60,68.6396883654706,2.13595820907536,1.3912564020163,3.68,0,0,719,0
82,60,68.6396883654706,2.13595820907536,1.3912564020163,12.82,0,0,657,0
82,60,68.6396883654706,2.13595820907536,1.3912564020163,13.66,0,0,477,0
82,60,68.6396883654706,2.13595820907536,1.3912564020163,20.39,0,0,618,0
83,60,65.5719139615534,5.11291367465572,0.480284423436402,0,101,60000,0,1
83,60,65.5719139615534,5.11291367465572,0.480284423436402,3.23,0,0,639,0
83,60,65.5719139615534,5.11291367465572,0.480284423436402,4.44,0,0,577,0
83,60,65.5719139615534,5.11291367465572,0.480284423436402,10.28,0,0,538,0
83,60,65.5719139615534,5.11291367465572,0.480284423436402,10.73,0,0,561,0
84,60,66.0716777408448,4.48308962013987,0.790658504695387,0,101,60000,0,1
84,60,66.0716777408448,4.48308962013987,0.790658504695387,14.99,0,0,352,0
84,60,66.0716777408448,4.48308962013987,0.790658504695387,17.47,0,0,251,0
84,60,66.0716777408448,4.48308962013987,0.790658504695387,18.02,0,0,318,0
84,60,66.0716777408448,4.48308962013987,0.790658504695387,20.5,0,0,304,0
85,60,66.5953845410143,2.79273518672756,1.13566628709601,0,101,60000,0,1
85,60,66.5953845410143,2.79273518672756,1.13566628709601,6.16,0,0,583,0
85,60,66.5953845410143,2.79273518672756,1.13566628709601,12.25,0,0,965,0
85,60,66.5953845410143,2.79273518672756,1.13566628709601,18.59,0,0,435,0
85,60,66.5953845410143,2.79273518672756,1.13566628709601,19.99,0,0,558,0
86,60,97.9207127048449,3.77649390272807,1.22518025271123,0,101,60000,0,1
86,60,97.9207127048449,3.77649390272807,1.22518025271123,4.54,0,0,598,0
86,60,97.9207127048449,3.77649390272807,1.22518025271123,13.67,0,0,256,0
86,60,97.9207127048449,3.77649390272807,1.22518025271123,23.4,0,0,279,0
86,60,97.9207127048449,3.77649390272807,1.22518025271123,23.93,0,0,397,0
87,60,61.4857463023461,1.62137005330252,1.05506203729555,0,101,60000,0,1
87,60,61.4857463023461,1.62137005330252,1.05506203729555,11.64,0,0,773,0
87,60,61.4857463023461,1.62137005330252,1.05506203729555,17.13,0,0,675,0
87,60,61.4857463023461,1.62137005330252,1.05506203729555,19.24,0,0,583,0
87,60,61.4857463023461,1.62137005330252,1.05506203729555,23.96,0,0,590,0
88,60,81.3075638978123,4.25959219882817,1.44755745841965,0,101,60000,0,1
88,60,81.3075638978123,4.25959219882817,1.44755745841965,6.38,0,0,668,0
88,60,81.3075638978123,4.25959219882817,1.44755745841965,8.7,0,0,468,0
88,60,81.3075638978123,4.25959219882817,1.44755745841965,13,0,0,465,0
88,60,81.3075638978123,4.25959219882817,1.44755745841965,14.21,0,0,369,0
89,60,39.546594249593,4.92212752511409,1.59279517068175,0,101,60000,0,1
89,60,39.546594249593,4.92212752511409,1.59279517068175,0.06,0,0,129,0
89,60,39.546594249593,4.92212752511409,1.59279517068175,5.06,0,0,625,0
89,60,39.546594249593,4.92212752511409,1.59279517068175,7.93,0,0,517,0
89,60,39.546594249593,4.92212752511409,1.59279517068175,23.5,0,0,100,0
90,60,49.7007983482905,2.95058266027038,0.561659117344801,0,101,60000,0,1
90,60,49.7007983482905,2.95058266027038,0.561659117344801,11.68,0,0,502,0
90,60,49.7007983482905,2.95058266027038,0.561659117344801,18.61,0,0,407,0
90,60,49.7007983482905,2.95058266027038,0.561659117344801,19.63,0,0,430,0
90,60,49.7007983482905,2.95058266027038,0.561659117344801,21.14,0,0,260,0
91,120,65.4286898859557,3.52751072760457,0.842930552816149,0,101,120000,0,1
91,120,65.4286898859557,3.52751072760457,0.842930552816149,1.34,0,0,1428,0
91,120,65.4286898859557,3.52751072760457,0.842930552816149,20.71,0,0,590,0
91,120,65.4286898859557,3.52751072760457,0.842930552816149,20.72,0,0,618,0
91,120,65.4286898859557,3.52751072760457,0.842930552816149,23.79,0,0,531,0
92,120,59.4008538377795,3.10751917137596,1.01704026739347,0,101,120000,0,1
92,120,59.4008538377795,3.10751917137596,1.01704026739347,1.87,0,0,1854,0
92,120,59.4008538377795,3.10751917137596,1.01704026739347,18.62,0,0,766,0
92,120,59.4008538377795,3.10751917137596,1.01704026739347,18.88,0,0,577,0
92,120,59.4008538377795,3.10751917137596,1.01704026739347,19.81,0,0,1043,0
93,120,62.604483870992,5.03125413026889,0.948501784585961,0,101,120000,0,1
93,120,62.604483870992,5.03125413026889,0.948501784585961,1.93,0,0,2232,0
93,120,62.604483870992,5.03125413026889,0.948501784585961,6.06,0,0,1355,0
93,120,62.604483870992,5.03125413026889,0.948501784585961,6.56,0,0,872,0
93,120,62.604483870992,5.03125413026889,0.948501784585961,18.28,0,0,404,0
94,120,41.4061005173567,5.56205450882379,1.22313977129084,0,101,120000,0,1
94,120,41.4061005173567,5.56205450882379,1.22313977129084,5.39,0,0,1869,0
94,120,41.4061005173567,5.56205450882379,1.22313977129084,9.15,0,0,1261,0
94,120,41.4061005173567,5.56205450882379,1.22313977129084,16.98,0,0,365,0
94,120,41.4061005173567,5.56205450882379,1.22313977129084,22.07,0,0,131,0
95,120,110.350558925817,3.47976374536529,0.894129812846731,0,101,120000,0,1
95,120,110.350558925817,3.47976374536529,0.894129812846731,5.87,0,0,776,0
95,120,110.350558925817,3.47976374536529,0.894129812846731,12.1,0,0,866,0
95,120,110.350558925817,3.47976374536529,0.894129812846731,15.72,0,0,563,0
95,120,110.350558925817,3.47976374536529,0.894129812846731,19.82,0,0,701,0
96,120,64.4988753785102,4.35136671612756,1.36381628856779,0,101,120000,0,1
96,120,64.4988753785102,4.35136671612756,1.36381628856779,0.73,0,0,968,0
96,120,64.4988753785102,4.35136671612756,1.36381628856779,13.29,0,0,727,0
96,120,64.4988753785102,4.35136671612756,1.36381628856779,13.95,0,0,1187,0
96,120,64.4988753785102,4.35136671612756,1.36381628856779,19.09,0,0,617,0
97,120,71.09029481936,2.98185044609879,0.84471207582105,0,101,120000,0,1
97,120,71.09029481936,2.98185044609879,0.84471207582105,5.58,0,0,1555,0
97,120,71.09029481936,2.98185044609879,0.84471207582105,11.27,0,0,927,0
97,120,71.09029481936,2.98185044609879,0.84471207582105,16.53,0,0,910,0
97,120,71.09029481936,2.98185044609879,0.84471207582105,22.98,0,0,755,0
98,120,55.694228148165,2.99545050287995,1.36547133251154,0,101,120000,0,1
98,120,55.694228148165,2.99545050287995,1.36547133251154,0.99,0,0,1832,0
98,120,55.694228148165,2.99545050287995,1.36547133251154,10.34,0,0,1181,0
98,120,55.694228148165,2.99545050287995,1.36547133251154,10.64,0,0,1346,0
98,120,55.694228148165,2.99545050287995,1.36547133251154,12.67,0,0,1478,0
99,120,62.1765224999237,5.06810407042744,1.4256844383583,0,101,120000,0,1
99,120,62.1765224999237,5.06810407042744,1.4256844383583,1.77,0,0,1629,0
99,120,62.1765224999237,5.06810407042744,1.4256844383583,4.59,0,0,1123,0
99,120,62.1765224999237,5.06810407042744,1.4256844383583,12.62,0,0,582,0
99,120,62.1765224999237,5.06810407042744,1.4256844383583,19.88,0,0,368,0
100,120,46.4041698814269,3.39399000623909,0.86474811610817,0,101,120000,0,1
100,120,46.4041698814269,3.39399000623909,0.86474811610817,1.65,0,0,1409,0
100,120,46.4041698814269,3.39399000623909,0.86474811610817,1.92,0,0,2068,0
100,120,46.4041698814269,3.39399000623909,0.86474811610817,5.31,0,0,2081,0
100,120,46.4041698814269,3.39399000623909,0.86474811610817,12.9,0,0,1492,0
101,120,70.2453278613941,4.04474882480691,0.839335427687237,0,101,120000,0,1
101,120,70.2453278613941,4.04474882480691,0.839335427687237,2.84,0,0,1485,0
101,120,70.2453278613941,4.04474882480691,0.839335427687237,3.89,0,0,1576,0
101,120,70.2453278613941,4.04474882480691,0.839335427687237,4.19,0,0,1458,0
101,120,70.2453278613941,4.04474882480691,0.839335427687237,15.33,0,0,665,0
102,120,163.5513217784,6.1114441868109,1.10597563731074,0,101,120000,0,1
102,120,163.5513217784,6.1114441868109,1.10597563731074,1.89,0,0,605,0
102,120,163.5513217784,6.1114441868109,1.10597563731074,4.08,0,0,554,0
102,120,163.5513217784,6.1114441868109,1.10597563731074,14.86,0,0,494,0
102,120,163.5513217784,6.1114441868109,1.10597563731074,23.96,0,0,315,0
103,120,51.4191058459884,3.36405360269569,1.265208508006,0,101,120000,0,1
103,120,51.4191058459884,3.36405360269569,1.265208508006,2.82,0,0,2059,0
103,120,51.4191058459884,3.36405360269569,1.265208508006,8.9,0,0,1340,0
103,120,51.4191058459884,3.36405360269569,1.265208508006,11.22,0,0,1438,0
103,120,51.4191058459884,3.36405360269569,1.265208508006,18.15,0,0,731,0
104,120,86.8513329814972,4.02618762465246,1.51340062189653,0,101,120000,0,1
104,120,86.8513329814972,4.02618762465246,1.51340062189653,0.79,0,0,1068,0
104,120,86.8513329814972,4.02618762465246,1.51340062189653,9.94,0,0,1279,0
104,120,86.8513329814972,4.02618762465246,1.51340062189653,15.9,0,0,1049,0
104,120,86.8513329814972,4.02618762465246,1.51340062189653,20.07,0,0,761,0
105,120,49.4041170469188,4.60993322079101,1.34486561165965,0,101,120000,0,1
105,120,49.4041170469188,4.60993322079101,1.34486561165965,2.74,0,0,2148,0
105,120,49.4041170469188,4.60993322079101,1.34486561165965,7.41,0,0,1239,0
105,120,49.4041170469188,4.60993322079101,1.34486561165965,7.59,0,0,1655,0
105,120,49.4041170469188,4.60993322079101,1.34486561165965,20.67,0,0,371,0
106,120,70.3328958027947,4.46609074632235,0.796318223609488,0,101,120000,0,1
106,120,70.3328958027947,4.46609074632235,0.796318223609488,3.39,0,0,1429,0
106,120,70.3328958027947,4.46609074632235,0.796318223609488,10.27,0,0,902,0
106,120,70.3328958027947,4.46609074632235,0.796318223609488,17.22,0,0,581,0
106,120,70.3328958027947,4.46609074632235,0.796318223609488,17.42,0,0,415,0
107,120,55.9303438134237,3.56921627007547,1.07508585641457,0,101,120000,0,1
107,120,55.9303438134237,3.56921627007547,1.07508585641457,6.71,0,0,1529,0
107,120,55.9303438134237,3.56921627007547,1.07508585641457,12.9,0,0,1176,0
107,120,55.9303438134237,3.56921627007547,1.07508585641457,14.02,0,0,843,0
107,120,55.9303438134237,3.56921627007547,1.07508585641457,17.8,0,0,523,0
108,120,65.7665794992381,4.23445493771623,1.50031073236758,0,101,120000,0,1
108,120,65.7665794992381,4.23445493771623,1.50031073236758,7.69,0,0,1132,0
108,120,65.7665794992381,4.23445493771623,1.50031073236758,7.98,0,0,1258,0
108,120,65.7665794992381,4.23445493771623,1.50031073236758,9.99,0,0,879,0
108,120,65.7665794992381,4.23445493771623,1.50031073236758,17.96,0,0,530,0
109,120,66.8483670775755,7.00723442578406,1.21962210795932,0,101,120000,0,1
109,120,66.8483670775755,7.00723442578406,1.21962210795932,1.42,0,0,1582,0
109,120,66.8483670775755,7.00723442578406,1.21962210795932,13.22,0,0,336,0
109,120,66.8483670775755,7.00723442578406,1.21962210795932,15.8,0,0,278,0
109,120,66.8483670775755,7.00723442578406,1.21962210795932,16.02,0,0,328,0
110,120,73.3058948707464,3.09829427787388,1.10258770759552,0,101,120000,0,1
110,120,73.3058948707464,3.09829427787388,1.10258770759552,2.98,0,0,1834,0
110,120,73.3058948707464,3.09829427787388,1.10258770759552,9.58,0,0,1477,0
110,120,73.3058948707464,3.09829427787388,1.10258770759552,14.8,0,0,1117,0
110,120,73.3058948707464,3.09829427787388,1.10258770759552,22.27,0,0,796,0
111,120,82.1688840781832,3.95624090225424,1.00078254654373,0,101,120000,0,1
111,120,82.1688840781832,3.95624090225424,1.00078254654373,4.41,0,0,1540,0
111,120,82.1688840781832,3.95624090225424,1.00078254654373,4.72,0,0,1110,0
111,120,82.1688840781832,3.95624090225424,1.00078254654373,7.82,0,0,1200,0
111,120,82.1688840781832,3.95624090225424,1.00078254654373,13.55,0,0,725,0
112,120,78.2403555802508,4.01683317309061,0.797929793753777,0,101,120000,0,1
112,120,78.2403555802508,4.01683317309061,0.797929793753777,3.32,0,0,1285,0
112,120,78.2403555802508,4.01683317309061,0.797929793753777,13.56,0,0,914,0
112,120,78.2403555802508,4.01683317309061,0.797929793753777,16.71,0,0,682,0
112,120,78.2403555802508,4.01683317309061,0.797929793753777,21.36,0,0,502,0
113,120,73.12087709582,4.25916476860165,1.23206916208233,0,101,120000,0,1
113,120,73.12087709582,4.25916476860165,1.23206916208233,9.92,0,0,1234,0
113,120,73.12087709582,4.25916476860165,1.23206916208233,20.34,0,0,558,0
113,120,73.12087709582,4.25916476860165,1.23206916208233,21.24,0,0,680,0
113,120,73.12087709582,4.25916476860165,1.23206916208233,22.31,0,0,473,0
114,120,58.3310228298595,3.95529196498913,0.997175726673599,0,101,120000,0,1
114,120,58.3310228298595,3.95529196498913,0.997175726673599,4.91,0,0,2105,0
114,120,58.3310228298595,3.95529196498913,0.997175726673599,22.16,0,0,533,0
114,120,58.3310228298595,3.95529196498913,0.997175726673599,23.04,0,0,380,0
114,120,58.3310228298595,3.95529196498913,0.997175726673599,23.25,0,0,501,0
115,120,100.503719200247,4.52465265793354,1.36553384679807,0,101,120000,0,1
115,120,100.503719200247,4.52465265793354,1.36553384679807,14.87,0,0,932,0
115,120,100.503719200247,4.52465265793354,1.36553384679807,18.65,0,0,797,0
115,120,100.503719200247,4.52465265793354,1.36553384679807,20.15,0,0,551,0
115,120,100.503719200247,4.52465265793354,1.36553384679807,21.17,0,0,538,0
116,120,72.6568854926971,2.75419404108602,0.862046643230243,0,101,120000,0,1
116,120,72.6568854926971,2.75419404108602,0.862046643230243,1.03,0,0,1192,0
116,120,72.6568854926971,2.75419404108602,0.862046643230243,1.43,0,0,1371,0
116,120,72.6568854926971,2.75419404108602,0.862046643230243,4.71,0,0,1608,0
116,120,72.6568854926971,2.75419404108602,0.862046643230243,16.62,0,0,1179,0
117,120,85.4001069894774,1.68531852533975,1.68083113798097,0,101,120000,0,1
117,120,85.4001069894774,1.68531852533975,1.68083113798097,2.91,0,0,1051,0
117,120,85.4001069894774,1.68531852533975,1.68083113798097,6.92,0,0,908,0
117,120,85.4001069894774,1.68531852533975,1.68083113798097,9.27,0,0,1587,0
117,120,85.4001069894774,1.68531852533975,1.68083113798097,16.81,0,0,1012,0
118,120,50.7727881263372,6.98047323166834,0.979544484769586,0,101,120000,0,1
118,120,50.7727881263372,6.98047323166834,0.979544484769586,7.97,0,0,646,0
118,120,50.7727881263372,6.98047323166834,0.979544484769586,10.11,0,0,807,0
118,120,50.7727881263372,6.98047323166834,0.979544484769586,19.3,0,0,168,0
118,120,50.7727881263372,6.98047323166834,0.979544484769586,20.94,0,0,120,0
119,120,63.9948155340968,3.93081864252355,1.26077014568331,0,101,120000,0,1
119,120,63.9948155340968,3.93081864252355,1.26077014568331,5.46,0,0,1206,0
119,120,63.9948155340968,3.93081864252355,1.26077014568331,9.52,0,0,1176,0
119,120,63.9948155340968,3.93081864252355,1.26077014568331,12.99,0,0,818,0
119,120,63.9948155340968,3.93081864252355,1.26077014568331,21.44,0,0,730,0
120,120,106.115876264721,4.31735364320146,0.702264376476733,0,101,120000,0,1
120,120,106.115876264721,4.31735364320146,0.702264376476733,3.19,0,0,1010,0
120,120,106.115876264721,4.31735364320146,0.702264376476733,16.15,0,0,688,0
120,120,106.115876264721,4.31735364320146,0.702264376476733,17.12,0,0,833,0
120,120,106.115876264721,4.31735364320146,0.702264376476733,23.94,0,0,488,0
