ID,DOSE,V,CL,KA,TIME,EVID,AMT,DV,EVIDNM
1,10,51.3043994612494,3.81553333018786,0.991502216625431,0,101,10000,0,1
1,10,51.3043994612494,3.81553333018786,0.991502216625431,0.42,0,0,82,0
1,10,51.3043994612494,3.81553333018786,0.991502216625431,0.89,0,0,87,0
1,10,51.3043994612494,3.81553333018786,0.991502216625431,15.28,0,0,89,0
1,10,51.3043994612494,3.81553333018786,0.991502216625431,22.74,0,0,42,0
2,10,59.2365897065814,2.04267256422712,0.468384571649923,0,101,10000,0,1
2,10,59.2365897065814,2.04267256422712,0.468384571649923,6.69,0,0,115,0
2,10,59.2365897065814,2.04267256422712,0.468384571649923,13.64,0,0,112,0
2,10,59.2365897065814,2.04267256422712,0.468384571649923,19.34,0,0,80,0
2,10,59.2365897065814,2.04267256422712,0.468384571649923,22.16,0,0,65,0
3,10,100.321403322755,5.42814948127504,0.818726601282795,0,101,10000,0,1
3,10,100.321403322755,5.42814948127504,0.818726601282795,2.79,0,0,80,0
3,10,100.321403322755,5.42814948127504,0.818726601282795,3.25,0,0,72,0
3,10,100.321403322755,5.42814948127504,0.818726601282795,5.18,0,0,72,0
3,10,100.321403322755,5.42814948127504,0.818726601282795,6.6,0,0,57,0
4,10,86.0853086748941,2.00684036530981,0.732746266730382,0,101,10000,0,1
4,10,86.0853086748941,2.00684036530981,0.732746266730382,13.32,0,0,95,0
4,10,86.0853086748941,2.00684036530981,0.732746266730382,14.97,0,0,83,0
4,10,86.0853086748941,2.00684036530981,0.732746266730382,17.64,0,0,96,0
4,10,86.0853086748941,2.00684036530981,0.732746266730382,20.25,0,0,79,0
5,10,54.2927567522381,3.62947277297467,0.925962740616451,0,101,10000,0,1
5,10,54.2927567522381,3.62947277297467,0.925962740616451,0.99,0,0,113,0
5,10,54.2927567522381,3.62947277297467,0.925962740616451,14.91,0,0,75,0
5,10,54.2927567522381,3.62947277297467,0.925962740616451,18.85,0,0,45,0
5,10,54.2927567522381,3.62947277297467,0.925962740616451,21.3,0,0,48,0
6,10,45.6201294679985,3.31248747838158,1.05616074858938,0,101,10000,0,1
6,10,45.6201294679985,3.31248747838158,1.05616074858938,2.65,0,0,226,0
6,10,45.6201294679985,3.31248747838158,1.05616074858938,11.21,0,0,105,0
6,10,45.6201294679985,3.31248747838158,1.05616074858938,15.6,0,0,64,0
6,10,45.6201294679985,3.31248747838158,1.05616074858938,18.31,0,0,71,0
7,10,100.191764131601,4.18532158791493,1.00415339633774,0,101,10000,0,1
7,10,100.191764131601,4.18532158791493,1.00415339633774,5.31,0,0,97,0
7,10,100.191764131601,4.18532158791493,1.00415339633774,6.66,0,0,72,0
7,10,100.191764131601,4.18532158791493,1.00415339633774,15.97,0,0,46,0
7,10,100.191764131601,4.18532158791493,1.00415339633774,19.89,0,0,41,0
8,10,66.3852275631415,5.62086404593199,1.27752295976603,0,101,10000,0,1
8,10,66.3852275631415,5.62086404593199,1.27752295976603,3.21,0,0,108,0
8,10,66.3852275631415,5.62086404593199,1.27752295976603,3.73,0,0,122,0
8,10,66.3852275631415,5.62086404593199,1.27752295976603,5.13,0,0,119,0
8,10,66.3852275631415,5.62086404593199,1.27752295976603,6.47,0,0,87,0
9,10,72.666336121797,2.9227183782891,2.03000748092945,0,101,10000,0,1
9,10,72.666336121797,2.9227183782891,2.03000748092945,3.69,0,0,133,0
9,10,72.666336121797,2.9227183782891,2.03000748092945,9.37,0,0,90,0
9,10,72.666336121797,2.9227183782891,2.03000748092945,9.96,0,0,156,0
9,10,72.666336121797,2.9227183782891,2.03000748092945,18.73,0,0,67,0
10,10,70.7324210118726,3.07807542556265,0.861984683832609,0,101,10000,0,1
10,10,70.7324210118726,3.07807542556265,0.861984683832609,0.02,0,0,2,0
10,10,70.7324210118726,3.07807542556265,0.861984683832609,11.4,0,0,104,0
10,10,70.7324210118726,3.07807542556265,0.861984683832609,16.85,0,0,90,0
10,10,70.7324210118726,3.07807542556265,0.861984683832609,20.9,0,0,64,0
11,10,76.5255026975796,3.81149029513205,0.873198026293329,0,101,10000,0,1
11,10,76.5255026975796,3.81149029513205,0.873198026293329,2.74,0,0,135,0
11,10,76.5255026975796,3.81149029513205,0.873198026293329,5.33,0,0,98,0
11,10,76.5255026975796,3.81149029513205,0.873198026293329,7.53,0,0,74,0
11,10,76.5255026975796,3.81149029513205,0.873198026293329,23.21,0,0,38,0
12,10,86.9011422943229,5.82433168804886,1.1192644214981,0,101,10000,0,1
12,10,86.9011422943229,5.82433168804886,1.1192644214981,6.69,0,0,65,0
12,10,86.9011422943229,5.82433168804886,1.1192644214981,10.97,0,0,51,0
12,10,86.9011422943229,5.82433168804886,1.1192644214981,18.96,0,0,27,0
12,10,86.9011422943229,5.82433168804886,1.1192644214981,18.98,0,0,32,0
13,10,50.1000396507569,1.81966042655098,1.73471852699521,0,101,10000,0,1
13,10,50.1000396507569,1.81966042655098,1.73471852699521,3.84,0,0,181,0
13,10,50.1000396507569,1.81966042655098,1.73471852699521,6.88,0,0,122,0
13,10,50.1000396507569,1.81966042655098,1.73471852699521,19.46,0,0,96,0
13,10,50.1000396507569,1.81966042655098,1.73471852699521,23.18,0,0,63,0
14,10,45.6638885436655,5.68020072346881,0.979288676214266,0,101,10000,0,1
14,10,45.6638885436655,5.68020072346881,0.979288676214266,4.36,0,0,141,0
14,10,45.6638885436655,5.68020072346881,0.979288676214266,7.13,0,0,79,0
14,10,45.6638885436655,5.68020072346881,0.979288676214266,9.24,0,0,59,0
14,10,45.6638885436655,5.68020072346881,0.979288676214266,15.98,0,0,30,0
15,10,77.2400265625207,4.16790053047274,1.18338538031294,0,101,10000,0,1
15,10,77.2400265625207,4.16790053047274,1.18338538031294,15.49,0,0,62,0
15,10,77.2400265625207,4.16790053047274,1.18338538031294,16.39,0,0,44,0
15,10,77.2400265625207,4.16790053047274,1.18338538031294,16.94,0,0,55,0
15,10,77.2400265625207,4.16790053047274,1.18338538031294,17.74,0,0,57,0
16,10,45.4952964195173,3.59969138979375,1.0043381659046,0,101,10000,0,1
16,10,45.4952964195173,3.59969138979375,1.0043381659046,2.19,0,0,161,0
16,10,45.4952964195173,3.59969138979375,1.0043381659046,5.21,0,0,222,0
16,10,45.4952964195173,3.59969138979375,1.0043381659046,8.39,0,0,99,0
16,10,45.4952964195173,3.59969138979375,1.0043381659046,16.18,0,0,61,0
17,10,64.1749445359195,2.99011914687214,0.978140510718525,0,101,10000,0,1
17,10,64.1749445359195,2.99011914687214,0.978140510718525,1.11,0,0,68,0
17,10,64.1749445359195,2.99011914687214,0.978140510718525,2.91,0,0,182,0
17,10,64.1749445359195,2.99011914687214,0.978140510718525,4.33,0,0,86,0
17,10,64.1749445359195,2.99011914687214,0.978140510718525,22.32,0,0,73,0
18,10,57.869523441866,5.04892849625632,1.21071164248338,0,101,10000,0,1
18,10,57.869523441866,5.04892849625632,1.21071164248338,6.79,0,0,91,0
18,10,57.869523441866,5.04892849625632,1.21071164248338,10.39,0,0,90,0
18,10,57.869523441866,5.04892849625632,1.21071164248338,11.5,0,0,83,0
18,10,57.869523441866,5.04892849625632,1.21071164248338,12.92,0,0,97,0
19,10,71.8745636867389,4.5404393509924,1.41687334497865,0,101,10000,0,1
19,10,71.8745636867389,4.5404393509924,1.41687334497865,5.22,0,0,151,0
19,10,71.8745636867389,4.5404393509924,1.41687334497865,19.25,0,0,30,0
19,10,71.8745636867389,4.5404393509924,1.41687334497865,19.8,0,0,34,0
19,10,71.8745636867389,4.5404393509924,1.41687334497865,20.09,0,0,53,0
20,10,54.3663010318799,4.44894831799339,0.861780734376432,0,101,10000,0,1
20,10,54.3663010318799,4.44894831799339,0.861780734376432,13.68,0,0,83,0
20,10,54.3663010318799,4.44894831799339,0.861780734376432,14.88,0,0,53,0
20,10,54.3663010318799,4.44894831799339,0.861780734376432,22.4,0,0,31,0
20,10,54.3663010318799,4.44894831799339,0.861780734376432,23.9,0,0,28,0
21,10,89.9478878946387,4.98645723424495,0.90070152987959,0,101,10000,0,1
21,10,89.9478878946387,4.98645723424495,0.90070152987959,6.49,0,0,75,0
21,10,89.9478878946387,4.98645723424495,0.90070152987959,12.43,0,0,65,0
21,10,89.9478878946387,4.98645723424495,0.90070152987959,12.73,0,0,54,0
21,10,89.9478878946387,4.98645723424495,0.90070152987959,14.34,0,0,70,0
22,10,84.0926800189786,3.809450560495,2.39987897655652,0,101,10000,0,1
22,10,84.0926800189786,3.809450560495,2.39987897655652,0.89,0,0,123,0
22,10,84.0926800189786,3.809450560495,2.39987897655652,11.72,0,0,71,0
22,10,84.0926800189786,3.809450560495,2.39987897655652,14.31,0,0,55,0
22,10,84.0926800189786,3.809450560495,2.39987897655652,23.01,0,0,47,0
23,10,76.7915860851599,3.96850764645655,0.77161351497783,0,101,10000,0,1
23,10,76.7915860851599,3.96850764645655,0.77161351497783,7.67,0,0,83,0
23,10,76.7915860851599,3.96850764645655,0.77161351497783,9.92,0,0,76,0
23,10,76.7915860851599,3.96850764645655,0.77161351497783,16.14,0,0,52,0
23,10,76.7915860851599,3.96850764645655,0.77161351497783,22.98,0,0,41,0
24,10,45.8202199508335,4.73499096516282,1.04386491020871,0,101,10000,0,1
24,10,45.8202199508335,4.73499096516282,1.04386491020871,6.79,0,0,102,0
24,10,45.8202199508335,4.73499096516282,1.04386491020871,10.75,0,0,58,0
24,10,45.8202199508335,4.73499096516282,1.04386491020871,18.66,0,0,35,0
24,10,45.8202199508335,4.73499096516282,1.04386491020871,22.41,0,0,20,0
25,10,59.6472684239566,2.42716790375025,1.01934482019771,0,101,10000,0,1
25,10,59.6472684239566,2.42716790375025,1.01934482019771,2.47,0,0,155,0
25,10,59.6472684239566,2.42716790375025,1.01934482019771,9.69,0,0,136,0
25,10,59.6472684239566,2.42716790375025,1.01934482019771,13.97,0,0,81,0
25,10,59.6472684239566,2.42716790375025,1.01934482019771,19.86,0,0,73,0
26,10,97.4722710184531,4.33136300190188,0.544309071800443,0,101,10000,0,1
26,10,97.4722710184531,4.33136300190188,0.544309071800443,5.64,0,0,102,0
26,10,97.4722710184531,4.33136300190188,0.544309071800443,13.33,0,0,52,0
26,10,97.4722710184531,4.33136300190188,0.544309071800443,17.43,0,0,64,0
26,10,97.4722710184531,4.33136300190188,0.544309071800443,23.98,0,0,38,0
27,10,66.2875862224882,3.35695234979004,0.848322872338618,0,101,10000,0,1
27,10,66.2875862224882,3.35695234979004,0.848322872338618,2.5,0,0,118,0
27,10,66.2875862224882,3.35695234979004,0.848322872338618,9.36,0,0,129,0
27,10,66.2875862224882,3.35695234979004,0.848322872338618,20.31,0,0,67,0
27,10,66.2875862224882,3.35695234979004,0.848322872338618,22.97,0,0,62,0
28,10,65.0414167770798,3.57032268150532,0.823939393762516,0,101,10000,0,1
28,10,65.0414167770798,3.57032268150532,0.823939393762516,2.52,0,0,112,0
28,10,65.0414167770798,3.57032268150532,0.823939393762516,2.73,0,0,123,0
28,10,65.0414167770798,3.57032268150532,0.823939393762516,10.99,0,0,80,0
28,10,65.0414167770798,3.57032268150532,0.823939393762516,21.3,0,0,59,0
29,10,120.616730109946,4.15976397518428,0.725756652630644,0,101,10000,0,1
29,10,120.616730109946,4.15976397518428,0.725756652630644,3.8,0,0,66,0
29,10,120.616730109946,4.15976397518428,0.725756652630644,4.04,0,0,74,0
29,10,120.616730109946,4.15976397518428,0.725756652630644,20.63,0,0,41,0
29,10,120.616730109946,4.15976397518428,0.725756652630644,23.72,0,0,40,0
30,10,70.1832624846003,3.16366146055483,1.54903176427178,0,101,10000,0,1
30,10,70.1832624846003,3.16366146055483,1.54903176427178,6.18,0,0,155,0
30,10,70.1832624846003,3.16366146055483,1.54903176427178,8.64,0,0,84,0
30,10,70.1832624846003,3.16366146055483,1.54903176427178,14.87,0,0,73,0
30,10,70.1832624846003,3.16366146055483,1.54903176427178,21.33,0,0,55,0
31,30,77.6153031924657,4.88966663594068,1.20489204681452,0,101,30000,0,1
31,30,77.6153031924657,4.88966663594068,1.20489204681452,11.78,0,0,173,0
31,30,77.6153031924657,4.88966663594068,1.20489204681452,12.38,0,0,128,0
31,30,77.6153031924657,4.88966663594068,1.20489204681452,16.72,0,0,103,0
31,30,77.6153031924657,4.88966663594068,1.20489204681452,20.89,0,0,106,0
32,30,42.330074510323,3.92623694822264,0.910750849778987,0,101,30000,0,1
32,30,42.330074510323,3.92623694822264,0.910750849778987,0.89,0,0,376,0
32,30,42.330074510323,3.92623694822264,0.910750849778987,2.59,0,0,624,0
32,30,42.330074510323,3.92623694822264,0.910750849778987,4.07,0,0,470,0
32,30,42.330074510323,3.92623694822264,0.910750849778987,17.02,0,0,168,0
33,30,86.5389158700529,2.55926637981113,1.33190608303853,0,101,30000,0,1
33,30,86.5389158700529,2.55926637981113,1.33190608303853,1.09,0,0,262,0
33,30,86.5389158700529,2.55926637981113,1.33190608303853,7.24,0,0,439,0
33,30,86.5389158700529,2.55926637981113,1.33190608303853,17.5,0,0,244,0
33,30,86.5389158700529,2.55926637981113,1.33190608303853,20.06,0,0,286,0
34,30,91.5388498383057,3.16960288271559,1.22721555682608,0,101,30000,0,1
34,30,91.5388498383057,3.16960288271559,1.22721555682608,5.96,0,0,314,0
34,30,91.5388498383057,3.16960288271559,1.22721555682608,6.73,0,0,240,0
34,30,91.5388498383057,3.16960288271559,1.22721555682608,19.5,0,0,162,0
34,30,91.5388498383057,3.16960288271559,1.22721555682608,21.71,0,0,123,0
35,30,89.6255694438493,2.91527582465941,0.76246585706149,0,101,30000,0,1
35,30,89.6255694438493,2.91527582465941,0.76246585706149,8.25,0,0,280,0
35,30,89.6255694438493,2.91527582465941,0.76246585706149,10.94,0,0,210,0
35,30,89.6255694438493,2.91527582465941,0.76246585706149,13.32,0,0,301,0
35,30,89.6255694438493,2.91527582465941,0.76246585706149,15.6,0,0,301,0
36,30,61.9501848292025,2.68257581848601,0.99770618592458,0,101,30000,0,1
36,30,61.9501848292025,2.68257581848601,0.99770618592458,5.77,0,0,352,0
36,30,61.9501848292025,2.68257581848601,0.99770618592458,6.55,0,0,362,0
36,30,61.9501848292025,2.68257581848601,0.99770618592458,8.53,0,0,396,0
36,30,61.9501848292025,2.68257581848601,0.99770618592458,13.63,0,0,283,0
37,30,48.2159268365294,6.16403166183077,0.875089364756187,0,101,30000,0,1
37,30,48.2159268365294,6.16403166183077,0.875089364756187,1.77,0,0,473,0
37,30,48.2159268365294,6.16403166183077,0.875089364756187,19.17,0,0,51,0
37,30,48.2159268365294,6.16403166183077,0.875089364756187,23.13,0,0,34,0
37,30,48.2159268365294,6.16403166183077,0.875089364756187,23.93,0,0,38,0
38,30,51.1468689889766,4.76785037833813,1.15921394155581,0,101,30000,0,1
38,30,51.1468689889766,4.76785037833813,1.15921394155581,0.6,0,0,506,0
38,30,51.1468689889766,4.76785037833813,1.15921394155581,10.89,0,0,152,0
38,30,51.1468689889766,4.76785037833813,1.15921394155581,15.28,0,0,215,0
38,30,51.1468689889766,4.76785037833813,1.15921394155581,22.88,0,0,59,0
39,30,114.300986600265,4.05393010127541,0.930408021452613,0,101,30000,0,1
39,30,114.300986600265,4.05393010127541,0.930408021452613,2.73,0,0,218,0
39,30,114.300986600265,4.05393010127541,0.930408021452613,6.26,0,0,193,0
39,30,114.300986600265,4.05393010127541,0.930408021452613,20.71,0,0,167,0
39,30,114.300986600265,4.05393010127541,0.930408021452613,22.18,0,0,106,0
40,30,47.8238537286034,2.42073541561468,0.918840735426697,0,101,30000,0,1
40,30,47.8238537286034,2.42073541561468,0.918840735426697,10.16,0,0,320,0
40,30,47.8238537286034,2.42073541561468,0.918840735426697,15.39,0,0,207,0
40,30,47.8238537286034,2.42073541561468,0.918840735426697,20.71,0,0,248,0
40,30,47.8238537286034,2.42073541561468,0.918840735426697,23.32,0,0,264,0
41,30,70.7654225059167,2.670750212215,0.739379948425273,0,101,30000,0,1
41,30,70.7654225059167,2.670750212215,0.739379948425273,8.72,0,0,271,0
41,30,70.7654225059167,2.670750212215,0.739379948425273,14.03,0,0,298,0
41,30,70.7654225059167,2.670750212215,0.739379948425273,18.7,0,0,219,0
41,30,70.7654225059167,2.670750212215,0.739379948425273,20.86,0,0,219,0
42,30,60.7489884550926,4.02685447894323,0.835700792775611,0,101,30000,0,1
42,30,60.7489884550926,4.02685447894323,0.835700792775611,2.89,0,0,408,0
42,30,60.7489884550926,4.02685447894323,0.835700792775611,12.32,0,0,271,0
42,30,60.7489884550926,4.02685447894323,0.835700792775611,22.56,0,0,89,0
42,30,60.7489884550926,4.02685447894323,0.835700792775611,23.71,0,0,91,0
43,30,98.8018243174689,3.14811179815963,0.955594219839376,0,101,30000,0,1
43,30,98.8018243174689,3.14811179815963,0.955594219839376,0.26,0,0,72,0
43,30,98.8018243174689,3.14811179815963,0.955594219839376,0.64,0,0,172,0
43,30,98.8018243174689,3.14811179815963,0.955594219839376,8.06,0,0,205,0
43,30,98.8018243174689,3.14811179815963,0.955594219839376,23.55,0,0,137,0
44,30,79.5387397106394,3.07768211058927,0.489048039734722,0,101,30000,0,1
44,30,79.5387397106394,3.07768211058927,0.489048039734722,5,0,0,304,0
44,30,79.5387397106394,3.07768211058927,0.489048039734722,9.01,0,0,248,0
44,30,79.5387397106394,3.07768211058927,0.489048039734722,20.12,0,0,181,0
44,30,79.5387397106394,3.07768211058927,0.489048039734722,20.69,0,0,169,0
45,30,49.673743483919,3.82483793057402,0.534873061169047,0,101,30000,0,1
45,30,49.673743483919,3.82483793057402,0.534873061169047,6.78,0,0,476,0
45,30,49.673743483919,3.82483793057402,0.534873061169047,11.91,0,0,236,0
45,30,49.673743483919,3.82483793057402,0.534873061169047,11.94,0,0,279,0
45,30,49.673743483919,3.82483793057402,0.534873061169047,19.38,0,0,152,0
46,30,107.230630474675,6.00301650921175,0.777819358555193,0,101,30000,0,1
46,30,107.230630474675,6.00301650921175,0.777819358555193,1.09,0,0,152,0
46,30,107.230630474675,6.00301650921175,0.777819358555193,6.61,0,0,197,0
46,30,107.230630474675,6.00301650921175,0.777819358555193,9.24,0,0,144,0
46,30,107.230630474675,6.00301650921175,0.777819358555193,14.31,0,0,155,0
47,30,71.1525416878722,8.74357644141284,0.866509807491922,0,101,30000,0,1
47,30,71.1525416878722,8.74357644141284,0.866509807491922,0.31,0,0,102,0
47,30,71.1525416878722,8.74357644141284,0.866509807491922,2.11,0,0,399,0
47,30,71.1525416878722,8.74357644141284,0.866509807491922,8.29,0,0,173,0
47,30,71.1525416878722,8.74357644141284,0.866509807491922,17.75,0,0,51,0
48,30,69.8528817076447,4.18912872590933,0.810383384873914,0,101,30000,0,1
48,30,69.8528817076447,4.18912872590933,0.810383384873914,0.24,0,0,84,0
48,30,69.8528817076447,4.18912872590933,0.810383384873914,5.14,0,0,475,0
48,30,69.8528817076447,4.18912872590933,0.810383384873914,7.87,0,0,286,0
48,30,69.8528817076447,4.18912872590933,0.810383384873914,17.55,0,0,177,0
49,30,112.574230933067,5.35615202504569,1.01830178924557,0,101,30000,0,1
49,30,112.574230933067,5.35615202504569,1.01830178924557,13.08,0,0,141,0
49,30,112.574230933067,5.35615202504569,1.01830178924557,13.56,0,0,189,0
49,30,112.574230933067,5.35615202504569,1.01830178924557,14.97,0,0,197,0
49,30,112.574230933067,5.35615202504569,1.01830178924557,15.78,0,0,124,0
50,30,110.693859062549,5.2035414893312,0.740460088578618,0,101,30000,0,1
50,30,110.693859062549,5.2035414893312,0.740460088578618,2.2,0,0,173,0
50,30,110.693859062549,5.2035414893312,0.740460088578618,18.92,0,0,110,0
50,30,110.693859062549,5.2035414893312,0.740460088578618,19.79,0,0,120,0
50,30,110.693859062549,5.2035414893312,0.740460088578618,22.18,0,0,89,0
51,30,82.290929288907,4.40798626117454,1.1641413973223,0,101,30000,0,1
51,30,82.290929288907,4.40798626117454,1.1641413973223,5.05,0,0,303,0
51,30,82.290929288907,4.40798626117454,1.1641413973223,16.72,0,0,245,0
51,30,82.290929288907,4.40798626117454,1.1641413973223,18.62,0,0,88,0
51,30,82.290929288907,4.40798626117454,1.1641413973223,20.24,0,0,106,0
52,30,104.954070807786,5.2595536656726,1.10494549194822,0,101,30000,0,1
52,30,104.954070807786,5.2595536656726,1.10494549194822,3.97,0,0,230,0
52,30,104.954070807786,5.2595536656726,1.10494549194822,4.55,0,0,238,0
52,30,104.954070807786,5.2595536656726,1.10494549194822,5.3,0,0,216,0
52,30,104.954070807786,5.2595536656726,1.10494549194822,17.68,0,0,178,0
53,30,69.7880294664212,3.49663158247217,1.08958491667814,0,101,30000,0,1
53,30,69.7880294664212,3.49663158247217,1.08958491667814,3.51,0,0,255,0
53,30,69.7880294664212,3.49663158247217,1.08958491667814,4.84,0,0,271,0
53,30,69.7880294664212,3.49663158247217,1.08958491667814,6.78,0,0,296,0
53,30,69.7880294664212,3.49663158247217,1.08958491667814,17.09,0,0,221,0
54,30,67.1181098863457,4.40526869680986,0.84407723208009,0,101,30000,0,1
54,30,67.1181098863457,4.40526869680986,0.84407723208009,3.81,0,0,541,0
54,30,67.1181098863457,4.40526869680986,0.84407723208009,13.32,0,0,171,0
54,30,67.1181098863457,4.40526869680986,0.84407723208009,18.58,0,0,110,0
54,30,67.1181098863457,4.40526869680986,0.84407723208009,23.84,0,0,90,0
55,30,45.895520804635,6.55166706828684,1.0541269040124,0,101,30000,0,1
55,30,45.895520804635,6.55166706828684,1.0541269040124,0.09,0,0,54,0
55,30,45.895520804635,6.55166706828684,1.0541269040124,0.73,0,0,287,0
55,30,45.895520804635,6.55166706828684,1.0541269040124,8.74,0,0,258,0
55,30,45.895520804635,6.55166706828684,1.0541269040124,18.04,0,0,65,0
56,30,53.7695113395408,4.38098586064721,1.17801456562444,0,101,30000,0,1
56,30,53.7695113395408,4.38098586064721,1.17801456562444,11.61,0,0,300,0
56,30,53.7695113395408,4.38098586064721,1.17801456562444,16.23,0,0,163,0
56,30,53.7695113395408,4.38098586064721,1.17801456562444,17.23,0,0,173,0
56,30,53.7695113395408,4.38098586064721,1.17801456562444,18.43,0,0,146,0
57,30,55.4722028175993,7.34272629820251,1.45711990800284,0,101,30000,0,1
57,30,55.4722028175993,7.34272629820251,1.45711990800284,8.32,0,0,223,0
57,30,55.4722028175993,7.34272629820251,1.45711990800284,11.96,0,0,117,0
57,30,55.4722028175993,7.34272629820251,1.45711990800284,13.04,0,0,111,0
57,30,55.4722028175993,7.34272629820251,1.45711990800284,21.22,0,0,35,0
58,30,92.0934191605987,4.59307131255834,1.09911129125639,0,101,30000,0,1
58,30,92.0934191605987,4.59307131255834,1.09911129125639,1.36,0,0,247,0
58,30,92.0934191605987,4.59307131255834,1.09911129125639,5.24,0,0,209,0
58,30,92.0934191605987,4.59307131255834,1.09911129125639,10.67,0,0,153,0
58,30,92.0934191605987,4.59307131255834,1.09911129125639,12.34,0,0,243,0
59,30,77.9953386113277,6.6749315618273,0.85449134790162,0,101,30000,0,1
59,30,77.9953386113277,6.6749315618273,0.85449134790162,11.04,0,0,172,0
59,30,77.9953386113277,6.6749315618273,0.85449134790162,14.08,0,0,151,0
59,30,77.9953386113277,6.6749315618273,0.85449134790162,15.08,0,0,159,0
59,30,77.9953386113277,6.6749315618273,0.85449134790162,23.01,0,0,52,0
60,30,50.9114170847708,4.97805096158552,0.89285175745514,0,101,30000,0,1
60,30,50.9114170847708,4.97805096158552,0.89285175745514,3.34,0,0,434,0
60,30,50.9114170847708,4.97805096158552,0.89285175745514,9.09,0,0,356,0
60,30,50.9114170847708,4.97805096158552,0.89285175745514,9.9,0,0,286,0
60,30,50.9114170847708,4.97805096158552,0.89285175745514,15.91,0,0,160,0
61,60,52.381738806628,4.87001988007374,0.954452350731292,0,101,60000,0,1
61,60,52.381738806628,4.87001988007374,0.954452350731292,3.36,0,0,930,0
61,60,52.381738806628,4.87001988007374,0.954452350731292,11.14,0,0,615,0
61,60,52.381738806628,4.87001988007374,0.954452350731292,12.81,0,0,493,0
61,60,52.381738806628,4.87001988007374,0.954452350731292,19.81,0,0,232,0
62,60,68.9336446731653,4.71777699326872,1.29487306606643,0,101,60000,0,1
62,60,68.9336446731653,4.71777699326872,1.29487306606643,1.89,0,0,827,0
62,60,68.9336446731653,4.71777699326872,1.29487306606643,11.35,0,0,404,0
62,60,68.9336446731653,4.71777699326872,1.29487306606643,17.98,0,0,417,0
62,60,68.9336446731653,4.71777699326872,1.29487306606643,23.4,0,0,237,0
63,60,71.7895759870148,2.52083030829611,0.90390357627815,0,101,60000,0,1
63,60,71.7895759870148,2.52083030829611,0.90390357627815,20.15,0,0,504,0
63,60,71.7895759870148,2.52083030829611,0.90390357627815,20.32,0,0,573,0
63,60,71.7895759870148,2.52083030829611,0.90390357627815,21.13,0,0,364,0
63,60,71.7895759870148,2.52083030829611,0.90390357627815,23.25,0,0,383,0
64,60,73.0139297541391,3.21828039167526,0.485117074389168,0,101,60000,0,1
64,60,73.0139297541391,3.21828039167526,0.485117074389168,5.13,0,0,642,0
64,60,73.0139297541391,3.21828039167526,0.485117074389168,18,0,0,443,0
64,60,73.0139297541391,3.21828039167526,0.485117074389168,19.08,0,0,349,0
64,60,73.0139297541391,3.21828039167526,0.485117074389168,20.45,0,0,436,0
65,60,60.6632838949785,2.5509121875382,1.16085788384286,0,101,60000,0,1
65,60,60.6632838949785,2.5509121875382,1.16085788384286,2.93,0,0,998,0
65,60,60.6632838949785,2.5509121875382,1.16085788384286,6.54,0,0,693,0
65,60,60.6632838949785,2.5509121875382,1.16085788384286,20.34,0,0,397,0
65,60,60.6632838949785,2.5509121875382,1.16085788384286,21.23,0,0,385,0
66,60,49.3959620011343,2.96150314511941,0.956232657316996,0,101,60000,0,1
66,60,49.3959620011343,2.96150314511941,0.956232657316996,0.32,0,0,369,0
66,60,49.3959620011343,2.96150314511941,0.956232657316996,0.59,0,0,673,0
66,60,49.3959620011343,2.96150314511941,0.956232657316996,5.56,0,0,839,0
66,60,49.3959620011343,2.96150314511941,0.956232657316996,13.4,0,0,677,0
67,60,60.2590958886396,4.53855799556783,0.665235522695637,0,101,60000,0,1
67,60,60.2590958886396,4.53855799556783,0.665235522695637,12.15,0,0,379,0
67,60,60.2590958886396,4.53855799556783,0.665235522695637,15.62,0,0,397,0
67,60,60.2590958886396,4.53855799556783,0.665235522695637,16.48,0,0,453,0
67,60,60.2590958886396,4.53855799556783,0.665235522695637,21.99,0,0,179,0
68,60,109.585817699822,6.39810412877386,0.605259701314129,0,101,60000,0,1
68,60,109.585817699822,6.39810412877386,0.605259701314129,0.16,0,0,42,0
68,60,109.585817699822,6.39810412877386,0.605259701314129,3.87,0,0,524,0
68,60,109.585817699822,6.39810412877386,0.605259701314129,7.36,0,0,368,0
68,60,109.585817699822,6.39810412877386,0.605259701314129,7.45,0,0,380,0
69,60,55.7012750642282,8.47271282030447,0.914363517869107,0,101,60000,0,1
69,60,55.7012750642282,8.47271282030447,0.914363517869107,0.04,0,0,38,0
69,60,55.7012750642282,8.47271282030447,0.914363517869107,0.46,0,0,428,0
69,60,55.7012750642282,8.47271282030447,0.914363517869107,9.77,0,0,201,0
69,60,55.7012750642282,8.47271282030447,0.914363517869107,19.54,0,0,52,0
70,60,61.3785440008479,5.63048017096605,1.07478044031073,0,101,60000,0,1
70,60,61.3785440008479,5.63048017096605,1.07478044031073,5.58,0,0,588,0
70,60,61.3785440008479,5.63048017096605,1.07478044031073,11.44,0,0,378,0
70,60,61.3785440008479,5.63048017096605,1.07478044031073,18.23,0,0,143,0
70,60,61.3785440008479,5.63048017096605,1.07478044031073,21.29,0,0,191,0
71,60,68.2798708331183,3.40680361014299,0.628251499688155,0,101,60000,0,1
71,60,68.2798708331183,3.40680361014299,0.628251499688155,6.41,0,0,764,0
71,60,68.2798708331183,3.40680361014299,0.628251499688155,8.62,0,0,542,0
71,60,68.2798708331183,3.40680361014299,0.628251499688155,9.03,0,0,695,0
71,60,68.2798708331183,3.40680361014299,0.628251499688155,17.42,0,0,490,0
72,60,83.3663102150006,3.34056404944068,1.33093971676666,0,101,60000,0,1
72,60,83.3663102150006,3.34056404944068,1.33093971676666,5.81,0,0,640,0
72,60,83.3663102150006,3.34056404944068,1.33093971676666,6.66,0,0,418,0
72,60,83.3663102150006,3.34056404944068,1.33093971676666,21.24,0,0,255,0
72,60,83.3663102150006,3.34056404944068,1.33093971676666,22.13,0,0,415,0
73,60,52.498572655877,4.95934906136778,1.06082269010436,0,101,60000,0,1
73,60,52.498572655877,4.95934906136778,1.06082269010436,0.9,0,0,598,0
73,60,52.498572655877,4.95934906136778,1.06082269010436,4.17,0,0,741,0
73,60,52.498572655877,4.95934906136778,1.06082269010436,6.75,0,0,803,0
73,60,52.498572655877,4.95934906136778,1.06082269010436,20.2,0,0,199,0
74,60,81.4842053085683,3.74001882114734,0.610208371916806,0,101,60000,0,1
74,60,81.4842053085683,3.74001882114734,0.610208371916806,3.7,0,0,517,0
74,60,81.4842053085683,3.74001882114734,0.610208371916806,4.14,0,0,565,0
74,60,81.4842053085683,3.74001882114734,0.610208371916806,10.42,0,0,474,0
74,60,81.4842053085683,3.74001882114734,0.610208371916806,16.77,0,0,375,0
75,60,71.8721723942907,2.95465447027374,0.895964858847112,0,101,60000,0,1
75,60,71.8721723942907,2.95465447027374,0.895964858847112,2.55,0,0,671,0
75,60,71.8721723942907,2.95465447027374,0.895964858847112,3,0,0,681,0
75,60,71.8721723942907,2.95465447027374,0.895964858847112,8.33,0,0,789,0
75,60,71.8721723942907,2.95465447027374,0.895964858847112,13.54,0,0,444,0
76,60,60.5781895115064,3.04480941244692,1.12979848465332,0,101,60000,0,1
76,60,60.5781895115064,3.04480941244692,1.12979848465332,3.42,0,0,1466,0
76,60,60.5781895115064,3.04480941244692,1.12979848465332,17.12,0,0,420,0
76,60,60.5781895115064,3.04480941244692,1.12979848465332,17.13,0,0,339,0
76,60,60.5781895115064,3.04480941244692,1.12979848465332,20.22,0,0,470,0
77,60,46.1915069716777,1.98662333275536,0.580890385640117,0,101,60000,0,1
77,60,46.1915069716777,1.98662333275536,0.580890385640117,4.7,0,0,1002,0
77,60,46.1915069716777,1.98662333275536,0.580890385640117,11.78,0,0,859,0
77,60,46.1915069716777,1.98662333275536,0.580890385640117,21.14,0,0,650,0
77,60,46.1915069716777,1.98662333275536,0.580890385640117,23.5,0,0,602,0
78,60,34.6905263574433,5.04064106174629,0.772698856165386,0,101,60000,0,1
78,60,34.6905263574433,5.04064106174629,0.772698856165386,2.97,0,0,761,0
78,60,34.6905263574433,5.04064106174629,0.772698856165386,8.64,0,0,566,0
78,60,34.6905263574433,5.04064106174629,0.772698856165386,10.04,0,0,623,0
78,60,34.6905263574433,5.04064106174629,0.772698856165386,13.28,0,0,306,0
79,60,57.392928557031,4.11825121497906,1.23882857952708,0,101,60000,0,1
79,60,57.392928557031,4.11825121497906,1.23882857952708,3.61,0,0,701,0
79,60,57.392928557031,4.11825121497906,1.23882857952708,4.67,0,0,1026,0
79,60,57.392928557031,4.11825121497906,1.23882857952708,6.27,0,0,692,0
79,60,57.392928557031,4.11825121497906,1.23882857952708,19.73,0,0,405,0
80,60,40.0129591322505,5.96365030885068,0.736453070854295,0,101,60000,0,1
80,60,40.0129591322505,5.96365030885068,0.736453070854295,0.23,0,0,252,0
80,60,40.0129591322505,5.96365030885068,0.736453070854295,2.22,0,0,895,0
80,60,40.0129591322505,5.96365030885068,0.736453070854295,3.56,0,0,936,0
80,60,40.0129591322505,5.96365030885068,0.736453070854295,16.83,0,0,157,0
81,60,82.0894434061512,3.34590071347393,0.840869700830982,0,101,60000,0,1
81,60,82.0894434061512,3.34590071347393,0.840869700830982,5.97,0,0,575,0
81,60,82.0894434061512,3.34590071347393,0.840869700830982,15.46,0,0,477,0
81,60,82.0894434061512,3.34590071347393,0.840869700830982,16.39,0,0,371,0
81,60,82.0894434061512,3.34590071347393,0.840869700830982,19.14,0,0,344,0
82,60,116.766625406898,2.12865866096885,1.21130114152104,0,101,60000,0,1
82,60,116.766625406898,2.12865866096885,1.21130114152104,0.27,0,0,150,0
82,60,116.766625406898,2.12865866096885,1.21130114152104,10.11,0,0,430,0
82,60,116.766625406898,2.12865866096885,1.21130114152104,16.72,0,0,510,0
82,60,116.766625406898,2.12865866096885,1.21130114152104,18.48,0,0,272,0
83,60,104.261016761698,3.18205820392796,0.619385967829349,0,101,60000,0,1
83,60,104.261016761698,3.18205820392796,0.619385967829349,1.22,0,0,403,0
83,60,104.261016761698,3.18205820392796,0.619385967829349,1.93,0,0,599,0
83,60,104.261016761698,3.18205820392796,0.619385967829349,10.94,0,0,534,0
83,60,104.261016761698,3.18205820392796,0.619385967829349,13.53,0,0,408,0
84,60,67.1952156659222,6.126643130897,1.51922096599504,0,101,60000,0,1
84,60,67.1952156659222,6.126643130897,1.51922096599504,1.33,0,0,771,0
84,60,67.1952156659222,6.126643130897,1.51922096599504,6.78,0,0,460,0
84,60,67.1952156659222,6.126643130897,1.51922096599504,14.01,0,0,220,0
84,60,67.1952156659222,6.126643130897,1.51922096599504,15.92,0,0,165,0
85,60,51.0650652483972,3.08444722401692,1.23635790786045,0,101,60000,0,1
85,60,51.0650652483972,3.08444722401692,1.23635790786045,5.14,0,0,706,0
85,60,51.0650652483972,3.08444722401692,1.23635790786045,8.51,0,0,542,0
85,60,51.0650652483972,3.08444722401692,1.23635790786045,10.57,0,0,826,0
85,60,51.0650652483972,3.08444722401692,1.23635790786045,13.19,0,0,532,0
86,60,88.4471455690591,2.64009661624913,0.70460124999582,0,101,60000,0,1
86,60,88.4471455690591,2.64009661624913,0.70460124999582,4.41,0,0,662,0
86,60,88.4471455690591,2.64009661624913,0.70460124999582,8.01,0,0,384,0
86,60,88.4471455690591,2.64009661624913,0.70460124999582,8.38,0,0,604,0
86,60,88.4471455690591,2.64009661624913,0.70460124999582,18.72,0,0,416,0
87,60,94.1769888358691,4.34206074940561,0.738360605179406,0,101,60000,0,1
87,60,94.1769888358691,4.34206074940561,0.738360605179406,0.37,0,0,158,0
87,60,94.1769888358691,4.34206074940561,0.738360605179406,5.86,0,0,633,0
87,60,94.1769888358691,4.34206074940561,0.738360605179406,14.41,0,0,274,0
87,60,94.1769888358691,4.34206074940561,0.738360605179406,23.91,0,0,240,0
88,60,65.8338621752786,3.75986083658534,1.17597941951946,0,101,60000,0,1
88,60,65.8338621752786,3.75986083658534,1.17597941951946,10.93,0,0,512,0
88,60,65.8338621752786,3.75986083658534,1.17597941951946,16.61,0,0,444,0
88,60,65.8338621752786,3.75986083658534,1.17597941951946,18.26,0,0,344,0
88,60,65.8338621752786,3.75986083658534,1.17597941951946,19.34,0,0,323,0
89,60,85.6299653789802,4.60648433991323,1.24111528101379,0,101,60000,0,1
89,60,85.6299653789802,4.60648433991323,1.24111528101379,9.51,0,0,333,0
89,60,85.6299653789802,4.60648433991323,1.24111528101379,9.79,0,0,333,0
89,60,85.6299653789802,4.60648433991323,1.24111528101379,13.92,0,0,418,0
89,60,85.6299653789802,4.60648433991323,1.24111528101379,15.9,0,0,368,0
90,60,64.5788402894313,3.66987115460772,1.28242231651733,0,101,60000,0,1
90,60,64.5788402894313,3.66987115460772,1.28242231651733,6.73,0,0,875,0
90,60,64.5788402894313,3.66987115460772,1.28242231651733,10.87,0,0,687,0
90,60,64.5788402894313,3.66987115460772,1.28242231651733,20.86,0,0,229,0
90,60,64.5788402894313,3.66987115460772,1.28242231651733,21.77,0,0,263,0
91,120,124.123455730453,3.37991981098569,0.621919623996619,0,101,120000,0,1
91,120,124.123455730453,3.37991981098569,0.621919623996619,5.64,0,0,1362,0
91,120,124.123455730453,3.37991981098569,0.621919623996619,18.48,0,0,838,0
91,120,124.123455730453,3.37991981098569,0.621919623996619,20.62,0,0,602,0
91,120,124.123455730453,3.37991981098569,0.621919623996619,22.89,0,0,516,0
92,120,112.166772850069,5.98710446640808,1.35783319490441,0,101,120000,0,1
92,120,112.166772850069,5.98710446640808,1.35783319490441,11.43,0,0,737,0
92,120,112.166772850069,5.98710446640808,1.35783319490441,21.9,0,0,297,0
92,120,112.166772850069,5.98710446640808,1.35783319490441,22.88,0,0,393,0
92,120,112.166772850069,5.98710446640808,1.35783319490441,23.9,0,0,325,0
93,120,98.3535515760243,2.72366495908349,0.943403411678095,0,101,120000,0,1
93,120,98.3535515760243,2.72366495908349,0.943403411678095,1.62,0,0,991,0
93,120,98.3535515760243,2.72366495908349,0.943403411678095,5.24,0,0,1123,0
93,120,98.3535515760243,2.72366495908349,0.943403411678095,12.31,0,0,1096,0
93,120,98.3535515760243,2.72366495908349,0.943403411678095,19,0,0,728,0
94,120,63.1777520795546,4.83278020678209,0.912871682879019,0,101,120000,0,1
94,120,63.1777520795546,4.83278020678209,0.912871682879019,2.01,0,0,1273,0
94,120,63.1777520795546,4.83278020678209,0.912871682879019,6.33,0,0,1249,0
94,120,63.1777520795546,4.83278020678209,0.912871682879019,6.82,0,0,1325,0
94,120,63.1777520795546,4.83278020678209,0.912871682879019,11.26,0,0,996,0
95,120,70.5194208003751,2.99708755653636,1.03181053320322,0,101,120000,0,1
95,120,70.5194208003751,2.99708755653636,1.03181053320322,4.39,0,0,1406,0
95,120,70.5194208003751,2.99708755653636,1.03181053320322,9.18,0,0,1296,0
95,120,70.5194208003751,2.99708755653636,1.03181053320322,11.72,0,0,1041,0
95,120,70.5194208003751,2.99708755653636,1.03181053320322,13.99,0,0,885,0
96,120,90.2954101681161,5.18188288387702,0.752934188451871,0,101,120000,0,1
96,120,90.2954101681161,5.18188288387702,0.752934188451871,1.57,0,0,838,0
96,120,90.2954101681161,5.18188288387702,0.752934188451871,6.33,0,0,1029,0
96,120,90.2954101681161,5.18188288387702,0.752934188451871,11.01,0,0,825,0
96,120,90.2954101681161,5.18188288387702,0.752934188451871,21.82,0,0,443,0
97,120,47.8004246011776,5.91353623155204,0.630141795933738,0,101,120000,0,1
97,120,47.8004246011776,5.91353623155204,0.630141795933738,4.45,0,0,1991,0
97,120,47.8004246011776,5.91353623155204,0.630141795933738,5.39,0,0,1569,0
97,120,47.8004246011776,5.91353623155204,0.630141795933738,19.75,0,0,214,0
97,120,47.8004246011776,5.91353623155204,0.630141795933738,21.24,0,0,214,0
98,120,44.6749438385892,4.65991630508501,1.88954729844345,0,101,120000,0,1
98,120,44.6749438385892,4.65991630508501,1.88954729844345,1.38,0,0,1431,0
98,120,44.6749438385892,4.65991630508501,1.88954729844345,2.06,0,0,2724,0
98,120,44.6749438385892,4.65991630508501,1.88954729844345,11.97,0,0,1018,0
98,120,44.6749438385892,4.65991630508501,1.88954729844345,14.47,0,0,662,0
99,120,62.9553272718574,4.09216075640098,1.38100489546133,0,101,120000,0,1
99,120,62.9553272718574,4.09216075640098,1.38100489546133,0.44,0,0,673,0
99,120,62.9553272718574,4.09216075640098,1.38100489546133,5.33,0,0,1306,0
99,120,62.9553272718574,4.09216075640098,1.38100489546133,7.5,0,0,1025,0
99,120,62.9553272718574,4.09216075640098,1.38100489546133,11.47,0,0,973,0
100,120,110.004553165153,4.14964811012517,0.63927127078697,0,101,120000,0,1
100,120,110.004553165153,4.14964811012517,0.63927127078697,3.58,0,0,1095,0
100,120,110.004553165153,4.14964811012517,0.63927127078697,10.5,0,0,805,0
100,120,110.004553165153,4.14964811012517,0.63927127078697,17.17,0,0,387,0
100,120,110.004553165153,4.14964811012517,0.63927127078697,20.56,0,0,503,0
101,120,65.8691604878579,4.38960599082337,0.880010983187025,0,101,120000,0,1
101,120,65.8691604878579,4.38960599082337,0.880010983187025,2.76,0,0,964,0
101,120,65.8691604878579,4.38960599082337,0.880010983187025,6.45,0,0,1172,0
101,120,65.8691604878579,4.38960599082337,0.880010983187025,16.63,0,0,528,0
101,120,65.8691604878579,4.38960599082337,0.880010983187025,19.05,0,0,517,0
102,120,57.1705680882938,8.94483356648764,0.568245317737152,0,101,120000,0,1
102,120,57.1705680882938,8.94483356648764,0.568245317737152,10.63,0,0,454,0
102,120,57.1705680882938,8.94483356648764,0.568245317737152,15.91,0,0,177,0
102,120,57.1705680882938,8.94483356648764,0.568245317737152,22.05,0,0,107,0
102,120,57.1705680882938,8.94483356648764,0.568245317737152,22.19,0,0,89,0
103,120,50.9845332771302,5.10425536493634,1.13128381812388,0,101,120000,0,1
103,120,50.9845332771302,5.10425536493634,1.13128381812388,3.07,0,0,1863,0
103,120,50.9845332771302,5.10425536493634,1.13128381812388,6.68,0,0,1501,0
103,120,50.9845332771302,5.10425536493634,1.13128381812388,16.77,0,0,361,0
103,120,50.9845332771302,5.10425536493634,1.13128381812388,21.49,0,0,242,0
104,120,84.4413385272805,2.9161762371282,1.14965014590348,0,101,120000,0,1
104,120,84.4413385272805,2.9161762371282,1.14965014590348,1.31,0,0,1871,0
104,120,84.4413385272805,2.9161762371282,1.14965014590348,10.92,0,0,732,0
104,120,84.4413385272805,2.9161762371282,1.14965014590348,12.81,0,0,882,0
104,120,84.4413385272805,2.9161762371282,1.14965014590348,14.07,0,0,1154,0
105,120,79.8655615583813,4.88242003170085,0.6986718370647,0,101,120000,0,1
105,120,79.8655615583813,4.88242003170085,0.6986718370647,6.27,0,0,1147,0
105,120,79.8655615583813,4.88242003170085,0.6986718370647,9.87,0,0,713,0
105,120,79.8655615583813,4.88242003170085,0.6986718370647,16.47,0,0,446,0
105,120,79.8655615583813,4.88242003170085,0.6986718370647,21.08,0,0,529,0
106,120,41.6316832062083,8.01774193117866,1.3525523169545,0,101,120000,0,1
106,120,41.6316832062083,8.01774193117866,1.3525523169545,0.58,0,0,1421,0
106,120,41.6316832062083,8.01774193117866,1.3525523169545,4.84,0,0,1431,0
106,120,41.6316832062083,8.01774193117866,1.3525523169545,11.6,0,0,276,0
106,120,41.6316832062083,8.01774193117866,1.3525523169545,20.96,0,0,60,0
107,120,69.5788546749342,4.51011001960432,1.13255096075495,0,101,120000,0,1
107,120,69.5788546749342,4.51011001960432,1.13255096075495,0.54,0,0,783,0
107,120,69.5788546749342,4.51011001960432,1.13255096075495,5.77,0,0,1511,0
107,120,69.5788546749342,4.51011001960432,1.13255096075495,22.93,0,0,480,0
107,120,69.5788546749342,4.51011001960432,1.13255096075495,22.93,0,0,591,0
108,120,83.8909036523781,3.93773995627241,1.14739788284581,0,101,120000,0,1
108,120,83.8909036523781,3.93773995627241,1.14739788284581,2.38,0,0,1160,0
108,120,83.8909036523781,3.93773995627241,1.14739788284581,16.71,0,0,695,0
108,120,83.8909036523781,3.93773995627241,1.14739788284581,21.11,0,0,699,0
108,120,83.8909036523781,3.93773995627241,1.14739788284581,21.48,0,0,455,0
109,120,54.6936547239908,3.80091521742579,0.897893449221174,0,101,120000,0,1
109,120,54.6936547239908,3.80091521742579,0.897893449221174,0.12,0,0,205,0
109,120,54.6936547239908,3.80091521742579,0.897893449221174,3.14,0,0,1975,0
109,120,54.6936547239908,3.80091521742579,0.897893449221174,6.48,0,0,1358,0
109,120,54.6936547239908,3.80091521742579,0.897893449221174,11,0,0,1540,0
110,120,58.1215524199953,1.74886230538632,0.788982162813282,0,101,120000,0,1
110,120,58.1215524199953,1.74886230538632,0.788982162813282,1.9,0,0,1106,0
110,120,58.1215524199953,1.74886230538632,0.788982162813282,7.2,0,0,1498,0
110,120,58.1215524199953,1.74886230538632,0.788982162813282,12.61,0,0,1687,0
110,120,58.1215524199953,1.74886230538632,0.788982162813282,15.13,0,0,1576,0
111,120,56.6853163375935,4.46272086366366,1.01612031073986,0,101,120000,0,1
111,120,56.6853163375935,4.46272086366366,1.01612031073986,6.08,0,0,1608,0
111,120,56.6853163375935,4.46272086366366,1.01612031073986,12.37,0,0,887,0
111,120,56.6853163375935,4.46272086366366,1.01612031073986,13.03,0,0,948,0
111,120,56.6853163375935,4.46272086366366,1.01612031073986,19.54,0,0,459,0
112,120,136.962169478448,10.0101125654617,1.37962863531228,0,101,120000,0,1
112,120,136.962169478448,10.0101125654617,1.37962863531228,1.11,0,0,431,0
112,120,136.962169478448,10.0101125654617,1.37962863531228,7.63,0,0,512,0
112,120,136.962169478448,10.0101125654617,1.37962863531228,8.95,0,0,429,0
112,120,136.962169478448,10.0101125654617,1.37962863531228,11.18,0,0,311,0
113,120,84.3542023791678,3.60300676900508,1.03388135629467,0,101,120000,0,1
113,120,84.3542023791678,3.60300676900508,1.03388135629467,4.71,0,0,1390,0
113,120,84.3542023791678,3.60300676900508,1.03388135629467,9.72,0,0,955,0
113,120,84.3542023791678,3.60300676900508,1.03388135629467,12.28,0,0,633,0
113,120,84.3542023791678,3.60300676900508,1.03388135629467,13.18,0,0,773,0
114,120,82.9127249022627,8.18983332596851,1.06073459532557,0,101,120000,0,1
114,120,82.9127249022627,8.18983332596851,1.06073459532557,1.3,0,0,1180,0
114,120,82.9127249022627,8.18983332596851,1.06073459532557,3.2,0,0,1097,0
114,120,82.9127249022627,8.18983332596851,1.06073459532557,10.36,0,0,671,0
114,120,82.9127249022627,8.18983332596851,1.06073459532557,21.19,0,0,170,0
115,120,54.6414540025781,4.42804083248263,0.591159183410652,0,101,120000,0,1
115,120,54.6414540025781,4.42804083248263,0.591159183410652,6.83,0,0,1272,0
115,120,54.6414540025781,4.42804083248263,0.591159183410652,12.47,0,0,914,0
115,120,54.6414540025781,4.42804083248263,0.591159183410652,13.96,0,0,1042,0
115,120,54.6414540025781,4.42804083248263,0.591159183410652,22.5,0,0,404,0
116,120,44.2345595484669,5.00390989169391,1.03021671545132,0,101,120000,0,1
116,120,44.2345595484669,5.00390989169391,1.03021671545132,4.82,0,0,1609,0
116,120,44.2345595484669,5.00390989169391,1.03021671545132,8.66,0,0,1432,0
116,120,44.2345595484669,5.00390989169391,1.03021671545132,11.38,0,0,641,0
116,120,44.2345595484669,5.00390989169391,1.03021671545132,15.23,0,0,688,0
117,120,57.2382162508123,3.52041994560836,0.761725079034309,0,101,120000,0,1
117,120,57.2382162508123,3.52041994560836,0.761725079034309,6.05,0,0,1397,0
117,120,57.2382162508123,3.52041994560836,0.761725079034309,9.43,0,0,1539,0
117,120,57.2382162508123,3.52041994560836,0.761725079034309,21.77,0,0,581,0
117,120,57.2382162508123,3.52041994560836,0.761725079034309,22.68,0,0,549,0
118,120,110.858409911293,4.89225123197336,0.757905823244538,0,101,120000,0,1
118,120,110.858409911293,4.89225123197336,0.757905823244538,8.16,0,0,617,0
118,120,110.858409911293,4.89225123197336,0.757905823244538,15.66,0,0,645,0
118,120,110.858409911293,4.89225123197336,0.757905823244538,16.21,0,0,427,0
118,120,110.858409911293,4.89225123197336,0.757905823244538,16.49,0,0,621,0
119,120,130.238660385918,3.6903987171136,0.885080248742288,0,101,120000,0,1
119,120,130.238660385918,3.6903987171136,0.885080248742288,4.43,0,0,937,0
119,120,130.238660385918,3.6903987171136,0.885080248742288,8.26,0,0,787,0
119,120,130.238660385918,3.6903987171136,0.885080248742288,9.26,0,0,597,0
119,120,130.238660385918,3.6903987171136,0.885080248742288,22.14,0,0,686,0
120,120,57.230083637159,4.92733948962783,0.992684112515721,0,101,120000,0,1
120,120,57.230083637159,4.92733948962783,0.992684112515721,7.23,0,0,1603,0
120,120,57.230083637159,4.92733948962783,0.992684112515721,21.38,0,0,303,0
120,120,57.230083637159,4.92733948962783,0.992684112515721,21.7,0,0,513,0
120,120,57.230083637159,4.92733948962783,0.992684112515721,22.36,0,0,379,0
