ID,DOSE,V,CL,KA,TIME,EVID,AMT,DV,EVIDNM
1,10,52.7432058103729,3.68281915899783,1.20540728398749,0,101,10000,0,1
1,10,52.7432058103729,3.68281915899783,1.20540728398749,12.84,0,0,100,0
1,10,52.7432058103729,3.68281915899783,1.20540728398749,14.5,0,0,58,0
1,10,52.7432058103729,3.68281915899783,1.20540728398749,19.63,0,0,49,0
1,10,52.7432058103729,3.68281915899783,1.20540728398749,19.63,0,0,70,0
2,10,45.4563392998914,4.07208925796783,1.47923500686916,0,101,10000,0,1
2,10,45.4563392998914,4.07208925796783,1.47923500686916,3.38,0,0,214,0
2,10,45.4563392998914,4.07208925796783,1.47923500686916,3.95,0,0,132,0
2,10,45.4563392998914,4.07208925796783,1.47923500686916,14.73,0,0,55,0
2,10,45.4563392998914,4.07208925796783,1.47923500686916,17.68,0,0,47,0
3,10,89.9468496723828,2.92008739968863,0.640981957370021,0,101,10000,0,1
3,10,89.9468496723828,2.92008739968863,0.640981957370021,0.95,0,0,52,0
3,10,89.9468496723828,2.92008739968863,0.640981957370021,3.88,0,0,112,0
3,10,89.9468496723828,2.92008739968863,0.640981957370021,4.99,0,0,78,0
3,10,89.9468496723828,2.92008739968863,0.640981957370021,23.22,0,0,50,0
4,10,80.2998322299519,4.00908767887778,1.14950816432506,0,101,10000,0,1
4,10,80.2998322299519,4.00908767887778,1.14950816432506,12.23,0,0,66,0
4,10,80.2998322299519,4.00908767887778,1.14950816432506,15.73,0,0,71,0
4,10,80.2998322299519,4.00908767887778,1.14950816432506,18.23,0,0,35,0
4,10,80.2998322299519,4.00908767887778,1.14950816432506,19.18,0,0,59,0
5,10,53.6736634041743,2.83495759000185,1.23332140065993,0,101,10000,0,1
5,10,53.6736634041743,2.83495759000185,1.23332140065993,4.49,0,0,136,0
5,10,53.6736634041743,2.83495759000185,1.23332140065993,4.85,0,0,138,0
5,10,53.6736634041743,2.83495759000185,1.23332140065993,15.18,0,0,60,0
5,10,53.6736634041743,2.83495759000185,1.23332140065993,16.86,0,0,108,0
6,10,98.1572336033697,2.72682523006417,1.12836907601347,0,101,10000,0,1
6,10,98.1572336033697,2.72682523006417,1.12836907601347,6.31,0,0,112,0
6,10,98.1572336033697,2.72682523006417,1.12836907601347,12.24,0,0,86,0
6,10,98.1572336033697,2.72682523006417,1.12836907601347,15.58,0,0,74,0
6,10,98.1572336033697,2.72682523006417,1.12836907601347,23.77,0,0,57,0
7,10,72.9589305379203,7.54242926647301,1.43448948474736,0,101,10000,0,1
7,10,72.9589305379203,7.54242926647301,1.43448948474736,1.9,0,0,93,0
7,10,72.9589305379203,7.54242926647301,1.43448948474736,2,0,0,109,0
7,10,72.9589305379203,7.54242926647301,1.43448948474736,4.14,0,0,69,0
7,10,72.9589305379203,7.54242926647301,1.43448948474736,13.57,0,0,38,0
8,10,50.756719066168,4.24561911099215,0.817913364508151,0,101,10000,0,1
8,10,50.756719066168,4.24561911099215,0.817913364508151,8.48,0,0,125,0
8,10,50.756719066168,4.24561911099215,0.817913364508151,11.62,0,0,78,0
8,10,50.756719066168,4.24561911099215,0.817913364508151,13.66,0,0,81,0
8,10,50.756719066168,4.24561911099215,0.817913364508151,14.67,0,0,82,0
9,10,70.080942482393,3.53626963316741,0.582521848755875,0,101,10000,0,1
9,10,70.080942482393,3.53626963316741,0.582521848755875,3.07,0,0,133,0
9,10,70.080942482393,3.53626963316741,0.582521848755875,20.62,0,0,50,0
9,10,70.080942482393,3.53626963316741,0.582521848755875,21.01,0,0,62,0
9,10,70.080942482393,3.53626963316741,0.582521848755875,22.39,0,0,55,0
10,10,83.3040539076365,4.60610319384619,1.09072041311705,0,101,10000,0,1
10,10,83.3040539076365,4.60610319384619,1.09072041311705,5.77,0,0,104,0
10,10,83.3040539076365,4.60610319384619,1.09072041311705,8.55,0,0,76,0
10,10,83.3040539076365,4.60610319384619,1.09072041311705,10.28,0,0,75,0
10,10,83.3040539076365,4.60610319384619,1.09072041311705,16.5,0,0,69,0
11,10,66.9062304940255,3.62423471165053,0.919392342820242,0,101,10000,0,1
11,10,66.9062304940255,3.62423471165053,0.919392342820242,5.18,0,0,101,0
11,10,66.9062304940255,3.62423471165053,0.919392342820242,8.51,0,0,90,0
11,10,66.9062304940255,3.62423471165053,0.919392342820242,11.42,0,0,68,0
11,10,66.9062304940255,3.62423471165053,0.919392342820242,13.01,0,0,80,0
12,10,83.3267860739352,8.01408034240089,1.3679456246426,0,101,10000,0,1
12,10,83.3267860739352,8.01408034240089,1.3679456246426,3.49,0,0,83,0
12,10,83.3267860739352,8.01408034240089,1.3679456246426,14.24,0,0,35,0
12,10,83.3267860739352,8.01408034240089,1.3679456246426,15.71,0,0,31,0
12,10,83.3267860739352,8.01408034240089,1.3679456246426,18.24,0,0,22,0
13,10,63.1398886121442,5.17347897483838,0.782529572591526,0,101,10000,0,1
13,10,63.1398886121442,5.17347897483838,0.782529572591526,2.34,0,0,103,0
13,10,63.1398886121442,5.17347897483838,0.782529572591526,5.99,0,0,68,0
13,10,63.1398886121442,5.17347897483838,0.782529572591526,18.99,0,0,33,0
13,10,63.1398886121442,5.17347897483838,0.782529572591526,23,0,0,38,0
14,10,33.100321059022,2.27555963914507,0.773684016197394,0,101,10000,0,1
14,10,33.100321059022,2.27555963914507,0.773684016197394,1.47,0,0,170,0
14,10,33.100321059022,2.27555963914507,0.773684016197394,8,0,0,136,0
14,10,33.100321059022,2.27555963914507,0.773684016197394,16.17,0,0,123,0
14,10,33.100321059022,2.27555963914507,0.773684016197394,20.22,0,0,80,0
15,10,55.5898653618853,4.50862190249679,1.13858982711457,0,101,10000,0,1
15,10,55.5898653618853,4.50862190249679,1.13858982711457,4.31,0,0,77,0
15,10,55.5898653618853,4.50862190249679,1.13858982711457,10.09,0,0,62,0
15,10,55.5898653618853,4.50862190249679,1.13858982711457,18.7,0,0,72,0
15,10,55.5898653618853,4.50862190249679,1.13858982711457,21.46,0,0,34,0
16,10,53.4039023829426,4.4385701194385,0.83952852084108,0,101,10000,0,1
16,10,53.4039023829426,4.4385701194385,0.83952852084108,15.14,0,0,65,0
16,10,53.4039023829426,4.4385701194385,0.83952852084108,16.72,0,0,48,0
16,10,53.4039023829426,4.4385701194385,0.83952852084108,23.59,0,0,20,0
16,10,53.4039023829426,4.4385701194385,0.83952852084108,23.91,0,0,23,0
17,10,80.7808571238509,3.52061464461216,0.872211550280619,0,101,10000,0,1
17,10,80.7808571238509,3.52061464461216,0.872211550280619,13.06,0,0,79,0
17,10,80.7808571238509,3.52061464461216,0.872211550280619,13.3,0,0,54,0
17,10,80.7808571238509,3.52061464461216,0.872211550280619,19.84,0,0,65,0
17,10,80.7808571238509,3.52061464461216,0.872211550280619,22.99,0,0,59,0
18,10,55.9734110256859,2.98597018054887,0.755993714266788,0,101,10000,0,1
18,10,55.9734110256859,2.98597018054887,0.755993714266788,4.79,0,0,236,0
18,10,55.9734110256859,2.98597018054887,0.755993714266788,4.88,0,0,114,0
18,10,55.9734110256859,2.98597018054887,0.755993714266788,15.48,0,0,70,0
18,10,55.9734110256859,2.98597018054887,0.755993714266788,16.57,0,0,81,0
19,10,65.3561851459628,2.59554752651075,0.527735426702489,0,101,10000,0,1
19,10,65.3561851459628,2.59554752651075,0.527735426702489,2.05,0,0,92,0
19,10,65.3561851459628,2.59554752651075,0.527735426702489,12.9,0,0,123,0
19,10,65.3561851459628,2.59554752651075,0.527735426702489,14.38,0,0,119,0
19,10,65.3561851459628,2.59554752651075,0.527735426702489,21.07,0,0,87,0
20,10,89.8770504257748,3.15236361762852,1.73729065915106,0,101,10000,0,1
20,10,89.8770504257748,3.15236361762852,1.73729065915106,2.74,0,0,102,0
20,10,89.8770504257748,3.15236361762852,1.73729065915106,5.97,0,0,94,0
20,10,89.8770504257748,3.15236361762852,1.73729065915106,11.22,0,0,74,0
20,10,89.8770504257748,3.15236361762852,1.73729065915106,23.53,0,0,50,0
21,10,112.37654234428,2.48417827151474,0.830415025510873,0,101,10000,0,1
21,10,112.37654234428,2.48417827151474,0.830415025510873,1.86,0,0,78,0
21,10,112.37654234428,2.48417827151474,0.830415025510873,12.49,0,0,40,0
21,10,112.37654234428,2.48417827151474,0.830415025510873,13.23,0,0,62,0
21,10,112.37654234428,2.48417827151474,0.830415025510873,21.98,0,0,74,0
22,10,43.3723567818617,4.05413674119329,0.939637467101542,0,101,10000,0,1
22,10,43.3723567818617,4.05413674119329,0.939637467101542,0.55,0,0,89,0
22,10,43.3723567818617,4.05413674119329,0.939637467101542,2.37,0,0,208,0
22,10,43.3723567818617,4.05413674119329,0.939637467101542,15.32,0,0,74,0
22,10,43.3723567818617,4.05413674119329,0.939637467101542,22.77,0,0,34,0
23,10,60.7414475348132,5.86990238216612,0.801745358469768,0,101,10000,0,1
23,10,60.7414475348132,5.86990238216612,0.801745358469768,2.33,0,0,147,0
23,10,60.7414475348132,5.86990238216612,0.801745358469768,10.39,0,0,78,0
23,10,60.7414475348132,5.86990238216612,0.801745358469768,14.45,0,0,49,0
23,10,60.7414475348132,5.86990238216612,0.801745358469768,21.16,0,0,25,0
24,10,49.4574057908793,3.74938944500609,0.960280299531454,0,101,10000,0,1
24,10,49.4574057908793,3.74938944500609,0.960280299531454,1.22,0,0,159,0
24,10,49.4574057908793,3.74938944500609,0.960280299531454,8.12,0,0,96,0
24,10,49.4574057908793,3.74938944500609,0.960280299531454,10.14,0,0,104,0
24,10,49.4574057908793,3.74938944500609,0.960280299531454,18.47,0,0,79,0
25,10,58.7589122728045,3.83375509337067,1.1428911818325,0,101,10000,0,1
25,10,58.7589122728045,3.83375509337067,1.1428911818325,3.69,0,0,110,0
25,10,58.7589122728045,3.83375509337067,1.1428911818325,8.23,0,0,128,0
25,10,58.7589122728045,3.83375509337067,1.1428911818325,14.47,0,0,68,0
25,10,58.7589122728045,3.83375509337067,1.1428911818325,23.73,0,0,41,0
26,10,39.8512686188634,6.28991547255098,1.28038167304308,0,101,10000,0,1
26,10,39.8512686188634,6.28991547255098,1.28038167304308,4.28,0,0,127,0
26,10,39.8512686188634,6.28991547255098,1.28038167304308,7.22,0,0,83,0
26,10,39.8512686188634,6.28991547255098,1.28038167304308,13.1,0,0,39,0
26,10,39.8512686188634,6.28991547255098,1.28038167304308,22.38,0,0,7,0
27,10,99.8805287169536,2.66691138464014,0.882943293003578,0,101,10000,0,1
27,10,99.8805287169536,2.66691138464014,0.882943293003578,6.16,0,0,90,0
27,10,99.8805287169536,2.66691138464014,0.882943293003578,13.27,0,0,83,0
27,10,99.8805287169536,2.66691138464014,0.882943293003578,18.16,0,0,96,0
27,10,99.8805287169536,2.66691138464014,0.882943293003578,20.63,0,0,53,0
28,10,48.721418398356,4.82869864950933,1.326796386051,0,101,10000,0,1
28,10,48.721418398356,4.82869864950933,1.326796386051,8.82,0,0,89,0
28,10,48.721418398356,4.82869864950933,1.326796386051,15.85,0,0,59,0
28,10,48.721418398356,4.82869864950933,1.326796386051,19.99,0,0,37,0
28,10,48.721418398356,4.82869864950933,1.326796386051,23.54,0,0,18,0
29,10,94.1454097262373,4.68946952545126,1.47483322592606,0,101,10000,0,1
29,10,94.1454097262373,4.68946952545126,1.47483322592606,13.3,0,0,59,0
29,10,94.1454097262373,4.68946952545126,1.47483322592606,15,0,0,44,0
29,10,94.1454097262373,4.68946952545126,1.47483322592606,18.05,0,0,31,0
29,10,94.1454097262373,4.68946952545126,1.47483322592606,20.36,0,0,44,0
30,10,66.4477006052633,4.71556092576704,1.19185102506963,0,101,10000,0,1
30,10,66.4477006052633,4.71556092576704,1.19185102506963,0.61,0,0,99,0
30,10,66.4477006052633,4.71556092576704,1.19185102506963,3.99,0,0,103,0
30,10,66.4477006052633,4.71556092576704,1.19185102506963,7.39,0,0,96,0
30,10,66.4477006052633,4.71556092576704,1.19185102506963,16.64,0,0,43,0
31,30,102.833365535879,3.15897876924921,0.993758387986387,0,101,30000,0,1
31,30,102.833365535879,3.15897876924921,0.993758387986387,4.03,0,0,223,0
31,30,102.833365535879,3.15897876924921,0.993758387986387,7.96,0,0,181,0
31,30,102.833365535879,3.15897876924921,0.993758387986387,14.99,0,0,200,0
31,30,102.833365535879,3.15897876924921,0.993758387986387,23.83,0,0,188,0
32,30,80.5763255773953,2.80223009742634,0.92922870640397,0,101,30000,0,1
32,30,80.5763255773953,2.80223009742634,0.92922870640397,3.71,0,0,366,0
32,30,80.5763255773953,2.80223009742634,0.92922870640397,4.76,0,0,376,0
32,30,80.5763255773953,2.80223009742634,0.92922870640397,9.86,0,0,280,0
32,30,80.5763255773953,2.80223009742634,0.92922870640397,17.08,0,0,242,0
33,30,75.9283013508139,4.44471266339504,0.669066772502053,0,101,30000,0,1
33,30,75.9283013508139,4.44471266339504,0.669066772502053,0.12,0,0,49,0
33,30,75.9283013508139,4.44471266339504,0.669066772502053,2.4,0,0,257,0
33,30,75.9283013508139,4.44471266339504,0.669066772502053,20.15,0,0,114,0
33,30,75.9283013508139,4.44471266339504,0.669066772502053,23.75,0,0,93,0
34,30,56.452731225939,4.71397380964906,1.38763172504668,0,101,30000,0,1
34,30,56.452731225939,4.71397380964906,1.38763172504668,2.1,0,0,676,0
34,30,56.452731225939,4.71397380964906,1.38763172504668,9.28,0,0,246,0
34,30,56.452731225939,4.71397380964906,1.38763172504668,11.22,0,0,135,0
34,30,56.452731225939,4.71397380964906,1.38763172504668,13.03,0,0,177,0
35,30,78.5495095668179,5.60911000080767,0.758041595058602,0,101,30000,0,1
35,30,78.5495095668179,5.60911000080767,0.758041595058602,1.54,0,0,350,0
35,30,78.5495095668179,5.60911000080767,0.758041595058602,3.97,0,0,334,0
35,30,78.5495095668179,5.60911000080767,0.758041595058602,13.32,0,0,181,0
35,30,78.5495095668179,5.60911000080767,0.758041595058602,18.52,0,0,103,0
36,30,59.3340467221854,3.66658825921931,0.536530727523607,0,101,30000,0,1
36,30,59.3340467221854,3.66658825921931,0.536530727523607,15.12,0,0,202,0
36,30,59.3340467221854,3.66658825921931,0.536530727523607,17.34,0,0,203,0
36,30,59.3340467221854,3.66658825921931,0.536530727523607,17.36,0,0,229,0
36,30,59.3340467221854,3.66658825921931,0.536530727523607,20.75,0,0,183,0
37,30,61.4556540738341,2.85064032691258,1.35860046692645,0,101,30000,0,1
37,30,61.4556540738341,2.85064032691258,1.35860046692645,0.05,0,0,37,0
37,30,61.4556540738341,2.85064032691258,1.35860046692645,8.02,0,0,370,0
37,30,61.4556540738341,2.85064032691258,1.35860046692645,9.14,0,0,380,0
37,30,61.4556540738341,2.85064032691258,1.35860046692645,16.44,0,0,226,0
38,30,127.769272313705,3.95540312307747,0.9380327571619,0,101,30000,0,1
38,30,127.769272313705,3.95540312307747,0.9380327571619,6.92,0,0,133,0
38,30,127.769272313705,3.95540312307747,0.9380327571619,15.6,0,0,155,0
38,30,127.769272313705,3.95540312307747,0.9380327571619,22,0,0,130,0
38,30,127.769272313705,3.95540312307747,0.9380327571619,22.94,0,0,119,0
39,30,59.865269364283,3.15870495869755,0.896439588788016,0,101,30000,0,1
39,30,59.865269364283,3.15870495869755,0.896439588788016,0.55,0,0,198,0
39,30,59.865269364283,3.15870495869755,0.896439588788016,1.57,0,0,291,0
39,30,59.865269364283,3.15870495869755,0.896439588788016,9.1,0,0,299,0
39,30,59.865269364283,3.15870495869755,0.896439588788016,23.2,0,0,174,0
40,30,129.215329907064,4.40805663111566,1.59673259028339,0,101,30000,0,1
40,30,129.215329907064,4.40805663111566,1.59673259028339,3.38,0,0,178,0
40,30,129.215329907064,4.40805663111566,1.59673259028339,4.48,0,0,243,0
40,30,129.215329907064,4.40805663111566,1.59673259028339,15.41,0,0,142,0
40,30,129.215329907064,4.40805663111566,1.59673259028339,23.91,0,0,117,0
41,30,92.0098582485278,5.09045352502865,0.971296798721393,0,101,30000,0,1
41,30,92.0098582485278,5.09045352502865,0.971296798721393,5.85,0,0,295,0
41,30,92.0098582485278,5.09045352502865,0.971296798721393,7.6,0,0,215,0
41,30,92.0098582485278,5.09045352502865,0.971296798721393,12.44,0,0,214,0
41,30,92.0098582485278,5.09045352502865,0.971296798721393,18.57,0,0,118,0
42,30,45.2111463990732,2.44465239537411,1.15839916123653,0,101,30000,0,1
42,30,45.2111463990732,2.44465239537411,1.15839916123653,4.47,0,0,747,0
42,30,45.2111463990732,2.44465239537411,1.15839916123653,4.5,0,0,679,0
42,30,45.2111463990732,2.44465239537411,1.15839916123653,21.14,0,0,224,0
42,30,45.2111463990732,2.44465239537411,1.15839916123653,22.68,0,0,294,0
43,30,72.0383138650522,4.9259478330101,2.13561046710709,0,101,30000,0,1
43,30,72.0383138650522,4.9259478330101,2.13561046710709,0.93,0,0,259,0
43,30,72.0383138650522,4.9259478330101,2.13561046710709,5.09,0,0,348,0
43,30,72.0383138650522,4.9259478330101,2.13561046710709,6.13,0,0,238,0
43,30,72.0383138650522,4.9259478330101,2.13561046710709,20.65,0,0,135,0
44,30,55.6015346985805,5.58087044521187,0.888654404038204,0,101,30000,0,1
44,30,55.6015346985805,5.58087044521187,0.888654404038204,5.42,0,0,283,0
44,30,55.6015346985805,5.58087044521187,0.888654404038204,7.25,0,0,220,0
44,30,55.6015346985805,5.58087044521187,0.888654404038204,19.25,0,0,99,0
44,30,55.6015346985805,5.58087044521187,0.888654404038204,23.49,0,0,53,0
45,30,83.3251633244024,4.14116425002056,1.05943554304474,0,101,30000,0,1
45,30,83.3251633244024,4.14116425002056,1.05943554304474,11.84,0,0,189,0
45,30,83.3251633244024,4.14116425002056,1.05943554304474,13.49,0,0,253,0
45,30,83.3251633244024,4.14116425002056,1.05943554304474,15.41,0,0,150,0
45,30,83.3251633244024,4.14116425002056,1.05943554304474,21.55,0,0,106,0
46,30,48.3001082217895,2.44882436866354,0.940083777911149,0,101,30000,0,1
46,30,48.3001082217895,2.44882436866354,0.940083777911149,1.5,0,0,480,0
46,30,48.3001082217895,2.44882436866354,0.940083777911149,9.73,0,0,379,0
46,30,48.3001082217895,2.44882436866354,0.940083777911149,19.21,0,0,211,0
46,30,48.3001082217895,2.44882436866354,0.940083777911149,22.2,0,0,255,0
47,30,53.7049994065591,4.59748153581318,1.23724900925768,0,101,30000,0,1
47,30,53.7049994065591,4.59748153581318,1.23724900925768,8.17,0,0,228,0
47,30,53.7049994065591,4.59748153581318,1.23724900925768,13.52,0,0,209,0
47,30,53.7049994065591,4.59748153581318,1.23724900925768,20.31,0,0,111,0
47,30,53.7049994065591,4.59748153581318,1.23724900925768,22.22,0,0,92,0
48,30,79.1372403823231,4.04264755682059,1.20815211112792,0,101,30000,0,1
48,30,79.1372403823231,4.04264755682059,1.20815211112792,1.24,0,0,208,0
48,30,79.1372403823231,4.04264755682059,1.20815211112792,3.76,0,0,276,0
48,30,79.1372403823231,4.04264755682059,1.20815211112792,6.93,0,0,309,0
48,30,79.1372403823231,4.04264755682059,1.20815211112792,8.58,0,0,291,0
49,30,53.1275891957446,3.18105583913725,1.40828347331865,0,101,30000,0,1
49,30,53.1275891957446,3.18105583913725,1.40828347331865,7.89,0,0,291,0
49,30,53.1275891957446,3.18105583913725,1.40828347331865,8.83,0,0,352,0
49,30,53.1275891957446,3.18105583913725,1.40828347331865,15.38,0,0,159,0
49,30,53.1275891957446,3.18105583913725,1.40828347331865,23.19,0,0,131,0
50,30,127.766593738704,3.51712974813675,0.913053728386668,0,101,30000,0,1
50,30,127.766593738704,3.51712974813675,0.913053728386668,3.52,0,0,197,0
50,30,127.766593738704,3.51712974813675,0.913053728386668,3.67,0,0,257,0
50,30,127.766593738704,3.51712974813675,0.913053728386668,8.04,0,0,204,0
50,30,127.766593738704,3.51712974813675,0.913053728386668,17.76,0,0,167,0
51,30,136.443199000524,3.76098193594473,1.67994842782824,0,101,30000,0,1
51,30,136.443199000524,3.76098193594473,1.67994842782824,1.17,0,0,190,0
51,30,136.443199000524,3.76098193594473,1.67994842782824,8.61,0,0,198,0
51,30,136.443199000524,3.76098193594473,1.67994842782824,11.32,0,0,189,0
51,30,136.443199000524,3.76098193594473,1.67994842782824,14.77,0,0,129,0
52,30,74.1935479841489,4.24421807148472,1.36054260213079,0,101,30000,0,1
52,30,74.1935479841489,4.24421807148472,1.36054260213079,4.82,0,0,388,0
52,30,74.1935479841489,4.24421807148472,1.36054260213079,8.33,0,0,244,0
52,30,74.1935479841489,4.24421807148472,1.36054260213079,15.11,0,0,203,0
52,30,74.1935479841489,4.24421807148472,1.36054260213079,18.96,0,0,106,0
53,30,68.3432706436669,5.22933595613863,0.875673095776756,0,101,30000,0,1
53,30,68.3432706436669,5.22933595613863,0.875673095776756,1.07,0,0,222,0
53,30,68.3432706436669,5.22933595613863,0.875673095776756,8.78,0,0,390,0
53,30,68.3432706436669,5.22933595613863,0.875673095776756,9.83,0,0,321,0
53,30,68.3432706436669,5.22933595613863,0.875673095776756,20.93,0,0,118,0
54,30,83.0163259489249,4.13721761917678,1.9068937437946,0,101,30000,0,1
54,30,83.0163259489249,4.13721761917678,1.9068937437946,9.29,0,0,180,0
54,30,83.0163259489249,4.13721761917678,1.9068937437946,14.45,0,0,170,0
54,30,83.0163259489249,4.13721761917678,1.9068937437946,20.4,0,0,130,0
54,30,83.0163259489249,4.13721761917678,1.9068937437946,21.32,0,0,131,0
55,30,124.014410674538,2.37235819027198,1.20726360575412,0,101,30000,0,1
55,30,124.014410674538,2.37235819027198,1.20726360575412,1.78,0,0,216,0
55,30,124.014410674538,2.37235819027198,1.20726360575412,8.28,0,0,226,0
55,30,124.014410674538,2.37235819027198,1.20726360575412,14.91,0,0,160,0
55,30,124.014410674538,2.37235819027198,1.20726360575412,22.08,0,0,150,0
56,30,96.6492510263916,4.52528414536841,2.08333490654539,0,101,30000,0,1
56,30,96.6492510263916,4.52528414536841,2.08333490654539,10.84,0,0,195,0
56,30,96.6492510263916,4.52528414536841,2.08333490654539,14.6,0,0,146,0
56,30,96.6492510263916,4.52528414536841,2.08333490654539,16.2,0,0,118,0
56,30,96.6492510263916,4.52528414536841,2.08333490654539,23.25,0,0,74,0
57,30,65.096466570175,5.78134985664807,0.824576649432144,0,101,30000,0,1
57,30,65.096466570175,5.78134985664807,0.824576649432144,1.19,0,0,235,0
57,30,65.096466570175,5.78134985664807,0.824576649432144,1.51,0,0,272,0
57,30,65.096466570175,5.78134985664807,0.824576649432144,20.67,0,0,125,0
57,30,65.096466570175,5.78134985664807,0.824576649432144,22.29,0,0,136,0
58,30,48.8548356540095,4.01887979893273,1.09485822809602,0,101,30000,0,1
58,30,48.8548356540095,4.01887979893273,1.09485822809602,4.91,0,0,435,0
58,30,48.8548356540095,4.01887979893273,1.09485822809602,5.96,0,0,384,0
58,30,48.8548356540095,4.01887979893273,1.09485822809602,19.07,0,0,122,0
58,30,48.8548356540095,4.01887979893273,1.09485822809602,23.03,0,0,98,0
59,30,100.803302506903,3.7812989182869,0.823076037873794,0,101,30000,0,1
59,30,100.803302506903,3.7812989182869,0.823076037873794,0.68,0,0,187,0
59,30,100.803302506903,3.7812989182869,0.823076037873794,1.32,0,0,196,0
59,30,100.803302506903,3.7812989182869,0.823076037873794,1.66,0,0,258,0
59,30,100.803302506903,3.7812989182869,0.823076037873794,12.4,0,0,131,0
60,30,76.8130747869915,3.05533782861991,0.730226506226334,0,101,30000,0,1
60,30,76.8130747869915,3.05533782861991,0.730226506226334,0.26,0,0,62,0
60,30,76.8130747869915,3.05533782861991,0.730226506226334,4.2,0,0,363,0
60,30,76.8130747869915,3.05533782861991,0.730226506226334,10.21,0,0,244,0
60,30,76.8130747869915,3.05533782861991,0.730226506226334,19.41,0,0,162,0
61,60,83.087166320626,5.14550139735462,1.49272814997637,0,101,60000,0,1
61,60,83.087166320626,5.14550139735462,1.49272814997637,7.43,0,0,449,0
61,60,83.087166320626,5.14550139735462,1.49272814997637,9.21,0,0,426,0
61,60,83.087166320626,5.14550139735462,1.49272814997637,12.64,0,0,270,0
61,60,83.087166320626,5.14550139735462,1.49272814997637,17.47,0,0,188,0
62,60,81.2840144609452,5.06036124775217,0.503628744434851,0,101,60000,0,1
62,60,81.2840144609452,5.06036124775217,0.503628744434851,3.61,0,0,374,0
62,60,81.2840144609452,5.06036124775217,0.503628744434851,12.23,0,0,422,0
62,60,81.2840144609452,5.06036124775217,0.503628744434851,20.5,0,0,221,0
62,60,81.2840144609452,5.06036124775217,0.503628744434851,21.97,0,0,239,0
63,60,76.9458282687205,4.00706028435802,1.31380203721253,0,101,60000,0,1
63,60,76.9458282687205,4.00706028435802,1.31380203721253,4.37,0,0,864,0
63,60,76.9458282687205,4.00706028435802,1.31380203721253,14.4,0,0,403,0
63,60,76.9458282687205,4.00706028435802,1.31380203721253,16.23,0,0,460,0
63,60,76.9458282687205,4.00706028435802,1.31380203721253,21.89,0,0,255,0
64,60,42.7188144955202,2.959518141722,1.16836157448261,0,101,60000,0,1
64,60,42.7188144955202,2.959518141722,1.16836157448261,10.25,0,0,594,0
64,60,42.7188144955202,2.959518141722,1.16836157448261,11.58,0,0,550,0
64,60,42.7188144955202,2.959518141722,1.16836157448261,18.9,0,0,283,0
64,60,42.7188144955202,2.959518141722,1.16836157448261,21.42,0,0,395,0
65,60,98.2615038224847,4.31987046131028,1.33542065478337,0,101,60000,0,1
65,60,98.2615038224847,4.31987046131028,1.33542065478337,4.17,0,0,516,0
65,60,98.2615038224847,4.31987046131028,1.33542065478337,12.89,0,0,379,0
65,60,98.2615038224847,4.31987046131028,1.33542065478337,16.93,0,0,337,0
65,60,98.2615038224847,4.31987046131028,1.33542065478337,19.99,0,0,207,0
66,60,76.9960956521528,4.80508872754259,1.24122354502881,0,101,60000,0,1
66,60,76.9960956521528,4.80508872754259,1.24122354502881,14.4,0,0,304,0
66,60,76.9960956521528,4.80508872754259,1.24122354502881,15.7,0,0,406,0
66,60,76.9960956521528,4.80508872754259,1.24122354502881,19.78,0,0,269,0
66,60,76.9960956521528,4.80508872754259,1.24122354502881,23.95,0,0,179,0
67,60,47.1242009883396,4.14406099862814,1.01334129504919,0,101,60000,0,1
67,60,47.1242009883396,4.14406099862814,1.01334129504919,13.48,0,0,325,0
67,60,47.1242009883396,4.14406099862814,1.01334129504919,14.45,0,0,358,0
67,60,47.1242009883396,4.14406099862814,1.01334129504919,21.96,0,0,186,0
67,60,47.1242009883396,4.14406099862814,1.01334129504919,23.16,0,0,182,0
68,60,110.29269933523,4.59423103970726,1.01672959706106,0,101,60000,0,1
68,60,110.29269933523,4.59423103970726,1.01672959706106,0.11,0,0,104,0
68,60,110.29269933523,4.59423103970726,1.01672959706106,5.27,0,0,391,0
68,60,110.29269933523,4.59423103970726,1.01672959706106,7.52,0,0,404,0
68,60,110.29269933523,4.59423103970726,1.01672959706106,11.02,0,0,298,0
69,60,94.6067384143702,3.29849101300391,0.972874126183954,0,101,60000,0,1
69,60,94.6067384143702,3.29849101300391,0.972874126183954,0.52,0,0,202,0
69,60,94.6067384143702,3.29849101300391,0.972874126183954,10.19,0,0,598,0
69,60,94.6067384143702,3.29849101300391,0.972874126183954,16.2,0,0,235,0
69,60,94.6067384143702,3.29849101300391,0.972874126183954,16.76,0,0,297,0
70,60,53.7715248380925,2.07204233566413,0.98838477342962,0,101,60000,0,1
70,60,53.7715248380925,2.07204233566413,0.98838477342962,3.36,0,0,807,0
70,60,53.7715248380925,2.07204233566413,0.98838477342962,5.42,0,0,853,0
70,60,53.7715248380925,2.07204233566413,0.98838477342962,7.7,0,0,752,0
70,60,53.7715248380925,2.07204233566413,0.98838477342962,23.25,0,0,469,0
71,60,83.2573360948668,2.68500080332966,0.837301222504188,0,101,60000,0,1
71,60,83.2573360948668,2.68500080332966,0.837301222504188,9.97,0,0,540,0
71,60,83.2573360948668,2.68500080332966,0.837301222504188,10.05,0,0,768,0
71,60,83.2573360948668,2.68500080332966,0.837301222504188,18.7,0,0,339,0
71,60,83.2573360948668,2.68500080332966,0.837301222504188,22.9,0,0,320,0
72,60,56.4156363368715,2.10714470583559,0.795333562694278,0,101,60000,0,1
72,60,56.4156363368715,2.10714470583559,0.795333562694278,1.16,0,0,714,0
72,60,56.4156363368715,2.10714470583559,0.795333562694278,1.52,0,0,595,0
72,60,56.4156363368715,2.10714470583559,0.795333562694278,10.65,0,0,1020,0
72,60,56.4156363368715,2.10714470583559,0.795333562694278,12.29,0,0,737,0
73,60,40.7391188721384,3.8465105018565,1.21020933391153,0,101,60000,0,1
73,60,40.7391188721384,3.8465105018565,1.21020933391153,3.02,0,0,1478,0
73,60,40.7391188721384,3.8465105018565,1.21020933391153,3.2,0,0,1344,0
73,60,40.7391188721384,3.8465105018565,1.21020933391153,12.41,0,0,456,0
73,60,40.7391188721384,3.8465105018565,1.21020933391153,22.44,0,0,170,0
74,60,45.9428106921195,2.85301561342783,0.654871963283228,0,101,60000,0,1
74,60,45.9428106921195,2.85301561342783,0.654871963283228,4.77,0,0,903,0
74,60,45.9428106921195,2.85301561342783,0.654871963283228,7.56,0,0,681,0
74,60,45.9428106921195,2.85301561342783,0.654871963283228,8.14,0,0,1184,0
74,60,45.9428106921195,2.85301561342783,0.654871963283228,20.87,0,0,388,0
75,60,40.0711511113024,7.32090720992765,1.18510521081224,0,101,60000,0,1
75,60,40.0711511113024,7.32090720992765,1.18510521081224,4.3,0,0,716,0
75,60,40.0711511113024,7.32090720992765,1.18510521081224,6.87,0,0,375,0
75,60,40.0711511113024,7.32090720992765,1.18510521081224,11.21,0,0,284,0
75,60,40.0711511113024,7.32090720992765,1.18510521081224,13.8,0,0,145,0
76,60,39.4768630285645,5.43016551033006,0.958867292677828,0,101,60000,0,1
76,60,39.4768630285645,5.43016551033006,0.958867292677828,7.53,0,0,671,0
76,60,39.4768630285645,5.43016551033006,0.958867292677828,9.9,0,0,372,0
76,60,39.4768630285645,5.43016551033006,0.958867292677828,10.15,0,0,403,0
76,60,39.4768630285645,5.43016551033006,0.958867292677828,16.11,0,0,244,0
77,60,85.8495195269241,7.84439828937068,1.89203323228285,0,101,60000,0,1
77,60,85.8495195269241,7.84439828937068,1.89203323228285,3.47,0,0,453,0
77,60,85.8495195269241,7.84439828937068,1.89203323228285,8.68,0,0,406,0
77,60,85.8495195269241,7.84439828937068,1.89203323228285,13.36,0,0,221,0
77,60,85.8495195269241,7.84439828937068,1.89203323228285,20.5,0,0,79,0
78,60,51.2357637570835,4.88853414756464,1.41511295079726,0,101,60000,0,1
78,60,51.2357637570835,4.88853414756464,1.41511295079726,7.69,0,0,481,0
78,60,51.2357637570835,4.88853414756464,1.41511295079726,8.76,0,0,549,0
78,60,51.2357637570835,4.88853414756464,1.41511295079726,14.44,0,0,365,0
78,60,51.2357637570835,4.88853414756464,1.41511295079726,23.08,0,0,146,0
79,60,92.716327959619,3.80520077379475,0.726460195917123,0,101,60000,0,1
79,60,92.716327959619,3.80520077379475,0.726460195917123,3.8,0,0,732,0
79,60,92.716327959619,3.80520077379475,0.726460195917123,9.5,0,0,475,0
79,60,92.716327959619,3.80520077379475,0.726460195917123,10.42,0,0,646,0
79,60,92.716327959619,3.80520077379475,0.726460195917123,19.74,0,0,433,0
80,60,96.9082447793781,2.78821873985104,0.972094250450734,0,101,60000,0,1
80,60,96.9082447793781,2.78821873985104,0.972094250450734,0.43,0,0,220,0
80,60,96.9082447793781,2.78821873985104,0.972094250450734,2.89,0,0,512,0
80,60,96.9082447793781,2.78821873985104,0.972094250450734,15.21,0,0,538,0
80,60,96.9082447793781,2.78821873985104,0.972094250450734,20.27,0,0,250,0
81,60,82.1892077809493,6.70617234146748,0.737729806715456,0,101,60000,0,1
81,60,82.1892077809493,6.70617234146748,0.737729806715456,4.26,0,0,435,0
81,60,82.1892077809493,6.70617234146748,0.737729806715456,15.9,0,0,219,0
81,60,82.1892077809493,6.70617234146748,0.737729806715456,16.25,0,0,293,0
81,60,82.1892077809493,6.70617234146748,0.737729806715456,19.17,0,0,189,0
82,60,72.5750765890907,3.43173097746247,1.55125320239554,0,101,60000,0,1
82,60,72.5750765890907,3.43173097746247,1.55125320239554,3.56,0,0,658,0
82,60,72.5750765890907,3.43173097746247,1.55125320239554,5.18,0,0,491,0
82,60,72.5750765890907,3.43173097746247,1.55125320239554,18.69,0,0,392,0
82,60,72.5750765890907,3.43173097746247,1.55125320239554,20.11,0,0,308,0
83,60,62.3494798600573,3.5683793424336,0.976619389162525,0,101,60000,0,1
83,60,62.3494798600573,3.5683793424336,0.976619389162525,1.18,0,0,495,0
83,60,62.3494798600573,3.5683793424336,0.976619389162525,10.85,0,0,748,0
83,60,62.3494798600573,3.5683793424336,0.976619389162525,11.73,0,0,537,0
83,60,62.3494798600573,3.5683793424336,0.976619389162525,16.5,0,0,325,0
84,60,91.7617916781646,4.18913721411748,0.796637593289821,0,101,60000,0,1
84,60,91.7617916781646,4.18913721411748,0.796637593289821,8.46,0,0,472,0
84,60,91.7617916781646,4.18913721411748,0.796637593289821,21.87,0,0,429,0
84,60,91.7617916781646,4.18913721411748,0.796637593289821,22.33,0,0,305,0
84,60,91.7617916781646,4.18913721411748,0.796637593289821,23.12,0,0,233,0
85,60,93.3490116971884,4.52851022192876,0.885820660121248,0,101,60000,0,1
85,60,93.3490116971884,4.52851022192876,0.885820660121248,5.34,0,0,507,0
85,60,93.3490116971884,4.52851022192876,0.885820660121248,9.36,0,0,420,0
85,60,93.3490116971884,4.52851022192876,0.885820660121248,15.78,0,0,259,0
85,60,93.3490116971884,4.52851022192876,0.885820660121248,22.07,0,0,236,0
86,60,55.3183612768641,4.18029741255249,0.94492473313164,0,101,60000,0,1
86,60,55.3183612768641,4.18029741255249,0.94492473313164,12.12,0,0,410,0
86,60,55.3183612768641,4.18029741255249,0.94492473313164,12.28,0,0,406,0
86,60,55.3183612768641,4.18029741255249,0.94492473313164,16.65,0,0,243,0
86,60,55.3183612768641,4.18029741255249,0.94492473313164,23.47,0,0,184,0
87,60,83.2126243379594,4.38623588667523,0.963639251048371,0,101,60000,0,1
87,60,83.2126243379594,4.38623588667523,0.963639251048371,2.22,0,0,481,0
87,60,83.2126243379594,4.38623588667523,0.963639251048371,9.63,0,0,452,0
87,60,83.2126243379594,4.38623588667523,0.963639251048371,11.38,0,0,459,0
87,60,83.2126243379594,4.38623588667523,0.963639251048371,15.59,0,0,350,0
88,60,59.1886165416499,3.83020777010269,1.60916025078773,0,101,60000,0,1
88,60,59.1886165416499,3.83020777010269,1.60916025078773,3.11,0,0,653,0
88,60,59.1886165416499,3.83020777010269,1.60916025078773,14.15,0,0,296,0
88,60,59.1886165416499,3.83020777010269,1.60916025078773,17.43,0,0,317,0
88,60,59.1886165416499,3.83020777010269,1.60916025078773,19.7,0,0,281,0
89,60,111.91445108548,6.04489780121208,1.45920028243287,0,101,60000,0,1
89,60,111.91445108548,6.04489780121208,1.45920028243287,1.35,0,0,433,0
89,60,111.91445108548,6.04489780121208,1.45920028243287,10.74,0,0,319,0
89,60,111.91445108548,6.04489780121208,1.45920028243287,12.46,0,0,260,0
89,60,111.91445108548,6.04489780121208,1.45920028243287,19.53,0,0,170,0
90,60,68.0171632133811,10.4612600473695,0.805665369345555,0,101,60000,0,1
90,60,68.0171632133811,10.4612600473695,0.805665369345555,0.16,0,0,76,0
90,60,68.0171632133811,10.4612600473695,0.805665369345555,4.38,0,0,597,0
90,60,68.0171632133811,10.4612600473695,0.805665369345555,4.95,0,0,377,0
90,60,68.0171632133811,10.4612600473695,0.805665369345555,20.9,0,0,46,0
91,120,67.9916804853607,4.95882454569362,0.847570730562583,0,101,120000,0,1
91,120,67.9916804853607,4.95882454569362,0.847570730562583,4.73,0,0,1311,0
91,120,67.9916804853607,4.95882454569362,0.847570730562583,13.33,0,0,730,0
91,120,67.9916804853607,4.95882454569362,0.847570730562583,15.03,0,0,650,0
91,120,67.9916804853607,4.95882454569362,0.847570730562583,16.29,0,0,506,0
92,120,81.4475691155216,3.55098833710983,0.974996470188011,0,101,120000,0,1
92,120,81.4475691155216,3.55098833710983,0.974996470188011,8.36,0,0,1230,0
92,120,81.4475691155216,3.55098833710983,0.974996470188011,15.85,0,0,853,0
92,120,81.4475691155216,3.55098833710983,0.974996470188011,19.4,0,0,678,0
92,120,81.4475691155216,3.55098833710983,0.974996470188011,21.94,0,0,560,0
93,120,61.335608045128,3.448675847366,0.679435138381967,0,101,120000,0,1
93,120,61.335608045128,3.448675847366,0.679435138381967,8.87,0,0,1423,0
93,120,61.335608045128,3.448675847366,0.679435138381967,16.19,0,0,738,0
93,120,61.335608045128,3.448675847366,0.679435138381967,17.5,0,0,677,0
93,120,61.335608045128,3.448675847366,0.679435138381967,21.77,0,0,508,0
94,120,105.748519466537,3.26585681507512,0.720429888019032,0,101,120000,0,1
94,120,105.748519466537,3.26585681507512,0.720429888019032,5.35,0,0,864,0
94,120,105.748519466537,3.26585681507512,0.720429888019032,13.94,0,0,737,0
94,120,105.748519466537,3.26585681507512,0.720429888019032,21.4,0,0,498,0
94,120,105.748519466537,3.26585681507512,0.720429888019032,23.54,0,0,499,0
95,120,51.4191058459884,3.36405360269569,1.265208508006,0,101,120000,0,1
95,120,51.4191058459884,3.36405360269569,1.265208508006,2.82,0,0,2059,0
95,120,51.4191058459884,3.36405360269569,1.265208508006,8.9,0,0,1340,0
95,120,51.4191058459884,3.36405360269569,1.265208508006,11.22,0,0,1438,0
95,120,51.4191058459884,3.36405360269569,1.265208508006,18.15,0,0,731,0
96,120,91.7608979928815,2.75149563655265,0.926235628721681,0,101,120000,0,1
96,120,91.7608979928815,2.75149563655265,0.926235628721681,3.4,0,0,976,0
96,120,91.7608979928815,2.75149563655265,0.926235628721681,5.03,0,0,1697,0
96,120,91.7608979928815,2.75149563655265,0.926235628721681,5.26,0,0,1108,0
96,120,91.7608979928815,2.75149563655265,0.926235628721681,19.89,0,0,824,0
97,120,103.071848331133,4.49192867496921,1.94338077858852,0,101,120000,0,1
97,120,103.071848331133,4.49192867496921,1.94338077858852,15.71,0,0,645,0
97,120,103.071848331133,4.49192867496921,1.94338077858852,18.47,0,0,621,0
97,120,103.071848331133,4.49192867496921,1.94338077858852,19.43,0,0,553,0
97,120,103.071848331133,4.49192867496921,1.94338077858852,23.55,0,0,554,0
98,120,68.9029344527298,3.48800858166969,0.790547693572852,0,101,120000,0,1
98,120,68.9029344527298,3.48800858166969,0.790547693572852,0.64,0,0,695,0
98,120,68.9029344527298,3.48800858166969,0.790547693572852,5.09,0,0,1533,0
98,120,68.9029344527298,3.48800858166969,0.790547693572852,11.2,0,0,783,0
98,120,68.9029344527298,3.48800858166969,0.790547693572852,21.23,0,0,487,0
99,120,80.3372001108831,2.11425936147841,0.567862181531406,0,101,120000,0,1
99,120,80.3372001108831,2.11425936147841,0.567862181531406,1.38,0,0,935,0
99,120,80.3372001108831,2.11425936147841,0.567862181531406,5.93,0,0,1646,0
99,120,80.3372001108831,2.11425936147841,0.567862181531406,7.61,0,0,1135,0
99,120,80.3372001108831,2.11425936147841,0.567862181531406,12.29,0,0,934,0
100,120,74.2258502905553,4.58527240015685,1.23008915616141,0,101,120000,0,1
100,120,74.2258502905553,4.58527240015685,1.23008915616141,3.28,0,0,2301,0
100,120,74.2258502905553,4.58527240015685,1.23008915616141,5.93,0,0,1457,0
100,120,74.2258502905553,4.58527240015685,1.23008915616141,11.27,0,0,945,0
100,120,74.2258502905553,4.58527240015685,1.23008915616141,20.74,0,0,418,0
101,120,74.5872495507438,3.58240148883619,0.784470218553378,0,101,120000,0,1
101,120,74.5872495507438,3.58240148883619,0.784470218553378,13.92,0,0,692,0
101,120,74.5872495507438,3.58240148883619,0.784470218553378,15.3,0,0,990,0
101,120,74.5872495507438,3.58240148883619,0.784470218553378,17.09,0,0,747,0
101,120,74.5872495507438,3.58240148883619,0.784470218553378,19.29,0,0,622,0
102,120,57.7994094009631,6.73626340683254,1.7635008449594,0,101,120000,0,1
102,120,57.7994094009631,6.73626340683254,1.7635008449594,7.68,0,0,797,0
102,120,57.7994094009631,6.73626340683254,1.7635008449594,9.64,0,0,780,0
102,120,57.7994094009631,6.73626340683254,1.7635008449594,16.37,0,0,303,0
102,120,57.7994094009631,6.73626340683254,1.7635008449594,22.01,0,0,183,0
103,120,73.3485810901378,7.61408549077112,0.84707531809454,0,101,120000,0,1
103,120,73.3485810901378,7.61408549077112,0.84707531809454,6.38,0,0,1064,0
103,120,73.3485810901378,7.61408549077112,0.84707531809454,14.02,0,0,583,0
103,120,73.3485810901378,7.61408549077112,0.84707531809454,20.63,0,0,178,0
103,120,73.3485810901378,7.61408549077112,0.84707531809454,23.13,0,0,128,0
104,120,67.2164110975594,3.20341961848897,0.656713448802284,0,101,120000,0,1
104,120,67.2164110975594,3.20341961848897,0.656713448802284,2.55,0,0,942,0
104,120,67.2164110975594,3.20341961848897,0.656713448802284,2.56,0,0,1174,0
104,120,67.2164110975594,3.20341961848897,0.656713448802284,3.1,0,0,1633,0
104,120,67.2164110975594,3.20341961848897,0.656713448802284,5.41,0,0,2037,0
105,120,71.6458474589038,2.33776394549032,0.666523456723304,0,101,120000,0,1
105,120,71.6458474589038,2.33776394549032,0.666523456723304,5.99,0,0,1956,0
105,120,71.6458474589038,2.33776394549032,0.666523456723304,10.81,0,0,1419,0
105,120,71.6458474589038,2.33776394549032,0.666523456723304,17.6,0,0,688,0
105,120,71.6458474589038,2.33776394549032,0.666523456723304,23.35,0,0,1037,0
106,120,52.0181128635305,6.35431231030584,0.985471054233698,0,101,120000,0,1
106,120,52.0181128635305,6.35431231030584,0.985471054233698,3.74,0,0,1566,0
106,120,52.0181128635305,6.35431231030584,0.985471054233698,5.91,0,0,964,0
106,120,52.0181128635305,6.35431231030584,0.985471054233698,20.12,0,0,267,0
106,120,52.0181128635305,6.35431231030584,0.985471054233698,23.39,0,0,143,0
107,120,72.5889430960447,4.68918390826837,1.37240926519029,0,101,120000,0,1
107,120,72.5889430960447,4.68918390826837,1.37240926519029,16.39,0,0,601,0
107,120,72.5889430960447,4.68918390826837,1.37240926519029,17.92,0,0,609,0
107,120,72.5889430960447,4.68918390826837,1.37240926519029,19.26,0,0,496,0
107,120,72.5889430960447,4.68918390826837,1.37240926519029,20.18,0,0,330,0
108,120,71.414270150992,4.89327191008813,1.45485780272775,0,101,120000,0,1
108,120,71.414270150992,4.89327191008813,1.45485780272775,0.04,0,0,103,0
108,120,71.414270150992,4.89327191008813,1.45485780272775,4.38,0,0,1207,0
108,120,71.414270150992,4.89327191008813,1.45485780272775,6.18,0,0,1097,0
108,120,71.414270150992,4.89327191008813,1.45485780272775,16.58,0,0,684,0
109,120,46.4172590077029,1.75545643122811,0.642256683231685,0,101,120000,0,1
109,120,46.4172590077029,1.75545643122811,0.642256683231685,9.72,0,0,1115,0
109,120,46.4172590077029,1.75545643122811,0.642256683231685,18.06,0,0,1230,0
109,120,46.4172590077029,1.75545643122811,0.642256683231685,20.77,0,0,1195,0
109,120,46.4172590077029,1.75545643122811,0.642256683231685,23.97,0,0,1385,0
110,120,80.5493776206546,4.59103098855562,0.667503917810787,0,101,120000,0,1
110,120,80.5493776206546,4.59103098855562,0.667503917810787,1.94,0,0,1134,0
110,120,80.5493776206546,4.59103098855562,0.667503917810787,4.64,0,0,920,0
110,120,80.5493776206546,4.59103098855562,0.667503917810787,6.14,0,0,1216,0
110,120,80.5493776206546,4.59103098855562,0.667503917810787,8.62,0,0,1195,0
111,120,33.2047369610553,2.94970526514043,0.836937190861063,0,101,120000,0,1
111,120,33.2047369610553,2.94970526514043,0.836937190861063,0.71,0,0,1483,0
111,120,33.2047369610553,2.94970526514043,0.836937190861063,10.3,0,0,1471,0
111,120,33.2047369610553,2.94970526514043,0.836937190861063,12.76,0,0,1145,0
111,120,33.2047369610553,2.94970526514043,0.836937190861063,20.01,0,0,1079,0
112,120,74.3115017484098,3.23674245336728,1.01889689714751,0,101,120000,0,1
112,120,74.3115017484098,3.23674245336728,1.01889689714751,15.64,0,0,912,0
112,120,74.3115017484098,3.23674245336728,1.01889689714751,18.09,0,0,853,0
112,120,74.3115017484098,3.23674245336728,1.01889689714751,20.94,0,0,477,0
112,120,74.3115017484098,3.23674245336728,1.01889689714751,22.61,0,0,639,0
113,120,114.020970802552,6.01653995213222,0.991211982825444,0,101,120000,0,1
113,120,114.020970802552,6.01653995213222,0.991211982825444,0.81,0,0,582,0
113,120,114.020970802552,6.01653995213222,0.991211982825444,8.94,0,0,890,0
113,120,114.020970802552,6.01653995213222,0.991211982825444,10.92,0,0,538,0
113,120,114.020970802552,6.01653995213222,0.991211982825444,15.83,0,0,394,0
114,120,148.643812785666,4.57669472256022,0.90851318758438,0,101,120000,0,1
114,120,148.643812785666,4.57669472256022,0.90851318758438,6.57,0,0,427,0
114,120,148.643812785666,4.57669472256022,0.90851318758438,7.36,0,0,886,0
114,120,148.643812785666,4.57669472256022,0.90851318758438,15.6,0,0,450,0
114,120,148.643812785666,4.57669472256022,0.90851318758438,20.09,0,0,330,0
115,120,57.8111958363997,3.4070856015054,1.00007930877215,0,101,120000,0,1
115,120,57.8111958363997,3.4070856015054,1.00007930877215,0.25,0,0,535,0
115,120,57.8111958363997,3.4070856015054,1.00007930877215,0.69,0,0,847,0
115,120,57.8111958363997,3.4070856015054,1.00007930877215,11.34,0,0,1223,0
115,120,57.8111958363997,3.4070856015054,1.00007930877215,13.04,0,0,1328,0
116,120,60.7701685743436,3.23809297474516,1.38159110057289,0,101,120000,0,1
116,120,60.7701685743436,3.23809297474516,1.38159110057289,1.64,0,0,1946,0
116,120,60.7701685743436,3.23809297474516,1.38159110057289,2.67,0,0,2038,0
116,120,60.7701685743436,3.23809297474516,1.38159110057289,5.91,0,0,1985,0
116,120,60.7701685743436,3.23809297474516,1.38159110057289,22.43,0,0,667,0
117,120,43.9230944098304,4.94312507600753,1.4359012863712,0,101,120000,0,1
117,120,43.9230944098304,4.94312507600753,1.4359012863712,0.64,0,0,2448,0
117,120,43.9230944098304,4.94312507600753,1.4359012863712,4.05,0,0,1724,0
117,120,43.9230944098304,4.94312507600753,1.4359012863712,14.74,0,0,705,0
117,120,43.9230944098304,4.94312507600753,1.4359012863712,16.29,0,0,419,0
118,120,86.4301053493107,6.02677908576825,0.860953113034944,0,101,120000,0,1
118,120,86.4301053493107,6.02677908576825,0.860953113034944,10,0,0,776,0
118,120,86.4301053493107,6.02677908576825,0.860953113034944,12.51,0,0,537,0
118,120,86.4301053493107,6.02677908576825,0.860953113034944,14.81,0,0,674,0
118,120,86.4301053493107,6.02677908576825,0.860953113034944,22.26,0,0,280,0
119,120,46.0657559668864,4.37101015823934,1.14189796770402,0,101,120000,0,1
119,120,46.0657559668864,4.37101015823934,1.14189796770402,5.26,0,0,1449,0
119,120,46.0657559668864,4.37101015823934,1.14189796770402,6.72,0,0,2008,0
119,120,46.0657559668864,4.37101015823934,1.14189796770402,12.23,0,0,735,0
119,120,46.0657559668864,4.37101015823934,1.14189796770402,21.34,0,0,440,0
120,120,83.6894791944704,2.55521997583113,0.561738530346916,0,101,120000,0,1
120,120,83.6894791944704,2.55521997583113,0.561738530346916,0.41,0,0,397,0
120,120,83.6894791944704,2.55521997583113,0.561738530346916,3.55,0,0,1155,0
120,120,83.6894791944704,2.55521997583113,0.561738530346916,14.82,0,0,921,0
120,120,83.6894791944704,2.55521997583113,0.561738530346916,21.8,0,0,563,0
