ID,DOSE,V,CL,KA,TIME,EVID,AMT,DV,EVIDNM
1,10,140.351916179299,4.06942203910495,1.30264793371502,0,101,10000,0,1
1,10,140.351916179299,4.06942203910495,1.30264793371502,16.42,0,0,45,0
1,10,140.351916179299,4.06942203910495,1.30264793371502,17.4,0,0,56,0
1,10,140.351916179299,4.06942203910495,1.30264793371502,21.33,0,0,65,0
1,10,140.351916179299,4.06942203910495,1.30264793371502,23.07,0,0,61,0
2,10,103.986192122327,4.05253191459148,0.96759034500527,0,101,10000,0,1
2,10,103.986192122327,4.05253191459148,0.96759034500527,7.42,0,0,60,0
2,10,103.986192122327,4.05253191459148,0.96759034500527,11.78,0,0,61,0
2,10,103.986192122327,4.05253191459148,0.96759034500527,16.34,0,0,69,0
2,10,103.986192122327,4.05253191459148,0.96759034500527,19.77,0,0,29,0
3,10,53.8466488878726,6.26811176104422,0.649509665745774,0,101,10000,0,1
3,10,53.8466488878726,6.26811176104422,0.649509665745774,2.4,0,0,142,0
3,10,53.8466488878726,6.26811176104422,0.649509665745774,6.01,0,0,86,0
3,10,53.8466488878726,6.26811176104422,0.649509665745774,7.04,0,0,107,0
3,10,53.8466488878726,6.26811176104422,0.649509665745774,23.14,0,0,14,0
4,10,65.2131653876606,5.58406309927705,1.2341592627653,0,101,10000,0,1
4,10,65.2131653876606,5.58406309927705,1.2341592627653,1.55,0,0,119,0
4,10,65.2131653876606,5.58406309927705,1.2341592627653,5.93,0,0,146,0
4,10,65.2131653876606,5.58406309927705,1.2341592627653,12.87,0,0,49,0
4,10,65.2131653876606,5.58406309927705,1.2341592627653,21.02,0,0,34,0
5,10,86.7061320867785,3.47449435191991,0.580547425643,0,101,10000,0,1
5,10,86.7061320867785,3.47449435191991,0.580547425643,1.04,0,0,59,0
5,10,86.7061320867785,3.47449435191991,0.580547425643,5.26,0,0,96,0
5,10,86.7061320867785,3.47449435191991,0.580547425643,6.24,0,0,99,0
5,10,86.7061320867785,3.47449435191991,0.580547425643,18.12,0,0,58,0
6,10,89.3239574667782,4.29423207533243,0.77557920866748,0,101,10000,0,1
6,10,89.3239574667782,4.29423207533243,0.77557920866748,9.36,0,0,108,0
6,10,89.3239574667782,4.29423207533243,0.77557920866748,12.3,0,0,80,0
6,10,89.3239574667782,4.29423207533243,0.77557920866748,12.55,0,0,50,0
6,10,89.3239574667782,4.29423207533243,0.77557920866748,13.11,0,0,71,0
7,10,135.300772441031,3.47661344752505,1.0191685928907,0,101,10000,0,1
7,10,135.300772441031,3.47661344752505,1.0191685928907,4.09,0,0,53,0
7,10,135.300772441031,3.47661344752505,1.0191685928907,10.18,0,0,83,0
7,10,135.300772441031,3.47661344752505,1.0191685928907,18.76,0,0,49,0
7,10,135.300772441031,3.47661344752505,1.0191685928907,23.91,0,0,57,0
8,10,50.5620827265353,2.591174764562,1.13831055564419,0,101,10000,0,1
8,10,50.5620827265353,2.591174764562,1.13831055564419,1.75,0,0,166,0
8,10,50.5620827265353,2.591174764562,1.13831055564419,17.36,0,0,80,0
8,10,50.5620827265353,2.591174764562,1.13831055564419,19.49,0,0,56,0
8,10,50.5620827265353,2.591174764562,1.13831055564419,20.15,0,0,111,0
9,10,54.3719078453815,8.31701365329471,1.09482746221111,0,101,10000,0,1
9,10,54.3719078453815,8.31701365329471,1.09482746221111,1.92,0,0,205,0
9,10,54.3719078453815,8.31701365329471,1.09482746221111,2.99,0,0,150,0
9,10,54.3719078453815,8.31701365329471,1.09482746221111,3.68,0,0,132,0
9,10,54.3719078453815,8.31701365329471,1.09482746221111,14.03,0,0,21,0
10,10,51.1368349079638,5.64680535904648,0.976149782789118,0,101,10000,0,1
10,10,51.1368349079638,5.64680535904648,0.976149782789118,1.17,0,0,114,0
10,10,51.1368349079638,5.64680535904648,0.976149782789118,3.26,0,0,135,0
10,10,51.1368349079638,5.64680535904648,0.976149782789118,6.24,0,0,116,0
10,10,51.1368349079638,5.64680535904648,0.976149782789118,6.81,0,0,110,0
11,10,85.2178539702434,3.53071014070179,1.56994426399739,0,101,10000,0,1
11,10,85.2178539702434,3.53071014070179,1.56994426399739,5.53,0,0,110,0
11,10,85.2178539702434,3.53071014070179,1.56994426399739,8.19,0,0,67,0
11,10,85.2178539702434,3.53071014070179,1.56994426399739,10.92,0,0,74,0
11,10,85.2178539702434,3.53071014070179,1.56994426399739,22.15,0,0,45,0
12,10,78.4190807645125,3.24279492375909,0.932742973207363,0,101,10000,0,1
12,10,78.4190807645125,3.24279492375909,0.932742973207363,3.36,0,0,115,0
12,10,78.4190807645125,3.24279492375909,0.932742973207363,4.29,0,0,106,0
12,10,78.4190807645125,3.24279492375909,0.932742973207363,18.42,0,0,50,0
12,10,78.4190807645125,3.24279492375909,0.932742973207363,19.04,0,0,70,0
13,10,79.7729581256309,3.30577730651693,1.60134974803798,0,101,10000,0,1
13,10,79.7729581256309,3.30577730651693,1.60134974803798,5.96,0,0,136,0
13,10,79.7729581256309,3.30577730651693,1.60134974803798,15.42,0,0,48,0
13,10,79.7729581256309,3.30577730651693,1.60134974803798,20.81,0,0,73,0
13,10,79.7729581256309,3.30577730651693,1.60134974803798,21.66,0,0,55,0
14,10,55.101811640803,3.72710068965834,1.21434953657737,0,101,10000,0,1
14,10,55.101811640803,3.72710068965834,1.21434953657737,1.31,0,0,183,0
14,10,55.101811640803,3.72710068965834,1.21434953657737,8.14,0,0,103,0
14,10,55.101811640803,3.72710068965834,1.21434953657737,16.95,0,0,66,0
14,10,55.101811640803,3.72710068965834,1.21434953657737,22.28,0,0,32,0
15,10,58.8350538502359,6.08774865391865,1.71626648078482,0,101,10000,0,1
15,10,58.8350538502359,6.08774865391865,1.71626648078482,5.91,0,0,124,0
15,10,58.8350538502359,6.08774865391865,1.71626648078482,6.04,0,0,89,0
15,10,58.8350538502359,6.08774865391865,1.71626648078482,15.76,0,0,45,0
15,10,58.8350538502359,6.08774865391865,1.71626648078482,17.11,0,0,28,0
16,10,158.16130127455,5.2635830804001,0.791561588325325,0,101,10000,0,1
16,10,158.16130127455,5.2635830804001,0.791561588325325,9.15,0,0,61,0
16,10,158.16130127455,5.2635830804001,0.791561588325325,16.63,0,0,36,0
16,10,158.16130127455,5.2635830804001,0.791561588325325,17.56,0,0,33,0
16,10,158.16130127455,5.2635830804001,0.791561588325325,20.21,0,0,36,0
17,10,142.737660702944,3.42151262495814,1.53345703708966,0,101,10000,0,1
17,10,142.737660702944,3.42151262495814,1.53345703708966,13.04,0,0,62,0
17,10,142.737660702944,3.42151262495814,1.53345703708966,17,0,0,32,0
17,10,142.737660702944,3.42151262495814,1.53345703708966,20.47,0,0,39,0
17,10,142.737660702944,3.42151262495814,1.53345703708966,23.55,0,0,44,0
18,10,45.6201294679985,3.31248747838158,1.05616074858938,0,101,10000,0,1
18,10,45.6201294679985,3.31248747838158,1.05616074858938,2.65,0,0,226,0
18,10,45.6201294679985,3.31248747838158,1.05616074858938,11.21,0,0,105,0
18,10,45.6201294679985,3.31248747838158,1.05616074858938,15.6,0,0,64,0
18,10,45.6201294679985,3.31248747838158,1.05616074858938,18.31,0,0,71,0
19,10,51.3105610027117,3.21063351024477,0.959110821231019,0,101,10000,0,1
19,10,51.3105610027117,3.21063351024477,0.959110821231019,5.12,0,0,151,0
19,10,51.3105610027117,3.21063351024477,0.959110821231019,21.96,0,0,64,0
19,10,51.3105610027117,3.21063351024477,0.959110821231019,22.15,0,0,64,0
19,10,51.3105610027117,3.21063351024477,0.959110821231019,23.62,0,0,55,0
20,10,48.5473668788678,2.9470172034062,1.06826106446056,0,101,10000,0,1
20,10,48.5473668788678,2.9470172034062,1.06826106446056,5.02,0,0,177,0
20,10,48.5473668788678,2.9470172034062,1.06826106446056,6.89,0,0,165,0
20,10,48.5473668788678,2.9470172034062,1.06826106446056,12.63,0,0,76,0
20,10,48.5473668788678,2.9470172034062,1.06826106446056,16.29,0,0,97,0
21,10,58.8479392227715,4.08828416905354,1.23650370144295,0,101,10000,0,1
21,10,58.8479392227715,4.08828416905354,1.23650370144295,9.78,0,0,165,0
21,10,58.8479392227715,4.08828416905354,1.23650370144295,10.85,0,0,80,0
21,10,58.8479392227715,4.08828416905354,1.23650370144295,14.84,0,0,39,0
21,10,58.8479392227715,4.08828416905354,1.23650370144295,22.13,0,0,32,0
22,10,74.2473260068832,2.94806148375593,0.982378709170192,0,101,10000,0,1
22,10,74.2473260068832,2.94806148375593,0.982378709170192,6.09,0,0,106,0
22,10,74.2473260068832,2.94806148375593,0.982378709170192,13.21,0,0,78,0
22,10,74.2473260068832,2.94806148375593,0.982378709170192,14.05,0,0,106,0
22,10,74.2473260068832,2.94806148375593,0.982378709170192,14.07,0,0,54,0
23,10,93.631901084739,5.96418606698181,0.769892629045023,0,101,10000,0,1
23,10,93.631901084739,5.96418606698181,0.769892629045023,6.1,0,0,83,0
23,10,93.631901084739,5.96418606698181,0.769892629045023,11.02,0,0,63,0
23,10,93.631901084739,5.96418606698181,0.769892629045023,13.45,0,0,55,0
23,10,93.631901084739,5.96418606698181,0.769892629045023,19.95,0,0,38,0
24,10,50.0337104016509,4.32301708616554,1.63999629361417,0,101,10000,0,1
24,10,50.0337104016509,4.32301708616554,1.63999629361417,0.47,0,0,93,0
24,10,50.0337104016509,4.32301708616554,1.63999629361417,2.72,0,0,171,0
24,10,50.0337104016509,4.32301708616554,1.63999629361417,16.77,0,0,60,0
24,10,50.0337104016509,4.32301708616554,1.63999629361417,18.26,0,0,44,0
25,10,60.47117347803,3.81443489237282,0.962799197187855,0,101,10000,0,1
25,10,60.47117347803,3.81443489237282,0.962799197187855,3.16,0,0,192,0
25,10,60.47117347803,3.81443489237282,0.962799197187855,3.67,0,0,107,0
25,10,60.47117347803,3.81443489237282,0.962799197187855,6.54,0,0,128,0
25,10,60.47117347803,3.81443489237282,0.962799197187855,21.11,0,0,51,0
26,10,71.7161092067304,4.84300823474062,1.05763735157648,0,101,10000,0,1
26,10,71.7161092067304,4.84300823474062,1.05763735157648,4.84,0,0,115,0
26,10,71.7161092067304,4.84300823474062,1.05763735157648,8.82,0,0,70,0
26,10,71.7161092067304,4.84300823474062,1.05763735157648,13.49,0,0,52,0
26,10,71.7161092067304,4.84300823474062,1.05763735157648,16.32,0,0,53,0
27,10,54.1091268591756,6.70503573419049,1.48860832708112,0,101,10000,0,1
27,10,54.1091268591756,6.70503573419049,1.48860832708112,3.12,0,0,162,0
27,10,54.1091268591756,6.70503573419049,1.48860832708112,12.29,0,0,34,0
27,10,54.1091268591756,6.70503573419049,1.48860832708112,13.17,0,0,40,0
27,10,54.1091268591756,6.70503573419049,1.48860832708112,23.94,0,0,8,0
28,10,61.6430979180837,2.332715654298,0.57650857617307,0,101,10000,0,1
28,10,61.6430979180837,2.332715654298,0.57650857617307,4.7,0,0,126,0
28,10,61.6430979180837,2.332715654298,0.57650857617307,5.23,0,0,158,0
28,10,61.6430979180837,2.332715654298,0.57650857617307,10.58,0,0,80,0
28,10,61.6430979180837,2.332715654298,0.57650857617307,15.99,0,0,55,0
29,10,93.9480182796023,4.41898722202099,0.742069436646803,0,101,10000,0,1
29,10,93.9480182796023,4.41898722202099,0.742069436646803,4.75,0,0,80,0
29,10,93.9480182796023,4.41898722202099,0.742069436646803,6.08,0,0,94,0
29,10,93.9480182796023,4.41898722202099,0.742069436646803,10.45,0,0,67,0
29,10,93.9480182796023,4.41898722202099,0.742069436646803,15.88,0,0,52,0
30,10,75.1724994001679,2.21726348716108,0.598101543977274,0,101,10000,0,1
30,10,75.1724994001679,2.21726348716108,0.598101543977274,0.76,0,0,44,0
30,10,75.1724994001679,2.21726348716108,0.598101543977274,2.85,0,0,154,0
30,10,75.1724994001679,2.21726348716108,0.598101543977274,14.41,0,0,63,0
30,10,75.1724994001679,2.21726348716108,0.598101543977274,19.43,0,0,77,0
31,30,103.709868746679,3.40367966053208,1.18191480320491,0,101,30000,0,1
31,30,103.709868746679,3.40367966053208,1.18191480320491,0.92,0,0,183,0
31,30,103.709868746679,3.40367966053208,1.18191480320491,7.67,0,0,194,0
31,30,103.709868746679,3.40367966053208,1.18191480320491,13.82,0,0,163,0
31,30,103.709868746679,3.40367966053208,1.18191480320491,22.11,0,0,125,0
32,30,76.3482831933251,3.71623931394365,1.24376373436343,0,101,30000,0,1
32,30,76.3482831933251,3.71623931394365,1.24376373436343,2.77,0,0,419,0
32,30,76.3482831933251,3.71623931394365,1.24376373436343,8.34,0,0,336,0
32,30,76.3482831933251,3.71623931394365,1.24376373436343,21.74,0,0,183,0
32,30,76.3482831933251,3.71623931394365,1.24376373436343,23.44,0,0,131,0
33,30,61.9128853252812,3.20814920159382,0.90207480367114,0,101,30000,0,1
33,30,61.9128853252812,3.20814920159382,0.90207480367114,2.7,0,0,423,0
33,30,61.9128853252812,3.20814920159382,0.90207480367114,13.63,0,0,267,0
33,30,61.9128853252812,3.20814920159382,0.90207480367114,17.12,0,0,150,0
33,30,61.9128853252812,3.20814920159382,0.90207480367114,18.93,0,0,157,0
34,30,77.8459024181298,3.62644238710982,1.17860842607177,0,101,30000,0,1
34,30,77.8459024181298,3.62644238710982,1.17860842607177,1.45,0,0,330,0
34,30,77.8459024181298,3.62644238710982,1.17860842607177,11.28,0,0,253,0
34,30,77.8459024181298,3.62644238710982,1.17860842607177,14.45,0,0,243,0
34,30,77.8459024181298,3.62644238710982,1.17860842607177,14.51,0,0,179,0
35,30,48.2787090307652,6.23170654771489,1.21320525869517,0,101,30000,0,1
35,30,48.2787090307652,6.23170654771489,1.21320525869517,2.54,0,0,625,0
35,30,48.2787090307652,6.23170654771489,1.21320525869517,13.79,0,0,119,0
35,30,48.2787090307652,6.23170654771489,1.21320525869517,16.13,0,0,105,0
35,30,48.2787090307652,6.23170654771489,1.21320525869517,21.75,0,0,49,0
36,30,47.6606772065814,5.94714637667788,0.834273861340753,0,101,30000,0,1
36,30,47.6606772065814,5.94714637667788,0.834273861340753,3.17,0,0,353,0
36,30,47.6606772065814,5.94714637667788,0.834273861340753,4.1,0,0,355,0
36,30,47.6606772065814,5.94714637667788,0.834273861340753,9.8,0,0,246,0
36,30,47.6606772065814,5.94714637667788,0.834273861340753,22.32,0,0,41,0
37,30,86.0433941131029,4.08154715642349,0.7907383627253,0,101,30000,0,1
37,30,86.0433941131029,4.08154715642349,0.7907383627253,4.66,0,0,271,0
37,30,86.0433941131029,4.08154715642349,0.7907383627253,4.86,0,0,373,0
37,30,86.0433941131029,4.08154715642349,0.7907383627253,7.98,0,0,276,0
37,30,86.0433941131029,4.08154715642349,0.7907383627253,20.14,0,0,128,0
38,30,96.453207306258,4.92892003716293,0.573720983605643,0,101,30000,0,1
38,30,96.453207306258,4.92892003716293,0.573720983605643,2.61,0,0,165,0
38,30,96.453207306258,4.92892003716293,0.573720983605643,4.41,0,0,154,0
38,30,96.453207306258,4.92892003716293,0.573720983605643,14.92,0,0,155,0
38,30,96.453207306258,4.92892003716293,0.573720983605643,21.34,0,0,97,0
39,30,50.7804996430724,7.00595487766974,0.604417218219962,0,101,30000,0,1
39,30,50.7804996430724,7.00595487766974,0.604417218219962,1.32,0,0,203,0
39,30,50.7804996430724,7.00595487766974,0.604417218219962,4.44,0,0,327,0
39,30,50.7804996430724,7.00595487766974,0.604417218219962,10.17,0,0,151,0
39,30,50.7804996430724,7.00595487766974,0.604417218219962,16.71,0,0,72,0
40,30,81.0142889094649,4.90849298453195,1.1315323486583,0,101,30000,0,1
40,30,81.0142889094649,4.90849298453195,1.1315323486583,1.11,0,0,286,0
40,30,81.0142889094649,4.90849298453195,1.1315323486583,6.47,0,0,221,0
40,30,81.0142889094649,4.90849298453195,1.1315323486583,7.09,0,0,310,0
40,30,81.0142889094649,4.90849298453195,1.1315323486583,18.8,0,0,156,0
41,30,78.1363269127385,5.2261282186295,1.06353481876824,0,101,30000,0,1
41,30,78.1363269127385,5.2261282186295,1.06353481876824,0.84,0,0,202,0
41,30,78.1363269127385,5.2261282186295,1.06353481876824,8.5,0,0,256,0
41,30,78.1363269127385,5.2261282186295,1.06353481876824,10.6,0,0,223,0
41,30,78.1363269127385,5.2261282186295,1.06353481876824,13.28,0,0,172,0
42,30,80.5266281879802,5.95734806233142,1.31466394261737,0,101,30000,0,1
42,30,80.5266281879802,5.95734806233142,1.31466394261737,0.13,0,0,54,0
42,30,80.5266281879802,5.95734806233142,1.31466394261737,9.82,0,0,198,0
42,30,80.5266281879802,5.95734806233142,1.31466394261737,17.56,0,0,115,0
42,30,80.5266281879802,5.95734806233142,1.31466394261737,18.94,0,0,86,0
43,30,43.9815663531433,1.70756104898213,1.02876668012147,0,101,30000,0,1
43,30,43.9815663531433,1.70756104898213,1.02876668012147,2.66,0,0,452,0
43,30,43.9815663531433,1.70756104898213,1.02876668012147,4.71,0,0,719,0
43,30,43.9815663531433,1.70756104898213,1.02876668012147,10.22,0,0,395,0
43,30,43.9815663531433,1.70756104898213,1.02876668012147,23.66,0,0,237,0
44,30,68.4557094729959,3.64047183837569,1.27567096875501,0,101,30000,0,1
44,30,68.4557094729959,3.64047183837569,1.27567096875501,5.46,0,0,564,0
44,30,68.4557094729959,3.64047183837569,1.27567096875501,5.82,0,0,411,0
44,30,68.4557094729959,3.64047183837569,1.27567096875501,20.03,0,0,190,0
44,30,68.4557094729959,3.64047183837569,1.27567096875501,22.15,0,0,127,0
45,30,101.379752516631,4.68143482301436,0.780652061238322,0,101,30000,0,1
45,30,101.379752516631,4.68143482301436,0.780652061238322,5.51,0,0,208,0
45,30,101.379752516631,4.68143482301436,0.780652061238322,7.7,0,0,187,0
45,30,101.379752516631,4.68143482301436,0.780652061238322,10.4,0,0,252,0
45,30,101.379752516631,4.68143482301436,0.780652061238322,21.42,0,0,141,0
46,30,88.5212246310672,3.94883310865126,1.06533225978882,0,101,30000,0,1
46,30,88.5212246310672,3.94883310865126,1.06533225978882,4.93,0,0,308,0
46,30,88.5212246310672,3.94883310865126,1.06533225978882,7.77,0,0,257,0
46,30,88.5212246310672,3.94883310865126,1.06533225978882,9.53,0,0,194,0
46,30,88.5212246310672,3.94883310865126,1.06533225978882,16.57,0,0,228,0
47,30,48.6908563696052,2.75961085263592,1.45229063729315,0,101,30000,0,1
47,30,48.6908563696052,2.75961085263592,1.45229063729315,1.78,0,0,523,0
47,30,48.6908563696052,2.75961085263592,1.45229063729315,8.35,0,0,375,0
47,30,48.6908563696052,2.75961085263592,1.45229063729315,10.29,0,0,286,0
47,30,48.6908563696052,2.75961085263592,1.45229063729315,22.66,0,0,161,0
48,30,84.1140190124566,6.51589408289373,1.25943910862797,0,101,30000,0,1
48,30,84.1140190124566,6.51589408289373,1.25943910862797,14.32,0,0,118,0
48,30,84.1140190124566,6.51589408289373,1.25943910862797,20.54,0,0,65,0
48,30,84.1140190124566,6.51589408289373,1.25943910862797,20.54,0,0,65,0
48,30,84.1140190124566,6.51589408289373,1.25943910862797,22.83,0,0,73,0
49,30,51.6170073614162,2.42732323927798,1.18555406102591,0,101,30000,0,1
49,30,51.6170073614162,2.42732323927798,1.18555406102591,6.58,0,0,527,0
49,30,51.6170073614162,2.42732323927798,1.18555406102591,9.18,0,0,422,0
49,30,51.6170073614162,2.42732323927798,1.18555406102591,19.88,0,0,264,0
49,30,51.6170073614162,2.42732323927798,1.18555406102591,20.19,0,0,248,0
50,30,75.081955041866,3.63425354749563,0.832715305906846,0,101,30000,0,1
50,30,75.081955041866,3.63425354749563,0.832715305906846,6.1,0,0,292,0
50,30,75.081955041866,3.63425354749563,0.832715305906846,11.05,0,0,266,0
50,30,75.081955041866,3.63425354749563,0.832715305906846,12.71,0,0,194,0
50,30,75.081955041866,3.63425354749563,0.832715305906846,21.73,0,0,166,0
51,30,84.1795446235687,5.40408721298172,1.30438236605677,0,101,30000,0,1
51,30,84.1795446235687,5.40408721298172,1.30438236605677,1.69,0,0,274,0
51,30,84.1795446235687,5.40408721298172,1.30438236605677,8.37,0,0,231,0
51,30,84.1795446235687,5.40408721298172,1.30438236605677,14.57,0,0,134,0
51,30,84.1795446235687,5.40408721298172,1.30438236605677,15.81,0,0,103,0
52,30,55.8371949654832,3.69266870545164,0.90474469033803,0,101,30000,0,1
52,30,55.8371949654832,3.69266870545164,0.90474469033803,0.51,0,0,176,0
52,30,55.8371949654832,3.69266870545164,0.90474469033803,3.32,0,0,483,0
52,30,55.8371949654832,3.69266870545164,0.90474469033803,20.74,0,0,111,0
52,30,55.8371949654832,3.69266870545164,0.90474469033803,23.21,0,0,155,0
53,30,44.5333470622646,1.48432485814185,1.0573077463404,0,101,30000,0,1
53,30,44.5333470622646,1.48432485814185,1.0573077463404,10.25,0,0,581,0
53,30,44.5333470622646,1.48432485814185,1.0573077463404,14.5,0,0,651,0
53,30,44.5333470622646,1.48432485814185,1.0573077463404,14.77,0,0,245,0
53,30,44.5333470622646,1.48432485814185,1.0573077463404,18.19,0,0,414,0
54,30,93.6719945023572,3.82801996663963,0.968991721456758,0,101,30000,0,1
54,30,93.6719945023572,3.82801996663963,0.968991721456758,2.23,0,0,308,0
54,30,93.6719945023572,3.82801996663963,0.968991721456758,11.52,0,0,151,0
54,30,93.6719945023572,3.82801996663963,0.968991721456758,16.3,0,0,196,0
54,30,93.6719945023572,3.82801996663963,0.968991721456758,17.9,0,0,163,0
55,30,62.893627938128,2.91439887860922,0.542231984613241,0,101,30000,0,1
55,30,62.893627938128,2.91439887860922,0.542231984613241,0.77,0,0,146,0
55,30,62.893627938128,2.91439887860922,0.542231984613241,2.07,0,0,419,0
55,30,62.893627938128,2.91439887860922,0.542231984613241,5.86,0,0,346,0
55,30,62.893627938128,2.91439887860922,0.542231984613241,9.71,0,0,260,0
56,30,56.1918674455864,4.26793794672479,0.63314610681488,0,101,30000,0,1
56,30,56.1918674455864,4.26793794672479,0.63314610681488,4.56,0,0,320,0
56,30,56.1918674455864,4.26793794672479,0.63314610681488,12.33,0,0,322,0
56,30,56.1918674455864,4.26793794672479,0.63314610681488,16.97,0,0,200,0
56,30,56.1918674455864,4.26793794672479,0.63314610681488,18.43,0,0,121,0
57,30,61.6204376884236,5.5547311178526,0.923047792624928,0,101,30000,0,1
57,30,61.6204376884236,5.5547311178526,0.923047792624928,2.51,0,0,476,0
57,30,61.6204376884236,5.5547311178526,0.923047792624928,2.84,0,0,240,0
57,30,61.6204376884236,5.5547311178526,0.923047792624928,3.1,0,0,497,0
57,30,61.6204376884236,5.5547311178526,0.923047792624928,5.38,0,0,271,0
58,30,34.2456253821789,3.85357644880954,0.728023681604357,0,101,30000,0,1
58,30,34.2456253821789,3.85357644880954,0.728023681604357,8.8,0,0,287,0
58,30,34.2456253821789,3.85357644880954,0.728023681604357,10.72,0,0,291,0
58,30,34.2456253821789,3.85357644880954,0.728023681604357,13.87,0,0,239,0
58,30,34.2456253821789,3.85357644880954,0.728023681604357,14.15,0,0,205,0
59,30,78.5495095668179,5.60911000080767,0.758041595058602,0,101,30000,0,1
59,30,78.5495095668179,5.60911000080767,0.758041595058602,1.54,0,0,350,0
59,30,78.5495095668179,5.60911000080767,0.758041595058602,3.97,0,0,334,0
59,30,78.5495095668179,5.60911000080767,0.758041595058602,13.32,0,0,181,0
59,30,78.5495095668179,5.60911000080767,0.758041595058602,18.52,0,0,103,0
60,30,52.7067090088164,2.85968315454792,1.98608001573827,0,101,30000,0,1
60,30,52.7067090088164,2.85968315454792,1.98608001573827,2.08,0,0,383,0
60,30,52.7067090088164,2.85968315454792,1.98608001573827,11.81,0,0,251,0
60,30,52.7067090088164,2.85968315454792,1.98608001573827,15.64,0,0,205,0
60,30,52.7067090088164,2.85968315454792,1.98608001573827,22.42,0,0,177,0
61,60,43.369543085447,4.1109837361671,1.80117510670187,0,101,60000,0,1
61,60,43.369543085447,4.1109837361671,1.80117510670187,14.66,0,0,285,0
61,60,43.369543085447,4.1109837361671,1.80117510670187,18.12,0,0,205,0
61,60,43.369543085447,4.1109837361671,1.80117510670187,19.73,0,0,168,0
61,60,43.369543085447,4.1109837361671,1.80117510670187,21.97,0,0,129,0
62,60,47.4615883434854,3.84167494525806,1.28443309325819,0,101,60000,0,1
62,60,47.4615883434854,3.84167494525806,1.28443309325819,3.14,0,0,1033,0
62,60,47.4615883434854,3.84167494525806,1.28443309325819,3.31,0,0,1116,0
62,60,47.4615883434854,3.84167494525806,1.28443309325819,8.88,0,0,618,0
62,60,47.4615883434854,3.84167494525806,1.28443309325819,12.78,0,0,534,0
63,60,90.27349880404,6.26241019797516,0.827054684101692,0,101,60000,0,1
63,60,90.27349880404,6.26241019797516,0.827054684101692,2.84,0,0,505,0
63,60,90.27349880404,6.26241019797516,0.827054684101692,7.07,0,0,399,0
63,60,90.27349880404,6.26241019797516,0.827054684101692,8.11,0,0,377,0
63,60,90.27349880404,6.26241019797516,0.827054684101692,17.84,0,0,183,0
64,60,52.1527366341694,4.27022892314947,0.760518884491925,0,101,60000,0,1
64,60,52.1527366341694,4.27022892314947,0.760518884491925,4.25,0,0,787,0
64,60,52.1527366341694,4.27022892314947,0.760518884491925,6.15,0,0,594,0
64,60,52.1527366341694,4.27022892314947,0.760518884491925,7.41,0,0,664,0
64,60,52.1527366341694,4.27022892314947,0.760518884491925,14.51,0,0,479,0
65,60,98.4356495225753,5.23091531926798,1.91330385468404,0,101,60000,0,1
65,60,98.4356495225753,5.23091531926798,1.91330385468404,3.05,0,0,556,0
65,60,98.4356495225753,5.23091531926798,1.91330385468404,3.13,0,0,511,0
65,60,98.4356495225753,5.23091531926798,1.91330385468404,3.5,0,0,573,0
65,60,98.4356495225753,5.23091531926798,1.91330385468404,10.08,0,0,549,0
66,60,85.3038620220389,3.49369044720878,1.02854098858889,0,101,60000,0,1
66,60,85.3038620220389,3.49369044720878,1.02854098858889,7.46,0,0,430,0
66,60,85.3038620220389,3.49369044720878,1.02854098858889,16.77,0,0,367,0
66,60,85.3038620220389,3.49369044720878,1.02854098858889,18.94,0,0,303,0
66,60,85.3038620220389,3.49369044720878,1.02854098858889,19.39,0,0,447,0
67,60,68.6960673707356,3.82364544387813,0.732379014415714,0,101,60000,0,1
67,60,68.6960673707356,3.82364544387813,0.732379014415714,13.77,0,0,443,0
67,60,68.6960673707356,3.82364544387813,0.732379014415714,13.93,0,0,358,0
67,60,68.6960673707356,3.82364544387813,0.732379014415714,23.1,0,0,335,0
67,60,68.6960673707356,3.82364544387813,0.732379014415714,23.26,0,0,339,0
68,60,106.923285980213,3.30708806312501,0.745856314390958,0,101,60000,0,1
68,60,106.923285980213,3.30708806312501,0.745856314390958,12.81,0,0,557,0
68,60,106.923285980213,3.30708806312501,0.745856314390958,16.04,0,0,354,0
68,60,106.923285980213,3.30708806312501,0.745856314390958,17.88,0,0,307,0
68,60,106.923285980213,3.30708806312501,0.745856314390958,18.38,0,0,323,0
69,60,53.8675234249996,3.60978156780903,1.12295710620379,0,101,60000,0,1
69,60,53.8675234249996,3.60978156780903,1.12295710620379,1.59,0,0,642,0
69,60,53.8675234249996,3.60978156780903,1.12295710620379,4.58,0,0,841,0
69,60,53.8675234249996,3.60978156780903,1.12295710620379,12.44,0,0,518,0
69,60,53.8675234249996,3.60978156780903,1.12295710620379,17.62,0,0,309,0
70,60,71.0639040237167,4.56681042771071,0.703795742064863,0,101,60000,0,1
70,60,71.0639040237167,4.56681042771071,0.703795742064863,7.7,0,0,616,0
70,60,71.0639040237167,4.56681042771071,0.703795742064863,12.07,0,0,475,0
70,60,71.0639040237167,4.56681042771071,0.703795742064863,13.37,0,0,337,0
70,60,71.0639040237167,4.56681042771071,0.703795742064863,18.75,0,0,204,0
71,60,54.2188125067423,5.43265494529083,1.22059221202853,0,101,60000,0,1
71,60,54.2188125067423,5.43265494529083,1.22059221202853,3.78,0,0,794,0
71,60,54.2188125067423,5.43265494529083,1.22059221202853,12.03,0,0,336,0
71,60,54.2188125067423,5.43265494529083,1.22059221202853,13.33,0,0,229,0
71,60,54.2188125067423,5.43265494529083,1.22059221202853,19.53,0,0,153,0
72,60,39.8857561705015,4.03142834575352,1.32594578918774,0,101,60000,0,1
72,60,39.8857561705015,4.03142834575352,1.32594578918774,14.27,0,0,387,0
72,60,39.8857561705015,4.03142834575352,1.32594578918774,15.51,0,0,503,0
72,60,39.8857561705015,4.03142834575352,1.32594578918774,19.38,0,0,259,0
72,60,39.8857561705015,4.03142834575352,1.32594578918774,19.89,0,0,313,0
73,60,41.7570927233791,4.48194987064626,0.772893461409256,0,101,60000,0,1
73,60,41.7570927233791,4.48194987064626,0.772893461409256,3.17,0,0,1051,0
73,60,41.7570927233791,4.48194987064626,0.772893461409256,7.93,0,0,730,0
73,60,41.7570927233791,4.48194987064626,0.772893461409256,15.42,0,0,327,0
73,60,41.7570927233791,4.48194987064626,0.772893461409256,20.82,0,0,185,0
74,60,40.0129591322505,5.96365030885068,0.736453070854295,0,101,60000,0,1
74,60,40.0129591322505,5.96365030885068,0.736453070854295,0.23,0,0,252,0
74,60,40.0129591322505,5.96365030885068,0.736453070854295,2.22,0,0,895,0
74,60,40.0129591322505,5.96365030885068,0.736453070854295,3.56,0,0,936,0
74,60,40.0129591322505,5.96365030885068,0.736453070854295,16.83,0,0,157,0
75,60,101.249703709622,3.90789716113135,0.944398349712627,0,101,60000,0,1
75,60,101.249703709622,3.90789716113135,0.944398349712627,3.86,0,0,573,0
75,60,101.249703709622,3.90789716113135,0.944398349712627,17.66,0,0,382,0
75,60,101.249703709622,3.90789716113135,0.944398349712627,21.49,0,0,319,0
75,60,101.249703709622,3.90789716113135,0.944398349712627,22.75,0,0,249,0
76,60,38.8873830305749,5.69473042864585,0.767132542326556,0,101,60000,0,1
76,60,38.8873830305749,5.69473042864585,0.767132542326556,3.76,0,0,912,0
76,60,38.8873830305749,5.69473042864585,0.767132542326556,4.28,0,0,706,0
76,60,38.8873830305749,5.69473042864585,0.767132542326556,9.82,0,0,378,0
76,60,38.8873830305749,5.69473042864585,0.767132542326556,11.99,0,0,349,0
77,60,69.0886354396525,3.80508113095703,0.642473565365138,0,101,60000,0,1
77,60,69.0886354396525,3.80508113095703,0.642473565365138,3.24,0,0,734,0
77,60,69.0886354396525,3.80508113095703,0.642473565365138,8.74,0,0,520,0
77,60,69.0886354396525,3.80508113095703,0.642473565365138,21.54,0,0,446,0
77,60,69.0886354396525,3.80508113095703,0.642473565365138,23.69,0,0,281,0
78,60,67.2175401912238,3.13448213077119,0.805597165015371,0,101,60000,0,1
78,60,67.2175401912238,3.13448213077119,0.805597165015371,2.7,0,0,1135,0
78,60,67.2175401912238,3.13448213077119,0.805597165015371,12.9,0,0,516,0
78,60,67.2175401912238,3.13448213077119,0.805597165015371,15.5,0,0,566,0
78,60,67.2175401912238,3.13448213077119,0.805597165015371,19.58,0,0,537,0
79,60,93.0570728196361,3.20702315364775,1.07902263890446,0,101,60000,0,1
79,60,93.0570728196361,3.20702315364775,1.07902263890446,2.26,0,0,464,0
79,60,93.0570728196361,3.20702315364775,1.07902263890446,19.97,0,0,249,0
79,60,93.0570728196361,3.20702315364775,1.07902263890446,23.28,0,0,243,0
79,60,93.0570728196361,3.20702315364775,1.07902263890446,23.4,0,0,238,0
80,60,62.1763228648607,3.42054405847331,1.60810412490629,0,101,60000,0,1
80,60,62.1763228648607,3.42054405847331,1.60810412490629,2.81,0,0,849,0
80,60,62.1763228648607,3.42054405847331,1.60810412490629,8.31,0,0,625,0
80,60,62.1763228648607,3.42054405847331,1.60810412490629,9.76,0,0,613,0
80,60,62.1763228648607,3.42054405847331,1.60810412490629,19.95,0,0,468,0
81,60,95.5747663020903,3.16459251569106,0.81110588347337,0,101,60000,0,1
81,60,95.5747663020903,3.16459251569106,0.81110588347337,2.41,0,0,536,0
81,60,95.5747663020903,3.16459251569106,0.81110588347337,5.31,0,0,417,0
81,60,95.5747663020903,3.16459251569106,0.81110588347337,19.15,0,0,393,0
81,60,95.5747663020903,3.16459251569106,0.81110588347337,22.04,0,0,336,0
82,60,67.1330904123079,2.18345372569949,0.956200864005377,0,101,60000,0,1
82,60,67.1330904123079,2.18345372569949,0.956200864005377,15.94,0,0,688,0
82,60,67.1330904123079,2.18345372569949,0.956200864005377,16.44,0,0,398,0
82,60,67.1330904123079,2.18345372569949,0.956200864005377,20,0,0,503,0
82,60,67.1330904123079,2.18345372569949,0.956200864005377,22.8,0,0,425,0
83,60,61.8047283446475,4.02929763315582,1.04253786737211,0,101,60000,0,1
83,60,61.8047283446475,4.02929763315582,1.04253786737211,0.36,0,0,341,0
83,60,61.8047283446475,4.02929763315582,1.04253786737211,2.94,0,0,787,0
83,60,61.8047283446475,4.02929763315582,1.04253786737211,6.39,0,0,603,0
83,60,61.8047283446475,4.02929763315582,1.04253786737211,14.69,0,0,442,0
84,60,51.0218101128859,3.18388880448357,1.019182530692,0,101,60000,0,1
84,60,51.0218101128859,3.18388880448357,1.019182530692,1.04,0,0,638,0
84,60,51.0218101128859,3.18388880448357,1.019182530692,13.81,0,0,733,0
84,60,51.0218101128859,3.18388880448357,1.019182530692,15.69,0,0,308,0
84,60,51.0218101128859,3.18388880448357,1.019182530692,18.9,0,0,381,0
85,60,79.6975451218556,7.27626683897314,1.10852030587782,0,101,60000,0,1
85,60,79.6975451218556,7.27626683897314,1.10852030587782,0.1,0,0,60,0
85,60,79.6975451218556,7.27626683897314,1.10852030587782,3.82,0,0,455,0
85,60,79.6975451218556,7.27626683897314,1.10852030587782,18.81,0,0,113,0
85,60,79.6975451218556,7.27626683897314,1.10852030587782,23.3,0,0,110,0
86,60,50.0108720930973,4.32300978529997,1.10439036310223,0,101,60000,0,1
86,60,50.0108720930973,4.32300978529997,1.10439036310223,2.38,0,0,924,0
86,60,50.0108720930973,4.32300978529997,1.10439036310223,7.65,0,0,536,0
86,60,50.0108720930973,4.32300978529997,1.10439036310223,10.2,0,0,770,0
86,60,50.0108720930973,4.32300978529997,1.10439036310223,15.42,0,0,312,0
87,60,69.6156843047691,4.99442715412826,0.835560478758325,0,101,60000,0,1
87,60,69.6156843047691,4.99442715412826,0.835560478758325,8.6,0,0,544,0
87,60,69.6156843047691,4.99442715412826,0.835560478758325,11,0,0,497,0
87,60,69.6156843047691,4.99442715412826,0.835560478758325,13.87,0,0,341,0
87,60,69.6156843047691,4.99442715412826,0.835560478758325,21.23,0,0,185,0
88,60,64.9174610980729,3.40599660512718,0.703033049126601,0,101,60000,0,1
88,60,64.9174610980729,3.40599660512718,0.703033049126601,0.84,0,0,398,0
88,60,64.9174610980729,3.40599660512718,0.703033049126601,13.91,0,0,392,0
88,60,64.9174610980729,3.40599660512718,0.703033049126601,15.51,0,0,429,0
88,60,64.9174610980729,3.40599660512718,0.703033049126601,18.64,0,0,361,0
89,60,79.2627512675154,4.07199656459896,1.54857937057832,0,101,60000,0,1
89,60,79.2627512675154,4.07199656459896,1.54857937057832,0.52,0,0,448,0
89,60,79.2627512675154,4.07199656459896,1.54857937057832,12.29,0,0,512,0
89,60,79.2627512675154,4.07199656459896,1.54857937057832,16.72,0,0,358,0
89,60,79.2627512675154,4.07199656459896,1.54857937057832,23.78,0,0,169,0
90,60,52.3962570758349,4.27684480703389,1.31922291463034,0,101,60000,0,1
90,60,52.3962570758349,4.27684480703389,1.31922291463034,5.46,0,0,765,0
90,60,52.3962570758349,4.27684480703389,1.31922291463034,9.05,0,0,543,0
90,60,52.3962570758349,4.27684480703389,1.31922291463034,20.76,0,0,232,0
90,60,52.3962570758349,4.27684480703389,1.31922291463034,22.3,0,0,203,0
91,120,49.7341548998081,3.72228498039378,0.588772303102731,0,101,120000,0,1
91,120,49.7341548998081,3.72228498039378,0.588772303102731,0.32,0,0,352,0
91,120,49.7341548998081,3.72228498039378,0.588772303102731,7.96,0,0,1363,0
91,120,49.7341548998081,3.72228498039378,0.588772303102731,10.01,0,0,1149,0
91,120,49.7341548998081,3.72228498039378,0.588772303102731,15.72,0,0,942,0
92,120,117.928182570131,4.05785151156057,0.861018971120828,0,101,120000,0,1
92,120,117.928182570131,4.05785151156057,0.861018971120828,5.86,0,0,832,0
92,120,117.928182570131,4.05785151156057,0.861018971120828,8.37,0,0,656,0
92,120,117.928182570131,4.05785151156057,0.861018971120828,11.84,0,0,660,0
92,120,117.928182570131,4.05785151156057,0.861018971120828,19.3,0,0,707,0
93,120,104.931391684933,8.1110822638615,1.33507315718428,0,101,120000,0,1
93,120,104.931391684933,8.1110822638615,1.33507315718428,2.4,0,0,708,0
93,120,104.931391684933,8.1110822638615,1.33507315718428,4.27,0,0,743,0
93,120,104.931391684933,8.1110822638615,1.33507315718428,8.71,0,0,752,0
93,120,104.931391684933,8.1110822638615,1.33507315718428,11.05,0,0,428,0
94,120,82.9026502400275,4.80896784637985,1.00222467320102,0,101,120000,0,1
94,120,82.9026502400275,4.80896784637985,1.00222467320102,1.93,0,0,1003,0
94,120,82.9026502400275,4.80896784637985,1.00222467320102,14.02,0,0,725,0
94,120,82.9026502400275,4.80896784637985,1.00222467320102,18.17,0,0,530,0
94,120,82.9026502400275,4.80896784637985,1.00222467320102,22.56,0,0,319,0
95,120,86.9667001977201,7.16273522392987,1.1310818142518,0,101,120000,0,1
95,120,86.9667001977201,7.16273522392987,1.1310818142518,3.96,0,0,933,0
95,120,86.9667001977201,7.16273522392987,1.1310818142518,5.08,0,0,1335,0
95,120,86.9667001977201,7.16273522392987,1.1310818142518,9.07,0,0,680,0
95,120,86.9667001977201,7.16273522392987,1.1310818142518,11.18,0,0,819,0
96,120,74.742674907117,6.02600637105857,1.48306659328936,0,101,120000,0,1
96,120,74.742674907117,6.02600637105857,1.48306659328936,2.98,0,0,1589,0
96,120,74.742674907117,6.02600637105857,1.48306659328936,3.63,0,0,1346,0
96,120,74.742674907117,6.02600637105857,1.48306659328936,5.23,0,0,1015,0
96,120,74.742674907117,6.02600637105857,1.48306659328936,20.18,0,0,218,0
97,120,76.4371609345385,3.58037657672357,0.793756874362006,0,101,120000,0,1
97,120,76.4371609345385,3.58037657672357,0.793756874362006,0.64,0,0,589,0
97,120,76.4371609345385,3.58037657672357,0.793756874362006,8.55,0,0,1292,0
97,120,76.4371609345385,3.58037657672357,0.793756874362006,18.9,0,0,679,0
97,120,76.4371609345385,3.58037657672357,0.793756874362006,22.19,0,0,760,0
98,120,89.9388036961019,2.73742035088632,1.52175984104902,0,101,120000,0,1
98,120,89.9388036961019,2.73742035088632,1.52175984104902,4.27,0,0,1444,0
98,120,89.9388036961019,2.73742035088632,1.52175984104902,7.57,0,0,727,0
98,120,89.9388036961019,2.73742035088632,1.52175984104902,12.92,0,0,1235,0
98,120,89.9388036961019,2.73742035088632,1.52175984104902,14.28,0,0,837,0
99,120,89.4250108260645,5.15388686722113,0.886176576237687,0,101,120000,0,1
99,120,89.4250108260645,5.15388686722113,0.886176576237687,13.31,0,0,640,0
99,120,89.4250108260645,5.15388686722113,0.886176576237687,17.25,0,0,308,0
99,120,89.4250108260645,5.15388686722113,0.886176576237687,17.42,0,0,408,0
99,120,89.4250108260645,5.15388686722113,0.886176576237687,21.69,0,0,514,0
100,120,49.6110562656132,5.86255626774002,1.20733685032732,0,101,120000,0,1
100,120,49.6110562656132,5.86255626774002,1.20733685032732,10.75,0,0,761,0
100,120,49.6110562656132,5.86255626774002,1.20733685032732,11.32,0,0,983,0
100,120,49.6110562656132,5.86255626774002,1.20733685032732,14.63,0,0,399,0
100,120,49.6110562656132,5.86255626774002,1.20733685032732,19.73,0,0,315,0
101,120,68.6177064268812,3.77609072275797,0.852340320821049,0,101,120000,0,1
101,120,68.6177064268812,3.77609072275797,0.852340320821049,8.1,0,0,1077,0
101,120,68.6177064268812,3.77609072275797,0.852340320821049,8.57,0,0,1913,0
101,120,68.6177064268812,3.77609072275797,0.852340320821049,14.01,0,0,916,0
101,120,68.6177064268812,3.77609072275797,0.852340320821049,14.09,0,0,1046,0
102,120,48.7139024486143,4.16030777619304,1.06273777552894,0,101,120000,0,1
102,120,48.7139024486143,4.16030777619304,1.06273777552894,1.07,0,0,1486,0
102,120,48.7139024486143,4.16030777619304,1.06273777552894,1.96,0,0,2227,0
102,120,48.7139024486143,4.16030777619304,1.06273777552894,5.4,0,0,1325,0
102,120,48.7139024486143,4.16030777619304,1.06273777552894,8.03,0,0,1447,0
103,120,80.4946256502744,2.56830513588807,1.05679001732367,0,101,120000,0,1
103,120,80.4946256502744,2.56830513588807,1.05679001732367,4.27,0,0,1209,0
103,120,80.4946256502744,2.56830513588807,1.05679001732367,5.14,0,0,1527,0
103,120,80.4946256502744,2.56830513588807,1.05679001732367,14.57,0,0,1317,0
103,120,80.4946256502744,2.56830513588807,1.05679001732367,16.8,0,0,875,0
104,120,62.7143603995492,4.61733086921481,1.11958115924784,0,101,120000,0,1
104,120,62.7143603995492,4.61733086921481,1.11958115924784,0.05,0,0,118,0
104,120,62.7143603995492,4.61733086921481,1.11958115924784,2.37,0,0,1599,0
104,120,62.7143603995492,4.61733086921481,1.11958115924784,12.47,0,0,843,0
104,120,62.7143603995492,4.61733086921481,1.11958115924784,22.04,0,0,469,0
105,120,77.7492518587476,3.42713338204642,0.81068610970222,0,101,120000,0,1
105,120,77.7492518587476,3.42713338204642,0.81068610970222,9.61,0,0,1339,0
105,120,77.7492518587476,3.42713338204642,0.81068610970222,10.96,0,0,864,0
105,120,77.7492518587476,3.42713338204642,0.81068610970222,12.41,0,0,1115,0
105,120,77.7492518587476,3.42713338204642,0.81068610970222,22.05,0,0,785,0
106,120,64.5900650145919,4.03917941905745,0.754855042261146,0,101,120000,0,1
106,120,64.5900650145919,4.03917941905745,0.754855042261146,0.54,0,0,804,0
106,120,64.5900650145919,4.03917941905745,0.754855042261146,10.25,0,0,916,0
106,120,64.5900650145919,4.03917941905745,0.754855042261146,14.86,0,0,620,0
106,120,64.5900650145919,4.03917941905745,0.754855042261146,21.57,0,0,453,0
107,120,113.579713258888,3.59197369376873,1.40384909977977,0,101,120000,0,1
107,120,113.579713258888,3.59197369376873,1.40384909977977,12.66,0,0,643,0
107,120,113.579713258888,3.59197369376873,1.40384909977977,13.78,0,0,745,0
107,120,113.579713258888,3.59197369376873,1.40384909977977,15.83,0,0,480,0
107,120,113.579713258888,3.59197369376873,1.40384909977977,21.61,0,0,554,0
108,120,43.1139472624819,8.58379188211527,1.0783472526476,0,101,120000,0,1
108,120,43.1139472624819,8.58379188211527,1.0783472526476,2.76,0,0,1900,0
108,120,43.1139472624819,8.58379188211527,1.0783472526476,5.99,0,0,1120,0
108,120,43.1139472624819,8.58379188211527,1.0783472526476,8.48,0,0,643,0
108,120,43.1139472624819,8.58379188211527,1.0783472526476,15.26,0,0,213,0
109,120,70.9533308756479,4.16821135679042,1.63550217395543,0,101,120000,0,1
109,120,70.9533308756479,4.16821135679042,1.63550217395543,2.2,0,0,1164,0
109,120,70.9533308756479,4.16821135679042,1.63550217395543,8.26,0,0,1116,0
109,120,70.9533308756479,4.16821135679042,1.63550217395543,11.17,0,0,1160,0
109,120,70.9533308756479,4.16821135679042,1.63550217395543,22.59,0,0,769,0
110,120,51.1543320182232,2.3922844434115,0.947675354800057,0,101,120000,0,1
110,120,51.1543320182232,2.3922844434115,0.947675354800057,12.82,0,0,1109,0
110,120,51.1543320182232,2.3922844434115,0.947675354800057,18.91,0,0,1538,0
110,120,51.1543320182232,2.3922844434115,0.947675354800057,20.63,0,0,987,0
110,120,51.1543320182232,2.3922844434115,0.947675354800057,23.71,0,0,985,0
111,120,64.0252689577585,3.88807562301098,0.913167566409569,0,101,120000,0,1
111,120,64.0252689577585,3.88807562301098,0.913167566409569,4.67,0,0,1408,0
111,120,64.0252689577585,3.88807562301098,0.913167566409569,5.32,0,0,1378,0
111,120,64.0252689577585,3.88807562301098,0.913167566409569,6.39,0,0,950,0
111,120,64.0252689577585,3.88807562301098,0.913167566409569,18.81,0,0,914,0
112,120,91.806029698137,4.61927974516561,0.670556298550069,0,101,120000,0,1
112,120,91.806029698137,4.61927974516561,0.670556298550069,0.55,0,0,418,0
112,120,91.806029698137,4.61927974516561,0.670556298550069,6.75,0,0,920,0
112,120,91.806029698137,4.61927974516561,0.670556298550069,12.13,0,0,776,0
112,120,91.806029698137,4.61927974516561,0.670556298550069,20.66,0,0,555,0
113,120,76.0924240762769,3.50933073954489,0.984918657042051,0,101,120000,0,1
113,120,76.0924240762769,3.50933073954489,0.984918657042051,16.51,0,0,650,0
113,120,76.0924240762769,3.50933073954489,0.984918657042051,17.48,0,0,1008,0
113,120,76.0924240762769,3.50933073954489,0.984918657042051,20.65,0,0,698,0
113,120,76.0924240762769,3.50933073954489,0.984918657042051,23.5,0,0,554,0
114,120,90.1934887890251,5.07592226351324,1.005848058692,0,101,120000,0,1
114,120,90.1934887890251,5.07592226351324,1.005848058692,7.97,0,0,664,0
114,120,90.1934887890251,5.07592226351324,1.005848058692,8.44,0,0,1375,0
114,120,90.1934887890251,5.07592226351324,1.005848058692,13.66,0,0,661,0
114,120,90.1934887890251,5.07592226351324,1.005848058692,21.64,0,0,425,0
115,120,70.5874604757438,4.01017764442316,1.0201578084465,0,101,120000,0,1
115,120,70.5874604757438,4.01017764442316,1.0201578084465,10.14,0,0,1240,0
115,120,70.5874604757438,4.01017764442316,1.0201578084465,13.53,0,0,1158,0
115,120,70.5874604757438,4.01017764442316,1.0201578084465,13.66,0,0,966,0
115,120,70.5874604757438,4.01017764442316,1.0201578084465,14.43,0,0,727,0
116,120,62.7807341381406,4.42998328388243,0.816066442461403,0,101,120000,0,1
116,120,62.7807341381406,4.42998328388243,0.816066442461403,0.42,0,0,534,0
116,120,62.7807341381406,4.42998328388243,0.816066442461403,9.04,0,0,1617,0
116,120,62.7807341381406,4.42998328388243,0.816066442461403,15.35,0,0,741,0
116,120,62.7807341381406,4.42998328388243,0.816066442461403,19.24,0,0,540,0
117,120,96.9012469984686,3.80551419269019,1.30784983939071,0,101,120000,0,1
117,120,96.9012469984686,3.80551419269019,1.30784983939071,14.08,0,0,691,0
117,120,96.9012469984686,3.80551419269019,1.30784983939071,14.67,0,0,739,0
117,120,96.9012469984686,3.80551419269019,1.30784983939071,15.74,0,0,705,0
117,120,96.9012469984686,3.80551419269019,1.30784983939071,16.95,0,0,582,0
118,120,121.618151762637,4.3606375505142,1.05132268588925,0,101,120000,0,1
118,120,121.618151762637,4.3606375505142,1.05132268588925,0.31,0,0,225,0
118,120,121.618151762637,4.3606375505142,1.05132268588925,0.83,0,0,471,0
118,120,121.618151762637,4.3606375505142,1.05132268588925,3.13,0,0,724,0
118,120,121.618151762637,4.3606375505142,1.05132268588925,10.8,0,0,850,0
119,120,81.8407144328517,3.33776973321102,0.812758950462985,0,101,120000,0,1
119,120,81.8407144328517,3.33776973321102,0.812758950462985,11.02,0,0,1456,0
119,120,81.8407144328517,3.33776973321102,0.812758950462985,19.16,0,0,736,0
119,120,81.8407144328517,3.33776973321102,0.812758950462985,19.34,0,0,851,0
119,120,81.8407144328517,3.33776973321102,0.812758950462985,22.88,0,0,914,0
120,120,61.5429991706093,2.8860334221447,1.07103474332339,0,101,120000,0,1
120,120,61.5429991706093,2.8860334221447,1.07103474332339,1.37,0,0,903,0
120,120,61.5429991706093,2.8860334221447,1.07103474332339,4.23,0,0,1927,0
120,120,61.5429991706093,2.8860334221447,1.07103474332339,10.63,0,0,1375,0
120,120,61.5429991706093,2.8860334221447,1.07103474332339,22.87,0,0,596,0
