ID,DOSE,V,CL,KA,TIME,EVID,AMT,DV,EVIDNM
1,10,62.209072627438,3.06236427374434,0.965233124980771,0,101,10000,0,1
1,10,62.209072627438,3.06236427374434,0.965233124980771,4.07,0,0,147,0
1,10,62.209072627438,3.06236427374434,0.965233124980771,5.59,0,0,102,0
1,10,62.209072627438,3.06236427374434,0.965233124980771,5.64,0,0,92,0
1,10,62.209072627438,3.06236427374434,0.965233124980771,8.54,0,0,143,0
2,10,63.5518965338931,5.44511068473525,1.06417721889684,0,101,10000,0,1
2,10,63.5518965338931,5.44511068473525,1.06417721889684,6.93,0,0,68,0
2,10,63.5518965338931,5.44511068473525,1.06417721889684,13.91,0,0,27,0
2,10,63.5518965338931,5.44511068473525,1.06417721889684,17.74,0,0,35,0
2,10,63.5518965338931,5.44511068473525,1.06417721889684,21.84,0,0,23,0
3,10,63.9420206852177,2.78455287772096,0.946232837341658,0,101,10000,0,1
3,10,63.9420206852177,2.78455287772096,0.946232837341658,0.1,0,0,11,0
3,10,63.9420206852177,2.78455287772096,0.946232837341658,0.19,0,0,35,0
3,10,63.9420206852177,2.78455287772096,0.946232837341658,12.98,0,0,109,0
3,10,63.9420206852177,2.78455287772096,0.946232837341658,23.05,0,0,57,0
4,10,92.3023202107569,3.6750187665764,1.17522112719698,0,101,10000,0,1
4,10,92.3023202107569,3.6750187665764,1.17522112719698,1.21,0,0,96,0
4,10,92.3023202107569,3.6750187665764,1.17522112719698,6.07,0,0,82,0
4,10,92.3023202107569,3.6750187665764,1.17522112719698,12.14,0,0,62,0
4,10,92.3023202107569,3.6750187665764,1.17522112719698,23.25,0,0,41,0
5,10,87.1512155465019,4.53192438114689,1.14711088381347,0,101,10000,0,1
5,10,87.1512155465019,4.53192438114689,1.14711088381347,6.96,0,0,77,0
5,10,87.1512155465019,4.53192438114689,1.14711088381347,14.19,0,0,54,0
5,10,87.1512155465019,4.53192438114689,1.14711088381347,17.61,0,0,62,0
5,10,87.1512155465019,4.53192438114689,1.14711088381347,23.04,0,0,23,0
6,10,73.6098647657865,3.00623364626401,0.792679387522609,0,101,10000,0,1
6,10,73.6098647657865,3.00623364626401,0.792679387522609,1.73,0,0,124,0
6,10,73.6098647657865,3.00623364626401,0.792679387522609,6.23,0,0,137,0
6,10,73.6098647657865,3.00623364626401,0.792679387522609,18.83,0,0,80,0
6,10,73.6098647657865,3.00623364626401,0.792679387522609,19.23,0,0,71,0
7,10,57.2481644536999,4.82307630731536,0.908628358166072,0,101,10000,0,1
7,10,57.2481644536999,4.82307630731536,0.908628358166072,12.48,0,0,86,0
7,10,57.2481644536999,4.82307630731536,0.908628358166072,15.54,0,0,56,0
7,10,57.2481644536999,4.82307630731536,0.908628358166072,21.22,0,0,30,0
7,10,57.2481644536999,4.82307630731536,0.908628358166072,22.76,0,0,39,0
8,10,65.8377388223958,2.88549891938308,0.793896569566045,0,101,10000,0,1
8,10,65.8377388223958,2.88549891938308,0.793896569566045,0.29,0,0,35,0
8,10,65.8377388223958,2.88549891938308,0.793896569566045,14.35,0,0,96,0
8,10,65.8377388223958,2.88549891938308,0.793896569566045,22.57,0,0,82,0
8,10,65.8377388223958,2.88549891938308,0.793896569566045,23.14,0,0,58,0
9,10,56.954151725202,3.61623263779143,1.21272545080683,0,101,10000,0,1
9,10,56.954151725202,3.61623263779143,1.21272545080683,11.89,0,0,100,0
9,10,56.954151725202,3.61623263779143,1.21272545080683,16.42,0,0,77,0
9,10,56.954151725202,3.61623263779143,1.21272545080683,17.36,0,0,49,0
9,10,56.954151725202,3.61623263779143,1.21272545080683,20.12,0,0,56,0
10,10,100.845439792079,3.3399166088325,0.671314378379384,0,101,10000,0,1
10,10,100.845439792079,3.3399166088325,0.671314378379384,1.27,0,0,57,0
10,10,100.845439792079,3.3399166088325,0.671314378379384,5.23,0,0,96,0
10,10,100.845439792079,3.3399166088325,0.671314378379384,6.79,0,0,93,0
10,10,100.845439792079,3.3399166088325,0.671314378379384,16.46,0,0,40,0
11,10,64.8783596932952,3.63909137461948,1.39583865241615,0,101,10000,0,1
11,10,64.8783596932952,3.63909137461948,1.39583865241615,2.73,0,0,142,0
11,10,64.8783596932952,3.63909137461948,1.39583865241615,6.21,0,0,97,0
11,10,64.8783596932952,3.63909137461948,1.39583865241615,6.76,0,0,123,0
11,10,64.8783596932952,3.63909137461948,1.39583865241615,6.96,0,0,95,0
12,10,121.484625274678,3.83591581493807,0.497627418472132,0,101,10000,0,1
12,10,121.484625274678,3.83591581493807,0.497627418472132,6.26,0,0,86,0
12,10,121.484625274678,3.83591581493807,0.497627418472132,15.99,0,0,44,0
12,10,121.484625274678,3.83591581493807,0.497627418472132,16.44,0,0,76,0
12,10,121.484625274678,3.83591581493807,0.497627418472132,19.63,0,0,45,0
13,10,77.5942109106183,2.84772435687556,0.934439372466858,0,101,10000,0,1
13,10,77.5942109106183,2.84772435687556,0.934439372466858,9.51,0,0,115,0
13,10,77.5942109106183,2.84772435687556,0.934439372466858,11.9,0,0,73,0
13,10,77.5942109106183,2.84772435687556,0.934439372466858,17.58,0,0,76,0
13,10,77.5942109106183,2.84772435687556,0.934439372466858,22.31,0,0,55,0
14,10,104.874560341132,4.23822333832703,0.497064529511333,0,101,10000,0,1
14,10,104.874560341132,4.23822333832703,0.497064529511333,1.14,0,0,41,0
14,10,104.874560341132,4.23822333832703,0.497064529511333,4.04,0,0,59,0
14,10,104.874560341132,4.23822333832703,0.497064529511333,20.64,0,0,55,0
14,10,104.874560341132,4.23822333832703,0.497064529511333,20.99,0,0,37,0
15,10,68.1542032297304,3.41179426565124,1.38051790862504,0,101,10000,0,1
15,10,68.1542032297304,3.41179426565124,1.38051790862504,3.14,0,0,108,0
15,10,68.1542032297304,3.41179426565124,1.38051790862504,8.98,0,0,109,0
15,10,68.1542032297304,3.41179426565124,1.38051790862504,10.04,0,0,126,0
15,10,68.1542032297304,3.41179426565124,1.38051790862504,18.54,0,0,60,0
16,10,112.30995717427,3.4458980473818,0.671651788399613,0,101,10000,0,1
16,10,112.30995717427,3.4458980473818,0.671651788399613,5.27,0,0,85,0
16,10,112.30995717427,3.4458980473818,0.671651788399613,8.69,0,0,96,0
16,10,112.30995717427,3.4458980473818,0.671651788399613,9.65,0,0,44,0
16,10,112.30995717427,3.4458980473818,0.671651788399613,15.03,0,0,51,0
17,10,73.5137693867603,2.46509647509571,1.16938592207213,0,101,10000,0,1
17,10,73.5137693867603,2.46509647509571,1.16938592207213,3.59,0,0,101,0
17,10,73.5137693867603,2.46509647509571,1.16938592207213,7.96,0,0,92,0
17,10,73.5137693867603,2.46509647509571,1.16938592207213,16.9,0,0,84,0
17,10,73.5137693867603,2.46509647509571,1.16938592207213,18.69,0,0,85,0
18,10,90.1501872334696,4.08907869101589,0.721114051288455,0,101,10000,0,1
18,10,90.1501872334696,4.08907869101589,0.721114051288455,12.23,0,0,67,0
18,10,90.1501872334696,4.08907869101589,0.721114051288455,14.75,0,0,61,0
18,10,90.1501872334696,4.08907869101589,0.721114051288455,18.49,0,0,59,0
18,10,90.1501872334696,4.08907869101589,0.721114051288455,23.32,0,0,25,0
19,10,70.8963775244784,4.88153952127691,1.80535511146775,0,101,10000,0,1
19,10,70.8963775244784,4.88153952127691,1.80535511146775,1.4,0,0,126,0
19,10,70.8963775244784,4.88153952127691,1.80535511146775,14.37,0,0,55,0
19,10,70.8963775244784,4.88153952127691,1.80535511146775,18.74,0,0,35,0
19,10,70.8963775244784,4.88153952127691,1.80535511146775,22.68,0,0,25,0
20,10,78.4857183296965,3.22473057217747,0.932009423844809,0,101,10000,0,1
20,10,78.4857183296965,3.22473057217747,0.932009423844809,1.54,0,0,75,0
20,10,78.4857183296965,3.22473057217747,0.932009423844809,3.33,0,0,120,0
20,10,78.4857183296965,3.22473057217747,0.932009423844809,14.25,0,0,76,0
20,10,78.4857183296965,3.22473057217747,0.932009423844809,16.67,0,0,82,0
21,10,60.9874503275656,2.96396193865602,1.58531346214937,0,101,10000,0,1
21,10,60.9874503275656,2.96396193865602,1.58531346214937,2.3,0,0,132,0
21,10,60.9874503275656,2.96396193865602,1.58531346214937,10.21,0,0,80,0
21,10,60.9874503275656,2.96396193865602,1.58531346214937,13.64,0,0,46,0
21,10,60.9874503275656,2.96396193865602,1.58531346214937,17.22,0,0,53,0
22,10,67.0115385709741,4.3366209267902,1.22718682406356,0,101,10000,0,1
22,10,67.0115385709741,4.3366209267902,1.22718682406356,2.87,0,0,128,0
22,10,67.0115385709741,4.3366209267902,1.22718682406356,6.2,0,0,134,0
22,10,67.0115385709741,4.3366209267902,1.22718682406356,10.83,0,0,82,0
22,10,67.0115385709741,4.3366209267902,1.22718682406356,16.89,0,0,41,0
23,10,75.0360780298851,3.50032707188062,2.07054952905151,0,101,10000,0,1
23,10,75.0360780298851,3.50032707188062,2.07054952905151,8.61,0,0,90,0
23,10,75.0360780298851,3.50032707188062,2.07054952905151,15.01,0,0,118,0
23,10,75.0360780298851,3.50032707188062,2.07054952905151,21.86,0,0,39,0
23,10,75.0360780298851,3.50032707188062,2.07054952905151,23.72,0,0,54,0
24,10,61.3950555468376,5.61955925323018,1.40087925446009,0,101,10000,0,1
24,10,61.3950555468376,5.61955925323018,1.40087925446009,11.01,0,0,63,0
24,10,61.3950555468376,5.61955925323018,1.40087925446009,14.25,0,0,46,0
24,10,61.3950555468376,5.61955925323018,1.40087925446009,16.63,0,0,30,0
24,10,61.3950555468376,5.61955925323018,1.40087925446009,17.2,0,0,27,0
25,10,72.2192797879934,3.6554387698233,0.773121311766566,0,101,10000,0,1
25,10,72.2192797879934,3.6554387698233,0.773121311766566,4.95,0,0,98,0
25,10,72.2192797879934,3.6554387698233,0.773121311766566,11.04,0,0,94,0
25,10,72.2192797879934,3.6554387698233,0.773121311766566,13.68,0,0,60,0
25,10,72.2192797879934,3.6554387698233,0.773121311766566,16.33,0,0,74,0
26,10,62.1815509594732,3.65667448786222,1.13592002338107,0,101,10000,0,1
26,10,62.1815509594732,3.65667448786222,1.13592002338107,3.61,0,0,79,0
26,10,62.1815509594732,3.65667448786222,1.13592002338107,4.63,0,0,128,0
26,10,62.1815509594732,3.65667448786222,1.13592002338107,15.45,0,0,52,0
26,10,62.1815509594732,3.65667448786222,1.13592002338107,22.83,0,0,50,0
27,10,85.9928174172026,3.52201602906403,0.942493460321146,0,101,10000,0,1
27,10,85.9928174172026,3.52201602906403,0.942493460321146,8.26,0,0,92,0
27,10,85.9928174172026,3.52201602906403,0.942493460321146,20.43,0,0,57,0
27,10,85.9928174172026,3.52201602906403,0.942493460321146,21,0,0,61,0
27,10,85.9928174172026,3.52201602906403,0.942493460321146,23.77,0,0,50,0
28,10,67.185443354584,7.59275308985013,1.80113466432623,0,101,10000,0,1
28,10,67.185443354584,7.59275308985013,1.80113466432623,3.54,0,0,118,0
28,10,67.185443354584,7.59275308985013,1.80113466432623,9.29,0,0,78,0
28,10,67.185443354584,7.59275308985013,1.80113466432623,15.08,0,0,26,0
28,10,67.185443354584,7.59275308985013,1.80113466432623,18.02,0,0,19,0
29,10,78.1708145396017,3.72246327688227,0.686854524944938,0,101,10000,0,1
29,10,78.1708145396017,3.72246327688227,0.686854524944938,0.01,0,0,1,0
29,10,78.1708145396017,3.72246327688227,0.686854524944938,6.7,0,0,105,0
29,10,78.1708145396017,3.72246327688227,0.686854524944938,20.6,0,0,48,0
29,10,78.1708145396017,3.72246327688227,0.686854524944938,23.88,0,0,31,0
30,10,56.6137881498822,4.49694266509969,0.60243098979797,0,101,10000,0,1
30,10,56.6137881498822,4.49694266509969,0.60243098979797,0.68,0,0,57,0
30,10,56.6137881498822,4.49694266509969,0.60243098979797,9.62,0,0,108,0
30,10,56.6137881498822,4.49694266509969,0.60243098979797,14.24,0,0,64,0
30,10,56.6137881498822,4.49694266509969,0.60243098979797,15.02,0,0,75,0
31,30,66.8583941547003,3.55212213208599,1.41314923039676,0,101,30000,0,1
31,30,66.8583941547003,3.55212213208599,1.41314923039676,1.49,0,0,327,0
31,30,66.8583941547003,3.55212213208599,1.41314923039676,1.91,0,0,626,0
31,30,66.8583941547003,3.55212213208599,1.41314923039676,2.99,0,0,386,0
31,30,66.8583941547003,3.55212213208599,1.41314923039676,21.68,0,0,146,0
32,30,51.7209898780594,3.9307862758685,0.96191172959445,0,101,30000,0,1
32,30,51.7209898780594,3.9307862758685,0.96191172959445,1.63,0,0,386,0
32,30,51.7209898780594,3.9307862758685,0.96191172959445,5.34,0,0,499,0
32,30,51.7209898780594,3.9307862758685,0.96191172959445,7.25,0,0,399,0
32,30,51.7209898780594,3.9307862758685,0.96191172959445,17.25,0,0,163,0
33,30,84.0836145030999,3.48717971874777,1.41222119571029,0,101,30000,0,1
33,30,84.0836145030999,3.48717971874777,1.41222119571029,3.4,0,0,308,0
33,30,84.0836145030999,3.48717971874777,1.41222119571029,3.67,0,0,342,0
33,30,84.0836145030999,3.48717971874777,1.41222119571029,8.25,0,0,231,0
33,30,84.0836145030999,3.48717971874777,1.41222119571029,17.16,0,0,154,0
34,30,40.8977309950245,4.61170482419271,0.739681636295137,0,101,30000,0,1
34,30,40.8977309950245,4.61170482419271,0.739681636295137,2.47,0,0,459,0
34,30,40.8977309950245,4.61170482419271,0.739681636295137,6.92,0,0,414,0
34,30,40.8977309950245,4.61170482419271,0.739681636295137,18.55,0,0,82,0
34,30,40.8977309950245,4.61170482419271,0.739681636295137,20.44,0,0,77,0
35,30,85.6542678939415,5.74743843093934,1.64831885534822,0,101,30000,0,1
35,30,85.6542678939415,5.74743843093934,1.64831885534822,4.01,0,0,347,0
35,30,85.6542678939415,5.74743843093934,1.64831885534822,10.41,0,0,204,0
35,30,85.6542678939415,5.74743843093934,1.64831885534822,19.57,0,0,119,0
35,30,85.6542678939415,5.74743843093934,1.64831885534822,19.62,0,0,92,0
36,30,84.209916546288,3.04078727011129,1.72682255385614,0,101,30000,0,1
36,30,84.209916546288,3.04078727011129,1.72682255385614,1.12,0,0,397,0
36,30,84.209916546288,3.04078727011129,1.72682255385614,3.55,0,0,273,0
36,30,84.209916546288,3.04078727011129,1.72682255385614,11.76,0,0,275,0
36,30,84.209916546288,3.04078727011129,1.72682255385614,18.86,0,0,281,0
37,30,93.8905529249772,4.18584365644569,1.13926524967441,0,101,30000,0,1
37,30,93.8905529249772,4.18584365644569,1.13926524967441,7.97,0,0,120,0
37,30,93.8905529249772,4.18584365644569,1.13926524967441,14.97,0,0,199,0
37,30,93.8905529249772,4.18584365644569,1.13926524967441,16.92,0,0,140,0
37,30,93.8905529249772,4.18584365644569,1.13926524967441,22.8,0,0,115,0
38,30,46.0702977971728,3.55983493098156,1.11197334731111,0,101,30000,0,1
38,30,46.0702977971728,3.55983493098156,1.11197334731111,3.49,0,0,507,0
38,30,46.0702977971728,3.55983493098156,1.11197334731111,7.23,0,0,420,0
38,30,46.0702977971728,3.55983493098156,1.11197334731111,7.89,0,0,358,0
38,30,46.0702977971728,3.55983493098156,1.11197334731111,21.89,0,0,148,0
39,30,39.0579482468217,5.59957425182623,0.79809774826924,0,101,30000,0,1
39,30,39.0579482468217,5.59957425182623,0.79809774826924,2.79,0,0,391,0
39,30,39.0579482468217,5.59957425182623,0.79809774826924,12.58,0,0,122,0
39,30,39.0579482468217,5.59957425182623,0.79809774826924,13.74,0,0,168,0
39,30,39.0579482468217,5.59957425182623,0.79809774826924,21.7,0,0,44,0
40,30,56.0889005083938,3.36987344525546,1.46974341698523,0,101,30000,0,1
40,30,56.0889005083938,3.36987344525546,1.46974341698523,3.79,0,0,432,0
40,30,56.0889005083938,3.36987344525546,1.46974341698523,10.65,0,0,293,0
40,30,56.0889005083938,3.36987344525546,1.46974341698523,18.96,0,0,143,0
40,30,56.0889005083938,3.36987344525546,1.46974341698523,20.43,0,0,137,0
41,30,80.3345129277976,3.64615561649031,0.738132093661197,0,101,30000,0,1
41,30,80.3345129277976,3.64615561649031,0.738132093661197,8.92,0,0,265,0
41,30,80.3345129277976,3.64615561649031,0.738132093661197,9.57,0,0,361,0
41,30,80.3345129277976,3.64615561649031,0.738132093661197,16.29,0,0,179,0
41,30,80.3345129277976,3.64615561649031,0.738132093661197,17.85,0,0,175,0
42,30,76.9217393955753,3.49875959147585,0.685310801662654,0,101,30000,0,1
42,30,76.9217393955753,3.49875959147585,0.685310801662654,2.22,0,0,264,0
42,30,76.9217393955753,3.49875959147585,0.685310801662654,4.87,0,0,260,0
42,30,76.9217393955753,3.49875959147585,0.685310801662654,16.25,0,0,205,0
42,30,76.9217393955753,3.49875959147585,0.685310801662654,18.65,0,0,170,0
43,30,99.7560437070439,4.00031229133829,1.50578855995735,0,101,30000,0,1
43,30,99.7560437070439,4.00031229133829,1.50578855995735,11.67,0,0,179,0
43,30,99.7560437070439,4.00031229133829,1.50578855995735,13.9,0,0,238,0
43,30,99.7560437070439,4.00031229133829,1.50578855995735,14.88,0,0,202,0
43,30,99.7560437070439,4.00031229133829,1.50578855995735,20.98,0,0,167,0
44,30,137.634231265944,4.5146764712946,1.16283574495281,0,101,30000,0,1
44,30,137.634231265944,4.5146764712946,1.16283574495281,2.82,0,0,236,0
44,30,137.634231265944,4.5146764712946,1.16283574495281,4.01,0,0,170,0
44,30,137.634231265944,4.5146764712946,1.16283574495281,4.1,0,0,185,0
44,30,137.634231265944,4.5146764712946,1.16283574495281,20.58,0,0,112,0
45,30,51.6134244225077,4.06790920589875,0.727206503461203,0,101,30000,0,1
45,30,51.6134244225077,4.06790920589875,0.727206503461203,3.33,0,0,330,0
45,30,51.6134244225077,4.06790920589875,0.727206503461203,5.27,0,0,363,0
45,30,51.6134244225077,4.06790920589875,0.727206503461203,9.96,0,0,369,0
45,30,51.6134244225077,4.06790920589875,0.727206503461203,18.22,0,0,135,0
46,30,95.0991898102819,2.65598035269424,1.48566405806951,0,101,30000,0,1
46,30,95.0991898102819,2.65598035269424,1.48566405806951,13.14,0,0,214,0
46,30,95.0991898102819,2.65598035269424,1.48566405806951,15.61,0,0,240,0
46,30,95.0991898102819,2.65598035269424,1.48566405806951,17.16,0,0,157,0
46,30,95.0991898102819,2.65598035269424,1.48566405806951,22.77,0,0,244,0
47,30,56.6748786509073,4.44036883555949,0.843657936291491,0,101,30000,0,1
47,30,56.6748786509073,4.44036883555949,0.843657936291491,11.04,0,0,280,0
47,30,56.6748786509073,4.44036883555949,0.843657936291491,17.72,0,0,139,0
47,30,56.6748786509073,4.44036883555949,0.843657936291491,19.58,0,0,139,0
47,30,56.6748786509073,4.44036883555949,0.843657936291491,20.77,0,0,94,0
48,30,62.8626198770093,4.62751578972291,0.666881183847414,0,101,30000,0,1
48,30,62.8626198770093,4.62751578972291,0.666881183847414,8.81,0,0,311,0
48,30,62.8626198770093,4.62751578972291,0.666881183847414,10.02,0,0,373,0
48,30,62.8626198770093,4.62751578972291,0.666881183847414,11.12,0,0,159,0
48,30,62.8626198770093,4.62751578972291,0.666881183847414,20.28,0,0,92,0
49,30,62.7613310866084,4.00272282917619,1.00950378533669,0,101,30000,0,1
49,30,62.7613310866084,4.00272282917619,1.00950378533669,4.95,0,0,348,0
49,30,62.7613310866084,4.00272282917619,1.00950378533669,9.11,0,0,222,0
49,30,62.7613310866084,4.00272282917619,1.00950378533669,10.55,0,0,295,0
49,30,62.7613310866084,4.00272282917619,1.00950378533669,17.27,0,0,170,0
50,30,49.522857763746,4.61288151717459,1.41260124930698,0,101,30000,0,1
50,30,49.522857763746,4.61288151717459,1.41260124930698,4.77,0,0,454,0
50,30,49.522857763746,4.61288151717459,1.41260124930698,12.15,0,0,228,0
50,30,49.522857763746,4.61288151717459,1.41260124930698,16.12,0,0,192,0
50,30,49.522857763746,4.61288151717459,1.41260124930698,22.98,0,0,52,0
51,30,88.2124605944162,3.13948341098317,0.632670767346547,0,101,30000,0,1
51,30,88.2124605944162,3.13948341098317,0.632670767346547,8.97,0,0,349,0
51,30,88.2124605944162,3.13948341098317,0.632670767346547,11.42,0,0,179,0
51,30,88.2124605944162,3.13948341098317,0.632670767346547,17.44,0,0,222,0
51,30,88.2124605944162,3.13948341098317,0.632670767346547,20.92,0,0,205,0
52,30,89.2747669430465,5.4553531755071,0.953008584354368,0,101,30000,0,1
52,30,89.2747669430465,5.4553531755071,0.953008584354368,7.77,0,0,190,0
52,30,89.2747669430465,5.4553531755071,0.953008584354368,9.93,0,0,152,0
52,30,89.2747669430465,5.4553531755071,0.953008584354368,11.16,0,0,234,0
52,30,89.2747669430465,5.4553531755071,0.953008584354368,15.11,0,0,150,0
53,30,43.9815663531433,1.70756104898213,1.02876668012147,0,101,30000,0,1
53,30,43.9815663531433,1.70756104898213,1.02876668012147,2.66,0,0,452,0
53,30,43.9815663531433,1.70756104898213,1.02876668012147,4.71,0,0,719,0
53,30,43.9815663531433,1.70756104898213,1.02876668012147,10.22,0,0,395,0
53,30,43.9815663531433,1.70756104898213,1.02876668012147,23.66,0,0,237,0
54,30,95.2994149183679,2.67668121209339,0.670585198922839,0,101,30000,0,1
54,30,95.2994149183679,2.67668121209339,0.670585198922839,6.97,0,0,312,0
54,30,95.2994149183679,2.67668121209339,0.670585198922839,11.05,0,0,280,0
54,30,95.2994149183679,2.67668121209339,0.670585198922839,17.8,0,0,216,0
54,30,95.2994149183679,2.67668121209339,0.670585198922839,21.51,0,0,175,0
55,30,71.3760040734665,5.86520425645632,1.31396147307985,0,101,30000,0,1
55,30,71.3760040734665,5.86520425645632,1.31396147307985,7.52,0,0,271,0
55,30,71.3760040734665,5.86520425645632,1.31396147307985,8.52,0,0,200,0
55,30,71.3760040734665,5.86520425645632,1.31396147307985,10.48,0,0,178,0
55,30,71.3760040734665,5.86520425645632,1.31396147307985,18.58,0,0,118,0
56,30,92.1134693808396,4.75593567536826,1.13202174879243,0,101,30000,0,1
56,30,92.1134693808396,4.75593567536826,1.13202174879243,4.35,0,0,237,0
56,30,92.1134693808396,4.75593567536826,1.13202174879243,12.31,0,0,188,0
56,30,92.1134693808396,4.75593567536826,1.13202174879243,12.74,0,0,187,0
56,30,92.1134693808396,4.75593567536826,1.13202174879243,16.71,0,0,116,0
57,30,85.3986753006993,2.93853778526539,0.637167965608947,0,101,30000,0,1
57,30,85.3986753006993,2.93853778526539,0.637167965608947,3.56,0,0,411,0
57,30,85.3986753006993,2.93853778526539,0.637167965608947,8.47,0,0,261,0
57,30,85.3986753006993,2.93853778526539,0.637167965608947,13.34,0,0,182,0
57,30,85.3986753006993,2.93853778526539,0.637167965608947,13.51,0,0,198,0
58,30,58.3146923221024,3.30392349932934,1.36610008281205,0,101,30000,0,1
58,30,58.3146923221024,3.30392349932934,1.36610008281205,9,0,0,341,0
58,30,58.3146923221024,3.30392349932934,1.36610008281205,13.32,0,0,345,0
58,30,58.3146923221024,3.30392349932934,1.36610008281205,15.48,0,0,197,0
58,30,58.3146923221024,3.30392349932934,1.36610008281205,22.99,0,0,116,0
59,30,109.022006514545,2.98435961802374,1.09920392130476,0,101,30000,0,1
59,30,109.022006514545,2.98435961802374,1.09920392130476,8.12,0,0,245,0
59,30,109.022006514545,2.98435961802374,1.09920392130476,12.79,0,0,166,0
59,30,109.022006514545,2.98435961802374,1.09920392130476,14,0,0,188,0
59,30,109.022006514545,2.98435961802374,1.09920392130476,17.18,0,0,144,0
60,30,96.8672443744232,3.90171940288509,0.924097696276627,0,101,30000,0,1
60,30,96.8672443744232,3.90171940288509,0.924097696276627,1.07,0,0,180,0
60,30,96.8672443744232,3.90171940288509,0.924097696276627,1.19,0,0,221,0
60,30,96.8672443744232,3.90171940288509,0.924097696276627,7.68,0,0,296,0
60,30,96.8672443744232,3.90171940288509,0.924097696276627,21.99,0,0,150,0
61,60,65.4756877675985,5.32889863408081,0.858342242313947,0,101,60000,0,1
61,60,65.4756877675985,5.32889863408081,0.858342242313947,14.69,0,0,224,0
61,60,65.4756877675985,5.32889863408081,0.858342242313947,16.86,0,0,272,0
61,60,65.4756877675985,5.32889863408081,0.858342242313947,17.69,0,0,276,0
61,60,65.4756877675985,5.32889863408081,0.858342242313947,18.63,0,0,238,0
62,60,43.5609268958979,3.86233346729138,0.53425637480334,0,101,60000,0,1
62,60,43.5609268958979,3.86233346729138,0.53425637480334,6.72,0,0,771,0
62,60,43.5609268958979,3.86233346729138,0.53425637480334,12.1,0,0,689,0
62,60,43.5609268958979,3.86233346729138,0.53425637480334,20.05,0,0,283,0
62,60,43.5609268958979,3.86233346729138,0.53425637480334,23.94,0,0,296,0
63,60,41.4917290861594,3.91672049616709,0.465965985127441,0,101,60000,0,1
63,60,41.4917290861594,3.91672049616709,0.465965985127441,9.71,0,0,632,0
63,60,41.4917290861594,3.91672049616709,0.465965985127441,14.1,0,0,442,0
63,60,41.4917290861594,3.91672049616709,0.465965985127441,16.35,0,0,399,0
63,60,41.4917290861594,3.91672049616709,0.465965985127441,23.03,0,0,339,0
64,60,80.6929459661898,9.0757099101844,0.99861814464749,0,101,60000,0,1
64,60,80.6929459661898,9.0757099101844,0.99861814464749,11.19,0,0,204,0
64,60,80.6929459661898,9.0757099101844,0.99861814464749,11.69,0,0,204,0
64,60,80.6929459661898,9.0757099101844,0.99861814464749,20.22,0,0,77,0
65,60,68.9336446731653,4.71777699326872,1.29487306606643,0,101,60000,0,1
65,60,68.9336446731653,4.71777699326872,1.29487306606643,1.89,0,0,827,0
65,60,68.9336446731653,4.71777699326872,1.29487306606643,11.35,0,0,404,0
65,60,68.9336446731653,4.71777699326872,1.29487306606643,17.98,0,0,417,0
65,60,68.9336446731653,4.71777699326872,1.29487306606643,23.4,0,0,237,0
66,60,44.9283439428637,4.427287252387,1.19069084637799,0,101,60000,0,1
66,60,44.9283439428637,4.427287252387,1.19069084637799,7.2,0,0,659,0
66,60,44.9283439428637,4.427287252387,1.19069084637799,7.88,0,0,782,0
66,60,44.9283439428637,4.427287252387,1.19069084637799,7.88,0,0,640,0
66,60,44.9283439428637,4.427287252387,1.19069084637799,10.16,0,0,368,0
67,60,75.0081957991121,5.38058571176118,1.02910271636629,0,101,60000,0,1
67,60,75.0081957991121,5.38058571176118,1.02910271636629,3.61,0,0,715,0
67,60,75.0081957991121,5.38058571176118,1.02910271636629,13.33,0,0,286,0
67,60,75.0081957991121,5.38058571176118,1.02910271636629,17.25,0,0,284,0
67,60,75.0081957991121,5.38058571176118,1.02910271636629,23.2,0,0,126,0
68,60,79.7713567520455,2.96049040643194,0.773357806935252,0,101,60000,0,1
68,60,79.7713567520455,2.96049040643194,0.773357806935252,5.92,0,0,821,0
68,60,79.7713567520455,2.96049040643194,0.773357806935252,15.84,0,0,430,0
68,60,79.7713567520455,2.96049040643194,0.773357806935252,16.18,0,0,668,0
68,60,79.7713567520455,2.96049040643194,0.773357806935252,23.09,0,0,206,0
69,60,61.6893622542631,3.53246761471845,0.589373193125593,0,101,60000,0,1
69,60,61.6893622542631,3.53246761471845,0.589373193125593,1.44,0,0,536,0
69,60,61.6893622542631,3.53246761471845,0.589373193125593,14.36,0,0,530,0
69,60,61.6893622542631,3.53246761471845,0.589373193125593,17.8,0,0,335,0
69,60,61.6893622542631,3.53246761471845,0.589373193125593,21.33,0,0,391,0
70,60,140.840861553712,6.28778998825989,0.998465889128339,0,101,60000,0,1
70,60,140.840861553712,6.28778998825989,0.998465889128339,4.64,0,0,367,0
70,60,140.840861553712,6.28778998825989,0.998465889128339,5.66,0,0,251,0
70,60,140.840861553712,6.28778998825989,0.998465889128339,10.78,0,0,394,0
70,60,140.840861553712,6.28778998825989,0.998465889128339,22.75,0,0,156,0
71,60,47.4436618160744,3.97482404742675,0.657254174488028,0,101,60000,0,1
71,60,47.4436618160744,3.97482404742675,0.657254174488028,0.81,0,0,716,0
71,60,47.4436618160744,3.97482404742675,0.657254174488028,2.82,0,0,833,0
71,60,47.4436618160744,3.97482404742675,0.657254174488028,16.72,0,0,289,0
71,60,47.4436618160744,3.97482404742675,0.657254174488028,21.67,0,0,199,0
72,60,116.374474597327,5.99135477584817,1.0395850363141,0,101,60000,0,1
72,60,116.374474597327,5.99135477584817,1.0395850363141,1.95,0,0,484,0
72,60,116.374474597327,5.99135477584817,1.0395850363141,3.73,0,0,449,0
72,60,116.374474597327,5.99135477584817,1.0395850363141,9.25,0,0,421,0
72,60,116.374474597327,5.99135477584817,1.0395850363141,19.96,0,0,255,0
73,60,97.0861307577057,3.02722076347119,0.98833292223176,0,101,60000,0,1
73,60,97.0861307577057,3.02722076347119,0.98833292223176,1.58,0,0,499,0
73,60,97.0861307577057,3.02722076347119,0.98833292223176,2.5,0,0,494,0
73,60,97.0861307577057,3.02722076347119,0.98833292223176,8.53,0,0,650,0
73,60,97.0861307577057,3.02722076347119,0.98833292223176,9.1,0,0,466,0
74,60,66.7262473498178,6.44260624507198,1.16066721866164,0,101,60000,0,1
74,60,66.7262473498178,6.44260624507198,1.16066721866164,1.02,0,0,514,0
74,60,66.7262473498178,6.44260624507198,1.16066721866164,2.34,0,0,658,0
74,60,66.7262473498178,6.44260624507198,1.16066721866164,5.34,0,0,449,0
74,60,66.7262473498178,6.44260624507198,1.16066721866164,20.73,0,0,190,0
75,60,78.4347664866826,5.77992139515484,1.30425499860138,0,101,60000,0,1
75,60,78.4347664866826,5.77992139515484,1.30425499860138,3.94,0,0,695,0
75,60,78.4347664866826,5.77992139515484,1.30425499860138,9.06,0,0,374,0
75,60,78.4347664866826,5.77992139515484,1.30425499860138,18.67,0,0,183,0
75,60,78.4347664866826,5.77992139515484,1.30425499860138,23.03,0,0,133,0
76,60,48.4734374465731,4.75707269351948,0.923997033959711,0,101,60000,0,1
76,60,48.4734374465731,4.75707269351948,0.923997033959711,4.67,0,0,697,0
76,60,48.4734374465731,4.75707269351948,0.923997033959711,14.34,0,0,329,0
76,60,48.4734374465731,4.75707269351948,0.923997033959711,17.45,0,0,292,0
76,60,48.4734374465731,4.75707269351948,0.923997033959711,20.76,0,0,205,0
77,60,49.5022249393756,1.87607165984617,0.937454669194661,0,101,60000,0,1
77,60,49.5022249393756,1.87607165984617,0.937454669194661,9.92,0,0,934,0
77,60,49.5022249393756,1.87607165984617,0.937454669194661,12.56,0,0,792,0
77,60,49.5022249393756,1.87607165984617,0.937454669194661,14.11,0,0,782,0
77,60,49.5022249393756,1.87607165984617,0.937454669194661,20.4,0,0,840,0
78,60,79.9516223197578,4.06647709486976,0.959746917656632,0,101,60000,0,1
78,60,79.9516223197578,4.06647709486976,0.959746917656632,0.13,0,0,75,0
78,60,79.9516223197578,4.06647709486976,0.959746917656632,16.18,0,0,458,0
78,60,79.9516223197578,4.06647709486976,0.959746917656632,16.38,0,0,381,0
78,60,79.9516223197578,4.06647709486976,0.959746917656632,23.66,0,0,173,0
79,60,74.7518015485031,3.89562266717622,0.560691542316848,0,101,60000,0,1
79,60,74.7518015485031,3.89562266717622,0.560691542316848,5.37,0,0,575,0
79,60,74.7518015485031,3.89562266717622,0.560691542316848,7.51,0,0,438,0
79,60,74.7518015485031,3.89562266717622,0.560691542316848,13.22,0,0,432,0
79,60,74.7518015485031,3.89562266717622,0.560691542316848,14.66,0,0,307,0
80,60,101.759856357506,5.30264776067223,1.36197221643789,0,101,60000,0,1
80,60,101.759856357506,5.30264776067223,1.36197221643789,3.04,0,0,469,0
80,60,101.759856357506,5.30264776067223,1.36197221643789,4.78,0,0,510,0
80,60,101.759856357506,5.30264776067223,1.36197221643789,14.28,0,0,405,0
80,60,101.759856357506,5.30264776067223,1.36197221643789,17.79,0,0,295,0
81,60,52.8071309123491,2.76788745323616,0.817795244565896,0,101,60000,0,1
81,60,52.8071309123491,2.76788745323616,0.817795244565896,3.62,0,0,640,0
81,60,52.8071309123491,2.76788745323616,0.817795244565896,4.7,0,0,1036,0
81,60,52.8071309123491,2.76788745323616,0.817795244565896,9.28,0,0,720,0
81,60,52.8071309123491,2.76788745323616,0.817795244565896,19.8,0,0,476,0
82,60,70.9289130093779,10.9667111174048,0.949982466001156,0,101,60000,0,1
82,60,70.9289130093779,10.9667111174048,0.949982466001156,10.82,0,0,167,0
82,60,70.9289130093779,10.9667111174048,0.949982466001156,11.02,0,0,231,0
82,60,70.9289130093779,10.9667111174048,0.949982466001156,16.01,0,0,63,0
82,60,70.9289130093779,10.9667111174048,0.949982466001156,20.59,0,0,39,0
83,60,62.8818065780638,6.47057251711349,1.3217001694188,0,101,60000,0,1
83,60,62.8818065780638,6.47057251711349,1.3217001694188,1.21,0,0,696,0
83,60,62.8818065780638,6.47057251711349,1.3217001694188,1.91,0,0,730,0
83,60,62.8818065780638,6.47057251711349,1.3217001694188,7.74,0,0,549,0
83,60,62.8818065780638,6.47057251711349,1.3217001694188,20.18,0,0,102,0
84,60,71.6048084544193,6.25447906004233,0.955914710505112,0,101,60000,0,1
84,60,71.6048084544193,6.25447906004233,0.955914710505112,0.38,0,0,211,0
84,60,71.6048084544193,6.25447906004233,0.955914710505112,4.75,0,0,667,0
84,60,71.6048084544193,6.25447906004233,0.955914710505112,7.63,0,0,557,0
84,60,71.6048084544193,6.25447906004233,0.955914710505112,14.35,0,0,289,0
85,60,89.8305658523843,3.17069852454592,1.07764199435174,0,101,60000,0,1
85,60,89.8305658523843,3.17069852454592,1.07764199435174,1.19,0,0,703,0
85,60,89.8305658523843,3.17069852454592,1.07764199435174,14.89,0,0,755,0
85,60,89.8305658523843,3.17069852454592,1.07764199435174,18.29,0,0,343,0
85,60,89.8305658523843,3.17069852454592,1.07764199435174,19.61,0,0,378,0
86,60,68.3336282863545,3.13562997128977,0.712642917067963,0,101,60000,0,1
86,60,68.3336282863545,3.13562997128977,0.712642917067963,4.37,0,0,710,0
86,60,68.3336282863545,3.13562997128977,0.712642917067963,14.43,0,0,602,0
86,60,68.3336282863545,3.13562997128977,0.712642917067963,17.97,0,0,349,0
86,60,68.3336282863545,3.13562997128977,0.712642917067963,20.68,0,0,440,0
87,60,80.8239424090397,4.03212565176457,0.713679104788109,0,101,60000,0,1
87,60,80.8239424090397,4.03212565176457,0.713679104788109,9.16,0,0,483,0
87,60,80.8239424090397,4.03212565176457,0.713679104788109,9.24,0,0,438,0
87,60,80.8239424090397,4.03212565176457,0.713679104788109,10.1,0,0,413,0
87,60,80.8239424090397,4.03212565176457,0.713679104788109,10.93,0,0,395,0
88,60,86.5513891306974,3.72810609335434,0.792528852537326,0,101,60000,0,1
88,60,86.5513891306974,3.72810609335434,0.792528852537326,7.18,0,0,505,0
88,60,86.5513891306974,3.72810609335434,0.792528852537326,7.23,0,0,735,0
88,60,86.5513891306974,3.72810609335434,0.792528852537326,10,0,0,410,0
88,60,86.5513891306974,3.72810609335434,0.792528852537326,18.85,0,0,273,0
89,60,74.3691988233547,4.17888590339505,1.00439199375387,0,101,60000,0,1
89,60,74.3691988233547,4.17888590339505,1.00439199375387,1.43,0,0,649,0
89,60,74.3691988233547,4.17888590339505,1.00439199375387,3.9,0,0,639,0
89,60,74.3691988233547,4.17888590339505,1.00439199375387,16.47,0,0,426,0
89,60,74.3691988233547,4.17888590339505,1.00439199375387,18.26,0,0,367,0
90,60,62.8818065780638,6.47057251711349,1.3217001694188,0,101,60000,0,1
90,60,62.8818065780638,6.47057251711349,1.3217001694188,1.21,0,0,696,0
90,60,62.8818065780638,6.47057251711349,1.3217001694188,1.91,0,0,730,0
90,60,62.8818065780638,6.47057251711349,1.3217001694188,7.74,0,0,549,0
90,60,62.8818065780638,6.47057251711349,1.3217001694188,20.18,0,0,102,0
91,120,92.1581580595969,4.09508005106717,0.75591839739812,0,101,120000,0,1
91,120,92.1581580595969,4.09508005106717,0.75591839739812,8.64,0,0,904,0
91,120,92.1581580595969,4.09508005106717,0.75591839739812,8.94,0,0,1182,0
91,120,92.1581580595969,4.09508005106717,0.75591839739812,19.34,0,0,592,0
91,120,92.1581580595969,4.09508005106717,0.75591839739812,20.18,0,0,447,0
92,120,63.1146571023148,4.17207640426033,0.984600930779348,0,101,120000,0,1
92,120,63.1146571023148,4.17207640426033,0.984600930779348,10.56,0,0,951,0
92,120,63.1146571023148,4.17207640426033,0.984600930779348,13.19,0,0,757,0
92,120,63.1146571023148,4.17207640426033,0.984600930779348,13.66,0,0,767,0
92,120,63.1146571023148,4.17207640426033,0.984600930779348,15.73,0,0,620,0
93,120,74.8072731018351,7.78802980348769,1.27730566544493,0,101,120000,0,1
93,120,74.8072731018351,7.78802980348769,1.27730566544493,0.81,0,0,962,0
93,120,74.8072731018351,7.78802980348769,1.27730566544493,6.86,0,0,814,0
93,120,74.8072731018351,7.78802980348769,1.27730566544493,21.81,0,0,209,0
93,120,74.8072731018351,7.78802980348769,1.27730566544493,22.41,0,0,118,0
94,120,40.2721761917106,4.18617146374935,1.66422365048687,0,101,120000,0,1
94,120,40.2721761917106,4.18617146374935,1.66422365048687,4.41,0,0,2122,0
94,120,40.2721761917106,4.18617146374935,1.66422365048687,4.47,0,0,1999,0
94,120,40.2721761917106,4.18617146374935,1.66422365048687,7.97,0,0,1731,0
94,120,40.2721761917106,4.18617146374935,1.66422365048687,22.24,0,0,357,0
95,120,84.1830799396318,3.40666134968819,0.92221331969114,0,101,120000,0,1
95,120,84.1830799396318,3.40666134968819,0.92221331969114,9.83,0,0,1234,0
95,120,84.1830799396318,3.40666134968819,0.92221331969114,11.8,0,0,1046,0
95,120,84.1830799396318,3.40666134968819,0.92221331969114,21.68,0,0,959,0
95,120,84.1830799396318,3.40666134968819,0.92221331969114,22.73,0,0,540,0
96,120,55.6798913717144,3.79348931720557,0.915627401196907,0,101,120000,0,1
96,120,55.6798913717144,3.79348931720557,0.915627401196907,11.99,0,0,1135,0
96,120,55.6798913717144,3.79348931720557,0.915627401196907,13.89,0,0,676,0
96,120,55.6798913717144,3.79348931720557,0.915627401196907,16.27,0,0,615,0
96,120,55.6798913717144,3.79348931720557,0.915627401196907,19.64,0,0,983,0
97,120,73.1683149823961,3.88358894071318,0.824414575085673,0,101,120000,0,1
97,120,73.1683149823961,3.88358894071318,0.824414575085673,0.42,0,0,516,0
97,120,73.1683149823961,3.88358894071318,0.824414575085673,4.45,0,0,1284,0
97,120,73.1683149823961,3.88358894071318,0.824414575085673,8.69,0,0,1305,0
97,120,73.1683149823961,3.88358894071318,0.824414575085673,20.8,0,0,602,0
98,120,45.6513951213907,3.06619975366932,0.739789479532326,0,101,120000,0,1
98,120,45.6513951213907,3.06619975366932,0.739789479532326,0.79,0,0,1095,0
98,120,45.6513951213907,3.06619975366932,0.739789479532326,17.23,0,0,1025,0
98,120,45.6513951213907,3.06619975366932,0.739789479532326,20.76,0,0,743,0
98,120,45.6513951213907,3.06619975366932,0.739789479532326,22.28,0,0,669,0
99,120,45.7563647960794,3.70593457134074,1.49480146542244,0,101,120000,0,1
99,120,45.7563647960794,3.70593457134074,1.49480146542244,6.93,0,0,1447,0
99,120,45.7563647960794,3.70593457134074,1.49480146542244,9.73,0,0,1066,0
99,120,45.7563647960794,3.70593457134074,1.49480146542244,9.77,0,0,905,0
99,120,45.7563647960794,3.70593457134074,1.49480146542244,23,0,0,464,0
100,120,87.1998215850661,6.57383731065039,1.66727107102623,0,101,120000,0,1
100,120,87.1998215850661,6.57383731065039,1.66727107102623,1.23,0,0,1035,0
100,120,87.1998215850661,6.57383731065039,1.66727107102623,3.05,0,0,1239,0
100,120,87.1998215850661,6.57383731065039,1.66727107102623,19,0,0,282,0
100,120,87.1998215850661,6.57383731065039,1.66727107102623,19.11,0,0,426,0
101,120,66.9306221692988,5.96951942935787,0.973820441052093,0,101,120000,0,1
101,120,66.9306221692988,5.96951942935787,0.973820441052093,5.96,0,0,1416,0
101,120,66.9306221692988,5.96951942935787,0.973820441052093,13.43,0,0,783,0
101,120,66.9306221692988,5.96951942935787,0.973820441052093,17.33,0,0,403,0
101,120,66.9306221692988,5.96951942935787,0.973820441052093,22,0,0,260,0
102,120,61.8817339850988,3.0810068505276,0.541892086313665,0,101,120000,0,1
102,120,61.8817339850988,3.0810068505276,0.541892086313665,2.38,0,0,1234,0
102,120,61.8817339850988,3.0810068505276,0.541892086313665,12.48,0,0,1155,0
102,120,61.8817339850988,3.0810068505276,0.541892086313665,16.71,0,0,1108,0
102,120,61.8817339850988,3.0810068505276,0.541892086313665,23.71,0,0,549,0
103,120,63.1206295519896,3.94472213414803,0.904254154189383,0,101,120000,0,1
103,120,63.1206295519896,3.94472213414803,0.904254154189383,10.16,0,0,1008,0
103,120,63.1206295519896,3.94472213414803,0.904254154189383,11.22,0,0,1413,0
103,120,63.1206295519896,3.94472213414803,0.904254154189383,18.98,0,0,662,0
103,120,63.1206295519896,3.94472213414803,0.904254154189383,19.37,0,0,705,0
104,120,58.1392652167157,5.32425380750103,0.791720651293933,0,101,120000,0,1
104,120,58.1392652167157,5.32425380750103,0.791720651293933,1.33,0,0,1817,0
104,120,58.1392652167157,5.32425380750103,0.791720651293933,3.95,0,0,1286,0
104,120,58.1392652167157,5.32425380750103,0.791720651293933,5.34,0,0,1548,0
104,120,58.1392652167157,5.32425380750103,0.791720651293933,6.66,0,0,1023,0
105,120,98.5216464781795,3.65397661301112,1.0333215510868,0,101,120000,0,1
105,120,98.5216464781795,3.65397661301112,1.0333215510868,2.11,0,0,1206,0
105,120,98.5216464781795,3.65397661301112,1.0333215510868,11.01,0,0,899,0
105,120,98.5216464781795,3.65397661301112,1.0333215510868,11.37,0,0,769,0
105,120,98.5216464781795,3.65397661301112,1.0333215510868,16.13,0,0,584,0
106,120,77.042484626655,3.18425011535374,0.98942593482843,0,101,120000,0,1
106,120,77.042484626655,3.18425011535374,0.98942593482843,0.95,0,0,600,0
106,120,77.042484626655,3.18425011535374,0.98942593482843,8.28,0,0,1024,0
106,120,77.042484626655,3.18425011535374,0.98942593482843,13.89,0,0,1038,0
106,120,77.042484626655,3.18425011535374,0.98942593482843,21.25,0,0,677,0
107,120,47.5496086871983,3.15123252936363,0.657576343581449,0,101,120000,0,1
107,120,47.5496086871983,3.15123252936363,0.657576343581449,8.68,0,0,1600,0
107,120,47.5496086871983,3.15123252936363,0.657576343581449,13.29,0,0,1253,0
107,120,47.5496086871983,3.15123252936363,0.657576343581449,16.17,0,0,866,0
107,120,47.5496086871983,3.15123252936363,0.657576343581449,22.77,0,0,409,0
108,120,63.1777520795546,4.83278020678209,0.912871682879019,0,101,120000,0,1
108,120,63.1777520795546,4.83278020678209,0.912871682879019,2.01,0,0,1273,0
108,120,63.1777520795546,4.83278020678209,0.912871682879019,6.33,0,0,1249,0
108,120,63.1777520795546,4.83278020678209,0.912871682879019,6.82,0,0,1325,0
108,120,63.1777520795546,4.83278020678209,0.912871682879019,11.26,0,0,996,0
109,120,50.1465089377216,4.28761153744463,0.615011800525053,0,101,120000,0,1
109,120,50.1465089377216,4.28761153744463,0.615011800525053,6.41,0,0,1494,0
109,120,50.1465089377216,4.28761153744463,0.615011800525053,6.65,0,0,1543,0
109,120,50.1465089377216,4.28761153744463,0.615011800525053,12.36,0,0,1184,0
109,120,50.1465089377216,4.28761153744463,0.615011800525053,22.27,0,0,466,0
110,120,59.8497266599149,4.16459203995702,1.30055791444354,0,101,120000,0,1
110,120,59.8497266599149,4.16459203995702,1.30055791444354,0.27,0,0,552,0
110,120,59.8497266599149,4.16459203995702,1.30055791444354,7.55,0,0,1088,0
110,120,59.8497266599149,4.16459203995702,1.30055791444354,9.8,0,0,955,0
110,120,59.8497266599149,4.16459203995702,1.30055791444354,10.1,0,0,879,0
111,120,73.9420593670938,6.52299296420518,0.824852191173379,0,101,120000,0,1
111,120,73.9420593670938,6.52299296420518,0.824852191173379,0.04,0,0,52,0
111,120,73.9420593670938,6.52299296420518,0.824852191173379,1.54,0,0,1379,0
111,120,73.9420593670938,6.52299296420518,0.824852191173379,15.94,0,0,557,0
111,120,73.9420593670938,6.52299296420518,0.824852191173379,19.3,0,0,344,0
112,120,38.4769043283188,4.26183895247805,2.1752253559226,0,101,120000,0,1
112,120,38.4769043283188,4.26183895247805,2.1752253559226,3.45,0,0,2257,0
112,120,38.4769043283188,4.26183895247805,2.1752253559226,4.47,0,0,1608,0
112,120,38.4769043283188,4.26183895247805,2.1752253559226,12.43,0,0,543,0
112,120,38.4769043283188,4.26183895247805,2.1752253559226,21.61,0,0,300,0
113,120,116.73205822179,3.06062958032756,1.19032872263709,0,101,120000,0,1
113,120,116.73205822179,3.06062958032756,1.19032872263709,5.98,0,0,1327,0
113,120,116.73205822179,3.06062958032756,1.19032872263709,8.13,0,0,828,0
113,120,116.73205822179,3.06062958032756,1.19032872263709,12.9,0,0,1044,0
113,120,116.73205822179,3.06062958032756,1.19032872263709,15.73,0,0,666,0
114,120,75.1800984865774,4.86860512232269,0.979429971574062,0,101,120000,0,1
114,120,75.1800984865774,4.86860512232269,0.979429971574062,0.96,0,0,968,0
114,120,75.1800984865774,4.86860512232269,0.979429971574062,1.39,0,0,1237,0
114,120,75.1800984865774,4.86860512232269,0.979429971574062,8.84,0,0,1133,0
114,120,75.1800984865774,4.86860512232269,0.979429971574062,15.9,0,0,647,0
115,120,46.3580985726644,2.76276512025997,0.541990561531786,0,101,120000,0,1
115,120,46.3580985726644,2.76276512025997,0.541990561531786,1.03,0,0,779,0
115,120,46.3580985726644,2.76276512025997,0.541990561531786,9.31,0,0,1576,0
115,120,46.3580985726644,2.76276512025997,0.541990561531786,10.82,0,0,1342,0
115,120,46.3580985726644,2.76276512025997,0.541990561531786,23.24,0,0,539,0
116,120,104.247285405525,4.49912513631237,0.93765228610768,0,101,120000,0,1
116,120,104.247285405525,4.49912513631237,0.93765228610768,7.44,0,0,793,0
116,120,104.247285405525,4.49912513631237,0.93765228610768,12.36,0,0,742,0
116,120,104.247285405525,4.49912513631237,0.93765228610768,22.5,0,0,560,0
116,120,104.247285405525,4.49912513631237,0.93765228610768,23.74,0,0,388,0
117,120,69.440398888126,3.62132529524105,1.6334641066452,0,101,120000,0,1
117,120,69.440398888126,3.62132529524105,1.6334641066452,0.71,0,0,967,0
117,120,69.440398888126,3.62132529524105,1.6334641066452,6.44,0,0,1525,0
117,120,69.440398888126,3.62132529524105,1.6334641066452,7.31,0,0,963,0
117,120,69.440398888126,3.62132529524105,1.6334641066452,22.29,0,0,603,0
118,120,125.539023298807,3.18921639275087,0.962955870413106,0,101,120000,0,1
118,120,125.539023298807,3.18921639275087,0.962955870413106,9.01,0,0,622,0
118,120,125.539023298807,3.18921639275087,0.962955870413106,13.16,0,0,612,0
118,120,125.539023298807,3.18921639275087,0.962955870413106,17.03,0,0,783,0
118,120,125.539023298807,3.18921639275087,0.962955870413106,21.71,0,0,389,0
119,120,45.1247983197773,2.81468327420109,0.931792055878272,0,101,120000,0,1
119,120,45.1247983197773,2.81468327420109,0.931792055878272,0.74,0,0,1361,0
119,120,45.1247983197773,2.81468327420109,0.931792055878272,7.64,0,0,1572,0
119,120,45.1247983197773,2.81468327420109,0.931792055878272,11.91,0,0,1316,0
119,120,45.1247983197773,2.81468327420109,0.931792055878272,20.89,0,0,584,0
120,120,56.6058709232062,2.83731978716966,0.932651626352913,0,101,120000,0,1
120,120,56.6058709232062,2.83731978716966,0.932651626352913,5.3,0,0,2005,0
120,120,56.6058709232062,2.83731978716966,0.932651626352913,14.76,0,0,1065,0
120,120,56.6058709232062,2.83731978716966,0.932651626352913,15.42,0,0,895,0
120,120,56.6058709232062,2.83731978716966,0.932651626352913,16.82,0,0,939,0
