ID,DOSE,V,CL,KA,TIME,EVID,AMT,DV,EVIDNM
1,10,82.1344189738789,3.8011916041807,1.13679983924943,0,101,10000,0,1
1,10,82.1344189738789,3.8011916041807,1.13679983924943,13.17,0,0,55,0
1,10,82.1344189738789,3.8011916041807,1.13679983924943,13.53,0,0,66,0
1,10,82.1344189738789,3.8011916041807,1.13679983924943,17.49,0,0,55,0
1,10,82.1344189738789,3.8011916041807,1.13679983924943,20.27,0,0,45,0
2,10,56.5216340394453,4.73472835434028,1.40479720213451,0,101,10000,0,1
2,10,56.5216340394453,4.73472835434028,1.40479720213451,2.07,0,0,165,0
2,10,56.5216340394453,4.73472835434028,1.40479720213451,4.08,0,0,87,0
2,10,56.5216340394453,4.73472835434028,1.40479720213451,13.13,0,0,55,0
2,10,56.5216340394453,4.73472835434028,1.40479720213451,17.03,0,0,48,0
3,10,62.2671199411362,4.18197069723558,1.16057635918208,0,101,10000,0,1
3,10,62.2671199411362,4.18197069723558,1.16057635918208,0.33,0,0,49,0
3,10,62.2671199411362,4.18197069723558,1.16057635918208,8.73,0,0,96,0
3,10,62.2671199411362,4.18197069723558,1.16057635918208,12.71,0,0,80,0
3,10,62.2671199411362,4.18197069723558,1.16057635918208,16.52,0,0,62,0
4,10,46.5434890394916,2.57736024596039,0.785373243413299,0,101,10000,0,1
4,10,46.5434890394916,2.57736024596039,0.785373243413299,5.82,0,0,224,0
4,10,46.5434890394916,2.57736024596039,0.785373243413299,8.74,0,0,151,0
4,10,46.5434890394916,2.57736024596039,0.785373243413299,15.03,0,0,137,0
4,10,46.5434890394916,2.57736024596039,0.785373243413299,16.63,0,0,79,0
5,10,61.7957882396114,3.76715578448672,0.991453539793583,0,101,10000,0,1
5,10,61.7957882396114,3.76715578448672,0.991453539793583,0.19,0,0,30,0
5,10,61.7957882396114,3.76715578448672,0.991453539793583,2.5,0,0,136,0
5,10,61.7957882396114,3.76715578448672,0.991453539793583,9.05,0,0,107,0
5,10,61.7957882396114,3.76715578448672,0.991453539793583,20.8,0,0,44,0
6,10,56.6137881498822,4.49694266509969,0.60243098979797,0,101,10000,0,1
6,10,56.6137881498822,4.49694266509969,0.60243098979797,0.68,0,0,57,0
6,10,56.6137881498822,4.49694266509969,0.60243098979797,9.62,0,0,108,0
6,10,56.6137881498822,4.49694266509969,0.60243098979797,14.24,0,0,64,0
6,10,56.6137881498822,4.49694266509969,0.60243098979797,15.02,0,0,75,0
7,10,57.5954580202267,5.60312625169582,1.03404797811475,0,101,10000,0,1
7,10,57.5954580202267,5.60312625169582,1.03404797811475,8.73,0,0,108,0
7,10,57.5954580202267,5.60312625169582,1.03404797811475,10.52,0,0,63,0
7,10,57.5954580202267,5.60312625169582,1.03404797811475,11.66,0,0,65,0
7,10,57.5954580202267,5.60312625169582,1.03404797811475,14.92,0,0,38,0
8,10,104.643555140388,4.1652283618498,0.850166054328023,0,101,10000,0,1
8,10,104.643555140388,4.1652283618498,0.850166054328023,6.8,0,0,69,0
8,10,104.643555140388,4.1652283618498,0.850166054328023,12.33,0,0,62,0
8,10,104.643555140388,4.1652283618498,0.850166054328023,14.5,0,0,57,0
8,10,104.643555140388,4.1652283618498,0.850166054328023,22.1,0,0,44,0
9,10,45.2494457671566,3.17723335261705,0.685166558917098,0,101,10000,0,1
9,10,45.2494457671566,3.17723335261705,0.685166558917098,6.17,0,0,153,0
9,10,45.2494457671566,3.17723335261705,0.685166558917098,11.32,0,0,122,0
9,10,45.2494457671566,3.17723335261705,0.685166558917098,18.83,0,0,52,0
9,10,45.2494457671566,3.17723335261705,0.685166558917098,23.11,0,0,52,0
10,10,41.5570629978955,7.21536085880507,0.76377887148921,0,101,10000,0,1
10,10,41.5570629978955,7.21536085880507,0.76377887148921,15.79,0,0,22,0
10,10,41.5570629978955,7.21536085880507,0.76377887148921,21.03,0,0,8,0
10,10,41.5570629978955,7.21536085880507,0.76377887148921,23.31,0,0,5,0
10,10,41.5570629978955,7.21536085880507,0.76377887148921,23.39,0,0,5,0
11,10,71.3492866799553,4.11696757939412,0.836599242644632,0,101,10000,0,1
11,10,71.3492866799553,4.11696757939412,0.836599242644632,4.48,0,0,93,0
11,10,71.3492866799553,4.11696757939412,0.836599242644632,17.84,0,0,61,0
11,10,71.3492866799553,4.11696757939412,0.836599242644632,17.97,0,0,57,0
11,10,71.3492866799553,4.11696757939412,0.836599242644632,20.31,0,0,41,0
12,10,74.4378412067567,2.90060178175532,0.85233776704237,0,101,10000,0,1
12,10,74.4378412067567,2.90060178175532,0.85233776704237,1.64,0,0,112,0
12,10,74.4378412067567,2.90060178175532,0.85233776704237,14.1,0,0,77,0
12,10,74.4378412067567,2.90060178175532,0.85233776704237,19.93,0,0,57,0
12,10,74.4378412067567,2.90060178175532,0.85233776704237,23.3,0,0,62,0
13,10,69.0192112082572,2.58424815099202,0.976144153446791,0,101,10000,0,1
13,10,69.0192112082572,2.58424815099202,0.976144153446791,7.9,0,0,96,0
13,10,69.0192112082572,2.58424815099202,0.976144153446791,11.31,0,0,71,0
13,10,69.0192112082572,2.58424815099202,0.976144153446791,13.42,0,0,126,0
13,10,69.0192112082572,2.58424815099202,0.976144153446791,18.58,0,0,80,0
14,10,59.0125503250325,2.32327455379696,0.591977131836187,0,101,10000,0,1
14,10,59.0125503250325,2.32327455379696,0.591977131836187,3.46,0,0,137,0
14,10,59.0125503250325,2.32327455379696,0.591977131836187,11.93,0,0,122,0
14,10,59.0125503250325,2.32327455379696,0.591977131836187,13.14,0,0,137,0
14,10,59.0125503250325,2.32327455379696,0.591977131836187,22.17,0,0,62,0
15,10,64.9473019462823,5.95114313207275,1.39681682685284,0,101,10000,0,1
15,10,64.9473019462823,5.95114313207275,1.39681682685284,5.72,0,0,68,0
15,10,64.9473019462823,5.95114313207275,1.39681682685284,13.69,0,0,55,0
15,10,64.9473019462823,5.95114313207275,1.39681682685284,18.3,0,0,32,0
15,10,64.9473019462823,5.95114313207275,1.39681682685284,21.41,0,0,23,0
16,10,49.6676502789256,3.48158021984659,1.11430731953533,0,101,10000,0,1
16,10,49.6676502789256,3.48158021984659,1.11430731953533,0.4,0,0,76,0
16,10,49.6676502789256,3.48158021984659,1.11430731953533,4.57,0,0,134,0
16,10,49.6676502789256,3.48158021984659,1.11430731953533,4.95,0,0,131,0
16,10,49.6676502789256,3.48158021984659,1.11430731953533,16.33,0,0,55,0
17,10,97.8443459617017,4.55003280495443,0.732339910657192,0,101,10000,0,1
17,10,97.8443459617017,4.55003280495443,0.732339910657192,6.5,0,0,82,0
17,10,97.8443459617017,4.55003280495443,0.732339910657192,7.94,0,0,69,0
17,10,97.8443459617017,4.55003280495443,0.732339910657192,17.22,0,0,49,0
17,10,97.8443459617017,4.55003280495443,0.732339910657192,20.42,0,0,38,0
18,10,82.7096344159301,3.45989270226094,1.19901360777685,0,101,10000,0,1
18,10,82.7096344159301,3.45989270226094,1.19901360777685,1.16,0,0,70,0
18,10,82.7096344159301,3.45989270226094,1.19901360777685,4.27,0,0,135,0
18,10,82.7096344159301,3.45989270226094,1.19901360777685,21.4,0,0,47,0
18,10,82.7096344159301,3.45989270226094,1.19901360777685,23.66,0,0,51,0
19,10,73.08583261275,3.30031848233055,1.31598512838219,0,101,10000,0,1
19,10,73.08583261275,3.30031848233055,1.31598512838219,3.76,0,0,140,0
19,10,73.08583261275,3.30031848233055,1.31598512838219,4.65,0,0,100,0
19,10,73.08583261275,3.30031848233055,1.31598512838219,12.3,0,0,76,0
19,10,73.08583261275,3.30031848233055,1.31598512838219,20.18,0,0,58,0
20,10,82.3342482095693,3.40041052548916,0.97639690448346,0,101,10000,0,1
20,10,82.3342482095693,3.40041052548916,0.97639690448346,7.06,0,0,115,0
20,10,82.3342482095693,3.40041052548916,0.97639690448346,12.87,0,0,68,0
20,10,82.3342482095693,3.40041052548916,0.97639690448346,15.36,0,0,64,0
20,10,82.3342482095693,3.40041052548916,0.97639690448346,22.02,0,0,42,0
21,10,72.9953424890043,2.98296133875474,0.748066108865757,0,101,10000,0,1
21,10,72.9953424890043,2.98296133875474,0.748066108865757,3.03,0,0,122,0
21,10,72.9953424890043,2.98296133875474,0.748066108865757,14.02,0,0,101,0
21,10,72.9953424890043,2.98296133875474,0.748066108865757,19.6,0,0,62,0
21,10,72.9953424890043,2.98296133875474,0.748066108865757,23.59,0,0,65,0
22,10,64.0906493776481,3.8318909335579,2.3151728218256,0,101,10000,0,1
22,10,64.0906493776481,3.8318909335579,2.3151728218256,0.22,0,0,62,0
22,10,64.0906493776481,3.8318909335579,2.3151728218256,3.15,0,0,125,0
22,10,64.0906493776481,3.8318909335579,2.3151728218256,8.69,0,0,77,0
22,10,64.0906493776481,3.8318909335579,2.3151728218256,16.47,0,0,61,0
23,10,45.2196290453221,3.26240236422866,1.0628391299043,0,101,10000,0,1
23,10,45.2196290453221,3.26240236422866,1.0628391299043,1.88,0,0,136,0
23,10,45.2196290453221,3.26240236422866,1.0628391299043,3.54,0,0,184,0
23,10,45.2196290453221,3.26240236422866,1.0628391299043,13.04,0,0,92,0
23,10,45.2196290453221,3.26240236422866,1.0628391299043,21.46,0,0,64,0
24,10,105.751957742915,3.62781970164807,1.47265947400512,0,101,10000,0,1
24,10,105.751957742915,3.62781970164807,1.47265947400512,5.98,0,0,58,0
24,10,105.751957742915,3.62781970164807,1.47265947400512,8.2,0,0,62,0
24,10,105.751957742915,3.62781970164807,1.47265947400512,13.35,0,0,58,0
24,10,105.751957742915,3.62781970164807,1.47265947400512,21.09,0,0,34,0
25,10,57.9938456945271,4.3752979732499,0.837717658765055,0,101,10000,0,1
25,10,57.9938456945271,4.3752979732499,0.837717658765055,0.75,0,0,113,0
25,10,57.9938456945271,4.3752979732499,0.837717658765055,13.04,0,0,81,0
25,10,57.9938456945271,4.3752979732499,0.837717658765055,17.61,0,0,50,0
25,10,57.9938456945271,4.3752979732499,0.837717658765055,19.65,0,0,37,0
26,10,53.843969048041,3.32680688398572,0.815079864109586,0,101,10000,0,1
26,10,53.843969048041,3.32680688398572,0.815079864109586,7.56,0,0,133,0
26,10,53.843969048041,3.32680688398572,0.815079864109586,8.57,0,0,143,0
26,10,53.843969048041,3.32680688398572,0.815079864109586,13.24,0,0,91,0
26,10,53.843969048041,3.32680688398572,0.815079864109586,22.36,0,0,58,0
27,10,40.5191347224847,3.66979913137843,1.05096256123499,0,101,10000,0,1
27,10,40.5191347224847,3.66979913137843,1.05096256123499,2.03,0,0,139,0
27,10,40.5191347224847,3.66979913137843,1.05096256123499,14.69,0,0,73,0
27,10,40.5191347224847,3.66979913137843,1.05096256123499,17.41,0,0,56,0
27,10,40.5191347224847,3.66979913137843,1.05096256123499,22.95,0,0,43,0
28,10,80.90218387692,3.29282815327842,1.1342782414141,0,101,10000,0,1
28,10,80.90218387692,3.29282815327842,1.1342782414141,9.66,0,0,87,0
28,10,80.90218387692,3.29282815327842,1.1342782414141,10.73,0,0,94,0
28,10,80.90218387692,3.29282815327842,1.1342782414141,14.2,0,0,86,0
28,10,80.90218387692,3.29282815327842,1.1342782414141,22.84,0,0,43,0
29,10,110.059901586199,3.53803053999006,0.648192048852954,0,101,10000,0,1
29,10,110.059901586199,3.53803053999006,0.648192048852954,4.28,0,0,97,0
29,10,110.059901586199,3.53803053999006,0.648192048852954,4.66,0,0,65,0
29,10,110.059901586199,3.53803053999006,0.648192048852954,11.42,0,0,60,0
29,10,110.059901586199,3.53803053999006,0.648192048852954,22.29,0,0,40,0
30,10,44.177858610025,3.11537097353397,0.722568235336747,0,101,10000,0,1
30,10,44.177858610025,3.11537097353397,0.722568235336747,1.22,0,0,106,0
30,10,44.177858610025,3.11537097353397,0.722568235336747,2.86,0,0,131,0
30,10,44.177858610025,3.11537097353397,0.722568235336747,12.79,0,0,121,0
30,10,44.177858610025,3.11537097353397,0.722568235336747,17.79,0,0,78,0
31,30,67.8940927936399,3.52159274050123,0.895819073058475,0,101,30000,0,1
31,30,67.8940927936399,3.52159274050123,0.895819073058475,4.36,0,0,451,0
31,30,67.8940927936399,3.52159274050123,0.895819073058475,8.71,0,0,529,0
31,30,67.8940927936399,3.52159274050123,0.895819073058475,15.25,0,0,228,0
31,30,67.8940927936399,3.52159274050123,0.895819073058475,21.85,0,0,132,0
32,30,64.7954651679615,4.84124279594042,0.886340636865202,0,101,30000,0,1
32,30,64.7954651679615,4.84124279594042,0.886340636865202,4.82,0,0,396,0
32,30,64.7954651679615,4.84124279594042,0.886340636865202,19.93,0,0,100,0
32,30,64.7954651679615,4.84124279594042,0.886340636865202,21.78,0,0,109,0
32,30,64.7954651679615,4.84124279594042,0.886340636865202,21.91,0,0,102,0
33,30,63.930341984762,2.79037116053786,1.2728574617708,0,101,30000,0,1
33,30,63.930341984762,2.79037116053786,1.2728574617708,5.8,0,0,503,0
33,30,63.930341984762,2.79037116053786,1.2728574617708,11.58,0,0,261,0
33,30,63.930341984762,2.79037116053786,1.2728574617708,21.34,0,0,216,0
33,30,63.930341984762,2.79037116053786,1.2728574617708,21.95,0,0,230,0
34,30,72.6011677205924,3.47745387970983,1.51392934991369,0,101,30000,0,1
34,30,72.6011677205924,3.47745387970983,1.51392934991369,8.04,0,0,230,0
34,30,72.6011677205924,3.47745387970983,1.51392934991369,13.29,0,0,286,0
34,30,72.6011677205924,3.47745387970983,1.51392934991369,17.8,0,0,190,0
34,30,72.6011677205924,3.47745387970983,1.51392934991369,23.58,0,0,116,0
35,30,71.5940581161515,3.22340346549317,1.3161133967548,0,101,30000,0,1
35,30,71.5940581161515,3.22340346549317,1.3161133967548,0.1,0,0,54,0
35,30,71.5940581161515,3.22340346549317,1.3161133967548,6.41,0,0,332,0
35,30,71.5940581161515,3.22340346549317,1.3161133967548,11.12,0,0,283,0
35,30,71.5940581161515,3.22340346549317,1.3161133967548,23.84,0,0,113,0
36,30,32.9636072496484,4.06258874330774,0.897957289475539,0,101,30000,0,1
36,30,32.9636072496484,4.06258874330774,0.897957289475539,8.49,0,0,370,0
36,30,32.9636072496484,4.06258874330774,0.897957289475539,18.21,0,0,126,0
36,30,32.9636072496484,4.06258874330774,0.897957289475539,21.14,0,0,97,0
36,30,32.9636072496484,4.06258874330774,0.897957289475539,23.64,0,0,51,0
37,30,46.0532810807488,6.25422018483785,1.12906487020389,0,101,30000,0,1
37,30,46.0532810807488,6.25422018483785,1.12906487020389,0.31,0,0,208,0
37,30,46.0532810807488,6.25422018483785,1.12906487020389,0.73,0,0,311,0
37,30,46.0532810807488,6.25422018483785,1.12906487020389,14.27,0,0,101,0
37,30,46.0532810807488,6.25422018483785,1.12906487020389,17.87,0,0,80,0
38,30,70.4066059651719,3.65412049482795,0.997153049138477,0,101,30000,0,1
38,30,70.4066059651719,3.65412049482795,0.997153049138477,5.11,0,0,340,0
38,30,70.4066059651719,3.65412049482795,0.997153049138477,11.55,0,0,247,0
38,30,70.4066059651719,3.65412049482795,0.997153049138477,11.84,0,0,309,0
38,30,70.4066059651719,3.65412049482795,0.997153049138477,22.81,0,0,128,0
39,30,72.7067804603879,8.73488848319198,0.864273292099078,0,101,30000,0,1
39,30,72.7067804603879,8.73488848319198,0.864273292099078,0.21,0,0,83,0
39,30,72.7067804603879,8.73488848319198,0.864273292099078,5.15,0,0,263,0
39,30,72.7067804603879,8.73488848319198,0.864273292099078,19.43,0,0,39,0
39,30,72.7067804603879,8.73488848319198,0.864273292099078,23.29,0,0,30,0
40,30,60.6082600218272,7.30560914336822,1.12730387423779,0,101,30000,0,1
40,30,60.6082600218272,7.30560914336822,1.12730387423779,6.58,0,0,348,0
40,30,60.6082600218272,7.30560914336822,1.12730387423779,7.63,0,0,275,0
40,30,60.6082600218272,7.30560914336822,1.12730387423779,10.31,0,0,138,0
40,30,60.6082600218272,7.30560914336822,1.12730387423779,14.18,0,0,103,0
41,30,59.8416588129573,3.24432865312273,1.47789063764904,0,101,30000,0,1
41,30,59.8416588129573,3.24432865312273,1.47789063764904,5.95,0,0,400,0
41,30,59.8416588129573,3.24432865312273,1.47789063764904,8.12,0,0,338,0
41,30,59.8416588129573,3.24432865312273,1.47789063764904,10.13,0,0,310,0
41,30,59.8416588129573,3.24432865312273,1.47789063764904,16.07,0,0,277,0
42,30,90.9167527009584,7.10228000718019,2.08599911314422,0,101,30000,0,1
42,30,90.9167527009584,7.10228000718019,2.08599911314422,8.6,0,0,238,0
42,30,90.9167527009584,7.10228000718019,2.08599911314422,14.16,0,0,98,0
42,30,90.9167527009584,7.10228000718019,2.08599911314422,17.66,0,0,69,0
42,30,90.9167527009584,7.10228000718019,2.08599911314422,20.51,0,0,55,0
43,30,37.4500060497855,4.9571971575196,0.548412937068029,0,101,30000,0,1
43,30,37.4500060497855,4.9571971575196,0.548412937068029,0.95,0,0,332,0
43,30,37.4500060497855,4.9571971575196,0.548412937068029,11.23,0,0,300,0
43,30,37.4500060497855,4.9571971575196,0.548412937068029,11.8,0,0,218,0
43,30,37.4500060497855,4.9571971575196,0.548412937068029,13.44,0,0,164,0
44,30,100.928184389416,3.4919677078723,0.867076822754528,0,101,30000,0,1
44,30,100.928184389416,3.4919677078723,0.867076822754528,6.17,0,0,314,0
44,30,100.928184389416,3.4919677078723,0.867076822754528,13.15,0,0,203,0
44,30,100.928184389416,3.4919677078723,0.867076822754528,13.46,0,0,214,0
44,30,100.928184389416,3.4919677078723,0.867076822754528,19.88,0,0,110,0
45,30,41.1004059672257,3.58894679857002,0.651170949411404,0,101,30000,0,1
45,30,41.1004059672257,3.58894679857002,0.651170949411404,1.03,0,0,325,0
45,30,41.1004059672257,3.58894679857002,0.651170949411404,18.61,0,0,162,0
45,30,41.1004059672257,3.58894679857002,0.651170949411404,19.8,0,0,111,0
45,30,41.1004059672257,3.58894679857002,0.651170949411404,20.21,0,0,116,0
46,30,70.568735944003,3.7288245037564,1.04411767433387,0,101,30000,0,1
46,30,70.568735944003,3.7288245037564,1.04411767433387,4.99,0,0,330,0
46,30,70.568735944003,3.7288245037564,1.04411767433387,15.24,0,0,197,0
46,30,70.568735944003,3.7288245037564,1.04411767433387,19.75,0,0,139,0
46,30,70.568735944003,3.7288245037564,1.04411767433387,21.79,0,0,151,0
47,30,106.466130869815,2.95241879332842,0.503802034942214,0,101,30000,0,1
47,30,106.466130869815,2.95241879332842,0.503802034942214,4.16,0,0,258,0
47,30,106.466130869815,2.95241879332842,0.503802034942214,15.16,0,0,119,0
47,30,106.466130869815,2.95241879332842,0.503802034942214,18.22,0,0,186,0
47,30,106.466130869815,2.95241879332842,0.503802034942214,20.29,0,0,147,0
48,30,78.0482586529457,3.7570189245993,1.34698901376637,0,101,30000,0,1
48,30,78.0482586529457,3.7570189245993,1.34698901376637,0.73,0,0,278,0
48,30,78.0482586529457,3.7570189245993,1.34698901376637,3.2,0,0,327,0
48,30,78.0482586529457,3.7570189245993,1.34698901376637,7.77,0,0,246,0
48,30,78.0482586529457,3.7570189245993,1.34698901376637,15.28,0,0,215,0
49,30,80.0473938912459,1.77717249911652,1.73224196987244,0,101,30000,0,1
49,30,80.0473938912459,1.77717249911652,1.73224196987244,1.19,0,0,233,0
49,30,80.0473938912459,1.77717249911652,1.73224196987244,2.17,0,0,208,0
49,30,80.0473938912459,1.77717249911652,1.73224196987244,7.65,0,0,284,0
49,30,80.0473938912459,1.77717249911652,1.73224196987244,22.1,0,0,142,0
50,30,108.373823502282,3.70535223544653,1.37261967571555,0,101,30000,0,1
50,30,108.373823502282,3.70535223544653,1.37261967571555,9.42,0,0,194,0
50,30,108.373823502282,3.70535223544653,1.37261967571555,10.99,0,0,203,0
50,30,108.373823502282,3.70535223544653,1.37261967571555,15.93,0,0,222,0
50,30,108.373823502282,3.70535223544653,1.37261967571555,16.67,0,0,149,0
51,30,59.4387434714572,3.84586083657203,0.71307021137105,0,101,30000,0,1
51,30,59.4387434714572,3.84586083657203,0.71307021137105,7.03,0,0,270,0
51,30,59.4387434714572,3.84586083657203,0.71307021137105,7.29,0,0,275,0
51,30,59.4387434714572,3.84586083657203,0.71307021137105,8.89,0,0,339,0
51,30,59.4387434714572,3.84586083657203,0.71307021137105,21.49,0,0,133,0
52,30,62.7601136906583,3.21532681862126,0.942891253546935,0,101,30000,0,1
52,30,62.7601136906583,3.21532681862126,0.942891253546935,4.99,0,0,557,0
52,30,62.7601136906583,3.21532681862126,0.942891253546935,7.27,0,0,405,0
52,30,62.7601136906583,3.21532681862126,0.942891253546935,10.86,0,0,296,0
52,30,62.7601136906583,3.21532681862126,0.942891253546935,22.08,0,0,153,0
53,30,56.7133294661037,3.47470075749789,1.12416569337618,0,101,30000,0,1
53,30,56.7133294661037,3.47470075749789,1.12416569337618,4.02,0,0,433,0
53,30,56.7133294661037,3.47470075749789,1.12416569337618,7.29,0,0,340,0
53,30,56.7133294661037,3.47470075749789,1.12416569337618,20.83,0,0,161,0
53,30,56.7133294661037,3.47470075749789,1.12416569337618,20.84,0,0,175,0
54,30,78.6433459109817,4.43169708427073,0.641661966971534,0,101,30000,0,1
54,30,78.6433459109817,4.43169708427073,0.641661966971534,8.37,0,0,232,0
54,30,78.6433459109817,4.43169708427073,0.641661966971534,9.49,0,0,362,0
54,30,78.6433459109817,4.43169708427073,0.641661966971534,15.33,0,0,261,0
54,30,78.6433459109817,4.43169708427073,0.641661966971534,18.45,0,0,93,0
55,30,68.4206373264868,2.5688633821075,1.30493362456891,0,101,30000,0,1
55,30,68.4206373264868,2.5688633821075,1.30493362456891,9.26,0,0,338,0
55,30,68.4206373264868,2.5688633821075,1.30493362456891,9.53,0,0,302,0
55,30,68.4206373264868,2.5688633821075,1.30493362456891,10.07,0,0,303,0
55,30,68.4206373264868,2.5688633821075,1.30493362456891,16.75,0,0,245,0
56,30,89.6217480625404,4.5162420899956,0.994596172651365,0,101,30000,0,1
56,30,89.6217480625404,4.5162420899956,0.994596172651365,0.43,0,0,120,0
56,30,89.6217480625404,4.5162420899956,0.994596172651365,7.17,0,0,243,0
56,30,89.6217480625404,4.5162420899956,0.994596172651365,16.22,0,0,162,0
56,30,89.6217480625404,4.5162420899956,0.994596172651365,23.26,0,0,89,0
57,30,73.7897564718165,6.49904857090933,0.808794120513923,0,101,30000,0,1
57,30,73.7897564718165,6.49904857090933,0.808794120513923,1.21,0,0,245,0
57,30,73.7897564718165,6.49904857090933,0.808794120513923,1.22,0,0,201,0
57,30,73.7897564718165,6.49904857090933,0.808794120513923,16.22,0,0,138,0
57,30,73.7897564718165,6.49904857090933,0.808794120513923,20.97,0,0,84,0
58,30,83.5482616337924,3.48609505996795,1.19943896111177,0,101,30000,0,1
58,30,83.5482616337924,3.48609505996795,1.19943896111177,10.16,0,0,321,0
58,30,83.5482616337924,3.48609505996795,1.19943896111177,17.73,0,0,192,0
58,30,83.5482616337924,3.48609505996795,1.19943896111177,17.84,0,0,181,0
58,30,83.5482616337924,3.48609505996795,1.19943896111177,20.27,0,0,150,0
59,30,76.0046442685781,3.67293911934688,1.30925389953502,0,101,30000,0,1
59,30,76.0046442685781,3.67293911934688,1.30925389953502,1,0,0,316,0
59,30,76.0046442685781,3.67293911934688,1.30925389953502,18.45,0,0,165,0
59,30,76.0046442685781,3.67293911934688,1.30925389953502,21.49,0,0,123,0
59,30,76.0046442685781,3.67293911934688,1.30925389953502,22.94,0,0,138,0
60,30,51.2977053323988,2.55472068253765,1.60722294100064,0,101,30000,0,1
60,30,51.2977053323988,2.55472068253765,1.60722294100064,6.84,0,0,452,0
60,30,51.2977053323988,2.55472068253765,1.60722294100064,13.88,0,0,286,0
60,30,51.2977053323988,2.55472068253765,1.60722294100064,15.98,0,0,281,0
60,30,51.2977053323988,2.55472068253765,1.60722294100064,22.78,0,0,272,0
61,60,58.5047119367011,4.41794182044085,2.52839064349533,0,101,60000,0,1
61,60,58.5047119367011,4.41794182044085,2.52839064349533,0.94,0,0,1063,0
61,60,58.5047119367011,4.41794182044085,2.52839064349533,4.23,0,0,722,0
61,60,58.5047119367011,4.41794182044085,2.52839064349533,5.59,0,0,744,0
61,60,58.5047119367011,4.41794182044085,2.52839064349533,12.98,0,0,245,0
62,60,50.9967313452998,4.52863442722572,1.11192862844182,0,101,60000,0,1
62,60,50.9967313452998,4.52863442722572,1.11192862844182,7.51,0,0,615,0
62,60,50.9967313452998,4.52863442722572,1.11192862844182,11.32,0,0,451,0
62,60,50.9967313452998,4.52863442722572,1.11192862844182,12.67,0,0,504,0
62,60,50.9967313452998,4.52863442722572,1.11192862844182,20.76,0,0,214,0
63,60,114.834359973399,6.62448772940184,1.69208703944127,0,101,60000,0,1
63,60,114.834359973399,6.62448772940184,1.69208703944127,4.15,0,0,486,0
63,60,114.834359973399,6.62448772940184,1.69208703944127,4.55,0,0,369,0
63,60,114.834359973399,6.62448772940184,1.69208703944127,9.92,0,0,331,0
63,60,114.834359973399,6.62448772940184,1.69208703944127,21.01,0,0,179,0
64,60,41.0453425444414,3.28897295211934,1.30364869023725,0,101,60000,0,1
64,60,41.0453425444414,3.28897295211934,1.30364869023725,4.54,0,0,1089,0
64,60,41.0453425444414,3.28897295211934,1.30364869023725,7.31,0,0,1307,0
64,60,41.0453425444414,3.28897295211934,1.30364869023725,13.86,0,0,770,0
64,60,41.0453425444414,3.28897295211934,1.30364869023725,23.72,0,0,273,0
65,60,124.944664161688,5.5520004035314,0.642266495670182,0,101,60000,0,1
65,60,124.944664161688,5.5520004035314,0.642266495670182,1.91,0,0,503,0
65,60,124.944664161688,5.5520004035314,0.642266495670182,2.66,0,0,261,0
65,60,124.944664161688,5.5520004035314,0.642266495670182,7,0,0,388,0
65,60,124.944664161688,5.5520004035314,0.642266495670182,18.08,0,0,313,0
66,60,45.0527567820044,3.99758152359986,1.06818489288771,0,101,60000,0,1
66,60,45.0527567820044,3.99758152359986,1.06818489288771,6.16,0,0,1142,0
66,60,45.0527567820044,3.99758152359986,1.06818489288771,14.14,0,0,374,0
66,60,45.0527567820044,3.99758152359986,1.06818489288771,14.68,0,0,390,0
66,60,45.0527567820044,3.99758152359986,1.06818489288771,16.4,0,0,283,0
67,60,65.5799668109301,2.87515887832196,0.885998493052929,0,101,60000,0,1
67,60,65.5799668109301,2.87515887832196,0.885998493052929,4.35,0,0,962,0
67,60,65.5799668109301,2.87515887832196,0.885998493052929,6.62,0,0,921,0
67,60,65.5799668109301,2.87515887832196,0.885998493052929,6.66,0,0,1049,0
67,60,65.5799668109301,2.87515887832196,0.885998493052929,9.08,0,0,705,0
68,60,76.9597311354841,7.21517434728029,0.536692746540225,0,101,60000,0,1
68,60,76.9597311354841,7.21517434728029,0.536692746540225,4.78,0,0,638,0
68,60,76.9597311354841,7.21517434728029,0.536692746540225,5.23,0,0,674,0
68,60,76.9597311354841,7.21517434728029,0.536692746540225,19.37,0,0,216,0
68,60,76.9597311354841,7.21517434728029,0.536692746540225,22.89,0,0,142,0
69,60,93.6119750475992,2.93100616862873,0.644220635065541,0,101,60000,0,1
69,60,93.6119750475992,2.93100616862873,0.644220635065541,5.94,0,0,641,0
69,60,93.6119750475992,2.93100616862873,0.644220635065541,8.46,0,0,382,0
69,60,93.6119750475992,2.93100616862873,0.644220635065541,9.28,0,0,582,0
69,60,93.6119750475992,2.93100616862873,0.644220635065541,10.6,0,0,403,0
70,60,142.472976603026,5.81928679463323,1.61925956273998,0,101,60000,0,1
70,60,142.472976603026,5.81928679463323,1.61925956273998,7.09,0,0,375,0
70,60,142.472976603026,5.81928679463323,1.61925956273998,10.6,0,0,240,0
70,60,142.472976603026,5.81928679463323,1.61925956273998,19.73,0,0,197,0
70,60,142.472976603026,5.81928679463323,1.61925956273998,22.33,0,0,193,0
71,60,151.788028777947,3.53429523660323,0.622029162723403,0,101,60000,0,1
71,60,151.788028777947,3.53429523660323,0.622029162723403,0.07,0,0,19,0
71,60,151.788028777947,3.53429523660323,0.622029162723403,1.07,0,0,167,0
71,60,151.788028777947,3.53429523660323,0.622029162723403,3.03,0,0,357,0
71,60,151.788028777947,3.53429523660323,0.622029162723403,4.75,0,0,356,0
72,60,79.3127024686564,4.04853691649006,0.784640274284609,0,101,60000,0,1
72,60,79.3127024686564,4.04853691649006,0.784640274284609,3.5,0,0,693,0
72,60,79.3127024686564,4.04853691649006,0.784640274284609,8.05,0,0,548,0
72,60,79.3127024686564,4.04853691649006,0.784640274284609,10.81,0,0,370,0
72,60,79.3127024686564,4.04853691649006,0.784640274284609,12.37,0,0,489,0
73,60,78.7421037992067,4.61470254620987,0.628111879623074,0,101,60000,0,1
73,60,78.7421037992067,4.61470254620987,0.628111879623074,0.14,0,0,85,0
73,60,78.7421037992067,4.61470254620987,0.628111879623074,3.1,0,0,504,0
73,60,78.7421037992067,4.61470254620987,0.628111879623074,13.22,0,0,290,0
73,60,78.7421037992067,4.61470254620987,0.628111879623074,15.77,0,0,425,0
74,60,53.6332690856114,4.27389012657663,1.03744231289075,0,101,60000,0,1
74,60,53.6332690856114,4.27389012657663,1.03744231289075,12.1,0,0,499,0
74,60,53.6332690856114,4.27389012657663,1.03744231289075,12.52,0,0,445,0
74,60,53.6332690856114,4.27389012657663,1.03744231289075,20.13,0,0,289,0
74,60,53.6332690856114,4.27389012657663,1.03744231289075,20.16,0,0,205,0
75,60,59.1152208357611,3.20371441922706,1.0946020376085,0,101,60000,0,1
75,60,59.1152208357611,3.20371441922706,1.0946020376085,9.8,0,0,579,0
75,60,59.1152208357611,3.20371441922706,1.0946020376085,11.73,0,0,511,0
75,60,59.1152208357611,3.20371441922706,1.0946020376085,17.41,0,0,435,0
75,60,59.1152208357611,3.20371441922706,1.0946020376085,23.8,0,0,273,0
76,60,100.802978611196,3.59428113335882,0.926145884499459,0,101,60000,0,1
76,60,100.802978611196,3.59428113335882,0.926145884499459,1.81,0,0,366,0
76,60,100.802978611196,3.59428113335882,0.926145884499459,9.36,0,0,522,0
76,60,100.802978611196,3.59428113335882,0.926145884499459,21.89,0,0,263,0
76,60,100.802978611196,3.59428113335882,0.926145884499459,23.79,0,0,279,0
77,60,112.432169550718,4.62503855826438,0.707481684351981,0,101,60000,0,1
77,60,112.432169550718,4.62503855826438,0.707481684351981,9.08,0,0,267,0
77,60,112.432169550718,4.62503855826438,0.707481684351981,12.57,0,0,358,0
77,60,112.432169550718,4.62503855826438,0.707481684351981,13.29,0,0,291,0
77,60,112.432169550718,4.62503855826438,0.707481684351981,23.34,0,0,249,0
78,60,84.672888109647,1.85381360432922,0.80038553182852,0,101,60000,0,1
78,60,84.672888109647,1.85381360432922,0.80038553182852,3.11,0,0,627,0
78,60,84.672888109647,1.85381360432922,0.80038553182852,4.32,0,0,671,0
78,60,84.672888109647,1.85381360432922,0.80038553182852,10.58,0,0,686,0
78,60,84.672888109647,1.85381360432922,0.80038553182852,20.26,0,0,506,0
79,60,84.176291499259,3.84911957511985,0.732677910399249,0,101,60000,0,1
79,60,84.176291499259,3.84911957511985,0.732677910399249,8.36,0,0,483,0
79,60,84.176291499259,3.84911957511985,0.732677910399249,18.46,0,0,320,0
79,60,84.176291499259,3.84911957511985,0.732677910399249,18.96,0,0,311,0
79,60,84.176291499259,3.84911957511985,0.732677910399249,23.79,0,0,271,0
80,60,117.940942506117,5.8462905606554,1.12146012903789,0,101,60000,0,1
80,60,117.940942506117,5.8462905606554,1.12146012903789,8.3,0,0,448,0
80,60,117.940942506117,5.8462905606554,1.12146012903789,10.79,0,0,252,0
80,60,117.940942506117,5.8462905606554,1.12146012903789,18.92,0,0,253,0
80,60,117.940942506117,5.8462905606554,1.12146012903789,20.8,0,0,135,0
81,60,102.635199923904,4.50332224074201,1.12033123496316,0,101,60000,0,1
81,60,102.635199923904,4.50332224074201,1.12033123496316,1.59,0,0,658,0
81,60,102.635199923904,4.50332224074201,1.12033123496316,1.79,0,0,484,0
81,60,102.635199923904,4.50332224074201,1.12033123496316,6.49,0,0,390,0
81,60,102.635199923904,4.50332224074201,1.12033123496316,16.24,0,0,286,0
82,60,72.3569855880483,3.96715661803759,1.26507203852548,0,101,60000,0,1
82,60,72.3569855880483,3.96715661803759,1.26507203852548,3.79,0,0,535,0
82,60,72.3569855880483,3.96715661803759,1.26507203852548,4.74,0,0,638,0
82,60,72.3569855880483,3.96715661803759,1.26507203852548,7.45,0,0,566,0
82,60,72.3569855880483,3.96715661803759,1.26507203852548,19.03,0,0,406,0
83,60,141.950418148077,6.43223637187763,1.1142734723135,0,101,60000,0,1
83,60,141.950418148077,6.43223637187763,1.1142734723135,13.73,0,0,194,0
83,60,141.950418148077,6.43223637187763,1.1142734723135,14.09,0,0,147,0
83,60,141.950418148077,6.43223637187763,1.1142734723135,14.68,0,0,358,0
83,60,141.950418148077,6.43223637187763,1.1142734723135,18.84,0,0,236,0
84,60,57.3022863007202,4.94260387643956,0.725250413953601,0,101,60000,0,1
84,60,57.3022863007202,4.94260387643956,0.725250413953601,1.71,0,0,671,0
84,60,57.3022863007202,4.94260387643956,0.725250413953601,12.75,0,0,363,0
84,60,57.3022863007202,4.94260387643956,0.725250413953601,15.3,0,0,215,0
84,60,57.3022863007202,4.94260387643956,0.725250413953601,17.85,0,0,268,0
85,60,68.8863406594841,3.4161523599483,1.18507735738905,0,101,60000,0,1
85,60,68.8863406594841,3.4161523599483,1.18507735738905,0.44,0,0,333,0
85,60,68.8863406594841,3.4161523599483,1.18507735738905,9,0,0,580,0
85,60,68.8863406594841,3.4161523599483,1.18507735738905,14.53,0,0,452,0
85,60,68.8863406594841,3.4161523599483,1.18507735738905,18.3,0,0,276,0
86,60,68.7187635572429,3.88886427124639,1.10767724024949,0,101,60000,0,1
86,60,68.7187635572429,3.88886427124639,1.10767724024949,1.45,0,0,629,0
86,60,68.7187635572429,3.88886427124639,1.10767724024949,6.16,0,0,636,0
86,60,68.7187635572429,3.88886427124639,1.10767724024949,15.91,0,0,469,0
86,60,68.7187635572429,3.88886427124639,1.10767724024949,16.18,0,0,271,0
87,60,56.0142981077877,4.23000767215028,1.35174587493693,0,101,60000,0,1
87,60,56.0142981077877,4.23000767215028,1.35174587493693,7.67,0,0,962,0
87,60,56.0142981077877,4.23000767215028,1.35174587493693,9.77,0,0,535,0
87,60,56.0142981077877,4.23000767215028,1.35174587493693,13.86,0,0,440,0
87,60,56.0142981077877,4.23000767215028,1.35174587493693,21.08,0,0,177,0
88,60,92.3055896950438,2.72858375241877,0.55429715256987,0,101,60000,0,1
88,60,92.3055896950438,2.72858375241877,0.55429715256987,2.09,0,0,457,0
88,60,92.3055896950438,2.72858375241877,0.55429715256987,6.98,0,0,527,0
88,60,92.3055896950438,2.72858375241877,0.55429715256987,7.21,0,0,581,0
88,60,92.3055896950438,2.72858375241877,0.55429715256987,11.41,0,0,567,0
89,60,58.5286604023672,3.282537838941,1.10831285639975,0,101,60000,0,1
89,60,58.5286604023672,3.282537838941,1.10831285639975,0.1,0,0,119,0
89,60,58.5286604023672,3.282537838941,1.10831285639975,0.28,0,0,322,0
89,60,58.5286604023672,3.282537838941,1.10831285639975,9.63,0,0,353,0
89,60,58.5286604023672,3.282537838941,1.10831285639975,23.15,0,0,337,0
90,60,55.3183612768641,4.18029741255249,0.94492473313164,0,101,60000,0,1
90,60,55.3183612768641,4.18029741255249,0.94492473313164,12.12,0,0,410,0
90,60,55.3183612768641,4.18029741255249,0.94492473313164,12.28,0,0,406,0
90,60,55.3183612768641,4.18029741255249,0.94492473313164,16.65,0,0,243,0
90,60,55.3183612768641,4.18029741255249,0.94492473313164,23.47,0,0,184,0
91,120,95.4242699378871,5.38242795050758,1.44756850365048,0,101,120000,0,1
91,120,95.4242699378871,5.38242795050758,1.44756850365048,1.25,0,0,841,0
91,120,95.4242699378871,5.38242795050758,1.44756850365048,4.3,0,0,809,0
91,120,95.4242699378871,5.38242795050758,1.44756850365048,19.2,0,0,526,0
91,120,95.4242699378871,5.38242795050758,1.44756850365048,23.63,0,0,380,0
92,120,107.726225944339,3.48785021413475,1.18145688339571,0,101,120000,0,1
92,120,107.726225944339,3.48785021413475,1.18145688339571,3.01,0,0,1115,0
92,120,107.726225944339,3.48785021413475,1.18145688339571,18.12,0,0,808,0
92,120,107.726225944339,3.48785021413475,1.18145688339571,21.62,0,0,818,0
92,120,107.726225944339,3.48785021413475,1.18145688339571,22.9,0,0,413,0
93,120,85.1033276644568,5.4753510080862,0.874990910522876,0,101,120000,0,1
93,120,85.1033276644568,5.4753510080862,0.874990910522876,4.98,0,0,1329,0
93,120,85.1033276644568,5.4753510080862,0.874990910522876,7.99,0,0,631,0
93,120,85.1033276644568,5.4753510080862,0.874990910522876,12.12,0,0,447,0
93,120,85.1033276644568,5.4753510080862,0.874990910522876,15.59,0,0,471,0
94,120,69.3891524497898,4.54791731835344,0.766827322738465,0,101,120000,0,1
94,120,69.3891524497898,4.54791731835344,0.766827322738465,5.14,0,0,1005,0
94,120,69.3891524497898,4.54791731835344,0.766827322738465,12.44,0,0,575,0
94,120,69.3891524497898,4.54791731835344,0.766827322738465,15.48,0,0,788,0
94,120,69.3891524497898,4.54791731835344,0.766827322738465,17.03,0,0,558,0
95,120,63.1683687740208,4.60493724901152,1.2461834762542,0,101,120000,0,1
95,120,63.1683687740208,4.60493724901152,1.2461834762542,0.05,0,0,126,0
95,120,63.1683687740208,4.60493724901152,1.2461834762542,0.56,0,0,907,0
95,120,63.1683687740208,4.60493724901152,1.2461834762542,2.98,0,0,1418,0
95,120,63.1683687740208,4.60493724901152,1.2461834762542,14.92,0,0,644,0
96,120,45.2907200461183,2.55366220274232,2.05944449622877,0,101,120000,0,1
96,120,45.2907200461183,2.55366220274232,2.05944449622877,0.76,0,0,2057,0
96,120,45.2907200461183,2.55366220274232,2.05944449622877,2.96,0,0,2188,0
96,120,45.2907200461183,2.55366220274232,2.05944449622877,11.08,0,0,1594,0
96,120,45.2907200461183,2.55366220274232,2.05944449622877,21.89,0,0,960,0
97,120,66.7851332360361,2.65038000753376,1.07346253345842,0,101,120000,0,1
97,120,66.7851332360361,2.65038000753376,1.07346253345842,4.42,0,0,2253,0
97,120,66.7851332360361,2.65038000753376,1.07346253345842,5.58,0,0,2038,0
97,120,66.7851332360361,2.65038000753376,1.07346253345842,14.63,0,0,986,0
97,120,66.7851332360361,2.65038000753376,1.07346253345842,16.2,0,0,1361,0
98,120,63.5417283432336,2.24783938741075,1.16635790877824,0,101,120000,0,1
98,120,63.5417283432336,2.24783938741075,1.16635790877824,5.78,0,0,1618,0
98,120,63.5417283432336,2.24783938741075,1.16635790877824,7.93,0,0,1035,0
98,120,63.5417283432336,2.24783938741075,1.16635790877824,20.21,0,0,1053,0
98,120,63.5417283432336,2.24783938741075,1.16635790877824,20.3,0,0,624,0
99,120,70.1654593779065,3.85101951159954,1.12091286947056,0,101,120000,0,1
99,120,70.1654593779065,3.85101951159954,1.12091286947056,0.03,0,0,43,0
99,120,70.1654593779065,3.85101951159954,1.12091286947056,14.43,0,0,641,0
99,120,70.1654593779065,3.85101951159954,1.12091286947056,16.43,0,0,727,0
99,120,70.1654593779065,3.85101951159954,1.12091286947056,22.64,0,0,650,0
100,120,85.7780679009572,4.9288711184135,0.839114896217601,0,101,120000,0,1
100,120,85.7780679009572,4.9288711184135,0.839114896217601,2.12,0,0,1373,0
100,120,85.7780679009572,4.9288711184135,0.839114896217601,2.63,0,0,935,0
100,120,85.7780679009572,4.9288711184135,0.839114896217601,19.49,0,0,607,0
100,120,85.7780679009572,4.9288711184135,0.839114896217601,21.39,0,0,588,0
101,120,82.735783966417,4.18673428551581,1.45393811228553,0,101,120000,0,1
101,120,82.735783966417,4.18673428551581,1.45393811228553,5.71,0,0,1209,0
101,120,82.735783966417,4.18673428551581,1.45393811228553,9.92,0,0,982,0
101,120,82.735783966417,4.18673428551581,1.45393811228553,11.09,0,0,849,0
101,120,82.735783966417,4.18673428551581,1.45393811228553,21.28,0,0,679,0
102,120,76.6015435420606,1.70318721608199,1.54164061413538,0,101,120000,0,1
102,120,76.6015435420606,1.70318721608199,1.54164061413538,2.59,0,0,1198,0
102,120,76.6015435420606,1.70318721608199,1.54164061413538,8.69,0,0,1114,0
102,120,76.6015435420606,1.70318721608199,1.54164061413538,10.65,0,0,811,0
102,120,76.6015435420606,1.70318721608199,1.54164061413538,12.56,0,0,1465,0
103,120,99.6271819433969,3.14014143077379,1.27081167976292,0,101,120000,0,1
103,120,99.6271819433969,3.14014143077379,1.27081167976292,11.81,0,0,836,0
103,120,99.6271819433969,3.14014143077379,1.27081167976292,13.19,0,0,863,0
103,120,99.6271819433969,3.14014143077379,1.27081167976292,18.92,0,0,858,0
103,120,99.6271819433969,3.14014143077379,1.27081167976292,21.58,0,0,623,0
104,120,47.6815304358878,6.04648753815236,1.0079396752399,0,101,120000,0,1
104,120,47.6815304358878,6.04648753815236,1.0079396752399,12.92,0,0,667,0
104,120,47.6815304358878,6.04648753815236,1.0079396752399,13.5,0,0,570,0
104,120,47.6815304358878,6.04648753815236,1.0079396752399,16.35,0,0,399,0
104,120,47.6815304358878,6.04648753815236,1.0079396752399,23.02,0,0,106,0
105,120,72.2064541415366,3.90826123559261,0.719654759987966,0,101,120000,0,1
105,120,72.2064541415366,3.90826123559261,0.719654759987966,0.82,0,0,651,0
105,120,72.2064541415366,3.90826123559261,0.719654759987966,2.91,0,0,1447,0
105,120,72.2064541415366,3.90826123559261,0.719654759987966,6.36,0,0,1594,0
105,120,72.2064541415366,3.90826123559261,0.719654759987966,17.06,0,0,720,0
106,120,92.362318798964,2.53536796641718,1.13098597431878,0,101,120000,0,1
106,120,92.362318798964,2.53536796641718,1.13098597431878,8.44,0,0,1032,0
106,120,92.362318798964,2.53536796641718,1.13098597431878,11.67,0,0,909,0
106,120,92.362318798964,2.53536796641718,1.13098597431878,18.7,0,0,865,0
106,120,92.362318798964,2.53536796641718,1.13098597431878,23.41,0,0,744,0
107,120,48.3370820323,2.90634572582363,0.803227883403353,0,101,120000,0,1
107,120,48.3370820323,2.90634572582363,0.803227883403353,12.78,0,0,1090,0
107,120,48.3370820323,2.90634572582363,0.803227883403353,13.94,0,0,1248,0
107,120,48.3370820323,2.90634572582363,0.803227883403353,14.01,0,0,1626,0
107,120,48.3370820323,2.90634572582363,0.803227883403353,19.45,0,0,916,0
108,120,63.2697645584597,3.38676743308946,1.39289681280862,0,101,120000,0,1
108,120,63.2697645584597,3.38676743308946,1.39289681280862,11.77,0,0,937,0
108,120,63.2697645584597,3.38676743308946,1.39289681280862,14.19,0,0,833,0
108,120,63.2697645584597,3.38676743308946,1.39289681280862,21.45,0,0,597,0
108,120,63.2697645584597,3.38676743308946,1.39289681280862,23.56,0,0,421,0
109,120,81.7603262450981,6.8828175502286,0.856602587856091,0,101,120000,0,1
109,120,81.7603262450981,6.8828175502286,0.856602587856091,11.97,0,0,464,0
109,120,81.7603262450981,6.8828175502286,0.856602587856091,15.98,0,0,444,0
109,120,81.7603262450981,6.8828175502286,0.856602587856091,18.77,0,0,365,0
109,120,81.7603262450981,6.8828175502286,0.856602587856091,22.44,0,0,240,0
110,120,103.479167267797,3.6389051016036,0.823987120479918,0,101,120000,0,1
110,120,103.479167267797,3.6389051016036,0.823987120479918,0.38,0,0,322,0
110,120,103.479167267797,3.6389051016036,0.823987120479918,7.03,0,0,834,0
110,120,103.479167267797,3.6389051016036,0.823987120479918,13.79,0,0,770,0
110,120,103.479167267797,3.6389051016036,0.823987120479918,19.07,0,0,604,0
111,120,119.097258795473,4.36021308814508,1.16446702700535,0,101,120000,0,1
111,120,119.097258795473,4.36021308814508,1.16446702700535,1.15,0,0,881,0
111,120,119.097258795473,4.36021308814508,1.16446702700535,7.88,0,0,819,0
111,120,119.097258795473,4.36021308814508,1.16446702700535,10.84,0,0,687,0
111,120,119.097258795473,4.36021308814508,1.16446702700535,21.35,0,0,457,0
112,120,76.844899670854,10.2284771086884,1.48134258417953,0,101,120000,0,1
112,120,76.844899670854,10.2284771086884,1.48134258417953,4.78,0,0,999,0
112,120,76.844899670854,10.2284771086884,1.48134258417953,6.13,0,0,777,0
112,120,76.844899670854,10.2284771086884,1.48134258417953,16.74,0,0,252,0
112,120,76.844899670854,10.2284771086884,1.48134258417953,22.43,0,0,94,0
113,120,55.2340880982371,2.9254279100662,0.937207235626174,0,101,120000,0,1
113,120,55.2340880982371,2.9254279100662,0.937207235626174,2.67,0,0,1910,0
113,120,55.2340880982371,2.9254279100662,0.937207235626174,6.31,0,0,1177,0
113,120,55.2340880982371,2.9254279100662,0.937207235626174,10.16,0,0,1403,0
113,120,55.2340880982371,2.9254279100662,0.937207235626174,18.18,0,0,802,0
114,120,50.7163998878957,6.10218817483763,0.918027669169859,0,101,120000,0,1
114,120,50.7163998878957,6.10218817483763,0.918027669169859,5.28,0,0,2125,0
114,120,50.7163998878957,6.10218817483763,0.918027669169859,12.76,0,0,860,0
114,120,50.7163998878957,6.10218817483763,0.918027669169859,17.05,0,0,300,0
114,120,50.7163998878957,6.10218817483763,0.918027669169859,18.92,0,0,305,0
115,120,43.0366519886542,5.46401174595642,0.745033639319096,0,101,120000,0,1
115,120,43.0366519886542,5.46401174595642,0.745033639319096,1.59,0,0,2297,0
115,120,43.0366519886542,5.46401174595642,0.745033639319096,9.2,0,0,1076,0
115,120,43.0366519886542,5.46401174595642,0.745033639319096,11.68,0,0,750,0
115,120,43.0366519886542,5.46401174595642,0.745033639319096,19.07,0,0,300,0
116,120,75.0996894532177,4.5332470526754,1.14658621365209,0,101,120000,0,1
116,120,75.0996894532177,4.5332470526754,1.14658621365209,4.55,0,0,1418,0
116,120,75.0996894532177,4.5332470526754,1.14658621365209,10.48,0,0,880,0
116,120,75.0996894532177,4.5332470526754,1.14658621365209,14.98,0,0,709,0
116,120,75.0996894532177,4.5332470526754,1.14658621365209,22.77,0,0,503,0
117,120,83.8680327137435,4.63728307229547,1.75292035779168,0,101,120000,0,1
117,120,83.8680327137435,4.63728307229547,1.75292035779168,2.48,0,0,1026,0
117,120,83.8680327137435,4.63728307229547,1.75292035779168,4.81,0,0,833,0
117,120,83.8680327137435,4.63728307229547,1.75292035779168,12.67,0,0,502,0
117,120,83.8680327137435,4.63728307229547,1.75292035779168,20.88,0,0,409,0
118,120,110.543990798169,3.42577659290934,1.34434487593256,0,101,120000,0,1
118,120,110.543990798169,3.42577659290934,1.34434487593256,4.86,0,0,1196,0
118,120,110.543990798169,3.42577659290934,1.34434487593256,12.92,0,0,803,0
118,120,110.543990798169,3.42577659290934,1.34434487593256,13.08,0,0,889,0
118,120,110.543990798169,3.42577659290934,1.34434487593256,15.98,0,0,657,0
119,120,47.0787551379618,2.52807662103255,1.16888285712656,0,101,120000,0,1
119,120,47.0787551379618,2.52807662103255,1.16888285712656,5.03,0,0,2413,0
119,120,47.0787551379618,2.52807662103255,1.16888285712656,7.93,0,0,1804,0
119,120,47.0787551379618,2.52807662103255,1.16888285712656,10.64,0,0,1843,0
119,120,47.0787551379618,2.52807662103255,1.16888285712656,20.58,0,0,694,0
120,120,79.8605501890909,3.12993662952417,0.740491588502974,0,101,120000,0,1
120,120,79.8605501890909,3.12993662952417,0.740491588502974,12.86,0,0,748,0
120,120,79.8605501890909,3.12993662952417,0.740491588502974,12.9,0,0,692,0
120,120,79.8605501890909,3.12993662952417,0.740491588502974,14.62,0,0,768,0
120,120,79.8605501890909,3.12993662952417,0.740491588502974,15.56,0,0,645,0
