ID,DOSE,V,CL,KA,TIME,EVID,AMT,DV,EVIDNM
1,10,78.6100080686751,3.70284164579046,0.771156370703528,0,101,10000,0,1
1,10,78.6100080686751,3.70284164579046,0.771156370703528,1.04,0,0,68,0
1,10,78.6100080686751,3.70284164579046,0.771156370703528,4.86,0,0,108,0
1,10,78.6100080686751,3.70284164579046,0.771156370703528,4.99,0,0,86,0
1,10,78.6100080686751,3.70284164579046,0.771156370703528,10.15,0,0,95,0
2,10,48.2748186852719,3.80651832040779,1.18390586446983,0,101,10000,0,1
2,10,48.2748186852719,3.80651832040779,1.18390586446983,13.79,0,0,71,0
2,10,48.2748186852719,3.80651832040779,1.18390586446983,13.87,0,0,86,0
2,10,48.2748186852719,3.80651832040779,1.18390586446983,21.75,0,0,30,0
2,10,48.2748186852719,3.80651832040779,1.18390586446983,21.98,0,0,32,0
3,10,96.7888911481882,2.33108373494198,1.09031592283873,0,101,10000,0,1
3,10,96.7888911481882,2.33108373494198,1.09031592283873,10.44,0,0,89,0
3,10,96.7888911481882,2.33108373494198,1.09031592283873,14.88,0,0,70,0
3,10,96.7888911481882,2.33108373494198,1.09031592283873,16.76,0,0,78,0
3,10,96.7888911481882,2.33108373494198,1.09031592283873,20.74,0,0,44,0
4,10,48.6281770064393,2.11322810835952,0.789412961296832,0,101,10000,0,1
4,10,48.6281770064393,2.11322810835952,0.789412961296832,0.79,0,0,89,0
4,10,48.6281770064393,2.11322810835952,0.789412961296832,3.74,0,0,190,0
4,10,48.6281770064393,2.11322810835952,0.789412961296832,7.29,0,0,188,0
4,10,48.6281770064393,2.11322810835952,0.789412961296832,23.14,0,0,89,0
5,10,80.3626436952686,2.90118327435917,1.19665812244285,0,101,10000,0,1
5,10,80.3626436952686,2.90118327435917,1.19665812244285,2.74,0,0,120,0
5,10,80.3626436952686,2.90118327435917,1.19665812244285,3.83,0,0,91,0
5,10,80.3626436952686,2.90118327435917,1.19665812244285,4.35,0,0,131,0
5,10,80.3626436952686,2.90118327435917,1.19665812244285,9.55,0,0,75,0
6,10,72.8439719181908,5.26017178209393,0.925385484782591,0,101,10000,0,1
6,10,72.8439719181908,5.26017178209393,0.925385484782591,2.07,0,0,95,0
6,10,72.8439719181908,5.26017178209393,0.925385484782591,5.64,0,0,98,0
6,10,72.8439719181908,5.26017178209393,0.925385484782591,5.94,0,0,108,0
6,10,72.8439719181908,5.26017178209393,0.925385484782591,13.6,0,0,52,0
7,10,33.100321059022,2.27555963914507,0.773684016197394,0,101,10000,0,1
7,10,33.100321059022,2.27555963914507,0.773684016197394,1.47,0,0,170,0
7,10,33.100321059022,2.27555963914507,0.773684016197394,8,0,0,136,0
7,10,33.100321059022,2.27555963914507,0.773684016197394,16.17,0,0,123,0
7,10,33.100321059022,2.27555963914507,0.773684016197394,20.22,0,0,80,0
8,10,69.2441192129199,6.90007656297898,0.644126729743444,0,101,10000,0,1
8,10,69.2441192129199,6.90007656297898,0.644126729743444,3.62,0,0,115,0
8,10,69.2441192129199,6.90007656297898,0.644126729743444,5.19,0,0,148,0
8,10,69.2441192129199,6.90007656297898,0.644126729743444,12.82,0,0,56,0
8,10,69.2441192129199,6.90007656297898,0.644126729743444,22.31,0,0,16,0
9,10,67.9055548388256,3.23749987263233,1.42133207141904,0,101,10000,0,1
9,10,67.9055548388256,3.23749987263233,1.42133207141904,2.09,0,0,145,0
9,10,67.9055548388256,3.23749987263233,1.42133207141904,4.37,0,0,142,0
9,10,67.9055548388256,3.23749987263233,1.42133207141904,13.3,0,0,74,0
9,10,67.9055548388256,3.23749987263233,1.42133207141904,17.58,0,0,59,0
10,10,57.7086344181094,2.82521743061944,1.32770406257761,0,101,10000,0,1
10,10,57.7086344181094,2.82521743061944,1.32770406257761,8.61,0,0,132,0
10,10,57.7086344181094,2.82521743061944,1.32770406257761,15.98,0,0,111,0
10,10,57.7086344181094,2.82521743061944,1.32770406257761,20.12,0,0,69,0
10,10,57.7086344181094,2.82521743061944,1.32770406257761,21.16,0,0,63,0
11,10,85.2944533462421,3.38390121710975,2.2597055445087,0,101,10000,0,1
11,10,85.2944533462421,3.38390121710975,2.2597055445087,7.71,0,0,127,0
11,10,85.2944533462421,3.38390121710975,2.2597055445087,8.72,0,0,57,0
11,10,85.2944533462421,3.38390121710975,2.2597055445087,11.45,0,0,94,0
11,10,85.2944533462421,3.38390121710975,2.2597055445087,13.67,0,0,59,0
12,10,61.1209221049558,4.09744158076303,1.13220259051764,0,101,10000,0,1
12,10,61.1209221049558,4.09744158076303,1.13220259051764,6.67,0,0,106,0
12,10,61.1209221049558,4.09744158076303,1.13220259051764,10.7,0,0,111,0
12,10,61.1209221049558,4.09744158076303,1.13220259051764,17.74,0,0,56,0
12,10,61.1209221049558,4.09744158076303,1.13220259051764,17.92,0,0,42,0
13,10,56.7112642474593,2.59259482976232,0.762742850245112,0,101,10000,0,1
13,10,56.7112642474593,2.59259482976232,0.762742850245112,2.49,0,0,210,0
13,10,56.7112642474593,2.59259482976232,0.762742850245112,8.65,0,0,182,0
13,10,56.7112642474593,2.59259482976232,0.762742850245112,16.68,0,0,83,0
13,10,56.7112642474593,2.59259482976232,0.762742850245112,20.72,0,0,71,0
14,10,72.3178878141315,6.20457308527393,0.553300422533141,0,101,10000,0,1
14,10,72.3178878141315,6.20457308527393,0.553300422533141,6.22,0,0,97,0
14,10,72.3178878141315,6.20457308527393,0.553300422533141,11.33,0,0,50,0
14,10,72.3178878141315,6.20457308527393,0.553300422533141,14.61,0,0,32,0
14,10,72.3178878141315,6.20457308527393,0.553300422533141,21.45,0,0,36,0
15,10,88.6668063858602,2.98393708774086,1.04767573451902,0,101,10000,0,1
15,10,88.6668063858602,2.98393708774086,1.04767573451902,1.44,0,0,70,0
15,10,88.6668063858602,2.98393708774086,1.04767573451902,9.33,0,0,87,0
15,10,88.6668063858602,2.98393708774086,1.04767573451902,14.44,0,0,86,0
15,10,88.6668063858602,2.98393708774086,1.04767573451902,18.9,0,0,64,0
16,10,65.0763225198129,6.01542720157303,0.773322918874209,0,101,10000,0,1
16,10,65.0763225198129,6.01542720157303,0.773322918874209,15.31,0,0,36,0
16,10,65.0763225198129,6.01542720157303,0.773322918874209,17.51,0,0,31,0
16,10,65.0763225198129,6.01542720157303,0.773322918874209,18.39,0,0,22,0
16,10,65.0763225198129,6.01542720157303,0.773322918874209,22.07,0,0,22,0
17,10,90.0442807683106,3.09291900965288,0.871708607910454,0,101,10000,0,1
17,10,90.0442807683106,3.09291900965288,0.871708607910454,6.66,0,0,66,0
17,10,90.0442807683106,3.09291900965288,0.871708607910454,17.82,0,0,72,0
17,10,90.0442807683106,3.09291900965288,0.871708607910454,18.49,0,0,84,0
17,10,90.0442807683106,3.09291900965288,0.871708607910454,18.85,0,0,55,0
18,10,100.335340296578,2.62490866206582,0.991713652230068,0,101,10000,0,1
18,10,100.335340296578,2.62490866206582,0.991713652230068,0.6,0,0,44,0
18,10,100.335340296578,2.62490866206582,0.991713652230068,0.69,0,0,62,0
18,10,100.335340296578,2.62490866206582,0.991713652230068,3.8,0,0,110,0
18,10,100.335340296578,2.62490866206582,0.991713652230068,9.66,0,0,66,0
19,10,41.9663546072021,4.72621176979865,0.549960313244053,0,101,10000,0,1
19,10,41.9663546072021,4.72621176979865,0.549960313244053,1.02,0,0,109,0
19,10,41.9663546072021,4.72621176979865,0.549960313244053,1.49,0,0,101,0
19,10,41.9663546072021,4.72621176979865,0.549960313244053,9.82,0,0,114,0
19,10,41.9663546072021,4.72621176979865,0.549960313244053,19.22,0,0,43,0
20,10,55.2652538068637,3.12355475210027,0.691459543552155,0,101,10000,0,1
20,10,55.2652538068637,3.12355475210027,0.691459543552155,7.27,0,0,153,0
20,10,55.2652538068637,3.12355475210027,0.691459543552155,9.25,0,0,95,0
20,10,55.2652538068637,3.12355475210027,0.691459543552155,10.61,0,0,94,0
20,10,55.2652538068637,3.12355475210027,0.691459543552155,13.22,0,0,143,0
21,10,68.3103114025763,4.02395223249017,2.0873529666106,0,101,10000,0,1
21,10,68.3103114025763,4.02395223249017,2.0873529666106,8.35,0,0,83,0
21,10,68.3103114025763,4.02395223249017,2.0873529666106,15.52,0,0,63,0
21,10,68.3103114025763,4.02395223249017,2.0873529666106,22.78,0,0,47,0
21,10,68.3103114025763,4.02395223249017,2.0873529666106,22.84,0,0,48,0
22,10,53.4997094391552,4.44348291183207,1.21439167868316,0,101,10000,0,1
22,10,53.4997094391552,4.44348291183207,1.21439167868316,0.93,0,0,116,0
22,10,53.4997094391552,4.44348291183207,1.21439167868316,2.6,0,0,139,0
22,10,53.4997094391552,4.44348291183207,1.21439167868316,13.69,0,0,68,0
22,10,53.4997094391552,4.44348291183207,1.21439167868316,17.15,0,0,47,0
23,10,96.4561127229536,3.91398158438913,0.804591291263367,0,101,10000,0,1
23,10,96.4561127229536,3.91398158438913,0.804591291263367,1.24,0,0,73,0
23,10,96.4561127229536,3.91398158438913,0.804591291263367,3.02,0,0,66,0
23,10,96.4561127229536,3.91398158438913,0.804591291263367,17.07,0,0,47,0
23,10,96.4561127229536,3.91398158438913,0.804591291263367,23.47,0,0,47,0
24,10,64.1714430727864,3.4185940725359,1.76870887453482,0,101,10000,0,1
24,10,64.1714430727864,3.4185940725359,1.76870887453482,10.44,0,0,138,0
24,10,64.1714430727864,3.4185940725359,1.76870887453482,10.52,0,0,87,0
24,10,64.1714430727864,3.4185940725359,1.76870887453482,13.13,0,0,67,0
24,10,64.1714430727864,3.4185940725359,1.76870887453482,13.55,0,0,57,0
25,10,103.541239886894,6.59599657026459,0.828885761470154,0,101,10000,0,1
25,10,103.541239886894,6.59599657026459,0.828885761470154,5.46,0,0,56,0
25,10,103.541239886894,6.59599657026459,0.828885761470154,10.73,0,0,34,0
25,10,103.541239886894,6.59599657026459,0.828885761470154,13.29,0,0,40,0
25,10,103.541239886894,6.59599657026459,0.828885761470154,14,0,0,35,0
26,10,89.1324576600071,7.57333079675891,0.946873110494151,0,101,10000,0,1
26,10,89.1324576600071,7.57333079675891,0.946873110494151,0.12,0,0,10,0
26,10,89.1324576600071,7.57333079675891,0.946873110494151,7.57,0,0,57,0
26,10,89.1324576600071,7.57333079675891,0.946873110494151,8.23,0,0,53,0
26,10,89.1324576600071,7.57333079675891,0.946873110494151,9.05,0,0,55,0
27,10,40.9093137026941,3.9746312505936,1.44691311124281,0,101,10000,0,1
27,10,40.9093137026941,3.9746312505936,1.44691311124281,7.28,0,0,156,0
27,10,40.9093137026941,3.9746312505936,1.44691311124281,9.64,0,0,153,0
27,10,40.9093137026941,3.9746312505936,1.44691311124281,15.4,0,0,58,0
27,10,40.9093137026941,3.9746312505936,1.44691311124281,19.81,0,0,37,0
28,10,49.0551305400056,4.4144033876328,0.777564103614306,0,101,10000,0,1
28,10,49.0551305400056,4.4144033876328,0.777564103614306,5.77,0,0,172,0
28,10,49.0551305400056,4.4144033876328,0.777564103614306,10.74,0,0,123,0
28,10,49.0551305400056,4.4144033876328,0.777564103614306,11.66,0,0,74,0
28,10,49.0551305400056,4.4144033876328,0.777564103614306,21.03,0,0,43,0
29,10,64.8738450799388,5.54982090013605,0.642269845393599,0,101,10000,0,1
29,10,64.8738450799388,5.54982090013605,0.642269845393599,3.74,0,0,136,0
29,10,64.8738450799388,5.54982090013605,0.642269845393599,16.29,0,0,57,0
29,10,64.8738450799388,5.54982090013605,0.642269845393599,21.6,0,0,33,0
29,10,64.8738450799388,5.54982090013605,0.642269845393599,21.99,0,0,29,0
30,10,64.8783596932952,3.63909137461948,1.39583865241615,0,101,10000,0,1
30,10,64.8783596932952,3.63909137461948,1.39583865241615,2.73,0,0,142,0
30,10,64.8783596932952,3.63909137461948,1.39583865241615,6.21,0,0,97,0
30,10,64.8783596932952,3.63909137461948,1.39583865241615,6.76,0,0,123,0
30,10,64.8783596932952,3.63909137461948,1.39583865241615,6.96,0,0,95,0
31,30,59.1100206700157,3.04434230384291,1.73938198341564,0,101,30000,0,1
31,30,59.1100206700157,3.04434230384291,1.73938198341564,1.9,0,0,450,0
31,30,59.1100206700157,3.04434230384291,1.73938198341564,10.48,0,0,252,0
31,30,59.1100206700157,3.04434230384291,1.73938198341564,18.09,0,0,193,0
31,30,59.1100206700157,3.04434230384291,1.73938198341564,18.4,0,0,240,0
32,30,69.8765907063023,3.66252016225936,0.749030167513318,0,101,30000,0,1
32,30,69.8765907063023,3.66252016225936,0.749030167513318,1.1,0,0,268,0
32,30,69.8765907063023,3.66252016225936,0.749030167513318,7.68,0,0,277,0
32,30,69.8765907063023,3.66252016225936,0.749030167513318,10.34,0,0,281,0
32,30,69.8765907063023,3.66252016225936,0.749030167513318,15.45,0,0,140,0
33,30,60.0639109402798,2.94510996027997,0.817654356563085,0,101,30000,0,1
33,30,60.0639109402798,2.94510996027997,0.817654356563085,2.64,0,0,469,0
33,30,60.0639109402798,2.94510996027997,0.817654356563085,9.56,0,0,316,0
33,30,60.0639109402798,2.94510996027997,0.817654356563085,11.61,0,0,194,0
33,30,60.0639109402798,2.94510996027997,0.817654356563085,17.3,0,0,289,0
34,30,57.3629741738945,3.01295602205824,1.25224794388739,0,101,30000,0,1
34,30,57.3629741738945,3.01295602205824,1.25224794388739,4.02,0,0,445,0
34,30,57.3629741738945,3.01295602205824,1.25224794388739,14.73,0,0,261,0
34,30,57.3629741738945,3.01295602205824,1.25224794388739,19.94,0,0,127,0
34,30,57.3629741738945,3.01295602205824,1.25224794388739,20.78,0,0,161,0
35,30,47.7779762996344,6.28399004468906,0.913737253437773,0,101,30000,0,1
35,30,47.7779762996344,6.28399004468906,0.913737253437773,8.39,0,0,270,0
35,30,47.7779762996344,6.28399004468906,0.913737253437773,17.3,0,0,52,0
35,30,47.7779762996344,6.28399004468906,0.913737253437773,20.34,0,0,50,0
35,30,47.7779762996344,6.28399004468906,0.913737253437773,23.71,0,0,30,0
36,30,50.0888043772793,4.37815987562543,0.921604839249327,0,101,30000,0,1
36,30,50.0888043772793,4.37815987562543,0.921604839249327,0.49,0,0,185,0
36,30,50.0888043772793,4.37815987562543,0.921604839249327,2.49,0,0,710,0
36,30,50.0888043772793,4.37815987562543,0.921604839249327,11.92,0,0,202,0
36,30,50.0888043772793,4.37815987562543,0.921604839249327,14.31,0,0,150,0
37,30,49.4878762175159,2.65169067323213,0.717323498144935,0,101,30000,0,1
37,30,49.4878762175159,2.65169067323213,0.717323498144935,0.74,0,0,212,0
37,30,49.4878762175159,2.65169067323213,0.717323498144935,4.73,0,0,394,0
37,30,49.4878762175159,2.65169067323213,0.717323498144935,16.33,0,0,327,0
37,30,49.4878762175159,2.65169067323213,0.717323498144935,23.41,0,0,156,0
38,30,105.420335109427,4.72058130637927,0.854548898854128,0,101,30000,0,1
38,30,105.420335109427,4.72058130637927,0.854548898854128,2.54,0,0,319,0
38,30,105.420335109427,4.72058130637927,0.854548898854128,4.17,0,0,339,0
38,30,105.420335109427,4.72058130637927,0.854548898854128,8.85,0,0,184,0
38,30,105.420335109427,4.72058130637927,0.854548898854128,11.14,0,0,171,0
39,30,53.5951898224569,3.50940947037423,1.17869190576812,0,101,30000,0,1
39,30,53.5951898224569,3.50940947037423,1.17869190576812,5.46,0,0,322,0
39,30,53.5951898224569,3.50940947037423,1.17869190576812,17.94,0,0,231,0
39,30,53.5951898224569,3.50940947037423,1.17869190576812,20.96,0,0,117,0
39,30,53.5951898224569,3.50940947037423,1.17869190576812,22.91,0,0,177,0
40,30,78.9697049373441,5.81272254360984,0.819028448885663,0,101,30000,0,1
40,30,78.9697049373441,5.81272254360984,0.819028448885663,0.77,0,0,214,0
40,30,78.9697049373441,5.81272254360984,0.819028448885663,1.78,0,0,240,0
40,30,78.9697049373441,5.81272254360984,0.819028448885663,2.46,0,0,195,0
40,30,78.9697049373441,5.81272254360984,0.819028448885663,2.84,0,0,277,0
41,30,75.4488947942602,2.70187843723755,0.595996433453388,0,101,30000,0,1
41,30,75.4488947942602,2.70187843723755,0.595996433453388,6.55,0,0,239,0
41,30,75.4488947942602,2.70187843723755,0.595996433453388,8.65,0,0,338,0
41,30,75.4488947942602,2.70187843723755,0.595996433453388,13.12,0,0,230,0
41,30,75.4488947942602,2.70187843723755,0.595996433453388,16.08,0,0,265,0
42,30,56.0889005083938,3.36987344525546,1.46974341698523,0,101,30000,0,1
42,30,56.0889005083938,3.36987344525546,1.46974341698523,3.79,0,0,432,0
42,30,56.0889005083938,3.36987344525546,1.46974341698523,10.65,0,0,293,0
42,30,56.0889005083938,3.36987344525546,1.46974341698523,18.96,0,0,143,0
42,30,56.0889005083938,3.36987344525546,1.46974341698523,20.43,0,0,137,0
43,30,96.0075295380179,3.87971520937298,1.16480950893918,0,101,30000,0,1
43,30,96.0075295380179,3.87971520937298,1.16480950893918,5.03,0,0,446,0
43,30,96.0075295380179,3.87971520937298,1.16480950893918,10.05,0,0,321,0
43,30,96.0075295380179,3.87971520937298,1.16480950893918,13.72,0,0,156,0
43,30,96.0075295380179,3.87971520937298,1.16480950893918,13.91,0,0,233,0
44,30,102.479623620215,3.49025831202004,1.08687953641788,0,101,30000,0,1
44,30,102.479623620215,3.49025831202004,1.08687953641788,9.48,0,0,264,0
44,30,102.479623620215,3.49025831202004,1.08687953641788,17.22,0,0,138,0
44,30,102.479623620215,3.49025831202004,1.08687953641788,21.17,0,0,128,0
44,30,102.479623620215,3.49025831202004,1.08687953641788,21.7,0,0,208,0
45,30,55.6015346985805,5.58087044521187,0.888654404038204,0,101,30000,0,1
45,30,55.6015346985805,5.58087044521187,0.888654404038204,5.42,0,0,283,0
45,30,55.6015346985805,5.58087044521187,0.888654404038204,7.25,0,0,220,0
45,30,55.6015346985805,5.58087044521187,0.888654404038204,19.25,0,0,99,0
45,30,55.6015346985805,5.58087044521187,0.888654404038204,23.49,0,0,53,0
46,30,65.7741794507731,4.41169668478484,1.36967911076161,0,101,30000,0,1
46,30,65.7741794507731,4.41169668478484,1.36967911076161,2.54,0,0,398,0
46,30,65.7741794507731,4.41169668478484,1.36967911076161,6.77,0,0,292,0
46,30,65.7741794507731,4.41169668478484,1.36967911076161,14.46,0,0,173,0
46,30,65.7741794507731,4.41169668478484,1.36967911076161,16.47,0,0,187,0
47,30,105.090684563805,2.60457867968912,0.985990229864651,0,101,30000,0,1
47,30,105.090684563805,2.60457867968912,0.985990229864651,3.46,0,0,285,0
47,30,105.090684563805,2.60457867968912,0.985990229864651,10.34,0,0,190,0
47,30,105.090684563805,2.60457867968912,0.985990229864651,23.72,0,0,140,0
47,30,105.090684563805,2.60457867968912,0.985990229864651,23.78,0,0,131,0
48,30,55.6678559465989,4.09858091453172,0.802889475265941,0,101,30000,0,1
48,30,55.6678559465989,4.09858091453172,0.802889475265941,2.67,0,0,465,0
48,30,55.6678559465989,4.09858091453172,0.802889475265941,3.41,0,0,569,0
48,30,55.6678559465989,4.09858091453172,0.802889475265941,11.56,0,0,307,0
48,30,55.6678559465989,4.09858091453172,0.802889475265941,18.45,0,0,186,0
49,30,66.1271856735791,6.08009009185807,0.658980368166474,0,101,30000,0,1
49,30,66.1271856735791,6.08009009185807,0.658980368166474,4.03,0,0,404,0
49,30,66.1271856735791,6.08009009185807,0.658980368166474,11.54,0,0,237,0
49,30,66.1271856735791,6.08009009185807,0.658980368166474,14.71,0,0,116,0
49,30,66.1271856735791,6.08009009185807,0.658980368166474,16.33,0,0,123,0
50,30,58.5573538430354,2.66583755317515,1.58775847371251,0,101,30000,0,1
50,30,58.5573538430354,2.66583755317515,1.58775847371251,3.15,0,0,448,0
50,30,58.5573538430354,2.66583755317515,1.58775847371251,7.16,0,0,440,0
50,30,58.5573538430354,2.66583755317515,1.58775847371251,10.12,0,0,465,0
50,30,58.5573538430354,2.66583755317515,1.58775847371251,19.31,0,0,269,0
51,30,63.054293526759,3.08906853858741,1.03520741614343,0,101,30000,0,1
51,30,63.054293526759,3.08906853858741,1.03520741614343,0.03,0,0,12,0
51,30,63.054293526759,3.08906853858741,1.03520741614343,11.58,0,0,251,0
51,30,63.054293526759,3.08906853858741,1.03520741614343,17.2,0,0,207,0
51,30,63.054293526759,3.08906853858741,1.03520741614343,23.83,0,0,158,0
52,30,90.8626799115858,5.93096173283443,0.846597861637241,0,101,30000,0,1
52,30,90.8626799115858,5.93096173283443,0.846597861637241,3.3,0,0,322,0
52,30,90.8626799115858,5.93096173283443,0.846597861637241,7.26,0,0,266,0
52,30,90.8626799115858,5.93096173283443,0.846597861637241,11.37,0,0,210,0
52,30,90.8626799115858,5.93096173283443,0.846597861637241,13.22,0,0,153,0
53,30,90.5687833056029,5.98965257811254,0.679951878257424,0,101,30000,0,1
53,30,90.5687833056029,5.98965257811254,0.679951878257424,3.98,0,0,262,0
53,30,90.5687833056029,5.98965257811254,0.679951878257424,15.64,0,0,124,0
53,30,90.5687833056029,5.98965257811254,0.679951878257424,16.78,0,0,116,0
53,30,90.5687833056029,5.98965257811254,0.679951878257424,20.33,0,0,101,0
54,30,61.3217200479298,2.85136876374194,1.09948985847595,0,101,30000,0,1
54,30,61.3217200479298,2.85136876374194,1.09948985847595,7.24,0,0,367,0
54,30,61.3217200479298,2.85136876374194,1.09948985847595,8.65,0,0,326,0
54,30,61.3217200479298,2.85136876374194,1.09948985847595,18.15,0,0,225,0
54,30,61.3217200479298,2.85136876374194,1.09948985847595,23.85,0,0,168,0
55,30,65.9776523745485,3.04275102298657,1.21590691757591,0,101,30000,0,1
55,30,65.9776523745485,3.04275102298657,1.21590691757591,2.16,0,0,391,0
55,30,65.9776523745485,3.04275102298657,1.21590691757591,2.5,0,0,480,0
55,30,65.9776523745485,3.04275102298657,1.21590691757591,5.54,0,0,330,0
55,30,65.9776523745485,3.04275102298657,1.21590691757591,12.84,0,0,460,0
56,30,80.954249315339,3.74206208082858,1.23665669850878,0,101,30000,0,1
56,30,80.954249315339,3.74206208082858,1.23665669850878,5.89,0,0,313,0
56,30,80.954249315339,3.74206208082858,1.23665669850878,21.87,0,0,148,0
56,30,80.954249315339,3.74206208082858,1.23665669850878,21.92,0,0,125,0
56,30,80.954249315339,3.74206208082858,1.23665669850878,23.16,0,0,116,0
57,30,51.5043223730258,2.45389903430435,1.06208279621272,0,101,30000,0,1
57,30,51.5043223730258,2.45389903430435,1.06208279621272,1.96,0,0,390,0
57,30,51.5043223730258,2.45389903430435,1.06208279621272,4.8,0,0,655,0
57,30,51.5043223730258,2.45389903430435,1.06208279621272,18.94,0,0,286,0
57,30,51.5043223730258,2.45389903430435,1.06208279621272,23.65,0,0,197,0
58,30,65.1473530156668,3.62394145179587,0.988497676129236,0,101,30000,0,1
58,30,65.1473530156668,3.62394145179587,0.988497676129236,4.02,0,0,345,0
58,30,65.1473530156668,3.62394145179587,0.988497676129236,5.64,0,0,469,0
58,30,65.1473530156668,3.62394145179587,0.988497676129236,9.8,0,0,300,0
58,30,65.1473530156668,3.62394145179587,0.988497676129236,11.78,0,0,295,0
59,30,85.4202610690923,8.30084110242156,0.734082798074774,0,101,30000,0,1
59,30,85.4202610690923,8.30084110242156,0.734082798074774,1.62,0,0,179,0
59,30,85.4202610690923,8.30084110242156,0.734082798074774,9.03,0,0,192,0
59,30,85.4202610690923,8.30084110242156,0.734082798074774,17.78,0,0,67,0
59,30,85.4202610690923,8.30084110242156,0.734082798074774,20.33,0,0,53,0
60,30,47.5636303403208,3.09014210460092,0.857422833202811,0,101,30000,0,1
60,30,47.5636303403208,3.09014210460092,0.857422833202811,4.43,0,0,316,0
60,30,47.5636303403208,3.09014210460092,0.857422833202811,13.83,0,0,313,0
60,30,47.5636303403208,3.09014210460092,0.857422833202811,16.06,0,0,235,0
60,30,47.5636303403208,3.09014210460092,0.857422833202811,21.91,0,0,134,0
61,60,80.7804684486461,4.57292089147659,1.01083851114931,0,101,60000,0,1
61,60,80.7804684486461,4.57292089147659,1.01083851114931,0.95,0,0,404,0
61,60,80.7804684486461,4.57292089147659,1.01083851114931,12.67,0,0,438,0
61,60,80.7804684486461,4.57292089147659,1.01083851114931,14.85,0,0,286,0
61,60,80.7804684486461,4.57292089147659,1.01083851114931,15.77,0,0,322,0
62,60,110.290372170183,3.181983373695,1.27309786738236,0,101,60000,0,1
62,60,110.290372170183,3.181983373695,1.27309786738236,3.55,0,0,424,0
62,60,110.290372170183,3.181983373695,1.27309786738236,8.27,0,0,613,0
62,60,110.290372170183,3.181983373695,1.27309786738236,10.05,0,0,572,0
62,60,110.290372170183,3.181983373695,1.27309786738236,12.74,0,0,322,0
63,60,58.9031545238839,4.71693128977195,0.73555715764239,0,101,60000,0,1
63,60,58.9031545238839,4.71693128977195,0.73555715764239,5.49,0,0,613,0
63,60,58.9031545238839,4.71693128977195,0.73555715764239,6.34,0,0,625,0
63,60,58.9031545238839,4.71693128977195,0.73555715764239,16.05,0,0,511,0
63,60,58.9031545238839,4.71693128977195,0.73555715764239,21.21,0,0,228,0
64,60,97.7334494110951,3.99124436853931,1.03849476760965,0,101,60000,0,1
64,60,97.7334494110951,3.99124436853931,1.03849476760965,1.63,0,0,447,0
64,60,97.7334494110951,3.99124436853931,1.03849476760965,4.99,0,0,780,0
64,60,97.7334494110951,3.99124436853931,1.03849476760965,16.19,0,0,395,0
64,60,97.7334494110951,3.99124436853931,1.03849476760965,19.18,0,0,215,0
65,60,98.4088881201063,2.31375536887659,1.50224305150074,0,101,60000,0,1
65,60,98.4088881201063,2.31375536887659,1.50224305150074,5.14,0,0,535,0
65,60,98.4088881201063,2.31375536887659,1.50224305150074,8.49,0,0,480,0
65,60,98.4088881201063,2.31375536887659,1.50224305150074,9.64,0,0,484,0
65,60,98.4088881201063,2.31375536887659,1.50224305150074,23.06,0,0,396,0
66,60,51.2357637570835,4.88853414756464,1.41511295079726,0,101,60000,0,1
66,60,51.2357637570835,4.88853414756464,1.41511295079726,7.69,0,0,481,0
66,60,51.2357637570835,4.88853414756464,1.41511295079726,8.76,0,0,549,0
66,60,51.2357637570835,4.88853414756464,1.41511295079726,14.44,0,0,365,0
66,60,51.2357637570835,4.88853414756464,1.41511295079726,23.08,0,0,146,0
67,60,67.6100584064502,5.57703228510508,0.758265976885538,0,101,60000,0,1
67,60,67.6100584064502,5.57703228510508,0.758265976885538,0.29,0,0,168,0
67,60,67.6100584064502,5.57703228510508,0.758265976885538,3.92,0,0,547,0
67,60,67.6100584064502,5.57703228510508,0.758265976885538,13.93,0,0,263,0
67,60,67.6100584064502,5.57703228510508,0.758265976885538,20.39,0,0,237,0
68,60,69.4382980760768,3.67257575337392,0.93868758173806,0,101,60000,0,1
68,60,69.4382980760768,3.67257575337392,0.93868758173806,6.19,0,0,578,0
68,60,69.4382980760768,3.67257575337392,0.93868758173806,10.2,0,0,652,0
68,60,69.4382980760768,3.67257575337392,0.93868758173806,12.49,0,0,439,0
68,60,69.4382980760768,3.67257575337392,0.93868758173806,15.97,0,0,345,0
69,60,101.235762580981,3.82451029551461,0.617922664610457,0,101,60000,0,1
69,60,101.235762580981,3.82451029551461,0.617922664610457,1.93,0,0,369,0
69,60,101.235762580981,3.82451029551461,0.617922664610457,2.21,0,0,500,0
69,60,101.235762580981,3.82451029551461,0.617922664610457,13.76,0,0,490,0
69,60,101.235762580981,3.82451029551461,0.617922664610457,21.01,0,0,287,0
70,60,55.7477427197218,3.05011203108728,1.64054141070615,0,101,60000,0,1
70,60,55.7477427197218,3.05011203108728,1.64054141070615,2.97,0,0,908,0
70,60,55.7477427197218,3.05011203108728,1.64054141070615,10.03,0,0,759,0
70,60,55.7477427197218,3.05011203108728,1.64054141070615,13.41,0,0,742,0
70,60,55.7477427197218,3.05011203108728,1.64054141070615,21.72,0,0,309,0
71,60,49.5022249393756,1.87607165984617,0.937454669194661,0,101,60000,0,1
71,60,49.5022249393756,1.87607165984617,0.937454669194661,9.92,0,0,934,0
71,60,49.5022249393756,1.87607165984617,0.937454669194661,12.56,0,0,792,0
71,60,49.5022249393756,1.87607165984617,0.937454669194661,14.11,0,0,782,0
71,60,49.5022249393756,1.87607165984617,0.937454669194661,20.4,0,0,840,0
72,60,62.3710563581511,3.83472780462975,1.59793191036188,0,101,60000,0,1
72,60,62.3710563581511,3.83472780462975,1.59793191036188,5.28,0,0,634,0
72,60,62.3710563581511,3.83472780462975,1.59793191036188,11.81,0,0,545,0
72,60,62.3710563581511,3.83472780462975,1.59793191036188,20.03,0,0,316,0
72,60,62.3710563581511,3.83472780462975,1.59793191036188,21.4,0,0,267,0
73,60,79.2033706975764,8.24813398972102,0.928567553782399,0,101,60000,0,1
73,60,79.2033706975764,8.24813398972102,0.928567553782399,8.18,0,0,395,0
73,60,79.2033706975764,8.24813398972102,0.928567553782399,17.27,0,0,154,0
73,60,79.2033706975764,8.24813398972102,0.928567553782399,20.34,0,0,151,0
73,60,79.2033706975764,8.24813398972102,0.928567553782399,23.02,0,0,99,0
74,60,100.113898839145,3.64260387583453,0.460632111574405,0,101,60000,0,1
74,60,100.113898839145,3.64260387583453,0.460632111574405,13.34,0,0,340,0
74,60,100.113898839145,3.64260387583453,0.460632111574405,15.5,0,0,296,0
74,60,100.113898839145,3.64260387583453,0.460632111574405,16.99,0,0,354,0
74,60,100.113898839145,3.64260387583453,0.460632111574405,19.9,0,0,310,0
75,60,64.2583450926829,3.86098303271938,0.633638750641174,0,101,60000,0,1
75,60,64.2583450926829,3.86098303271938,0.633638750641174,1.34,0,0,463,0
75,60,64.2583450926829,3.86098303271938,0.633638750641174,9.47,0,0,812,0
75,60,64.2583450926829,3.86098303271938,0.633638750641174,13.91,0,0,390,0
75,60,64.2583450926829,3.86098303271938,0.633638750641174,20.17,0,0,341,0
76,60,72.3618098981357,2.83499912769696,0.524386053021963,0,101,60000,0,1
76,60,72.3618098981357,2.83499912769696,0.524386053021963,5.29,0,0,537,0
76,60,72.3618098981357,2.83499912769696,0.524386053021963,10.42,0,0,506,0
76,60,72.3618098981357,2.83499912769696,0.524386053021963,23.44,0,0,307,0
76,60,72.3618098981357,2.83499912769696,0.524386053021963,23.86,0,0,275,0
77,60,46.0996147575446,5.78405086556901,1.05674323619465,0,101,60000,0,1
77,60,46.0996147575446,5.78405086556901,1.05674323619465,14.31,0,0,244,0
77,60,46.0996147575446,5.78405086556901,1.05674323619465,16.58,0,0,212,0
77,60,46.0996147575446,5.78405086556901,1.05674323619465,17.41,0,0,123,0
77,60,46.0996147575446,5.78405086556901,1.05674323619465,20.87,0,0,112,0
78,60,89.2593097309587,4.19230730004623,1.57602978377746,0,101,60000,0,1
78,60,89.2593097309587,4.19230730004623,1.57602978377746,8.54,0,0,473,0
78,60,89.2593097309587,4.19230730004623,1.57602978377746,12.77,0,0,309,0
78,60,89.2593097309587,4.19230730004623,1.57602978377746,17.97,0,0,270,0
78,60,89.2593097309587,4.19230730004623,1.57602978377746,20.89,0,0,334,0
79,60,67.4760040198934,3.64905068983965,0.862348098762629,0,101,60000,0,1
79,60,67.4760040198934,3.64905068983965,0.862348098762629,1.24,0,0,504,0
79,60,67.4760040198934,3.64905068983965,0.862348098762629,2.25,0,0,611,0
79,60,67.4760040198934,3.64905068983965,0.862348098762629,5.06,0,0,712,0
79,60,67.4760040198934,3.64905068983965,0.862348098762629,6.66,0,0,688,0
80,60,48.0367036514884,2.83228911542692,1.24378108997991,0,101,60000,0,1
80,60,48.0367036514884,2.83228911542692,1.24378108997991,3.58,0,0,1606,0
80,60,48.0367036514884,2.83228911542692,1.24378108997991,13.48,0,0,733,0
80,60,48.0367036514884,2.83228911542692,1.24378108997991,15.63,0,0,479,0
80,60,48.0367036514884,2.83228911542692,1.24378108997991,23.23,0,0,390,0
81,60,88.3798559843433,1.98117063098123,0.60759286561891,0,101,60000,0,1
81,60,88.3798559843433,1.98117063098123,0.60759286561891,8.76,0,0,576,0
81,60,88.3798559843433,1.98117063098123,0.60759286561891,12.07,0,0,528,0
81,60,88.3798559843433,1.98117063098123,0.60759286561891,12.8,0,0,429,0
81,60,88.3798559843433,1.98117063098123,0.60759286561891,13.26,0,0,539,0
82,60,79.1043671108003,5.87087003168249,0.655855094782048,0,101,60000,0,1
82,60,79.1043671108003,5.87087003168249,0.655855094782048,1.99,0,0,465,0
82,60,79.1043671108003,5.87087003168249,0.655855094782048,6.33,0,0,521,0
82,60,79.1043671108003,5.87087003168249,0.655855094782048,6.54,0,0,559,0
82,60,79.1043671108003,5.87087003168249,0.655855094782048,7.33,0,0,691,0
83,60,64.3058364148595,4.21726578243584,1.0549127239487,0,101,60000,0,1
83,60,64.3058364148595,4.21726578243584,1.0549127239487,1.77,0,0,968,0
83,60,64.3058364148595,4.21726578243584,1.0549127239487,4.9,0,0,759,0
83,60,64.3058364148595,4.21726578243584,1.0549127239487,18.74,0,0,337,0
83,60,64.3058364148595,4.21726578243584,1.0549127239487,21.58,0,0,230,0
84,60,54.770700452673,4.65623918513757,1.14683272055638,0,101,60000,0,1
84,60,54.770700452673,4.65623918513757,1.14683272055638,3.16,0,0,932,0
84,60,54.770700452673,4.65623918513757,1.14683272055638,12.96,0,0,463,0
84,60,54.770700452673,4.65623918513757,1.14683272055638,13.65,0,0,579,0
84,60,54.770700452673,4.65623918513757,1.14683272055638,23.99,0,0,119,0
85,60,55.9848394197227,3.40685778943455,1.14759374879673,0,101,60000,0,1
85,60,55.9848394197227,3.40685778943455,1.14759374879673,15.89,0,0,370,0
85,60,55.9848394197227,3.40685778943455,1.14759374879673,16.9,0,0,269,0
85,60,55.9848394197227,3.40685778943455,1.14759374879673,17.25,0,0,370,0
85,60,55.9848394197227,3.40685778943455,1.14759374879673,23.15,0,0,301,0
86,60,72.3815388849368,3.21487687516323,1.81200682460582,0,101,60000,0,1
86,60,72.3815388849368,3.21487687516323,1.81200682460582,5.17,0,0,867,0
86,60,72.3815388849368,3.21487687516323,1.81200682460582,16.59,0,0,410,0
86,60,72.3815388849368,3.21487687516323,1.81200682460582,17.48,0,0,395,0
86,60,72.3815388849368,3.21487687516323,1.81200682460582,20.73,0,0,258,0
87,60,74.4310665920899,3.18725082852239,1.15943181321366,0,101,60000,0,1
87,60,74.4310665920899,3.18725082852239,1.15943181321366,3.25,0,0,1101,0
87,60,74.4310665920899,3.18725082852239,1.15943181321366,10.43,0,0,719,0
87,60,74.4310665920899,3.18725082852239,1.15943181321366,17.23,0,0,375,0
87,60,74.4310665920899,3.18725082852239,1.15943181321366,22.07,0,0,364,0
88,60,73.8287841765326,3.58597321459296,1.38701838293761,0,101,60000,0,1
88,60,73.8287841765326,3.58597321459296,1.38701838293761,2.95,0,0,730,0
88,60,73.8287841765326,3.58597321459296,1.38701838293761,5.33,0,0,611,0
88,60,73.8287841765326,3.58597321459296,1.38701838293761,12.85,0,0,356,0
88,60,73.8287841765326,3.58597321459296,1.38701838293761,21.54,0,0,273,0
89,60,72.3436484267752,4.12743421693423,0.715359084122632,0,101,60000,0,1
89,60,72.3436484267752,4.12743421693423,0.715359084122632,0.28,0,0,180,0
89,60,72.3436484267752,4.12743421693423,0.715359084122632,1.62,0,0,673,0
89,60,72.3436484267752,4.12743421693423,0.715359084122632,1.77,0,0,562,0
89,60,72.3436484267752,4.12743421693423,0.715359084122632,19.1,0,0,241,0
90,60,109.789862129748,4.5806596733806,1.29561023030535,0,101,60000,0,1
90,60,109.789862129748,4.5806596733806,1.29561023030535,3.8,0,0,434,0
90,60,109.789862129748,4.5806596733806,1.29561023030535,8.29,0,0,268,0
90,60,109.789862129748,4.5806596733806,1.29561023030535,10.56,0,0,451,0
90,60,109.789862129748,4.5806596733806,1.29561023030535,19.82,0,0,244,0
91,120,67.1630584170544,2.57372620382725,0.777540215360552,0,101,120000,0,1
91,120,67.1630584170544,2.57372620382725,0.777540215360552,0.69,0,0,874,0
91,120,67.1630584170544,2.57372620382725,0.777540215360552,12,0,0,1014,0
91,120,67.1630584170544,2.57372620382725,0.777540215360552,12.38,0,0,1010,0
91,120,67.1630584170544,2.57372620382725,0.777540215360552,17.73,0,0,872,0
92,120,66.7027996893467,4.82349216100438,1.47715361390583,0,101,120000,0,1
92,120,66.7027996893467,4.82349216100438,1.47715361390583,10.57,0,0,956,0
92,120,66.7027996893467,4.82349216100438,1.47715361390583,22.1,0,0,181,0
92,120,66.7027996893467,4.82349216100438,1.47715361390583,23.2,0,0,287,0
92,120,66.7027996893467,4.82349216100438,1.47715361390583,23.4,0,0,397,0
93,120,77.7492518587476,3.42713338204642,0.81068610970222,0,101,120000,0,1
93,120,77.7492518587476,3.42713338204642,0.81068610970222,9.61,0,0,1339,0
93,120,77.7492518587476,3.42713338204642,0.81068610970222,10.96,0,0,864,0
93,120,77.7492518587476,3.42713338204642,0.81068610970222,12.41,0,0,1115,0
93,120,77.7492518587476,3.42713338204642,0.81068610970222,22.05,0,0,785,0
94,120,66.7851332360361,2.65038000753376,1.07346253345842,0,101,120000,0,1
94,120,66.7851332360361,2.65038000753376,1.07346253345842,4.42,0,0,2253,0
94,120,66.7851332360361,2.65038000753376,1.07346253345842,5.58,0,0,2038,0
94,120,66.7851332360361,2.65038000753376,1.07346253345842,14.63,0,0,986,0
94,120,66.7851332360361,2.65038000753376,1.07346253345842,16.2,0,0,1361,0
95,120,38.4640614459667,7.64339586891972,1.25169454330815,0,101,120000,0,1
95,120,38.4640614459667,7.64339586891972,1.25169454330815,0.01,0,0,40,0
95,120,38.4640614459667,7.64339586891972,1.25169454330815,0.77,0,0,1864,0
95,120,38.4640614459667,7.64339586891972,1.25169454330815,9.19,0,0,659,0
95,120,38.4640614459667,7.64339586891972,1.25169454330815,18.63,0,0,67,0
96,120,60.2907929774765,2.89128415558545,0.852666216557916,0,101,120000,0,1
96,120,60.2907929774765,2.89128415558545,0.852666216557916,5.85,0,0,1326,0
96,120,60.2907929774765,2.89128415558545,0.852666216557916,8.39,0,0,975,0
96,120,60.2907929774765,2.89128415558545,0.852666216557916,16.73,0,0,955,0
96,120,60.2907929774765,2.89128415558545,0.852666216557916,18.42,0,0,889,0
97,120,90.5629422314743,3.37815873305043,0.789235312917593,0,101,120000,0,1
97,120,90.5629422314743,3.37815873305043,0.789235312917593,6.56,0,0,1204,0
97,120,90.5629422314743,3.37815873305043,0.789235312917593,15.38,0,0,913,0
97,120,90.5629422314743,3.37815873305043,0.789235312917593,16.26,0,0,864,0
97,120,90.5629422314743,3.37815873305043,0.789235312917593,19.21,0,0,635,0
98,120,80.6029538648066,4.09728333483742,1.00206563357686,0,101,120000,0,1
98,120,80.6029538648066,4.09728333483742,1.00206563357686,8.04,0,0,829,0
98,120,80.6029538648066,4.09728333483742,1.00206563357686,10.74,0,0,988,0
98,120,80.6029538648066,4.09728333483742,1.00206563357686,14.94,0,0,1017,0
98,120,80.6029538648066,4.09728333483742,1.00206563357686,16.08,0,0,660,0
99,120,131.143972731904,4.8193387535085,0.956069341020793,0,101,120000,0,1
99,120,131.143972731904,4.8193387535085,0.956069341020793,5.01,0,0,687,0
99,120,131.143972731904,4.8193387535085,0.956069341020793,12.71,0,0,526,0
99,120,131.143972731904,4.8193387535085,0.956069341020793,13.59,0,0,700,0
99,120,131.143972731904,4.8193387535085,0.956069341020793,18.49,0,0,521,0
100,120,63.3208508284726,3.37321311424393,0.942916684206728,0,101,120000,0,1
100,120,63.3208508284726,3.37321311424393,0.942916684206728,10.94,0,0,1077,0
100,120,63.3208508284726,3.37321311424393,0.942916684206728,11.79,0,0,1064,0
100,120,63.3208508284726,3.37321311424393,0.942916684206728,14.23,0,0,799,0
100,120,63.3208508284726,3.37321311424393,0.942916684206728,18.43,0,0,917,0
101,120,52.7494231986978,3.68555615953624,1.47627397738814,0,101,120000,0,1
101,120,52.7494231986978,3.68555615953624,1.47627397738814,6.51,0,0,1697,0
101,120,52.7494231986978,3.68555615953624,1.47627397738814,11.3,0,0,1724,0
101,120,52.7494231986978,3.68555615953624,1.47627397738814,13.26,0,0,871,0
101,120,52.7494231986978,3.68555615953624,1.47627397738814,17,0,0,869,0
102,120,35.0851448923147,2.62103441100721,0.99085333544098,0,101,120000,0,1
102,120,35.0851448923147,2.62103441100721,0.99085333544098,10.14,0,0,1323,0
102,120,35.0851448923147,2.62103441100721,0.99085333544098,12.96,0,0,1011,0
102,120,35.0851448923147,2.62103441100721,0.99085333544098,15.53,0,0,844,0
102,120,35.0851448923147,2.62103441100721,0.99085333544098,18.65,0,0,953,0
103,120,55.239560685781,4.42924751392287,1.03155737531461,0,101,120000,0,1
103,120,55.239560685781,4.42924751392287,1.03155737531461,4.93,0,0,1455,0
103,120,55.239560685781,4.42924751392287,1.03155737531461,7.77,0,0,1672,0
103,120,55.239560685781,4.42924751392287,1.03155737531461,13.35,0,0,871,0
103,120,55.239560685781,4.42924751392287,1.03155737531461,22.86,0,0,460,0
104,120,55.9313760393525,5.85120821210089,0.858961162781767,0,101,120000,0,1
104,120,55.9313760393525,5.85120821210089,0.858961162781767,1.26,0,0,1198,0
104,120,55.9313760393525,5.85120821210089,0.858961162781767,4.37,0,0,1208,0
104,120,55.9313760393525,5.85120821210089,0.858961162781767,16.57,0,0,422,0
104,120,55.9313760393525,5.85120821210089,0.858961162781767,18.67,0,0,351,0
105,120,43.8631958748711,3.80207584118602,1.31208475936985,0,101,120000,0,1
105,120,43.8631958748711,3.80207584118602,1.31208475936985,1.95,0,0,2364,0
105,120,43.8631958748711,3.80207584118602,1.31208475936985,7.25,0,0,1497,0
105,120,43.8631958748711,3.80207584118602,1.31208475936985,10.61,0,0,1647,0
105,120,43.8631958748711,3.80207584118602,1.31208475936985,23.61,0,0,408,0
106,120,53.9387901993644,3.2468468730686,2.77230376071437,0,101,120000,0,1
106,120,53.9387901993644,3.2468468730686,2.77230376071437,2.42,0,0,2528,0
106,120,53.9387901993644,3.2468468730686,2.77230376071437,2.95,0,0,2095,0
106,120,53.9387901993644,3.2468468730686,2.77230376071437,10.9,0,0,1692,0
106,120,53.9387901993644,3.2468468730686,2.77230376071437,14.06,0,0,1310,0
107,120,50.6158931254861,3.83490800747927,0.470941957483502,0,101,120000,0,1
107,120,50.6158931254861,3.83490800747927,0.470941957483502,5.29,0,0,1507,0
107,120,50.6158931254861,3.83490800747927,0.470941957483502,14.53,0,0,929,0
107,120,50.6158931254861,3.83490800747927,0.470941957483502,17.92,0,0,574,0
107,120,50.6158931254861,3.83490800747927,0.470941957483502,20.55,0,0,503,0
108,120,72.0179894068961,4.39994985783609,1.19521398765582,0,101,120000,0,1
108,120,72.0179894068961,4.39994985783609,1.19521398765582,2.69,0,0,1966,0
108,120,72.0179894068961,4.39994985783609,1.19521398765582,10.33,0,0,775,0
108,120,72.0179894068961,4.39994985783609,1.19521398765582,14.85,0,0,644,0
108,120,72.0179894068961,4.39994985783609,1.19521398765582,20.37,0,0,534,0
109,120,41.4061005173567,5.56205450882379,1.22313977129084,0,101,120000,0,1
109,120,41.4061005173567,5.56205450882379,1.22313977129084,5.39,0,0,1869,0
109,120,41.4061005173567,5.56205450882379,1.22313977129084,9.15,0,0,1261,0
109,120,41.4061005173567,5.56205450882379,1.22313977129084,16.98,0,0,365,0
109,120,41.4061005173567,5.56205450882379,1.22313977129084,22.07,0,0,131,0
110,120,63.7509766338338,2.49307290195747,0.824615478599776,0,101,120000,0,1
110,120,63.7509766338338,2.49307290195747,0.824615478599776,3.38,0,0,1813,0
110,120,63.7509766338338,2.49307290195747,0.824615478599776,8.39,0,0,1421,0
110,120,63.7509766338338,2.49307290195747,0.824615478599776,17.2,0,0,1090,0
110,120,63.7509766338338,2.49307290195747,0.824615478599776,18.22,0,0,910,0
111,120,74.4679707515204,4.00623397497568,1.36155941599144,0,101,120000,0,1
111,120,74.4679707515204,4.00623397497568,1.36155941599144,0.78,0,0,1125,0
111,120,74.4679707515204,4.00623397497568,1.36155941599144,1.76,0,0,1696,0
111,120,74.4679707515204,4.00623397497568,1.36155941599144,7.92,0,0,949,0
111,120,74.4679707515204,4.00623397497568,1.36155941599144,11.37,0,0,881,0
112,120,68.7490820714043,3.49116261043239,0.728900461192344,0,101,120000,0,1
112,120,68.7490820714043,3.49116261043239,0.728900461192344,1.86,0,0,1286,0
112,120,68.7490820714043,3.49116261043239,0.728900461192344,7.39,0,0,1143,0
112,120,68.7490820714043,3.49116261043239,0.728900461192344,13.34,0,0,846,0
112,120,68.7490820714043,3.49116261043239,0.728900461192344,22.46,0,0,600,0
113,120,69.6397369698193,4.39474305920373,0.804411856389835,0,101,120000,0,1
113,120,69.6397369698193,4.39474305920373,0.804411856389835,1.6,0,0,1095,0
113,120,69.6397369698193,4.39474305920373,0.804411856389835,2.74,0,0,1273,0
113,120,69.6397369698193,4.39474305920373,0.804411856389835,12.29,0,0,919,0
113,120,69.6397369698193,4.39474305920373,0.804411856389835,16.41,0,0,575,0
114,120,53.9047733718119,4.23142788624478,1.75192752863716,0,101,120000,0,1
114,120,53.9047733718119,4.23142788624478,1.75192752863716,3.19,0,0,1583,0
114,120,53.9047733718119,4.23142788624478,1.75192752863716,6.11,0,0,1555,0
114,120,53.9047733718119,4.23142788624478,1.75192752863716,9.34,0,0,994,0
114,120,53.9047733718119,4.23142788624478,1.75192752863716,11.45,0,0,1366,0
115,120,63.2383006019262,3.11851652561855,1.3860253497948,0,101,120000,0,1
115,120,63.2383006019262,3.11851652561855,1.3860253497948,3.02,0,0,1675,0
115,120,63.2383006019262,3.11851652561855,1.3860253497948,5.96,0,0,1755,0
115,120,63.2383006019262,3.11851652561855,1.3860253497948,18.04,0,0,774,0
115,120,63.2383006019262,3.11851652561855,1.3860253497948,22.3,0,0,568,0
116,120,88.8890625127592,6.68778250302642,1.01747897324423,0,101,120000,0,1
116,120,88.8890625127592,6.68778250302642,1.01747897324423,3.61,0,0,1069,0
116,120,88.8890625127592,6.68778250302642,1.01747897324423,7.32,0,0,674,0
116,120,88.8890625127592,6.68778250302642,1.01747897324423,8.56,0,0,729,0
116,120,88.8890625127592,6.68778250302642,1.01747897324423,11.93,0,0,552,0
117,120,34.6760997451756,5.00691802352132,0.688849765735223,0,101,120000,0,1
117,120,34.6760997451756,5.00691802352132,0.688849765735223,0.45,0,0,1110,0
117,120,34.6760997451756,5.00691802352132,0.688849765735223,5.6,0,0,3347,0
117,120,34.6760997451756,5.00691802352132,0.688849765735223,11.44,0,0,691,0
117,120,34.6760997451756,5.00691802352132,0.688849765735223,19.4,0,0,254,0
118,120,101.495354396996,4.82081470217957,1.17511086700282,0,101,120000,0,1
118,120,101.495354396996,4.82081470217957,1.17511086700282,10.35,0,0,819,0
118,120,101.495354396996,4.82081470217957,1.17511086700282,12.14,0,0,682,0
118,120,101.495354396996,4.82081470217957,1.17511086700282,13.11,0,0,509,0
118,120,101.495354396996,4.82081470217957,1.17511086700282,18.11,0,0,510,0
119,120,72.5696112948697,5.1212150306803,0.940704246169157,0,101,120000,0,1
119,120,72.5696112948697,5.1212150306803,0.940704246169157,20.6,0,0,554,0
119,120,72.5696112948697,5.1212150306803,0.940704246169157,21.04,0,0,481,0
119,120,72.5696112948697,5.1212150306803,0.940704246169157,21.42,0,0,393,0
119,120,72.5696112948697,5.1212150306803,0.940704246169157,22.61,0,0,316,0
120,120,57.2382162508123,3.52041994560836,0.761725079034309,0,101,120000,0,1
120,120,57.2382162508123,3.52041994560836,0.761725079034309,6.05,0,0,1397,0
120,120,57.2382162508123,3.52041994560836,0.761725079034309,9.43,0,0,1539,0
120,120,57.2382162508123,3.52041994560836,0.761725079034309,21.77,0,0,581,0
120,120,57.2382162508123,3.52041994560836,0.761725079034309,22.68,0,0,549,0
